1  -0                        4                       55                       23.189421392592933557    85.234027010825002435   65415.477969635619957        3.0238518409324659508 
2  -0                        7                       38                       95.39219287145701287     10.001930799745473166   5033.8533439221291701     781036904415.11010742            
3  -0                       15                       51                       56.947708362356692646   127.89111178422604098    103415.87891117917025         2.5049506691826821658 
4  -0                       18                       52                       11.124463323523398728    76.806439061622697295   56959.923922411697276        0.54201616369270422258
5  -0                       19                       75                       51.64109151996697733     96.274567552310074348   110431.07990091643296         0.91481316411228330576
6  -0                       23                       88                      197.56284387619299991     47.420861905277909898   64652.407265274923702        0                     
7  -0                       28                        9                      142.68837076480696169    163.10460624055576773    55634.644460262163193        1.9859446998149636876 
8  -0                       34                       31                      173.99203068496473179     70.384590493483614182   60212.789235179727257        0                     
9  -0                       40                       35                       90.903687522379598818   133.21106332788502868    106505.73781546985265         0.00574388757148395785
10  -0                       43                       26                      187.22722079305611942     90.242054079780828602   85973.60038628129405         0                     
11  -0                       45                       12                      110.70131715151975982    105.66181941539556988    62311.553438954411831        0.13672928387594046606
12  -0                       59                       33                      145.36504984305358334     79.370092782836891843   101266.98228287641541         0                     
13  -0                       63                       16                       42.545398073537604944   172.69095004884781019    107248.69417096304824         0.21605776634996842755
14  -0                       64                       73                      169.73634867563293938    113.03427877536842061    219620.30589380889433         0                     
15  -0                       66                        6                       75.288682632504190906    66.716742432908333171   55909.096445108938497        0.21538893593884297917
16  -0                       77                       51                       11.839159769611237394    98.521168368244815383   128521.93589378998149         0                     
17  -0                       89                       10                       13.623804109996138223   136.1399012238671844     110840.66551421103941         0.43958584992587868001
18  -0                       97                       17                      101.88382534668869539     97.84106439298973612    160541.43691343581304         0.00005764917719649391
19   1                        1                       43                       70.001295200670440977   189.49325917743453829    180414.05643613100983        13.556510412951375599  
20   1                        3                       33                       98.113053103711706626   192.23888252802166221    144408.01890067767818        13.03456045033891364   
21   1                        4                       62                      159.41481523060585346     28.60245349184667063    57684.481714222951268        2.188458775347932761  
22   1                       12                       84                       54.635348845328053358   111.37896015637062419    203606.85278798502986         4.2518607939754247127 
23   1                       13                       39                       47.170158075534310171   183.85557547920745947    161200.44630678009707         7.9925789734902625838 
24   1                       19                       93                      124.56415588334300537     85.75419015169940451    203540.22458838834427         1.9810480524392570789 
25   1                       21                       59                       18.412805057347938487   159.54638250580671865    196153.23724653871614         3.8149191680411544958 
26   1                       23                        5                      183.13836241666655269    123.91593634010197889    44712.852334121474996        3.435014570773713416  
27   1                       29                        9                      114.81818727744236242     18.653626207312015595   22585.13445669633802         0.03416977245093623383
28   1                       30                       57                      135.06284326680537333     71.320182058736719455   131287.8004170190834          0.31677061944921042214
29   1                       31                       60                       31.306865807498542864   122.71020665468418542    167799.15693132445449         0.92671459339929296295
30   1                       36                       38                      110.29344908546038084     58.352043329158817642   89749.968239914596779        0.00018343370704383439
31   1                       38                        2                      107.41773996275333047    174.18122839388001921    57874.256328305906209        3.7490323070111051251 
32   1                       41                       50                      125.94125565346826079    179.07557463859106406    252269.57281873942702         0.98715590075168757611
33   1                       44                        2                       86.993223637359506029    29.938604731796914393   31142.989307643627399        0.55293314020911166207
34   1                       45                       91                      160.77417423890301507    121.33307856085083642    296293.2750190020306          0.0058933282250356496 
35   1                       53                       13                      147.79282346874308018     99.467421138786576762   107331.57793559467245         0.28170042551181950774
36   1                       53                       63                      116.16461697456534807    199.41373581196501164    389915.69484320800984         0.39937479606293790901
37   1                       54                       53                       34.63270171271467035     62.041037008278308917   121969.15565790244727         0                     
38   1                       57                       15                      146.07872004722213433     64.837186452419771854   100935.22586969041731         0.05133214089228170518
39   1                       59                       49                       68.658610041266911139   189.15142693747566227    289975.02103670925135         0.0025374537785048828 
40   1                       64                       81                       14.902419294971604558   135.05857486125515265    273940.99928312411066         0                     
41   1                       68                       61                      151.95884192177067007    147.67046847513654484    309755.25310040486511         0                     
42   1                       69                       85                      132.05492842068312598     92.241921927752414945   286141.12673859897768         0                     
43   1                       73                       77                       16.664775554878815456   177.97729958315781573    372959.34533532639034         0                     
44   1                       74                       68                      158.34414372303155005    148.84186984649903707    353802.06391694094054         0                     
45   1                       78                       73                      128.10644588831496549     60.777704996265860871   227186.69313575665001         0                     
46   1                       79                       79                      131.44234040606821168     21.268743406317369704   140527.38018141154316         0                     
47   1                       83                       34                      166.7186530396991202     105.80314834949633962    245755.78497193433577         0                     
48   1                       85                       58                       52.543834048021544447   113.77132753188986669    250928.00793140189489         0                     
49   1                       87                       83                       94.535977450715378723    63.751520695824069662   254397.81629479356343         0                     
50   1                       89                       29                      115.14030411579187785    118.74779008172168915    233009.92744067579042         0                     
51   1                       94                       44                      193.74125458131106825     74.373614754745176469   280119.07435213634744         0                     
52   1                       95                        6                       78.199334018044012851    60.976909911422268351   136085.1597315883555          0.58169335785144671291
53   1                       99                       31                      104.76707879044280958    104.3223207240277759     249118.35148695053067         0                     
54   2                        3                       90                      127.07018095734301255     65.884962882093390135   47185.677104073562077        1.261213748472724383  
55   2                        5                       15                       83.951207083480241522    16.823659634921622086   1185.052533977461735      1284261617668.5341797             
56   2                        6                       50                       39.64254317330255617    131.27156987550472422    80863.495774462237023        3.7333205018413071485 
57   2                        9                       50                       33.047503507129732725    55.487316064286815731   20012.402007471639081      11827209469.319475174           
58   2                       14                       18                      194.68635542691833962     95.033918992242277568   28982.837978903327894        0.84166098092867591696
59   2                       14                       80                      145.01655905543279346    100.29047025079151467    93234.140983247954864        0.99627828761838088667
60   2                       15                       22                       60.065116051003599296   173.70591148515833879    59270.020508728986897        3.4717807350701672675 
61   2                       16                       34                      177.4703911244101846      52.006277245005193777   19231.483324529050151        0.00410774919992820502
62   2                       17                       11                       21.550502479996183069    43.403339135284383588   4502.5666652733507362     505451510368.67852783            
63   2                       21                       37                       36.624169182037974224   116.77825991260311866    56501.658135323232273        0.64075939201813036927
64   2                       23                       19                       27.210850247277612368   149.76963504415232364    45164.498293665019446        1.2071298262280887315 
65   2                       25                       32                      137.37638029380150329    142.69178714989959644    81471.918469817974255        0.78750958911281421226
66   2                       28                       42                      105.66923229702496201    197.52584807825411417    145293.00162427898613         1.6873330813976403775 
67   2                       34                       45                      195.72318322313091699    120.26401619610004445    104516.75453529201332         0.00130169448182009592
68   2                       37                       87                      140.49279459967576145     54.43706003513118219    51934.654365712041908        0                     
69   2                       41                       34                       61.082269839821911717   180.54240720199013026    118892.04456382359785         0.09640015845298417763
70   2                       41                       90                      180.2664723433895233      14.228636255997381355   15257.062513316912373      1132321294019.6098633             
71   2                       50                       45                       94.309930673462787354    78.896058214627217353   64389.625865002046339        0                     
72   2                       51                       49                       86.25620088825380094    116.11252132396039372    108095.04247807296633         0                     
73   2                       52                       80                      102.35077233184846079    167.14618763483736075    240251.79319336125627         0                     
74   2                       56                       63                       55.726205565316178081    32.029629486219405976   24467.302658380776847      756765083072.85192871            
75   2                       61                        5                      121.31479139149068658    124.57913049749542722    79195.686553971550893        0.61551291630003923672
76   2                       61                       21                       88.08939638301018249    157.77115102554930104    114950.62576667299436         0                     
77   2                       62                       84                      118.18982849876158525     39.204036261011850684   47966.350697095462237      75974231662.419708252           
78   2                       62                       90                       58.843464019616007477   176.12558167185764546    281720.13386056222953         0                     
79   2                       66                       95                      162.88823510370409053    180.05790779027572057    354199.54618377640145         0                     
80   2                       79                       45                      185.4621580930850655      45.296796787552722208   77663.733250565754133        0                     
81   2                       81                       10                      150.81067936379710659     43.762874004422428698   61315.597565391995886        0                     
82   2                       83                       83                       61.690706760690247279   152.46952810049745608    265714.56245282862801         0                     
83   2                       84                       94                       73.765719159013997341    41.302267546910393037   63075.65875500778202       197323508548.25942993            
84   2                       86                       40                       67.616969317564979747   125.38332041413136153    157906.70353416603757         0                     
85   2                       88                        7                      168.70749856638431652    141.14400741783529725    176843.72809713115566         0.58396925237744279347
86   2                       89                       16                      123.77762002771198979     59.192740128383206866   83342.169151663896628        0                     
87   2                       94                       11                      109.12272482776147342    117.31648467329249286    145757.44702657384914         0.13006477662890603142
88   2                       94                       66                      141.41840354217643494    107.10406183777936917    215213.91537365320255         0                     
89   2                       95                       57                       20.877810251935805752   182.40512147476084692    260994.55454430897953         0                     
90   3                        6                        2                      152.18313823741468127     37.498216727212586363   5327.4771110054589371       2.4030237532177274318 
91   3                        7                       92                      176.65696807176271932    166.19642712633043402    267807.26404831476975         6.9531383456581510316 
92   3                       10                       36                       57.878511471598997673    62.450335577225857264   52080.703758747695247        2.2612406973952570155 
93   3                       14                       14                      134.52118778460686599    110.43530796761514523    40502.879767887417984        3.1476362586153316947 
94   3                       16                        3                      164.3130105657672857      34.687222391201004257   13758.042128405793846        0.8934770517159476011 
95   3                       16                       21                       47.457301410831810529   198.61351706995944255    87440.367131588034681        6.6098864417836553642 
96   3                       20                       61                      183.57441123525015314    144.56167515852527572    175729.98716163655627         2.5978537001377395299 
97   3                       22                       24                      149.35923054415715683    176.89187976337314012    101910.20052193367155         3.3566665572323288735 
98   3                       27                       20                      138.11027067843596683    157.17510521585475658    85272.913431723194662        1.7152964103721461964 
99   3                       30                       77                      117.03733951344092645    196.35103037116840596    319394.59779191971757         2.6265801085203910326 
100   3                       32                       39                       20.603950411389568842    57.129607314376528393   60604.067463899795257        0.00307708021001308358
101   3                       33                       80                      141.59846255097502876     94.215525308338811783   181714.79593504971126         0.16685539860700435155
102   3                       42                       68                       38.80702869003802391    103.00216682925871226    158488.90264379864675         0                     
103   3                       47                       96                       51.006886432125902786   120.14628193257055955    242627.61756905523362         0                     
104   3                       48                       55                       68.086996552033113517    51.110818308058853177   96529.284950920409756        0                     
105   3                       52                       56                      174.95319223953251253     23.049052816668769594   84326.431746807706077        0                     
106   3                       52                       58                       37.580439356523669403    44.303542831182369355   88435.705220304531395        0                     
107   3                       53                       39                      168.97304989873737213    101.16610585309706494    154466.35863718693145         0                     
108   3                       54                       59                      161.32136611606026122    127.60322898506261424    216630.31430958115379         0                     
109   3                       55                       35                       55.197119893859401429    27.662376978495714752   55732.017497483306215        0                     
110   3                       60                       17                      129.72943859103355635    132.20969768995644245    127755.8927191956318          0.09181248260961706598
111   3                       64                       11                       43.329400322560545078    25.456618146648775536   43005.187861384540156        0.00356310043917929149
112   3                       65                       95                      158.16236075284945173    190.66383007109720893    464851.8284335124772          0                     
113   3                       70                       30                      162.24248784283236091     20.292186494323466661   87395.85025625891285         0                     
114   3                       71                       94                      107.1991074013428431      17.247794119531238977   104979.97587793855928         0                     
115   3                       75                       75                      167.64015552459287051     24.386722687088585815   132770.33530704031            0                     
116   3                       75                       92                      191.31953138912086843     80.254574241846469818   283885.91390933142975         0                     
117   3                       76                       41                       83.070800025228137997    87.015058098783512719   163138.63160965745919         0                     
118   3                       80                       14                       30.432687254313542269   136.65393862572824446    120690.54862292230246         0.25760418394972306455
119   3                       85                       25                       66.183811123851654656    40.029065246663307676   101674.78562745696399         0                     
120   3                       91                       29                      181.12854640083585878     36.068548635437281291   157912.74778955962393         0                     
121   3                       93                       15                      154.50137457430861332     71.973320429328197179   182272.14254572778009         0.03007041794447342861
122   3                       93                       30                       98.742985848305508512   108.45801312655630966    208095.81691228339332         0                     
123   3                       96                       49                      165.26953520753176008     60.039323938982398943   227678.57145577605115         0                     
124   3                       96                       70                       77.336263510551361833   158.83985810378564452    351813.83602500613779         0                     
125   3                       99                       70                      111.5163112049634293     160.290016403163321      388184.9698496820638          0                     
126   4                        2                       52                      117.54751969783275456    102.57215159911945079    64272.861589875989011        3.5894616348187171617 
127   4                        8                       23                      136.12505425582756402     78.391776025153646401   44117.373812870675465        3.4600919767136573135 
128   4                        8                       87                      119.37438673233947384     38.346432443118288802   250949.04171486548148         6.589690335060070403  
129   4                        9                       19                      199.96736886309631132     75.458685687989614621   42523.918928170758591        3.3983751355753017975 
130   4                       13                        4                      122.16218972479975946    129.01188059238992878    10410.346103639338253        1.1692578270186286815 
131   4                       24                       67                       96.77844567475339943    154.8975660960137759     53233.015105819467863        0                     
132   4                       25                       73                       75.588781578892081825   146.41493962621663627    61825.225063400961517        0                     
133   4                       26                       69                       18.024561136994641686   193.48344301854339733    27408.996153776301071      175688016542.79498291            
134   4                       28                       47                       99.323966189977710428   150.83486695991709325    45392.187402999923506        0                     
135   4                       33                       44                      192.57339461820512838     53.524031293774960716   151772.574608598341           0.51419316402856196646
136   4                       37                       82                       81.938136770114795127    15.204806581624971784   348790.24247741379077         1.5032048324686948515 
137   4                       38                       12                      171.94227547583687965     46.05741350667956624    88916.075209380520391        0.77483578701331312644
138   4                       39                        4                       72.563756216756019057   191.4119052460351611     15630.534370864934317        0.08286457269060022723
139   4                       39                       86                       36.53621556231198042     42.223155001500423111   257186.39666377930553         0.30707119107621672072
140   4                       40                       62                      108.31170250687556234     82.836307011869806161   134113.31420400930801         0                     
141   4                       46                       25                      113.01214218660538791    125.72986377070887443    58955.007604049831571        0                     
142   4                       47                       90                       60.722640115237474845   109.43571010686356715    130413.13140192767605         0                     
143   4                       48                        7                       15.808267378846245776    88.839016573801416143   34375.908634921324847        0.42563323778643208373
144   4                       48                       65                      189.16751323164615428    140.09287983757741358    99164.343865039016237        0                     
145   4                       49                       48                      186.11619157389648649    177.52805053195172036    61918.943348638014868        0                     
146   4                       49                       93                      156.68755823348823242     26.247923225985822171   391702.83742557343794         0.06107882501733100794
147   4                       50                       76                       58.409580819739396418    11.340128667331331513   356555.09491619589971         0.24483746587722476917
148   4                       59                       46                       92.759623451819550155    21.609884074807602872   248274.00923380660242         0                     
149   4                       70                       47                       29.671440055088940113    11.56248060504963604    271323.02077673212625         0                     
150   4                       71                        8                       85.559576553068950489    50.824439853202655115   116345.19805428806285         0.80718533256285251998
151   4                       72                        3                      186.71625808564860449     83.503782631341323395   126001.34998906461988         0.88511174533986214374
152   4                       75                       28                      148.95298960536553068     13.108687324912446925   279168.88251422194298         0.0004353795325390806 
153   4                       76                       64                       90.03819322407203174     75.344060642818007523   206182.60345914511709         0                     
154   4                       78                       91                      176.03281288939359683    171.75629101671191279    125866.21773506898899         0                     
155   4                       81                        5                       34.120485756471865102   170.15426461806387692    47055.389910913800122        0.11147402205675985276
156   4                       81                       30                       32.235726883596676373   183.17577004820475395    52170.865642083153944        0                     
157   4                       85                       87                      143.94787458537794578    122.47237839583131347    191265.50105541630182         0                     
158   4                       90                       16                      113.50309162251257078    154.17999585251789085    99273.840156771562761        0                     
159   4                       92                       96                      130.2221268777135208     130.42336012728122796    195098.79122296901187         0                     
160   4                       97                       36                      184.74263050254961627     19.248819240790052021   404898.6445704374346          0                     
161   5                        1                       66                      128.60748456419619856     27.356864281202867062   109357.52070783558884         5.2323781243426052967 
162   5                        5                       17                      138.82543252552522972     47.028221346137165426   22694.761520692238264        2.7495326771154107171 
163   5                        7                       86                       53.867882948915443819   194.14568437499590914    1450.4633664382138249     1609362131057.510498              
164   5                        8                       94                       72.095910475825860431   147.00181718298276223    25826.269358852154255      85192058012.54208374            
165   5                       11                       78                      100.35658302203673031     35.346619313188512024   117325.94013364134298         2.246844132383418291  
166   5                       19                       69                      122.99835010150408721     69.251233295577407034   66072.319992944700061        0.20540804280799726533
167   5                       22                       40                      103.24395457174721003     37.198524074609977674   69823.493993511627195        0.60115504233332117678
168   5                       25                       48                      150.46736014765392042    163.68547064622060816    16238.247715545607207      149110468756.28216553            
169   5                       26                       27                      196.94723761228547687    114.79357044987229131    29363.778805530888349        0                     
170   5                       27                       98                      155.56518756050735419    186.14756485362246963    9673.1181656248918443     1177106886649.7219238             
171   5                       29                       89                      139.66156765552739216    162.37393397081035573    25055.747092657089524      149755391524.72555542            
172   5                       30                       71                      104.0976286686811676      67.785964205112762215   75922.312883223043173        0                     
173   5                       32                       42                       78.806340887780848448   115.19867307889244046    30528.714405390401225        0                     
174   5                       36                       85                      171.2859708190350716      34.06190267523329851    165818.43063552718377         0                     
175   5                       37                        7                       64.932510939168849973    89.305280387547171017   20061.61131611881865         0.07102066354694444583
176   5                       39                       88                      155.97913022223374924    172.20775026808672692    23824.576294047579722      459655860773.34094238            
177   5                       42                       26                       45.938371890750332227   192.43074868697456736    4250.4266747973078964     1593311049713.8930664             
178   5                       46                       78                      136.88459822386607811     29.622198895975525801   175720.51522301856312         0                     
179   5                       49                       25                      106.23837440704889445     67.378746173861145508   57334.235110539593734        0                     
180   5                       54                       96                       25.448790368570200826    69.556711767305785088   101361.0209209258901          0                     
181   5                       55                       83                       14.239184251567159833   187.69917637773303909    8143.3494783434616693     1583714759191.3615723             
182   5                       57                       54                       63.382140441868024539    90.935637704361155897   63190.661639347745222        0                     
183   5                       59                       29                       44.135954129522659173   195.19282990537416822    6000.8155970669085946     1631530180935.7839355             
184   5                       63                       78                      190.48388705528432752     53.055536217702446322   165857.69553892148542         0                     
185   5                       67                       26                       22.833186465397751874    32.11844583531805597    88090.769860242158757        0                     
186   5                       68                       37                      101.00866211284153451    161.38120246241362565    36954.54815127265465       291838735995.21759033            
187   5                       69                       98                      165.80199257326358975    167.96102725988276916    51318.710267646369175      237531437238.68621826            
188   5                       72                        1                       49.392458158357179343   160.97982476331756629    24855.086082286878082      616471107283.07678223            
189   5                       73                       62                       26.140809055767210367    22.508202743127057488   175168.90068890765542         0                     
190   5                       73                       79                      133.14307214155400061    118.18024575124034925    90772.679890668398002        0                     
191   5                       74                       81                       50.211145842226954983   186.66540415762582938    17237.800108882242057      1471059125851.7260742             
192   5                       77                       65                       48.381761959637927362   150.12692935872053113    47426.145551182620693      292890434819.55078125            
193   5                       84                       53                      143.60791620206271091    101.50576702867303425    109467.06639128779352         0                     
194   5                       86                       23                       96.636059542343971884   156.25329936602463476    52034.257040176322334      164137930893.59393311            
195   5                       87                       13                      178.49061995379875611    155.61340753125338665    71013.649645477999002        0                     
196   5                       93                       99                      194.52865458864920356    188.57250709058078542    47170.337521881439898      1212767129898.423584              
197   6                        5                       75                       24.228676025129079363   164.9307644641145032     67813.695464610253111        2.0180911960219889423 
198   6                       10                       44                      147.47877202078672099    111.84646295243094016    83603.38670905015897         3.1351341066742870467 
199   6                       11                       18                       45.503392437646027702    93.329277438039255799   42439.192645497663761        3.9815095668959306074 
200   6                       11                       36                      189.77634933533528283    168.18676243653214897    39203.163332903393894        1.0202627984139904793 
201   6                       12                       64                      126.39646773414602876     40.669649477850100538   258212.44538744157762         8.0191402098519724007 
202   6                       20                       82                      198.36680823496701009    153.53666221448608553    103581.74072272288322         0.37334301970800692905
203   6                       22                       54                       53.180880425372365039   170.48072532584905048    52595.984313304856187        0.08868275655719803918
204   6                       24                       57                       40.562559071304875147   184.38375147363723272    46407.868815869114769        0.0006706293855666994 
205   6                       31                       28                       17.217266915761229029    12.487938920065746018   161275.09368375971098         4.7787683951652883962 
206   6                       31                       88                      192.32045869234030988    185.03625846008682743    86989.630856753996341        0                     
207   6                       33                       46                       71.162389158551206947   145.37605695272236517    71323.877168403036194        0                     
208   6                       35                       33                      188.33550882475810795    126.74855522500085669    89991.220246698780102        0.00001090411032305804
209   6                       35                       43                       80.432272419806636776    86.607798128129871884   129824.00706114080094         0.35119685682457596476
210   6                       43                        9                      173.18879798385052027     49.835830699716652248   111856.62211836811912         1.7940155005987867831 
211   6                       43                       27                       76.614918746709562924    95.778598992530859846   94744.275391688119271        0                     
212   6                       44                       71                      112.273550392192206      107.58536064711988445    174158.51516695751343         0                     
213   6                       56                       24                      125.13774741778563282     49.518317693834731585   179972.46476022759452         0.03628450426733540596
214   6                       57                       74                       91.400228770673336953    56.875842606889975173   319682.53132379282033         0                     
215   6                       58                       67                       93.211903573146997815   143.52463469800647999    130462.2836445790017          0                     
216   6                       62                       59                       12.345343343332721986    18.106376096901104944   350306.4289391922066          0.01588927154930493135
217   6                       65                       99                       19.5007561639092728     104.06172518591903042    235964.87506019504508         0                     
218   6                       66                       32                      199.17040592412706701     72.785773238061409529   229582.10115702854819         0                     
219   6                       67                       39                       89.273162777086980668    15.456459801219510908   317687.67738437757362         0                     
220   6                       67                       60                      154.26161502626294464    141.66020959133751944    158062.42346281389473         0                     
221   6                       76                       65                      182.25088926680638224    137.65858260621746467    199416.15093293634709         0                     
222   6                       79                       74                      179.85334960634199319    181.26450598111014756    151190.71123473087209         0                     
223   6                       80                       76                      120.48284287802941606    144.15187213171083158    186626.29269515332999         0                     
224   6                       82                       97                      164.26733151077928596     81.56598586648841831    405765.25679140520515         0                     
225   6                       83                       63                       44.582604338373663211    77.48922558533242011    268080.62482523778453         0                     
226   6                       87                       72                       27.679880768749836051   134.56159268414640451    170065.43460343300831         0                     
227   6                       90                       69                       70.797814718288790914   198.07380833541830611    109352.6085224931885          0                     
228   6                       90                       85                       66.81523709242586051    168.98285434835193541    154438.78850845011766         0                     
229   6                       91                       22                       73.884617517302899614    73.557298344848049965   206744.97344797253027         0.01126531854576138733
230   6                       96                       56                       79.766860930045808686    24.681855597468526753   463808.42650901933666         0                     
231   6                       98                       22                      160.08250913824943495    165.1129951304367296     160181.08601338427979         0                     
232   6                       98                       97                      132.92981844828693738    174.95489042512954825    197537.60723201266956         0                     
233   7                        3                       60                       39.249181062720992941   151.90772949410316528    31493.380030480941059        1.2795856141062535993 
234   7                        4                       81                       24.516557610583625149   138.74337950827165855    49961.89727627090906         1.3980226504183641545 
235   7                       12                       94                       88.865747509735101062    55.661602522475085664   143368.46471302190912         2.136430559401474305  
236   7                       17                       72                       84.710857954870647291    31.201259114863646005   158678.88579330808716         2.4332044684992588657 
237   7                       18                        3                       10.164044415821331668    48.403771756255011383   8743.565257474210739        2.3548146239348382025 
238   7                       18                       20                      119.77406094349316845     83.860995145221480129   31927.425998005328438        0.55624553037542079359
239   7                       35                       41                       62.443900410925010647    91.988820341152333526   57073.213804924555006        0                     
240   7                       38                       42                       28.568607041809848113   139.8108593818942893     37281.468170854175696        0                     
241   7                       45                       48                      153.31052582556162633     81.351329218817710398   97106.17935459909495         0                     
242   7                       50                       20                      170.98714886852241079    138.41309654469907287    56708.535700203421584        0                     
243   7                       58                       71                       82.31268157376737804    132.36185122050389396    84257.228309362675645        0                     
244   7                       60                       55                       30.749190982950196371    96.703268049942167295   83711.146279579683323        0                     
245   7                       69                       14                       41.243476932952987113    32.857732661128451923   94870.88606344985601         0.16466789652519675524
246   7                       71                       27                       35.233080194013439268    87.58777862217922916    75710.260673839162337        0                     
247   7                       78                       76                       81.07602993916627554     64.664358833745211541   182614.96293696205248         0                     
248   7                       82                        8                      174.27612436919383754    109.84543447971471153    113033.45483214905835         0.09943535844877651741
249   7                       88                       52                       64.374222436224627586   130.06837648617766945    104820.39515679568285         0                     
250   7                       92                       68                      178.90172616634092151    195.84414831868468809    81369.105625631229486      29828919750.386955261           
