1  -0                       -0                        1                        2                        0.00812740589060372172   0.27975587473478069622  -0.79572676696724697898   0.00955043175529354284
2  -0                       -0                        1                        3                        0.12250323533138801624   0.51304430158026004261  -0.03090792093351775807   0.00138015320004549955
3  -0                       -0                        1                        3                        0.28176800409373081724   0.53475798290799325674   0.32714575508716986496   0                     
4  -0                       -0                        1                        3                        0.80360886147950671976   0.00622535952434223779  -1.0070083999222072535    0.00902447673245007631
5  -0                       -0                        1                        4                        0.61065929751004854875   0.48884374428746374397   0.28079514514997155894   0                     
6  -0                       -0                        1                        5                        0.06456358881928730975   0.21721830242559117541  -1.0004104833357938542    0.00739180497119167751
7  -0                       -0                        1                        5                        0.66827021684302101434   0.96217278882213230773   3.530557134193598845     0                     
8  -0                       -0                        2                        1                        0.11264718195873170414   0.10609977508649069688  -0.97626979802388413887   0.03536211022742046656
9  -0                       -0                        2                        2                        0.10961072700709974248   0.63810068110503115335   0.62527781397929049767   0.01691490660012441236
10  -0                       -0                        2                        2                        0.23844940109452758548   0.05002170869149773214  -0.9599945231380342392    0.03537121015884804598
11  -0                       -0                        2                        2                        0.40951451106761765919   0.28076343000884246282  -0.31268971958354863094   0.00722896175277198873
12  -0                       -0                        2                        2                        0.52190706428883293366   0.93358492247843760659   3.8712604315349046225    0                     
13  -0                       -0                        2                        2                        0.65955519447092791907   0.62570636611952745731   1.4283189846561894498    0                     
14  -0                       -0                        2                        2                        0.87460770252268005276   0.4076875155762973435   -0.1018580880475768724    0                     
15  -0                       -0                        2                        2                        0.89520034975338114158   0.80258840199387360137   2.0666450834398135683    0                     
16  -0                       -0                        2                        3                        0.06982338653795655548   0.41836129858508425139  -0.59178427476699646537   0.02916874498012548764
17  -0                       -0                        2                        3                        0.50080107500717696567   0.57249050678898516509   1.0463492934529750045    0                     
18  -0                       -0                        2                        3                        0.6950064179576793677    0.03301139214844708153  -0.87831409216714650956   0.03134913542351762394
19  -0                       -0                        2                        3                        0.8907628246763323876    0.37825504633712619951  -0.13661868074644525906   0                     
20  -0                       -0                        2                        4                        0.17523705752067508801   0.81011883485599389676   1.3638444731678800448    0.00336831184078143766
21  -0                       -0                        2                        4                        0.31182747786596742845   0.35575917261786738077  -0.34558950865822590792   0.00793248773864737092
22  -0                       -0                        2                        4                        0.48510054713078631927   0.77803818029538684975   2.3193813777006000443    0                     
23  -0                       -0                        2                        4                        0.92297330241176311905   0.02192684509448245347  -0.99338797467628114912   0.0323144152467053844 
24  -0                       -0                        2                        5                        0.79162711130570628804   0.92881253269240560133   3.8900734203063760397    0                     
25  -0                       -0                        3                        1                        0.63231468912267940752   0.01964040255941770438  -0.84534486881457493457   0.08270288042757452385
26  -0                       -0                        3                        2                        0.22642880586901731332   0.59128201549436942841   0.94680989442242724508   0.02759476443092327702
27  -0                       -0                        3                        2                        0.24655560089195044382   0.26470132430193510364  -0.42642903050361352646   0.05510118026885926085
28  -0                       -0                        3                        2                        0.3871003350127567022    0.70026335148379748041   2.3142248896675599035    0.00083681888817844705
29  -0                       -0                        3                        2                        0.98672492262365418814   0.55765383818442637587   0.2241035536959006258    0                     
30  -0                       -0                        3                        2                        0.9964354941263877663    0.04983296692755530277  -1.0440360092854843455    0.06267245028044558797
31  -0                       -0                        3                        3                        0.13692002362499947066   0.08871731556689303744  -1.0507353006437445408    0.082859247741674108  
32  -0                       -0                        3                        3                        0.56305847417634413699   0.29272699057576101467  -0.01528072658494345794   0.01827298011803028463
33  -0                       -0                        3                        3                        0.84422418784370900635   0.34120312236122241067   0.02521941597848970096   0.00014275640384365921
34  -0                       -0                        3                        4                        0.01892430954354915387   0.07415382926759477022  -0.76321789869136236195   0.08915998326766944038
35  -0                       -0                        3                        4                        0.07606644503370232901   0.35783677896201532276  -0.9620023101648931263    0.07440927118777170002
36  -0                       -0                        3                        4                        0.21395027450998707619   0.84999194537056421694   1.7378514784746534882    0.01395800236288642984
37  -0                       -0                        3                        4                        0.33980891235633964298   0.7448441478986085329    1.8911699457705901661    0.00219917105924814088
38  -0                       -0                        3                        4                        0.63480595276647699965   0.37232077296334026295   0.39605318117250848386   0.00405113880617803419
39  -0                       -0                        3                        5                        0.2588314451910939118    0.80453193511298515261   1.3171397702464127111    0.00842023464378396924
40  -0                       -0                        3                        5                        0.62461374902584287927   0.17250840258765387514  -0.47388933503858637897   0.03695963183098139454
41  -0                       -0                        3                        5                        0.73217208888121854127   0.29371047910932540637   0.11086069871943939058   0.0072170776202773847 
42  -0                       -0                        3                        5                        0.94223266591990828545   0.463339364507702689     0.62471698708137934908   0                     
43  -0                       -0                        4                        1                        0.18954370753052884879   0.23880629736902339588  -0.41987292685008237303   0.12583746581868993086
44  -0                       -0                        4                        2                        0.35862532731889712467   0.0074818853407202339   -0.7029506236248294071    0.15786064466436128262
45  -0                       -0                        4                        2                        0.48800305266662880044   0.28432823105815990816   0.25518014253871618147   0.06824997164532509153
46  -0                       -0                        4                        2                        0.75261280511411510208   0.02464512887674192784  -0.6721753311707945322    0.14550544553032182526
47  -0                       -0                        4                        2                        0.7698999095785509228    0.94101195878760846014   4.6814197941158202099    0                     
48  -0                       -0                        4                        2                        0.87685812474310509401   0.23050962967111487956  -0.50865092594740424214   0.03915481575895533167
49  -0                       -0                        4                        3                        0.01054812121993895999   0.36571781733206421006  -0.94704226692913850982   0.15692877265889365601
50  -0                       -0                        4                        3                        0.1499718098303547964    0.91823213920033674995   2.0860707595279386339    0.06879660238000873118
51  -0                       -0                        4                        3                        0.24174515837766505366   0.2437721087481916904   -0.58808642641185637778   0.11632824895924406827
52  -0                       -0                        4                        3                        0.30433244585703728147   0.91062487509193790203   3.6585210314837155465    0.0150963745163272163 
53  -0                       -0                        4                        3                        0.71323805165630105307   0.37560179245788644087   0.79763453796016314801   0.0174521298123041721 
54  -0                       -0                        4                        3                        0.94466466432313078716   0.18323566428228180158  -0.69111626582580998335   0.05148530845523971444
55  -0                       -0                        4                        4                        0.26439076090954649612   0.9588127504977116411    3.0185018101309153415    0.02146188882807700121
56  -0                       -0                        4                        4                        0.36021654160853550097   0.81364887005812069898   2.7536006422985130904    0.01142979470082739965
57  -0                       -0                        4                        4                        0.47024071360012537069   0.72468247974555688451   2.6595422014734233507    0.00350757617588956169
58  -0                       -0                        4                        4                        0.66200915138672011828   0.34805000827214288561   0.67054657090289981891   0.02875999117398240351
59  -0                       -0                        4                        4                        0.71343742781321151103   0.88610128532849119498   4.829339581137573667     0                     
60  -0                       -0                        4                        4                        0.7941607807966634125    0.4101503867477839238    0.96384188023111649901   0.0055167234270787702 
61  -0                       -0                        4                        4                        0.90810723955854166789   0.77529244973137023678   3.0162697804561484638    0                     
62  -0                       -0                        4                        4                        0.98390416927571344718   0.5429723640988360911    0.91946230719395849462   0                     
63  -0                       -0                        4                        5                        0.85157916324017080001   0.07843272027988748563  -0.50003151606271101226   0.11102779097706760858
64  -0                       -0                        5                        1                        0.556570978973349062     0.12063779605800234451  -0.19695400235759422114   0.18736475283591247365
65  -0                       -0                        5                        2                        0.72198806470927190393   0.43514680573060493529   1.3332799392306702302    0.03453249152288945245
66  -0                       -0                        5                        2                        0.82470964865558227253   0.39038190409938072767   0.55587564270003020361   0.03170118895288959876
67  -0                       -0                        5                        3                        0.46192880941987862764   0.71652692407599194446   3.3653988369865937003    0.02856626325542719474
68  -0                       -0                        5                        4                        0.0515880237360457003    0.05573843846541637337  -0.39615578931821654463   0.24713283224497370472
69  -0                       -0                        5                        4                        0.22831567344294137478   0.73658395824486333492   1.0009980849687110105    0.11010871827595644645
70  -0                       -0                        5                        4                        0.29218900367280520314   0.07256387539034800382  -0.82667691217375294244   0.22924717389026152969
71  -0                       -0                        5                        4                        0.38394268076881049589   0.69795879959934992165   2.3024309546085217626    0.05383505648860482939
72  -0                       -0                        5                        5                        0.65009417741484021303   0.56443625744457892601   2.3833799299816642581    0.01770583529036976259
73  -0                       -0                        5                        5                        0.66508442161102254708   0.69588611062365113291   3.5263333265073995015    0.0013821284820132629 
74  -0                        1                        1                        1                        0.53063073003601690658   0.79404486380456440475   0.85953883477054382478   0                     
75  -0                        1                        1                        1                        0.80938325811706401947   0.09782911506663755086  -0.38257237587433212678   0                     
76  -0                        1                        1                        1                        0.90027459094074424595   0.40226067267488552215  -0.13663403379859881404   0                     
77  -0                        1                        1                        2                        0.14357735828657416932   0.99258247092426343805   1.2965367887930578927    0                     
78  -0                        1                        1                        2                        0.67442332468486621      0.13202816657458776861  -0.34687629976952294442   0.00441370056297841606
79  -0                        1                        1                        3                        0.03679949777514351233   0.46154375610132947205  -0.13979435285372854292   0.07536295020147446011
80  -0                        1                        1                        3                        0.88479314262159014515   0.18597077716436177797  -0.32902129192544704583   0.00282827167160375204
81  -0                        1                        1                        4                        0.74510516383959246589   0.96737669263750070137   1.4406107091519733121    0                     
82  -0                        1                        1                        4                        0.77177064237536496805   0.20382016339816313999  -0.28313254622489031354   0.02691121228044735317
83  -0                        1                        1                        5                        0.81039347478120127288   0.21128313040856344651  -0.27696924652336102346   0.05912984686758934044
84  -0                        1                        2                        1                        0.28976588592548679912   0.04432921224296928336  -0.35642205590521308656   0.00651771392098467704
85  -0                        1                        2                        1                        0.45751073294804522895   0.68611907064513899535   0.75067693180153083343   0                     
86  -0                        1                        2                        1                        0.60961095982454971409   0.04111020944417536488  -0.36886357661103125194   0.00389477701707449013
87  -0                        1                        2                        1                        0.6973526932122230404    0.60605703647777531273   0.46543806346578309174   0                     
88  -0                        1                        2                        2                        0.08767870291858259613   0.06049879423819920499  -0.41800472878638289531   0.03688063533150148093
89  -0                        1                        2                        2                        0.86114592194894312716   0.74833576713029037464   0.72667531896819825832   0                     
90  -0                        1                        2                        3                        0.0344993745088187781    0.86561660892228053932   0.5371898744420378069    0.06512966993482478817
91  -0                        1                        2                        3                        0.16715568153276627594   0.6669971374904264394    0.30268781662451088588   0.01762560482416811874
92  -0                        1                        2                        3                        0.45107979980943413434   0.82865539591805748021   1.1231626501764526704    0                     
93  -0                        1                        2                        3                        0.51052030393089797844   0.22772110119098512571  -0.20517087624541990865   0.01577928683010054386
94  -0                        1                        2                        3                        0.5970289310751705214    0.87478759049782239821   1.3424411272953626906    0                     
95  -0                        1                        2                        3                        0.8534992343079064181    0.51759511968142557503   0.23688792263244140557   0                     
96  -0                        1                        2                        3                        0.86779927267408918379   0.82040584525646154113   1.0150331491885029589    0                     
97  -0                        1                        2                        3                        0.96821811261234913548   0.2573693451294759571   -0.26783570831847935967   0                     
98  -0                        1                        2                        4                        0.10550953991917029484   0.43073796434966027391  -0.25637024060997254393   0.11011085246559047801
99  -0                        1                        2                        4                        0.43974422201042623337   0.67727171849473499776   0.60604667344249962824   0                     
100  -0                        1                        2                        4                        0.76560749626926627442   0.72267852862505521649   0.86321798961267937056   0                     
101  -0                        1                        3                        1                        0.03108311485058700557   0.99874341376096553713   1.2047097715636847504    0.00285518334123187594
102  -0                        1                        3                        1                        0.04162091288598120109   0.369723351780881615    -0.2001445174995633014    0.00591632716988779294
103  -0                        1                        3                        1                        0.23354454507047259226   0.13421778398353709227  -0.27847481789208189396   0.00280701317462064099
104  -0                        1                        3                        1                        0.45411103173875660977   0.27562775737737021942  -0.01430186432423616143   0                     
105  -0                        1                        3                        2                        0.19933845373553654712   0.08151650512781534463  -0.37486568410242393501   0.03084447040426562328
106  -0                        1                        3                        2                        0.43552180916121890908   0.14893500395715275619  -0.20547570554379551711   0.01054797531667221559
107  -0                        1                        3                        2                        0.506477395269665287     0.68004617576410819613   0.91606271266064998038   0                     
108  -0                        1                        3                        2                        0.81457656558787217005   0.72901663920120718387   0.8679247898340884948    0                     
109  -0                        1                        3                        2                        0.9630144520436912936    0.20684172668420749974  -0.34202066771650185828   0                     
110  -0                        1                        3                        2                        0.97629099649911688097   0.89418191577250027979   0.94858896184417229591   0                     
111  -0                        1                        3                        3                        0.04458430380123922648   0.88880593382725636697   0.47297659756037291334   0.05786902186914492929
112  -0                        1                        3                        3                        0.22304097669192302078   0.11527123971654518186  -0.3684720065818500867    0.06834809460664265091
113  -0                        1                        3                        3                        0.24691919718021196339   0.47355516457236879191   0.06825936995805011176   0.01552645796411351344
114  -0                        1                        3                        3                        0.27683055357545705011   0.68891121194672566563   0.60513619953353503522   0.00019411432632685061
115  -0                        1                        3                        3                        0.42641380714091481341   0.57480666075168951323   0.53479735518098392433   0                     
116  -0                        1                        3                        3                        0.7352846368577529157    0.23636776275382559431  -0.06991850813178722424   0.00154477478863048628
117  -0                        1                        3                        4                        0.18187266093955203883   0.47212143896817887478  -0.1595618249523623744    0.0735499967271232985 
118  -0                        1                        3                        4                        0.18481286022225693055   0.49529164682498477701  -0.12234869854919934451   0.06900897886835354045
119  -0                        1                        3                        4                        0.31613574859596221822   0.6426154530830562317    0.44092838162294190063   0.00907626315317531032
120  -0                        1                        3                        4                        0.32513073621825255843   0.77297856446114487916   0.80258724351951848952   0.0005299832641311997 
121  -0                        1                        3                        4                        0.54300219344122691023   0.78881451774516175846   1.193765826456804291     0                     
122  -0                        1                        3                        4                        0.64795973116174021555   0.25159254698119887239  -0.04797535157321822924   0.02417006313100388687
123  -0                        1                        3                        4                        0.79700681347407875688   0.59399569404714958054   0.67248462483115900579   0                     
124  -0                        1                        3                        5                        0.0233933594326318009    0.33116132369369610799  -0.39080375759455709961   0.23851457136620080046
125  -0                        1                        4                        2                        0.25086538763116084105   0.44151569577512539411   0.18196519434208524579   0.0011463973959489086 
126  -0                        1                        4                        2                        0.30698175170155750369   0.26891379874950438467  -0.02127959696618550098   0.0058022583644671338 
127  -0                        1                        4                        2                        0.39498165394994005917   0.31860111243679833937   0.14681323384463754178   0.00012628384455505326
128  -0                        1                        4                        2                        0.76022663814253799153   0.50872768401293877449   0.51146619358142975109   0                     
129  -0                        1                        4                        3                        0.0963126902405590235    0.97050052090249194769   0.75184381455422810703   0.02553371525950912102
130  -0                        1                        4                        3                        0.4685212649634390436    0.08514955699951765045  -0.23008985905512094328   0.05767607282826797688
131  -0                        1                        4                        3                        0.67258517563092790059   0.44505324678457963694   0.48676604211319535187   0                     
132  -0                        1                        4                        4                        0.35172847191998624083   0.930637392308711342     1.4687379191956511093    0                     
133  -0                        1                        4                        4                        0.68729544302075218365   0.76983339607711731567   1.487123233573133696     0                     
134  -0                        1                        4                        5                        0.52940030701522100554   0.38096412862673501021   0.14607471084002129902   0.03899685352182144515
135  -0                        1                        4                        5                        0.5436202009705873861    0.49276533035625824652   0.41101727904271245784   0.00964014068795150149
136  -0                        1                        4                        5                        0.57612256363487246436   0.48120993700605119159   0.43273669690273375288   0.00708057391496806458
137  -0                        1                        4                        5                        0.75467907798895894622   0.42073695154800161422   0.45784437476130490641   0.00056254058272532952
138  -0                        1                        5                        1                        0.20434536941217851247   0.67028536523776560685   0.86459159914434935423   0                     
139  -0                        1                        5                        1                        0.37686335037156554195   0.22384523582656679075   0.1421933064536525515    0                     
140  -0                        1                        5                        2                        0.06151231369504525648   0.8922889510035256766    0.61614010059571400202   0.01384619670759474307
141  -0                        1                        5                        2                        0.3483234045146165192    0.29748190113129446832   0.18128110726016422038   0.00198649712331460185
142  -0                        1                        5                        2                        0.88312371739957562511   0.99645091887092784866   1.7818478205843739648    0                     
143  -0                        1                        5                        2                        0.99705564551064485013   0.9476743135898546555    1.0026776040959739511    0                     
144  -0                        1                        5                        3                        0.4664446927901461093    0.94449529084326433459   2.2374432630196778859    0                     
145  -0                        1                        5                        3                        0.65594008213978727273   0.56197693181813468399   1.0019117376650907847    0                     
146  -0                        1                        5                        3                        0.81681072735386217598   0.64528644068522533761   1.0544812794535924905    0                     
147  -0                        1                        5                        4                        0.09741921276880564917   0.60003733953617144348  -0.28653568341365764915   0.0975420659753770819 
148  -0                        1                        5                        5                        0.05494025949115715485   0.61927301590934846764  -0.40159688479166266717   0.20156999299650341095
149  -0                        1                        5                        5                        0.4322874009886184532    0.10056060362853123935  -0.280898738146709126     0.1890452807033806415 
150  -0                        1                        5                        5                        0.64567951531281686517   0.96469267757951571163   2.4382200140792593679    0                     
151   1                       -0                        1                        1                        0.48315759734479341025   0.70672895119216505577  -1.1574099784154641135    0                     
152   1                       -0                        1                        1                        0.9145829573975060578    0.45052276816696928963   0.13763897946391071003   0                     
153   1                       -0                        1                        2                        0.86600686404140203578   0.15971030892875129337   0.66275589427644743257   0                     
154   1                       -0                        1                        3                        0.58864927067234706914   0.13993101182935394067   0.64939035409515866171   0.00584377196345279432
155   1                       -0                        1                        3                        0.97684704453610982089   0.89727651578155565026  -1.9307418685881314602    0                     
156   1                       -0                        1                        4                        0.02106582315042595382   0.90184372337733176295  -1.3055685217258885533    0.0294132376496999727 
157   1                       -0                        1                        4                        0.4064058360355919941    0.24788752601820840393   0.50677704355337227504   0.00238980131233467764
158   1                       -0                        1                        5                        0.83888086470128375716   0.14182842842578619047   0.6357899557073598551    0.0004637246976251826 
159   1                       -0                        2                        1                        0.54786088237333907536   0.88332198560237618068  -2.5473394876894133176    0                     
160   1                       -0                        2                        2                        0.12349734760824683522   0.345528746753045235     0.41699791416854203874   0.11289074124486640771
161   1                       -0                        2                        2                        0.41297638597579433561   0.12348344496066762654   0.56166274108666580656   0.10465637774442096419
162   1                       -0                        2                        2                        0.50974198326307240681   0.06490201163763070769   0.66143234493430158594   0.12276269654843487145
163   1                       -0                        2                        2                        0.55854955052612720312   0.41356865279304377836  -0.18153767787430999392   0.00286247709125946916
164   1                       -0                        2                        2                        0.62946841094552896667   0.61405336456079662177  -1.0225392157599912935    0                     
165   1                       -0                        2                        2                        0.83635059558934310431   0.64760731217240463664  -0.92819259172326595841   0                     
166   1                       -0                        2                        2                        0.93782378666362664621   0.5788334129282350915   -0.37723556178273431883   0                     
167   1                       -0                        2                        3                        0.0468006795272543144    0.84507195901243759018  -0.95583018209446812818   0.11605951497276260909
168   1                       -0                        2                        3                        0.20291005798838490648   0.17608585543917007477   0.67022831070439914392   0.11999684892079931497
169   1                       -0                        2                        3                        0.23211273534583071187   0.22222581332446053604   0.57088644957560752413   0.10408872179268179037
170   1                       -0                        2                        3                        0.74314049134724935453   0.92532238203457606307  -2.8259406301888008173    0                     
171   1                       -0                        2                        3                        0.93282558043397934      0.39708900395480195566   0.11408541801564672791   0                     
172   1                       -0                        2                        4                        0.11862540968506567196   0.863308214375277716    -1.0483041705358708828    0.06070535341584463312
173   1                       -0                        2                        4                        0.1774451954998336467    0.19777756603227716892   0.7229394869923281286    0.1206575674471419557 
174   1                       -0                        2                        4                        0.20691929976616968423   0.54416058818363288729  -0.05172997651083942328   0.05340906260566358199
175   1                       -0                        2                        4                        0.39237717275252653737   0.69089627431959299564  -1.1263788133531371649    0                     
176   1                       -0                        3                        1                        0.26982248036186734508   0.93714941012063435188  -3.0944920379127647259    0.04871026997826281152
177   1                       -0                        3                        1                        0.27072408217953614074   0.49903690689453783502  -0.63465212367518442083   0.15788546259587912801
178   1                       -0                        3                        1                        0.92746688285162670606   0.6222758809373735156   -0.38287445166687589237   0                     
179   1                       -0                        3                        2                        0.47484653911976609786   0.19306547933019049812   0.28579858250618006554   0.21389264159317109004
180   1                       -0                        3                        2                        0.80151356150664243572   0.17900593484495905261   0.40794150549227264912   0.14806063014807613332
181   1                       -0                        3                        2                        0.95364774069135249679   0.39417660791136088783   0.24307488189841386372   0.00130621182780268344
182   1                       -0                        3                        3                        0.01364714361036052301   0.09316333185101316472   0.69420232411361315616   0.35771509304271553731
183   1                       -0                        3                        3                        0.19642833333767367732   0.42472263168420704149   0.19127770753855399821   0.22549074886809253315
184   1                       -0                        3                        3                        0.21764438370731142847   0.75151063834585041246  -1.1609833409840628615    0.12578151345589699828
185   1                       -0                        3                        3                        0.28575648738515790903   0.45902343850249660573  -0.20551596298315610856   0.16260782999197695431
186   1                       -0                        3                        3                        0.61358072539797225975   0.95209060959023361637  -3.5425204460708830112    0                     
187   1                       -0                        3                        3                        0.61936375437056734317   0.87037152405836892832  -2.9561143712490158819    0                     
188   1                       -0                        3                        3                        0.77360823820506730009   0.1081078626071354104    0.45127519659831721865   0.2251979875229518091 
189   1                       -0                        3                        3                        0.95769142869030077225   0.43792754114945287025  -0.04458872627368478531   0                     
190   1                       -0                        3                        4                        0.1643840557735065655    0.19406114441980479302   0.75991021257851865123   0.30486869822184942125
191   1                       -0                        3                        4                        0.19267467048314276812   0.38894308892209311646   0.45363077529898265805   0.23774476655451479146
192   1                       -0                        3                        4                        0.49073597908269989132   0.30013493341474517528   0.10031074183383673071   0.14369367399622440251
193   1                       -0                        3                        4                        0.49870824039573191655   0.87967332159549471715  -2.7308861894368932077    0                     
194   1                       -0                        3                        4                        0.53614851151813802677   0.38435765251463538394  -0.22422503527615450514   0.08461747211020130555
195   1                       -0                        3                        4                        0.68091192935769873085   0.91351096753267979622  -3.3000093685548463895    0                     
196   1                       -0                        3                        4                        0.84325002724923736608   0.58251188947334386903  -1.1082500367012650955    0                     
197   1                       -0                        3                        5                        0.40248472130837648075   0.01060576725066773689   0.70979310365966119534   0.35235741156997191226
198   1                       -0                        4                        1                        0.71926294943145396843   0.66655486810794595254  -1.6648278745320452821    0.00653796270244556745
199   1                       -0                        4                        2                        0.02949922537497071812   0.78183170563894444083  -0.5601889495009171327    0.58584459276953304574
200   1                       -0                        4                        2                        0.05720217556084247063   0.85358190507789022394  -1.0522553253453539313    0.52817993337443969182
201   1                       -0                        4                        2                        0.0730290923344504711    0.67662162786348600818  -0.37246164451820118479   0.52690236235557019739
202   1                       -0                        4                        2                        0.21105263190834147591   0.58511251104105710397  -0.73109248613763866409   0.3779368620522735589 
203   1                       -0                        4                        2                        0.62131250088599343506   0.16091076828560577083   0.18155057637378646529   0.42254705117699398187
204   1                       -0                        4                        2                        0.78156189394452657559   0.92131731078835454873  -3.3063257956551446171    0                     
205   1                       -0                        4                        2                        0.82773039669288872577   0.76125393980677569239  -1.9957503631614526007    0                     
206   1                       -0                        4                        3                        0.15300804787075023006   0.15093303865930057794   0.76035166252038821622   0.58577446867150229082
207   1                       -0                        4                        3                        0.26213170960439952095   0.03804969322744672366   0.6657706246324592847    0.61628615819294241263
208   1                       -0                        4                        3                        0.31947938508419615466   0.80738463985517572308  -2.1792940235564404183    0.17063994227170709017
209   1                       -0                        4                        3                        0.57790264195791352098   0.54731831692251953214  -1.3558131902499090948    0.10598602415932358023
210   1                       -0                        4                        3                        0.59069940032065682001   0.33536673095900726427  -0.39604824794761661622   0.25285672427976041421
211   1                       -0                        4                        3                        0.89765904466334234257   0.55158180177170978986  -0.82593321710100608968   0.00328345160539431427
212   1                       -0                        4                        3                        0.98011804612899466882   0.81948851953869572551  -1.7719233139565233603    0                     
213   1                       -0                        4                        4                        0.2975824305844141926    0.58674844754473653996  -0.58309357386320415095   0.28954187720558177688
214   1                       -0                        4                        4                        0.41585653471120709312   0.85307312589831185701  -2.5935182855866800722    0.0717521666406384373 
215   1                       -0                        4                        4                        0.67710888027379034781   0.82383274300113151778  -3.1531431610787006292    0                     
216   1                       -0                        4                        4                        0.93516379831789453458   0.83711116842470234545  -2.5213198175939464107    0                     
217   1                       -0                        4                        5                        0.00258142827526854687   0.14451254014108466661   0.08233982706429621157   0.63910499610469184706
218   1                       -0                        4                        5                        0.07986525345124892428   0.50326354903322567669   0.75638357049772964036   0.54717102265587247434
219   1                       -0                        4                        5                        0.38300440800368579231   0.02854526710119376434   0.66635075549506717074   0.61402983028041702163
220   1                       -0                        4                        5                        0.44944748621653940468   0.61202319028679197377  -1.0325024516881320391    0.15007223116384429962
221   1                       -0                        5                        1                        0.82049550012929728382   0.71032333003597414312  -1.5586822176815797736    0.01581918865310873168
222   1                       -0                        5                        2                        0.2937742069030896408    0.65651578678435551506  -1.7593078787994116396    0.50509291669208811193
223   1                       -0                        5                        2                        0.68455038198065409905   0.18734465645952413926  -0.0903641212307768199    0.65226575782364015765
224   1                       -0                        5                        2                        0.88915638443683808756   0.32704806312849932226   0.11001876977009311664   0.31787572844049993837
225   1                       -0                        5                        2                        0.911676889275746416     0.30432568178612873222   0.27191883905350261452   0.34085742645994171474
226   1                       -0                        5                        3                        0.85893039570320339759   0.2722844282123922377   -0.07834558116355244684   0.42144758143999078159
227   1                       -0                        5                        4                        0.73793087839566429142   0.40384286456209983474  -1.0912199516391010157    0.30579552943310595037
228   1                        1                        1                        1                        0.00632622855552306736   0.97639601518704144389  -1.4622394356880932254    0.01585611035712171379
229   1                        1                        1                        1                        0.08311486946879456661   0.11270663719376858292   0.49540445037955216367   0.01490650930716910273
230   1                        1                        1                        1                        0.30272428659552808039   0.31519885258947782924   0.21449470686664556807   0.00035461846192573384
231   1                        1                        1                        2                        0.09056589424778534181   0.36195078823683263236   0.26430090555257285123   0.051679015510145275  
232   1                        1                        1                        2                        0.36907403373914010603   0.12782304277670486492   0.43843242770150803178   0.0441232153892783599 
233   1                        1                        1                        3                        0.35602383319351132984   0.9826230695585929098   -1.7572903759575668747    0                     
234   1                        1                        1                        3                        0.37297835921472366483   0.05923928848760496441   0.48731068853279779773   0.13949181673747818033
235   1                        1                        1                        4                        0.34366118277973983774   0.86819736946254599808  -1.208308698744270826     0.03072814472052408027
236   1                        1                        1                        4                        0.51614096896245009738   0.73782066636047183295  -0.83739129392362554594   0.00582931714730977081
237   1                        1                        1                        4                        0.60285494721638699378   0.59926477365566688249  -0.42922535371914111169   0.00996196686079361092
238   1                        1                        1                        4                        0.78380699632467554228   0.33697259425192743754   0.16324757382039975506   0.0468235765555846048 
239   1                        1                        1                        4                        0.90473861487227003053   0.83564285841125751642  -1.1685151944730027829    0                     
240   1                        1                        1                        5                        0.44170336850337604817   0.73121583524886890615  -0.73652654054981037124   0.07789126696481930845
241   1                        1                        2                        1                        0.56457691401272158682   0.16646127941082106139   0.33763174390372518996   0.00042259431166864222
242   1                        1                        2                        1                        0.70397769543822963367   0.53725954499342309933  -0.37723715112017414119   0                     
243   1                        1                        2                        1                        0.77699000906361970209   0.46799779242789318889  -0.13327307200009455568   0                     
244   1                        1                        2                        2                        0.16148171869917191112   0.84037155008495434405  -1.0688218720513729121    0.01077881996682138535
245   1                        1                        2                        2                        0.52347198074609169183   0.51519674367702805728  -0.38268730176355642003   0                     
246   1                        1                        2                        2                        0.8485320791474539881    0.11921727114959711213   0.43113401520636573938   0.02110484070920886149
247   1                        1                        2                        3                        0.33534152957579932419   0.66314692550644904756  -0.68169998650691199238   0.0177270996702603989 
248   1                        1                        2                        3                        0.55298084099070343722   0.25567616705061158022   0.20475624708566658727   0.05305613496276755103
249   1                        1                        2                        3                        0.63876987502726334522   0.98550907941197729567  -2.198663510478691574     0                     
250   1                        1                        2                        3                        0.72922956863322674348   0.0693341404640428205    0.40951723685265190023   0.11514308004018959652
251   1                        1                        2                        4                        0.14035316695001748277   0.79923885207295075617  -0.55495778021305086636   0.1589796228259126587 
252   1                        1                        2                        4                        0.32051843474863989103   0.65932362420779122569  -0.54545439924594463221   0.07825608008823026207
253   1                        1                        2                        4                        0.33008338691047783842   0.48365632345208969811  -0.09831906528796804934   0.11679786927581750633
254   1                        1                        2                        4                        0.36419550663113181566   0.16975006279219331806   0.38215179378839786439   0.21081567484798449663
255   1                        1                        2                        4                        0.41920671474868587136   0.63568952025512459603  -0.60443066928501953949   0.04560401032578224184
256   1                        1                        2                        4                        0.59603949129722078037   0.74173036321727492393  -1.1138128206517561303    0.00000791087225704239
257   1                        1                        2                        4                        0.69166914303127424724   0.30849237100418946955   0.07399374072870566754   0.07688627727779037691
258   1                        1                        2                        4                        0.83177499714348812621   0.85691738684357077194  -1.5530885772695386393    0                     
259   1                        1                        2                        5                        0.1302703073574859316    0.31315079924879074547   0.47667441348673389445   0.38157004915814918267
260   1                        1                        2                        5                        0.15834841556886250502   0.09467291530175279968   0.52122349487763408593   0.42078197916182175087
261   1                        1                        2                        5                        0.56904465691164241026   0.90904251366055310868  -1.7135841230616055686    0.00210898845374652517
262   1                        1                        2                        5                        0.64273563807273026427   0.50523447752819261591  -0.34840862880105044619   0.07672236406454256696
263   1                        1                        2                        5                        0.87209346928604869476   0.97859538603851770056  -2.1125926099426792781    0                     
264   1                        1                        3                        1                        0.32984929085162373319   0.42723920752230082343  -0.30837380924427337803   0                     
265   1                        1                        3                        2                        0.10188639521720346814   0.01342827984211693478   0.52493243860097671405   0.07023818481091684274
266   1                        1                        3                        2                        0.94798875438778718028   0.78594969935465675004  -0.88517179133487267073   0                     
267   1                        1                        3                        3                        0.15401201744579678943   0.52806807340853878507   0.02171962320690478884   0.09144902885150370253
268   1                        1                        3                        3                        0.70826236943052989226   0.95501491249267667083  -2.367469797510400209     0                     
269   1                        1                        3                        3                        0.75711249316276807431   0.45406028888826116541  -0.39549530560467688334   0                     
270   1                        1                        3                        4                        0.25521255447417789952   0.52471606872697573731  -0.08371411490792818322   0.13885787125620244198
271   1                        1                        3                        4                        0.97326539917304155658   0.44824184941630229595  -0.13763935519296485732   0.00009649907627013478
272   1                        1                        3                        5                        0.2742731464058796309    0.21456381062617613242   0.42915206582517240186   0.35527292854406755662
273   1                        1                        3                        5                        0.4451185901141225254    0.60701804170626016965  -0.55800004848066198093   0.11726011895659259332
274   1                        1                        3                        5                        0.74778294544227330576   0.00207434079114836821   0.38182290934210200151   0.44196605854308135264
275   1                        1                        3                        5                        0.95191901541980583623   0.83214405887499698355  -1.5814193856927274418    0                     
276   1                        1                        4                        1                        0.70030749256186519691   0.90604728836629400135  -2.1709058268794945157    0                     
277   1                        1                        4                        1                        0.92526894914497048727   0.03536189079099068266   0.52147050566617370038   0.00884920664737121575
278   1                        1                        4                        2                        0.08562545665903609216   0.75916942754585825526  -0.52487734202775349068   0.03559319628406422409
279   1                        1                        4                        2                        0.12708010568681174512   0.7545120807250912387   -0.67964743729760768165   0.02298452984590472828
280   1                        1                        4                        2                        0.39946514770841812236   0.20184435117023788453   0.06207021513922873074   0.02886972291060643098
281   1                        1                        4                        2                        0.42014100219669620051   0.15406432538387931919   0.14236700432955318174   0.03571804356563079014
282   1                        1                        4                        2                        0.47972905837381157879   0.5232663783624922349   -0.81277535836329417585   0                     
283   1                        1                        4                        2                        0.49433895806727745637   0.24233252060576324083  -0.03236088336015629369   0.01510769892800409644
284   1                        1                        4                        2                        0.58341280336105560966   0.28889789490236383873  -0.14456339485341734852   0.0041487240740750329 
285   1                        1                        4                        2                        0.91708209924487127385   0.62853357531872267039  -0.52066315285677366997   0                     
286   1                        1                        4                        3                        0.37379249168337769227   0.79081240394171625763  -1.563864449224096953     0.00205030677180400613
287   1                        1                        4                        3                        0.96447764317066042583   0.55575823217919673169  -0.36239365068137646686   0                     
288   1                        1                        4                        4                        0.11471522994216420965   0.32579746055086084011   0.50631594792728085164   0.23861722066592305769
289   1                        1                        4                        4                        0.17081888785837656686   0.56732673171302150372   0.11520490885614838306   0.17392335223578966885
290   1                        1                        4                        4                        0.7882915053955026341    0.3219311572771048624   -0.25354230675372518844   0.0523506377331684758 
291   1                        1                        4                        5                        0.34036701277838249391   0.53250512963374418973  -0.18359042842795061934   0.20175373413280786594
292   1                        1                        4                        5                        0.605817936971430826     0.63328411643625026617  -1.1179110067835626996    0.04255177436611241176
293   1                        1                        5                        1                        0.13415688592028421344   0.26184280496444001241   0.2449884312674032727    0.00831374041940988705
294   1                        1                        5                        1                        0.4297389635582777867    0.7193372338659449472   -1.8993187631442716157    0                     
295   1                        1                        5                        1                        0.53719278073881893132   0.65092623218217071646  -1.5493921411195614724    0                     
296   1                        1                        5                        1                        0.99169379166832505312   0.70620641468625355852  -0.13949079169839845305   0                     
297   1                        1                        5                        3                        0.51990866509341682189   0.35065971705612253295  -0.43440169473800588351   0.03284314199209752844
298   1                        1                        5                        4                        0.57316494727037647916   0.47916131613756562935  -0.82412844165748111447   0.04152105905458072094
299   1                        1                        5                        4                        0.58274752483689551408   0.98862478578353563119  -3.1515802682724300965    0                     
300   1                        1                        5                        5                        0.72558353869995340091   0.76440975399480115549  -2.1677576063724379729    0.00000119881801516248
