1 184.17257647735397 0
2 189.21385025634234 0
3 129.73262393288624 0
4 178.06030738460936 0
5 69.13429853618473 0
6 44.57307007240923 0
7 41.80990929713289 0
8 152.31619918421958 0
9 212.67464016737247 0
10 261.09055006626659 0
11 37.28354079595552 0
12 56.93810454058361 0
13 76.75380393661699 0
14 118.60193430539252 0
15 219.01556357906713 0
16 155.94307347536471 0
17 139.55488317018506 0
18 433.00012050965375 0
19 94.53289186108142 0
20 128.84606909535526 0
21 46.82456576672017 0
22 67.04577246608024 0
23 222.15716734207712 0
24 119.50680971231793 0
25 36.36305363844924 0
26 164.71916591953612 0
27 36.73766207477674 0
28 98.83996751391072 0
29 192.71811959939009 0
30 158.01371170577201 0
31 151.83604760730950 0
32 35.76379027787604 0
33 37.13870646127256 0
34 341.40854170719956 0
35 147.14222609717683 0
36 239.44751571994377 0
37 56.28331298648352 0
38 37.58763721274732 0
39 37.69646190498980 0
40 98.84212997797198 0
41 169.42606225225950 0
42 160.57132098329618 0
43 384.92602984017623 0
44 63.32309740368309 0
45 72.68722869703782 0
46 16.83231703402831 0
47 152.10551045758615 0
48 318.76161232444753 0
49 223.56731510674871 0
50 65.18206641809205 0
51 206.34426806955943 0
52 189.74093259130291 0
53 89.18170409545677 0
54 83.66408621632019 0
55 161.11295744215852 0
56 75.75555524614002 0
57 216.31493310367347 0
58 114.60181767276761 0
59 70.87052564791740 0
60 196.77664326085736 0
61 109.00712463279854 0
62 54.69747577978567 0
63 321.27682896225645 0
64 182.88053399633617 0
65 95.90968565643112 0
66 130.36576608642557 0
67 96.36870228801996 0
68 75.77121963457168 0
69 254.05615667585189 0
70 195.65485886534356 0
71 74.73769320871166 0
72 109.40228213643674 0
73 -0.06208283086826 0
74 46.11786705358787 0
75 167.38654730004151 0
76 315.39769673528082 0
77 118.64704794861214 0
78 248.89260088963394 0
79 61.99382328745274 0
80 110.88364892453453 0
81 64.71409568763241 0
82 221.48083461869953 0
83 163.70212722490365 0
84 45.70402671054273 0
85 137.30995403336186 0
86 307.69152674231287 0
87 457.74484124739433 0
88 60.15976432809155 0
89 159.18598971200990 0
90 231.26447601712059 0
91 29.26706988317319 0
92 202.88704149459653 0
93 204.37175016551495 0
94 234.00195598048415 0
95 71.05112788624555 0
96 47.11570579086005 0
97 274.55621001958411 0
98 125.28113791447859 0
99 119.29257885561336 0
100 66.89437853856742 0
101 158.68161200981075 0
102 163.94797608074981 0
103 244.80941113371051 0
104 179.19529025641754 0
105 62.38924558442250 0
106 77.03164731681188 0
107 87.07826361962742 0
108 295.68988604217907 0
109 25.35199675421177 0
110 151.73106295955648 0
111 82.50969122976412 0
112 209.28443093067810 0
113 233.95889557423632 0
114 102.62470270647394 0
115 191.13597834581225 0
116 320.01523034437946 0
117 168.00260629996706 0
118 275.11634270773226 0
119 125.51133321345256 0
120 292.05492038572913 0
121 86.35525411524956 0
122 384.66098832409676 0
123 56.41926655448142 0
124 41.70970724737090 0
125 149.68924367815862 0
126 6.11937146200341 0
127 242.60708454323901 0
128 115.35619591909393 0
129 486.49615221755903 0
130 246.61103568107069 0
131 73.73848057414371 0
132 221.84518684418202 0
133 304.33137305041328 0
134 297.76280015335414 0
135 174.31639292636956 0
136 124.05376752809542 0
137 86.86821067905895 0
138 33.89749066000785 0
139 221.88439247276807 0
140 58.36846689165888 0
141 94.92377583098262 0
142 188.36050811177438 0
143 147.92943238481786 0
144 104.44423662627162 0
145 69.61564642894592 0
146 370.48072806831902 0
147 169.35632781121552 0
148 302.51976202288637 0
149 199.82876065218628 0
150 122.85582275843934 0
151 256.85124141022072 0
152 163.98686256409081 0
153 85.49411486368599 0
154 113.71275251235154 0
155 95.68623751619425 0
156 256.68001639500034 0
157 103.03030186679466 0
158 146.19021115648428 0
159 84.11075855234849 0
160 41.83312182496729 0
161 359.03767715158955 0
162 472.95246327561750 0
163 272.64051927586689 0
164 171.38295872897328 0
165 380.92177963442202 0
166 103.62600498480117 0
167 174.20489365305423 0
168 71.89411949029076 0
169 131.47638506733762 0
170 96.76274190776698 0
171 253.63149452294005 0
172 258.15695378179026 0
173 175.83601399474540 0
174 129.41382026705469 0
175 195.19303324995758 0
176 100.27952180170247 0
177 490.37109317012766 0
178 116.08483136729808 0
179 57.51564517668056 0
180 101.23504804280533 0
181 74.46209191087934 0
182 113.59001448555895 0
183 166.74011094577557 0
184 107.96238855210477 0
185 206.20051626601818 0
186 220.15748108576832 0
187 96.23980727808636 0
188 94.51393342013081 0
189 145.51085172005642 0
190 65.05214364146235 0
191 176.32915969915322 0
192 96.42709770524392 0
193 96.95400471267209 0
194 65.62507099585488 0
195 241.76783710901663 0
196 88.08135287205984 0
197 78.15940935148772 0
198 157.89378499249361 0
199 253.86034504407814 0
200 235.84253876986210 0
201 108.11593389245404 0
202 56.43717343996900 0
203 287.67385085238845 0
204 435.94703452953325 0
205 287.57347717662390 0
206 127.94346037872663 0
207 518.13614730562608 0
208 1348.98772097989649 0
209 296.74279289435322 0
210 109.48859189959786 0
211 2002.79660670638259 0
212 2506.19743776769246 0
213 900.53202738235552 0
214 1741.37849419014015 0
215 2091.50821772111522 0
216 142.20718213750146 0
217 470.92882124087760 0
218 182.43891983766116 0
219 553.16195556868297 0
220 2156.13366071556493 0
221 148.70296039951188 0
222 227.58792161506798 0
223 3066.30401238219974 0
224 77.25310676484800 0
225 68.66592508422204 0
226 952.30219025610290 0
227 439.53588157788920 0
228 656.26332312403190 0
229 417.89726819371157 0
230 1078.39975244900756 0
231 192.85039224034756 0
232 1469.08872799534038 0
233 1482.73722202611748 0
234 1339.24308356691517 0
235 1591.17544770535119 0
236 614.56769774774330 0
237 1328.31360375977010 0
238 741.79711679329557 0
239 188.37694343854628 0
240 1573.05244501239918 0
241 170.40381609273157 0
242 404.92344035693634 0
243 1545.85730888174453 0
244 131.70592986025108 0
245 412.28434609369702 0
246 170.74696197878217 0
247 762.23083316183227 0
248 3102.27833804533520 0
249 393.83745836622228 0
250 1855.94869289568351 0
251 122.98592363812787 0
252 730.57967757872302 0
253 1136.45459576022995 0
254 238.80942365756690 0
255 131.18900559203544 0
256 435.45562339556454 0
257 702.36279405114021 0
258 1288.90231591946485 0
259 374.90803134478813 0
260 1190.64482852388801 0
261 283.67814814704047 0
262 589.76654816938651 0
263 1571.12615180619014 0
264 266.69529052630065 0
265 2207.11516233461043 0
266 311.99492491089171 0
267 614.41979193613088 0
268 562.50159281896185 0
269 247.12576988035613 0
270 809.31560474605760 0
271 638.34652339864635 0
272 1327.67905507778323 0
273 2332.50172158428222 0
274 65.33696486213009 0
275 440.04733073050824 0
276 767.23857682307414 0
277 664.88947730338418 0
278 933.18908497014286 0
279 269.30388555943046 0
280 2324.01719223916962 0
281 540.61195260734360 0
282 1987.05710861434136 0
283 3073.85521904359939 0
284 482.87840186097895 0
285 1889.02402111579136 0
286 189.13427157276826 0
287 299.45776436201106 0
288 874.07324497140041 0
289 1800.78828150776098 0
290 801.68737955165909 0
291 1308.18856039248612 0
292 1912.19259622854838 0
293 904.49588907974760 0
294 1721.91509308824016 0
295 216.96250772192019 0
296 408.55543033257851 0
297 1160.38909782646260 0
298 946.73441260789730 0
299 1213.39553783641918 0
300 1349.72220816980121 0
301 1563.46464980433166 0
302 1791.93994588083410 0
303 323.15645865831243 0
304 1443.35283016816425 0
305 1886.95297459877020 0
306 527.00402814675704 0
307 638.57963490112263 0
308 674.35353256731310 0
309 469.58025591494197 0
310 1779.66530845895363 0
311 1127.29591706777728 0
312 1292.65257476441684 0
313 1122.27191792212693 0
314 1364.24832832813445 0
315 252.84713901895219 0
316 1987.64780539203548 0
317 341.20500477223220 0
318 281.61679602417638 0
319 545.18187388560386 0
320 1213.41194117012924 0
321 314.18211113371262 0
322 394.94720833662655 0
323 1575.64471910438806 0
324 502.12680442264428 0
325 571.19856504916947 0
326 866.81575647799013 0
327 256.52224542505382 0
328 1842.29116165538517 0
329 473.32638796415642 0
330 121.54023528666256 0
331 326.89313851577106 0
332 1021.34548662819691 0
333 332.03539451340868 0
334 722.56202719556677 0
335 601.43051890538777 0
336 2919.72898870819427 0
337 309.43839890433418 0
338 2337.87982109268341 0
339 1322.18761042602182 0
340 2445.11033831723535 0
341 2511.85493503356611 0
342 712.71470098829207 0
343 113.05156621274180 0
344 358.04951226980791 0
345 64.47915440254006 0
346 32.36271698776464 0
347 40.98265670333324 0
348 11.01733215428708 0
349 194.22703600784718 0
350 173.87287140412903 0
351 101.72716138334253 0
352 229.47277010579151 0
353 98.13415972394219 0
354 -7.76191871953661 0
355 220.30302374483580 0
356 83.77451400501512 0
357 75.84077711595309 0
358 79.92723723644657 0
359 30.43852108486894 0
360 190.10431148816963 0
361 80.45803586179746 0
362 143.92708681595718 0
363 113.25709418767960 0
364 21.41945430462613 0
365 94.77473773160278 0
366 75.67628871801212 0
367 202.83772439354351 0
368 252.59217593185932 0
369 211.82408074276722 0
370 122.81360422490829 0
371 126.02779225174248 0
372 116.37944555007277 0
373 83.43616858498936 0
374 88.83713366530154 0
375 85.34588221842472 0
376 210.48427096333748 0
377 86.40112560853480 0
378 100.20508505367296 0
379 101.75706033452050 0
380 164.94045433446286 0
381 144.36640597919464 0
382 184.57094713656642 0
383 32.86446617832594 0
384 202.57946763721964 0
385 106.86619596023222 0
386 56.93751327780501 0
387 78.96021581178312 0
388 80.63136908852110 0
389 21.68826133744119 0
390 86.64186181780194 0
391 92.72843541119040 0
392 178.31340571620331 0
393 103.23813448625174 0
394 141.42939666383856 0
395 59.79931264708712 0
396 58.47574633106679 0
397 57.47314280060850 0
398 58.77039612104312 0
399 145.42080989822685 0
400 10.22982714127895 0
401 -26.91594006663036 0
402 123.37355199046020 0
403 220.83871197517107 0
404 52.71281834866959 0
405 30.90749310489068 0
406 35.38497982292125 0
407 125.80245994355062 0
408 64.85141182097969 0
409 50.98929262638043 0
410 152.89319172683105 0
411 61.70631381240605 0
412 23.80827426221700 0
413 136.55354521380050 0
414 173.85924206736229 0
415 287.92815408174533 0
416 119.38123441694566 0
417 74.59835499509373 0
418 114.92175800281105 0
419 80.98712394974100 0
420 62.26991672688928 0
421 142.18964487444180 0
422 165.90607677858918 0
423 82.38753869313771 0
424 201.04602235544488 0
425 38.02372667890728 0
426 53.60717669078048 0
427 245.17125932474445 0
428 153.34782799277099 0
429 132.66558360342356 0
430 108.20575536767622 0
431 51.73318415929996 0
432 55.96134420275046 0
433 289.18498131052854 0
434 64.23773610006879 0
435 36.71122196010162 0
436 96.78816278487460 0
437 168.57429537013570 0
438 417.85179223056093 0
439 70.27900277414307 0
440 134.30864637077383 0
441 211.28736519487927 0
442 133.91081481713309 0
443 96.75807759579908 0
444 145.44347821196024 0
445 171.97148142832668 0
446 115.95150741906021 0
447 40.87851442746444 0
448 44.46794830097745 0
449 57.40186003515693 0
450 290.17391182158121 0
451 171.30124484671069 0
452 71.27516471851025 0
453 150.01773978538426 0
454 30.59010312729991 0
455 72.59738843789408 0
456 110.23602297073614 0
457 118.11566943789003 0
458 84.10191610515538 0
459 226.47887676523629 0
460 186.87433713991970 0
461 272.77154513377087 0
462 54.17426294081020 0
463 170.66422507846880 0
464 89.49074087842594 0
465 90.04095430338046 0
466 142.65850447642185 0
467 60.96269023249118 0
468 94.22118722471227 0
469 263.35892929212253 0
470 195.76045606012755 0
471 187.00895516584671 0
472 28.50844292025000 0
473 30.85378677472657 0
474 103.22610700697487 0
475 237.93541529799148 0
476 262.96546597261323 0
477 218.05436493999775 0
478 113.24479216085163 0
479 58.49543347327177 0
480 76.58829928829427 0
481 146.61303167682593 0
482 53.54204520119165 0
483 -15.32941017394513 0
484 65.41538628377904 0
485 46.58606749642156 0
486 69.04882282411788 0
487 152.58518205852366 0
488 93.20907011750512 0
489 167.00457977002660 0
490 116.12768664731414 0
491 187.34616198941816 0
492 -15.20117802779535 0
493 46.07371862153681 0
494 93.75045325842522 0
495 10.63511494622904 0
496 134.00839543361974 0
497 155.89170725896997 0
498 98.57871660544680 0
499 63.34094237173650 0
500 122.32842970417269 0
501 11.07310945879317 0
502 154.23444680817360 0
503 225.46770440786975 0
504 144.04199613251274 0
505 73.95909020050206 0
506 114.42884963582482 0
507 102.94491496580045 0
508 20.03752539314227 0
509 206.57728066117488 0
510 107.67895576142659 0
511 33.49110392657160 0
512 130.41283922706856 0
513 6.04018134977261 0
514 67.50643317381122 0
515 83.72771312708493 0
516 98.57722447175746 0
517 115.96842609258658 0
518 93.58848150020334 0
519 56.94483034685405 0
520 -7.54573700028946 0
521 193.51242292309311 0
522 156.25442611968796 0
523 38.34820621856275 0
524 101.85144923443838 0
525 155.18192092317895 0
526 41.11093529021078 0
527 70.16537034058936 0
528 41.19404494170809 0
529 41.24440526907991 0
530 154.62347685786062 0
531 215.31968643528342 0
532 33.12365636267117 0
533 10.24836376779841 0
534 13.17302967910487 0
535 166.62854486109660 0
536 144.08734073357138 0
537 47.47498249641070 0
538 205.85136362451811 0
539 73.15978144307856 0
540 123.48797564200778 0
541 97.84476510212919 0
542 58.06999433845302 0
543 66.42435506734435 0
544 52.96094913964157 0
545 44.56202146295188 0
546 24.05788125625486 0
547 154.92767995596546 0
548 95.40378776141212 0
549 201.98324662844664 0
550 67.42446751968495 0
551 30.42540819903661 0
552 294.63547241436487 0
553 103.42482041819025 0
554 164.68843645061671 0
555 49.77296326010352 0
556 29.89440593037024 0
557 499.16947847306847 0
558 20.36697962980290 0
559 435.78532510664019 0
560 445.32526765126215 0
561 -3.51293329690813 0
562 42.40906479860898 0
563 177.58250238129216 0
564 74.75508435862061 0
565 43.56170195802172 0
566 592.82550074201345 0
567 12.59857195636376 0
568 6.27064933553470 0
569 -2.40723721099903 0
570 311.57887801626680 0
571 171.87638099287355 0
572 176.03530476810423 0
573 631.18115086857688 0
574 47.57838241246614 0
575 335.67428415435052 0
576 8.06131059057313 0
577 5.21627853357035 0
578 27.34627470776567 0
579 25.54834854898883 0
580 30.47356844908720 0
581 1.08136526715620 0
582 34.08255396156289 0
583 6.75745252006733 0
584 537.74791693160228 0
585 158.56992339994730 0
586 19.08155896561163 0
587 27.48472957238380 0
588 64.53118685460799 0
589 4.39888938970142 0
590 11.78834978160324 0
591 1.20617202335285 0
592 59.52797270209570 0
593 163.88945626630675 0
594 -1.18615519309823 0
595 5.77219979662924 0
596 34.20247145220165 0
597 1.53447465097113 0
598 36.11995491035550 0
599 -1.10671485600749 0
600 462.55951097302017 0
601 26.12823150208980 0
602 23.44289599825095 0
603 86.98517125463144 0
604 180.35799608482944 0
605 43.24827281133523 0
606 33.61747531938524 0
607 -10.08077093945597 0
608 -7.32065981386562 0
609 575.69432600212110 0
610 72.75000237655522 0
611 265.24135964187167 0
612 76.37992003896554 0
613 -25.20352215163673 0
614 51.60546579976457 0
615 -5.99731322255148 0
616 2.37939096016285 0
617 374.19677588107828 0
618 3.39001923518312 0
619 16.51515125502300 0
620 -8.11625294344466 0
621 26.91343963995712 0
622 68.64786855711763 0
623 141.75192931273904 0
624 3.06716095382737 0
625 188.84240633670998 0
626 -33.61266595348812 0
627 28.15675512336442 0
628 197.67591333257815 0
