1  -0                       -0                       -2                        1                        2.7918987155287684487    2.8494799121251839225   -3.6955637448882732166   18.738092508961216254   18674.647915427147382     
2  -0                       -0                       -1                       -2                        1.1189641209476475225    0.32485973043746430022  -2.3687891207842133312    4.5415824387575867149  3882.8507292240929019    
3  -0                       -0                       -1                       -1                       -4.2426480387822635976   -4.3974912633714415833    0.53249145437056721875 132.29000834240468976    73691.361803388179396     
4  -0                       -0                       -1                       -1                       -3.6270573511742787431    3.9735940575990547075    1.8862202249215762606   77.426379266566229376   10915.692525338359701     
5  -0                       -0                       -1                       -1                        0.09463990363234042746  -2.2852015538924908      -4.0159612971528213521   30.715704036861762205   8804.0861075110042293    
6  -0                       -0                       -1                       -1                        2.3373925832034272432    3.9330301846926776221   -2.0080989051303124171   20.384742974577395813   10634.204014314775122     
7  -0                       -0                       -0                       -2                       -3.7411136467631038727   -1.594791897526128821     2.4034736222422665719   97.473868517600720907   14391.085416386898942     
8  -0                       -0                        0                       -2                        3.7562178558175567389    1.3273184898186745073    1.6169188211585012738    4.3180423709446271729  6460.2710647472949859    
9  -0                       -0                        0                       -1                       -0.69073912336142351265   2.0436336861905184392    0.26102128863158924332  25.887086913152430157   1006.0444321004233643    
10  -0                       -0                       -0                       -1                        2.5580830704449599722   -3.9244264484586386388   -1.9379247991602825962   18.886686932427512176   25574.433049425580975     
11  -0                       -0                       -0                       -1                        3.9083699525792479079   -2.0672061411634103933   -1.3338056896259957718    4.0143353686507801115  14983.556066370510962     
12  -0                       -0                       -0                       -0                        4.4002370642398904721    1.7128026617926952468    1.9609219748775092995   12.946254536527904477   11412.008718434753973     
13  -0                       -0                        1                       -1                       -3.5158441182502313538    1.7372305658047419996   -1.3597931222803412155  106.45770197895836873    13375.114902697845537     
14  -0                       -0                        1                       -1                       -0.45082955980992078793   4.1983447371273037163    1.0320603295683206113    6.2193529353617300615  1598.8654662468734386    
15  -0                       -0                        1                       -1                        1.002302718183694985    -3.3641988453099171963   -1.395074520251631256    12.095581405587418899   12348.93883340179309      
16  -0                       -0                        1                       -0                       -3.5999027008622923596   -0.22532578214727916333  -0.28471673937025521184 112.0427886860640001     10369.550176036740595     
17  -0                       -0                        1                        1                        4.4314601094408825332    1.2808254791532034389    3.7172314108861819193   14.77299966805520981    8769.7287264394617523    
18  -0                       -0                        2                       -2                       -3.0206615861120980071   -3.6363412798985832453   -4.1736343109326785594  192.76461971992071653    42454.511897752367076     
19  -0                       -0                        2                        0                       -0.00482592839726958545  -3.1298313258724292929    4.0753525643206156559   11.486401334019232578   8984.0127317620663234    
20  -0                       -0                        2                       -0                        2.9946201292599141652    2.740368108780075751    -0.55482070397997240718   6.8300154248865929674  8051.0005546421607505    
21  -0                       -0                        2                        1                        3.1308879387197832145   -0.60415334990810443117  -1.7389239649538636989    4.7114933568533112762  8480.1968843178074167    
22  -0                        1                       -2                       -1                        2.3685692988835000961    0.01002148482250575512  -1.8163331764322547812    7.9765572922950758183  5386.6340935877133234    
23  -0                        1                       -2                       -0                       -3.9984875747278536551    0.74738687674686943296   4.2611893292140052836  108.81576133573416598    7975.2747130449806718    
24  -0                        1                       -2                        0                        0.88559660028330888792   1.1642219133472044845   -3.2322216121514975029   15.37169103612130705    6538.1408478587245554    
25  -0                        1                       -2                        0                        3.2564660570003907125   -3.8947795388928567739   -0.49885862655578439018 156.46366298490525537    26679.591668379503972     
26  -0                        1                       -2                        1                       -2.7915864384939732545    2.9742762873927111045   -2.79641783651413256    891.86654545972965025    16288.170396886296658     
27  -0                        1                       -2                        1                       -1.311601661429115051     3.6558626237302433992    3.8888723278272525619  4860.3192929170627394     497.52442869170005224   
28  -0                        1                       -2                        1                        1.7447434209777172853    0.23261773688413711625   3.4656413090914046649   14.635306103151613399    12.281968090508017966  
29  -0                        1                       -2                        2                        4.043825328466041924     0.83127654379163651299  -0.66650046431278209269  12.81701219901421851    13003.922730214570038     
30  -0                        1                       -1                       -2                        0.00320865196250519347   3.7221148632192324612    0.54592452466492691343 246.16230020675993728    1569.0665251532566344    
31  -0                        1                       -1                       -1                       -3.2593911416946954596    3.4287741446601964768    1.2896433414315104926  203.45815441012865676    7744.5437412212941126    
32  -0                        1                       -1                       -1                       -0.62995384920221075831  -3.9997499694468405806    2.2593394364321941481  3353.6816381567532517     22846.830529258415481     
33  -0                        1                       -1                       -1                        1.6792300249813987278    0.92962911373760626077   3.1886150311539056545    4.3789630867544016013   89.113330713814733031  
34  -0                        1                       -1                       -1                        4.1735159908858605604    1.5221377169492171788    2.2323408059139326909   10.868439622797367861   8735.4325932653664495    
35  -0                        1                       -1                        0                       -3.4898694411042905372   -3.3093060434119090374   -2.2222301810239977193  1255.5309247372561003     37476.190053338759753     
36  -0                        1                       -1                        0                       -2.6392895131982272439   -1.4329648236215497548    4.1743041037861292608   79.840564570346330697   5160.3173553315873505    
37  -0                        1                       -1                       -0                       -2.5912801319806093581    2.6665442112835195942    2.158974563216419007    84.668624982661128797   2537.7888323463876077    
38  -0                        1                       -1                        1                       -3.5648913281049789958    4.1571173308410482861   -2.1459417384078460778  5836.7599440826215869     24852.703165462862671     
39  -0                        1                       -1                        1                       -1.5621351272664347754   -0.05306697104363955475   2.5199462157221645953   78.76739967614000193     15.266220504264911284  
40  -0                        1                       -1                        1                       -1.5138442347956062584    0.92228861055656263801  -0.40581318969707602662  51.214791191612434318   1686.5899938646227838    
41  -0                        1                       -1                        1                       -1.2220289176068606096   -2.8236040085895126595   -3.3028611841598269905  693.60070661687041138    12789.7023724742794       
42  -0                        1                       -1                        1                       -0.99036228053845620778   4.2824092500915238446    3.4174599332862065637  13974.096351752450573      667.33740134099571151   
43  -0                        1                       -1                        1                       -0.91227352015028539967  -2.2460434310837480432    3.661532321978450355    49.060900684988766329   4067.3766384040659432    
44  -0                        1                       -1                        1                       -0.8325640753832224128    3.9476696802660331542    1.5599487343463653843  1491.9170427368735545     1238.5234579893503906    
45  -0                        1                       -1                        1                       -0.77775641266071282587  -2.0417981776027205321    1.3639220955963731186   35.677598168589398142   2741.8163251315545494    
46  -0                        1                        0                       -2                        3.8205452809171411843   -2.2196712496157506855   -4.1569553139752137838   67.497252271762448572   28572.789018614159431     
47  -0                        1                        0                       -1                        1.749829263223761977    -1.910891158192825845    -2.130011569891194334    10.890791843106931935   5102.3346700525180495    
48  -0                        1                        0                       -0                        0.81441518866992268499  -2.4140029183222386777    4.2148501288486368566   93.636485943564849777   2823.1391990065094433    
49  -0                        1                       -0                        0                        3.8756143347868849958   -4.0195783823614492647    4.3293297483740538212  14299.899146998128344      27830.930401141602488     
50  -0                        1                       -0                        1                       -4.0816659697721204836    0.1133712332966343439   -0.00352159477187097281 164.93227283707557262    14793.611359201566302     
51  -0                        1                       -0                        1                       -3.2062322767632225329    2.1430710815479141473   -2.8351111668662891674  205.27850622775540046    17715.482237245563738     
52  -0                        1                       -0                        1                        1.886399375217727048    -2.5946344455724861255   -2.9753224236573778683  202.04437384454280391    10250.967294926560498     
53  -0                        1                        0                        1                        2.5739831702011333192    3.1820007096069327091    0.09841651389271977024  25.519343617683357905   5389.2689055111286507    
54  -0                        1                        0                        2                       -2.1382776893159087805   -3.2157598921992658347   -0.23707330979405227822 314.63585904419807093    18169.775525673747325     
55  -0                        1                       -0                        2                        3.7877750733805566341    0.85128103249037678779  -2.6499000896889084444    2.8953428551569460048  18485.721255320262571     
56  -0                        1                        1                       -2                       -1.1800420506810866961   -0.88322048849301593165  -4.1002956857439816218   52.242766101264578538   8358.8629398984830914    
57  -0                        1                        1                       -2                        0.66368238623339692595   2.9570057207112814268    3.227062730869326046   494.39807092505714081    183.53742276551278678   
58  -0                        1                        1                       -2                        1.9933109840848217686   -4.4882393867175789381   -1.9938373381177783017  7981.2706513567036382     34392.048946045601042     
59  -0                        1                        1                       -1                        1.8330402113108519302   -0.90282584411623512111  -2.0354605031049484154    4.5301574509484554554  4208.831831687817612     
60  -0                        1                        1                       -1                        2.6431521498765153666   -2.129201031304776226    -3.4843198856734751701   35.535678587432094844   13463.471643290922657     
61  -0                        1                        1                        1                       -3.6029233148674233433    2.3910401311708771033   -2.5724096176529460678  267.45393981782478932    21133.776979478177964     
62  -0                        1                        1                        1                       -1.6174510947848457221   -0.52239722990154113802  -1.2162896996082617207   56.057239736095326066   2159.5835121971267654    
63  -0                        1                        1                        1                        2.1463103515310262281   -2.5317076562265850015   -2.6853114296947331319  116.44105873851383137    10044.086758283878225     
64  -0                        1                        1                        2                       -0.24054017559970475304  -1.4886086180480280206    3.2814004895573294363   28.451806739676278823   509.38310886602715755   
65  -0                        1                        2                       -2                        3.5976243234160811824   -4.3219903702779118859    4.1210757008257292711  23525.615950609029824      32641.056107853702997     
66  -0                        1                        2                       -0                        0.68321514983337205962   1.4072463190858490734    0.0401589819603040965   12.408812585104024961   847.48468500936598957   
67  -0                        1                        2                        1                       -2.976677011803482209     2.0032582942789831648    1.2355298756052572884   64.522816475554293447   4152.0990579298195371    
68  -0                        1                        2                        2                        3.7476005913714072193   -0.27018021780635770313   2.6027688058498767987    0.50650462636433024599 3668.2188238115177228    
69  -0                        2                       -2                       -1                       -4.3675616469577800416   -1.8496815592917936755    2.5417792692545146949  159.21225474255919607    25385.866542202504206     
70  -0                        2                       -2                        1                        0.7623420299561827207    1.0400511543399639791   -0.38565534815856050699  40.632242339540759701   1034.118468775267047     
71  -0                        2                       -1                       -1                        0.92761060677579454392   1.1030139613823797262    3.0721597277680787741  402.92942907563059407      2.8854714106917636052 
72  -0                        2                       -1                       -0                       -0.59758493935566558974  -0.72929478812646975072  -1.0454942617199001198  156.82866994747851663    1081.5495324020835142    
73  -0                        2                       -1                        1                       -3.3700001399408625602   -0.47998126239315830333  -3.0508717344853000242  3587.4589094286861837     17079.652452471713332     
74  -0                        2                       -1                        2                        2.8418848503531757288   -3.7146601092616702289   -1.7805687452767569035  5084852.125189284794         23469.5892699211945       
75  -0                        2                        0                       -1                       -2.6767972152040728773    1.6961528080958965248   -3.7302244911646060821   79.216162148367118334   16900.388808606250677     
76  -0                        2                        0                       -1                       -1.0505322980266638133   -0.25123954779929746906   1.158531047183278595   1185.4987835379040462      62.41766267577309435   
77  -0                        2                       -0                        0                       -3.768056703994063561    -3.2901873230897988876    4.1098419016649181401  3852547.9254548107274        35933.346231415562215     
78  -0                        2                        0                        2                        0.54878460041385412893  -3.5895045583251641297    1.7253659603630842057  2806857.6706225853413        13880.963659333736359     
79  -0                        2                        1                       -2                       -2.2063496891976086545   -1.81763262321651764      0.84332682496080746404  74.64192154583341221    5277.4040965085760035    
80  -0                        2                        1                       -1                       -2.0437575059931694099    0.29235170435980251114   0.18670233042867145912 170.50855754216868831    1472.0138850518874278    
81  -0                        2                        1                       -1                        1.008176207314154027    -0.69763668058252070736   1.5102814407364588689  690.2070511974634428      62.661462469460353475  
82  -0                        2                        1                       -1                        1.6233906694682493921   -2.9851645653281146942    2.0236393725295114265  174520.93519551950158       7080.5884145797917881    
83  -0                        2                        1                        1                       -2.7622399558378276652    2.1893821868096097205   -1.4845997449214238806  280.30873584559606115    9229.9294482194854936    
84  -0                        2                        1                        1                        2.4070710198870433061    4.2446883583239412019   -1.433481363164339939   23626707.992552313954         9656.4209705896137166    
85  -0                        2                        1                        2                        0.49146646981261454812  -0.32125395605037176949  -1.6868421805373223776  1854.5428375681121906     1883.4998678170225048    
86  -0                        2                        2                       -1                       -1.3702430821500084512   -4.2467275810756284216   -2.5369929787576115388  74466887.199117004871         33074.268534599090344     
87  -0                        2                        2                       -1                        1.5590625331402305775    3.6512338005398348173    2.0466162802301042234  5098158.4476303914562        1368.4445495466466127    
88   1                       -0                       -2                       -2                       -4.2089397617989146028   -0.34688918824002357155   2.4602989417980447584  123.97973806915491934    13547.464385771339948     
89   1                       -0                       -2                       -2                        1.2827212311134221778    1.8507462061933388497   -3.9880940881822741773    9.5291131584844048774  11002.361779226823273     
90   1                       -0                       -2                       -1                       -4.4182455394486135347   -0.29945186107739285575   3.7378636234687725448  132.08449905493904453    15427.216661556481995     
91   1                       -0                       -2                       -1                        1.2392404365763960428   -1.4487806336781763328   -3.5607281937498433955    6.5226045798805927234  7083.6730429085255309    
92   1                       -0                       -2                        1                        0.48543626187961486096   1.821143144416623727    -1.6451662358074901071   17.646456197172202707   3007.803871081053785     
93   1                       -0                       -2                        1                        4.3582087121081496406   -4.2733081700943262859    3.8255471985074969155  101.61187478934598971    38931.581144234296517     
94   1                       -0                       -1                       -1                        0.95559929087921702262   4.4246472585957139501   -1.1651414149925107822   23.136090432671132078   5209.5775784559400563    
95   1                       -0                       -1                        0                       -3.3472773506376274355    3.7964309141470593545    1.1183482043514443305   84.485359980898977028   9573.9659977716455614    
96   1                       -0                       -1                       -0                        1.1972669030673026569   -0.82548323071423324038  -3.8572416364588075766    4.0787639760641312137  7849.7054386534573496    
97   1                       -0                       -1                        0                        3.3447155742497924891   -1.3228769588058058027   -1.0728641782065739818    3.261957729556479002   8039.5891507844535226    
98   1                       -0                       -1                       -0                        3.4083254347488232128    2.6137525663430496436    1.6407187384541623842    6.2901247204571433258  6083.4953494961700926    
99   1                       -0                       -1                        1                       -3.905153239004050203     0.33944026656635362116   2.0681997006172778697  111.67038708582262529    8916.5488593780137307    
100   1                       -0                       -1                        1                       -2.8637077128982291185    0.98859716782546502856   2.9384590964195327345   78.629989826994119539   1635.5102282404382095    
101   1                       -0                       -1                        1                       -2.2622938249604795935    1.1887630807356028839    1.9183948495508023058   62.34421035447128645    1008.7555546168664478    
102   1                       -0                       -1                        1                       -1.8442244658083510878   -2.0942901397250337503    2.4304832960017748178   50.252121077810073757   5543.0832727420893207    
103   1                       -0                       -1                        1                        3.2752205078811558181   -0.03789656008943875776  -2.5064501952394961926    4.5582308680287866309  12348.637381669201204     
104   1                       -0                       -1                        1                        4.4589877160429978176    3.2023963843072094093   -0.57160155692075287348   6.2431330220249554586  21968.568218777869333     
105   1                       -0                        0                       -2                       -2.6004077433715857559   -2.9477873937723928499   -4.3284082984691103491  113.33414524130114387    27329.273048792572808     
106   1                       -0                       -0                       -2                        1.6995098534996939676   -4.0665879817714820632   -4.2849129553310305596   93.41801250759230868    30464.625661821846734     
107   1                       -0                       -0                       -1                       -3.0014968215052331146    0.77713853390288534229   2.3365253872023794557   77.381892810582030506   2383.1413453492937151    
108   1                       -0                        0                       -1                       -2.9543002776708489066   -3.4557958775536081752    0.23906124278814644413  63.182796136543188936   28868.986794896838546     
109   1                       -0                        0                       -1                        3.2965791616434509947   -2.6350801790740328023    2.7292009228249876074   14.036935847377423059   6888.9077281890222366    
110   1                       -0                       -0                       -1                        4.2212683317207879696   -2.5092902176143678794   -0.31301655668403149946  16.805667315980009846   17638.84776265090477      
111   1                       -0                        0                       -0                       -3.4423578775925731676    2.7594278814642283493   -3.5259643752041989195  137.57670327198263749    25954.659011539093626     
112   1                       -0                        0                        0                       -0.57061905926207678874   3.0732056533057132697    1.231747947763725648    15.835576420632531125   838.0969076837988041    
113   1                       -0                       -0                       -0                        0.37887174515626043103   3.3648064448968382223    1.5220669670527557926    4.8360466718025358901  766.62837878077380083   
114   1                       -0                       -0                        0                        4.0296064018413986219   -4.4337768656400040612   -4.3545307246496403053   88.14031940305387991    64491.571585092548048     
115   1                       -0                       -0                        1                       -1.894823840863329778     3.4564060504925713246    1.4590052139184646052   46.805550601827391688   2284.9099347959941042    
116   1                       -0                       -0                        1                       -0.53728442263393638711   3.4754423733956336662    0.91038313400907355799  24.00939303799508906    1244.0969275350337284    
117   1                       -0                        0                        1                        4.3189230534398550532    1.2862240553435588808    0.59790636304650668365  14.358412665052771473   12734.57650368470604      
118   1                       -0                        0                        2                        3.9835657014340224436   -1.2340937301822094696   -1.0964635984025914439    9.2186214310577074826  12798.057302450208226     
119   1                       -0                        1                       -1                       -2.4730278021087599427   -0.11893288957928049854  -3.4514201794691099501   63.601169256716971745   11177.459551293544791     
120   1                       -0                        1                       -1                        0.83695452135451020581  -3.7724114648867024258    3.9265661441616561689   22.729497843932257695   15820.751176406680315     
121   1                       -0                        1                       -0                       -4.37771315011408646      3.9959560825513307236   -2.9849030959178532996  224.93280818766970697    43545.365602189958736     
122   1                       -0                        1                       -0                       -2.078430513179761796     0.70110988401101970169  -3.966050964476885099    52.641107942056613922   12532.422029293076776     
123   1                       -0                        1                        0                       -1.4173262184512829265   -0.58484785247041770617  -3.7205706243238276798   37.383083605659280124   7675.4707511008436995    
124   1                       -0                        1                        0                        0.90272035451802334904  -3.0683466630302111966   -3.6692621656695125765   33.150467802643646564   13212.38174310240538      
125   1                       -0                        1                        1                       -2.6643707287514648563    0.39062675612427799621   0.16272877468658020206  68.316598623744269503   3120.3052633627817158    
126   1                       -0                        1                        1                        1.5856503006782496357    1.1529451000314816511   -1.8872831262019791332    2.6025642479477628655  4231.4881491125179309    
127   1                       -0                        1                        1                        2.6922154460882463667    3.0114870867020178125    3.6250610761688832895   19.000976859805057018   2113.4571140544599075    
128   1                       -0                        1                        1                        3.9496021972772012987    4.1868964465251270468    0.45861842849791933929  19.097354663371802985   14932.563554786071109     
129   1                       -0                        1                        1                        4.0693260270624982411    0.59831916415026942246  -0.08434836483395713458  13.171467164677601147   11201.799744698992072     
130   1                       -0                        1                        2                        1.1500008226708242631    1.5027827878542332485    1.8513316315212726693    4.445399861625979554   251.10271982769265264   
131   1                       -0                        2                       -2                       -3.6521340275018654431   -1.0951202085449840418    3.4791145075137128728   83.979379230235593923   10052.310464370326372     
132   1                       -0                        2                       -2                       -1.3619705218373994171   -4.3613969351394423768    0.37099503830198177212   9.9511873835479658368  34099.224625374401512     
133   1                       -0                        2                       -1                       -4.333027395879822663     1.9536039359034447216    0.75578639972258176982 100.71716632965467397    16797.972206062448095     
134   1                       -0                        2                        1                       -2.4501182593209276384   -0.78713413877312632394   4.3510183401823940841   58.002261340918067845   2110.074579995060958     
135   1                       -0                        2                        1                        4.247141953905977374    -0.49251645317925252243   1.9811223523354648535   16.675905591462630184   7308.1750120948463518    
136   1                       -0                        2                        2                        2.4952897057006087067   -1.1269088832577809356   -2.1853518143348615865    3.8023775272312443363  6758.9881485587866337    
137   1                        1                       -2                       -2                        4.2908131760749856909    3.8562835093811820286   -3.8894456536863701857  8260.8920872644503106     40524.898948933638167     
138   1                        1                       -2                       -1                       -2.0046970290455461416    2.0906332513368841575    3.3254149556425369738   41.825383917658633948   574.68181398986564545   
139   1                        1                       -2                       -1                       -1.4608030451031144281   -2.1493476550129857472   -1.6637874706104964773   77.090862707402010301   6100.9897678231600366    
140   1                        1                       -2                       -1                       -0.30029512574503947064   3.3080365104187094971   -1.5380994975442701111  525.69995498635819331    4279.4464907475612563    
141   1                        1                       -2                       -0                        2.0163500011490942398   -4.1697628128524719671    4.4609965537670390745  20046.185037104223738      23036.94676743009768      
142   1                        1                       -2                        1                        3.0545760113580291417   -1.638912519020041092    -2.0746512660265290506    0.2461330565514087132  9623.7135314826155081    
143   1                        1                       -2                        2                       -2.3827774371605712211   -0.81025225052316507401   3.9430546197954221554   59.756352145883482763   1937.2655778454850406    
144   1                        1                       -2                        2                        3.1755542858546634832    3.8994590590427300469   -3.5784156735590295639  7781.9218292445766565     23716.169311838217254     
145   1                        1                       -1                       -2                       -4.318656321763014283     0.22510214157122199197   3.8788013381494881315  130.78757053638355501    12478.234741047936041     
146   1                        1                       -1                       -2                       -4.190762588958366841    -2.6947543279841035258   -0.34302234015231825026 127.03415287484361329    36070.521193110929744     
147   1                        1                       -1                       -1                       -4.0359101013663414292    3.2267507196486286958   -3.248455476873261194   1870.6208823048543763     34589.466424828853633     
148   1                        1                       -1                       -1                       -3.6927303041573984466    1.0594392039865017097   -0.82228542084526301537 102.77524704938221589    12382.327163536170701     
149   1                        1                       -1                       -1                       -2.5637214154359631024    0.16926552923345905555  -3.3815124049400440143   38.019309585518293204   11697.042189181302092     
150   1                        1                       -1                       -1                       -1.8586644169991122233   -0.16992322863510267439   0.69451697678377133371  41.910763591452351307   683.21944913742220251   
151   1                        1                       -1                       -1                       -0.33214912508365035393   1.7586037486442442912    4.1488421370721653147   12.051870111048735623     0                     
152   1                        1                       -1                       -1                        3.1373822649169742505   -4.3720032446247403257   -2.257176850386238165   7554.4469444435453624     40027.97673291330284      
153   1                        1                       -1                       -1                        3.5552542514316325395    3.1303506086504766515   -1.3808025948412456785  188.40668102289265562    15061.252908598817157     
154   1                        1                       -1                        0                       -1.5710716285469246145   -3.7802346283470695809   -3.8316703077911826725  7538.0393888943426646     28002.479260522293771     
155   1                        1                       -1                       -0                       -1.0695030080742107259    0.55775737720023776944  -2.641218473881633777    27.557878818630175743   4705.0375260236742179    
156   1                        1                       -1                        0                        1.4090562932713286415   -1.2370950933865025867    0.05582587888566692413   2.2915059732032543316  916.95543585472194081   
157   1                        1                       -1                        0                        1.6669153200265682813    2.7169387224289511806   -4.2055072554020789255  497.51725760955076794    14746.743051642868522     
158   1                        1                       -1                        1                       -4.1445431562962742333   -0.77038787373184280938   1.5795609363919158596  116.97466970585395529    15263.148449142445315     
159   1                        1                       -1                        1                       -3.466814194783558456    -2.5592662492100037852   -3.1458584309017085801  433.6284534462139959     29784.58003097850451      
160   1                        1                       -1                        1                       -2.1301367608474750526   -2.858371897046075194     0.41176524580663631525  95.952711064900356064   13440.317356628956986     
161   1                        1                       -1                        1                       -0.42701621547172052829   2.5378905278512560173   -3.8271936098988552644  325.49692320579788429    10232.979787582222343     
162   1                        1                       -1                        1                       -0.13828153373766571832   2.8570277688505658631    2.7808700992568162746  272.65497000971720354    177.27932893817907711   
163   1                        1                       -1                        1                        2.726593724808061836     2.3037609103370702002    1.4347052773920729862   12.267637205714555293   3185.8765816769155208    
164   1                        1                       -1                        1                        4.4879758633219459796   -3.0415973548860946174   -3.9299852908405972229  1001.8994563484654918     44753.734451286924013     
165   1                        1                       -1                        2                        4.3354968839873322395   -4.461756947743450219    -2.4611927998368079429  10557.721258558922273      60097.928172443178482     
166   1                        1                       -0                       -2                       -1.7461444171472524367   -2.0055936443532669244   -0.22556248747607021699  35.597696242677699274   5020.3569520204428045    
167   1                        1                        0                       -2                        0.03327286364819670439   3.3417814420992675295    3.4261259108210673219  1793.2928105952730675     178.61292824499355447   
168   1                        1                        0                       -1                       -3.1560799010128768316   -0.36073107512684821074   0.93643839585578447782  82.962555622703405334   5127.7233382767872172    
169   1                        1                       -0                       -1                       -2.9264991348611153477    3.1421728901570133985    4.3925774364821368323  1435.8458208867352823     2567.7244918744854658    
170   1                        1                       -0                       -1                        2.0323026546478697441    3.3830978198569559012    2.81463428852156472    1436.3993912733199068     1433.5770599632403446    
171   1                        1                       -0                       -1                        2.2922880561365754915   -2.795023939834547555    -2.3621456496302775108  207.13873670432508334    11503.995778060825614     
172   1                        1                       -0                       -1                        4.1241829952647286461    0.51550150107287961987   3.2553577120105696707   12.608413873384499482   5883.1201313592364386    
173   1                        1                       -0                        0                       -4.1244892222118769709    2.4525870151015567444    0.6263496474577259221   95.59543113967028205    15266.868372403558169     
174   1                        1                        0                       -0                       -3.8189048031049761533    0.97178772062670315535  -0.74904251691297485394 106.64604615494138784    13441.458408167234666     
175   1                        1                       -0                        0                        0.4328417004368763088   -2.7581619066308364907   -1.7644423562750986001  143.24217707503441943    6970.7589304482971784    
176   1                        1                        0                        0                        3.6095054627963794047    1.4743134096264904898   -2.1963594860149324717    6.8609735458660692231  15664.879958754119798     
177   1                        1                        0                       -0                        4.3955208039991777724   -3.3870954212995267874   -1.1523634776149256354  206.31308508931249435    32762.719150121884013     
178   1                        1                       -0                        1                       -2.3361133042241579716   -0.9882411418781247292    0.29695181273052551063  60.362118799704020944   2954.489036720004151     
179   1                        1                       -0                        1                       -1.6784077792770650817    0.09568798167863246107   1.8147227906702836364   64.499648193017861786   152.950419463343394     
180   1                        1                        0                        1                       -1.2882288226477798254   -1.3996609552716048341    0.39286621982464708935  36.566815846778766286   1366.3046274149894543    
181   1                        1                        0                        1                        1.9202543958623019549    3.2619776479538611369    2.2977615063113407956  700.04845071813815593    1462.2422115612102971    
182   1                        1                        0                        2                        0.46061111624632911088   4.4946975770394068661    2.9792488104987997488  16311.126321435935097      683.47377497713819139   
183   1                        1                       -0                        2                        2.3548710907371752654   -2.6601020102921579813    0.46913643335803634216  33.486781682484256351   6181.6095700034211404    
184   1                        1                        1                       -2                       -0.55976150691703274731  -2.3893162909131899774    3.1806108559862407148   30.117540290482704535   4160.4659939184512041    
185   1                        1                        1                       -2                        3.6597053996087023364    2.5037096308632742492   -2.9252504443981535154  128.02296552652518358    21680.583506305578339     
186   1                        1                        1                       -1                       -3.0751988960618419355   -2.1961993589629216217    1.487361135279611446    36.533384267168536041   13117.374572244099909     
187   1                        1                        1                       -1                       -2.1708453754274410485   -1.136627446536652819     4.2905883881002040425   54.765162411825173194   2422.1926800364021801    
188   1                        1                        1                       -1                       -1.9030773537799428041    0.0293799131525176449   -1.0166309443826788694   42.388391002603817981   2573.299187629005246     
189   1                        1                        1                       -1                        1.1580478666931108833   -3.1925944970258166578   -0.06403713440749569941  21.817934267804208304   9658.6393496383316233    
190   1                        1                        1                       -1                        2.7057462283170723438   -1.3426731887984857394    3.562262749840765963     2.7763423291120705727  397.95045702090453688   
191   1                        1                        1                        0                        0.25839321823287519919  -1.5332164676112425283    1.7857264187566173064    8.8610421126632985533  449.52610431169887306   
192   1                        1                        1                        0                        2.1765646817660213586    1.1199938046679420722    4.0568362821411696473    0.83475525024007768415 269.71508473284762886   
193   1                        1                        1                        1                       -4.2825294197250194372   -3.6113743596537180025    0.7253031199577506527  224.42826493518853681    53204.795432563347276     
194   1                        1                        1                        1                       -0.35694959895614264411   0.07068341555854740221  -3.4358104415973205192   19.858561358954130327   5730.5862816181424932    
195   1                        1                        1                        1                       -0.12072122057717038501   0.68886799584615499015   3.7899543007732532374   17.999584820207864766     0                     
196   1                        1                        1                        1                        1.5212517205967950318    1.6699360202216126936   -0.70616482530531410333   3.5964492814762301087  2493.1765946262062243    
197   1                        1                        1                        2                       -0.03460234485707047725   2.2331130988520628833   -4.4413691228212250905  149.17541928826642561    12150.420723250517767     
198   1                        1                        1                        2                        0.24827818864084960637   0.80471427830777564338   3.9955970016876634077   12.203034936422113788     0                     
199   1                        1                        1                        2                        1.6139361727323366935   -2.4880386486042915806    4.4468294847140565906  214.28795515250533299    3069.1120692354079438    
200   1                        1                        1                        2                        2.5406167517790141375   -0.63706422981804333716  -3.3967346616055134056    0.46607439758974067434 11049.901916379756585     
201   1                        1                        1                        2                        2.7518423977827817239   -0.4451770866002435767    4.2967514000805522301    0.86724012626899937839 295.93708515935099967   
202   1                        1                        1                        2                        4.0077869513895141296    0.26787879462869934599   3.9789649793223862417    3.6551974955956270108  4427.4909739122977044    
203   1                        1                        2                       -2                       -4.253630703311659822     1.9672691141425131534   -1.4618634314952494435  103.31089732488958077    23527.459918403932534     
204   1                        1                        2                       -2                       -3.5258987337244835913   -3.8303549080598995324    4.4994108219982216212  9295.95200525402106       43827.431822644466592     
205   1                        1                        2                       -2                       -1.1272053970040771809   -3.5136676342304955512    3.4990895373611579089  2777.096032131600623      16987.380532242365007     
206   1                        1                        2                       -1                        3.5401715661705477345   -4.1608804228937170677   -0.96941777231923209612 1079.2741038129186109     35641.065983799184323     
207   1                        1                        2                        0                       -2.4162866378127865197    1.3710329740254092457    3.8416874807950573967   55.324507406486631567   615.97195500981922578   
208   1                        1                        2                       -0                       -1.716505524542566441    -3.4032755954770816942    0.78640375614115853864  61.48300315408645389    18152.699351729086629     
209   1                        1                        2                        0                       -1.1441404292582464386   -3.9430785942297679192   -2.7259386302684287529  5388.9171043193264268     26032.844619840754604     
210   1                        1                        2                        0                       -0.69669667726305695155   1.8896437929885836482   -0.17601688964665296311  20.729646678443021557   1291.2114129774774938    
211   1                        1                        2                       -0                        1.9660831770368236704   -3.3426531248073549918    2.7722864022972721898  1250.4334837165658882     10778.255282115032969     
212   1                        1                        2                        0                        2.1873436723107815283   -3.1751835890202877444   -1.6168469225222086294  317.03316830494878786    12866.104430730330932     
213   1                        1                        2                        1                       -0.81806092877960168153  -1.7763826156791662214    2.6349187125699469192   18.944650312626404087   1737.8226016241285379    
214   1                        1                        2                        1                        1.4271021469426248274    1.4422405318182658363    1.0566423469281787106    2.9203150149572936201  684.23111972171398065   
215   1                        1                        2                        1                        2.9749517211532436889    3.2688321255633692175    3.3858528975224713164  1647.1993490668182858     3275.9723788072278694    
216   1                        1                        2                        2                       -1.0941722294195690424   -1.1805366341817511433    1.3895824486432015732   30.381948502338900653   568.7367604476607994    
217   1                        2                       -2                       -2                       -3.300865034421974098    -2.2950709469205796687   -4.4622400673570536966  3466.4059534871066717     30860.786636488966906     
218   1                        2                       -2                       -2                       -1.8181409913496708874   -2.0122161867271817215   -1.1104654532229685238   65.597538375292970159   6019.0177912167309842    
219   1                        2                       -2                       -1                        1.3723009569472672808   -0.2048582593356256254    2.6501330774760054609  4973.8325165082960666       0                     
220   1                        2                       -2                       -1                        2.2435690598889985736    4.0167940893509026523    4.0320917595857963533  83500823.609126076102         1695.3827817433459586    
221   1                        2                       -2                        1                        1.302144803636807957    -4.3064202226194465695   -0.2804304208181740421  1172405.214072333416         26934.272705353687343     
222   1                        2                       -1                       -1                        0.22608137763380042884  -3.2593256555316463263   -3.7717337053575863415  2803194.9080782206729        14963.448585688624007     
223   1                        2                       -1                       -1                        2.4433187251166588183   -3.8801398906131998601    3.6329734907868314053  40535561.915880180895         18961.14285861026292      
224   1                        2                       -1                       -1                        2.6597931114397459496   -0.69290360304095699462   2.6787847286420038984  1893.4640588652168844     519.60707426989995383   
225   1                        2                       -1                       -1                        3.0744463786915581238    2.3424938909050023739   -2.2899978188362100084  1260.2116492551865576     13243.268371284366367     
226   1                        2                       -1                        0                       -1.9774457784789389869    2.1109611308393985141    0.89554161227936113221  45.587585720968299086   1853.5468245461518109    
227   1                        2                       -1                       -0                        1.7938417479527881682   -2.8389733840901945072    0.12079852812742508661 242.45571923693503891    6824.3231910065533157    
228   1                        2                       -1                        0                        2.4696784174950439095    1.2162852930561633968   -0.60707686568974672525  10.167830560747605162   4105.3199362142231621    
229   1                        2                       -1                       -0                        3.5162977127655707932    1.8527240463222867106   -2.1044918269341894579    4.631403664900489936   15107.855926033582364     
230   1                        2                       -1                        1                       -3.9799411598579554905   -4.1914418477585035916   -3.5013077500093046091  117381892.31360696256          71461.477284189240891     
231   1                        2                       -1                        1                       -3.8762054471103950526   -1.0069962711302622438   -0.64046522607838118901 115.10761063101614354    16648.310867405500176     
232   1                        2                       -1                        1                       -1.7574635479021232243    2.1746081991514412124   -4.2567130916198783197  769.78980856373982533    15253.665491632174962     
233   1                        2                       -1                        1                       -0.9278354774799613125    2.0155907139012159135    2.381991274878846987    31.215989813404814157   182.7662327879616555    
234   1                        2                       -1                        1                       -0.10044839321113929742  -0.96161420892163373964  -3.3301681289885447512  775.68909324893456869    4923.7902123061467137    
235   1                        2                       -1                        1                        0.35820307818598795535   3.5745446176242161584    1.2653588669779551878  1403079.0272074560635        1002.0219836416711132    
236   1                        2                       -1                        1                        3.0226342624139315163    2.4199219306824293341   -3.0702684175819117129  5115.4817130706287571     16384.421756939995248     
237   1                        2                       -0                       -1                       -3.8457517271928045588   -1.9694364269532145251   -0.88908014720783334894 106.95879503486337114    22953.275579607237887     
238   1                        2                        0                       -1                        1.0958566201062813761    0.2019967744391006903    3.1494371387105051241  6970.4357773092515345       0                     
239   1                        2                       -0                       -0                       -2.4203031017705174399   -3.0310687235090041369   -2.8212838344298898363  453421.09521725826198       21435.952492200573033     
240   1                        2                       -0                       -0                        0.86103001950931368214   0.43762031979204696341  -2.4426368851932585002  2742.4353281045296171     3801.8564539765902737    
241   1                        2                       -0                        0                        1.213375833648312252    -3.4863965540686878697   -1.3112157373708575037  1015092.453419132391         13912.255177683553484     
242   1                        2                       -0                        0                        3.6329663297677257106   -2.4221737123857920437   -4.3942450447606624664  10520.518523701759477      28755.851680139938253     
243   1                        2                       -0                       -0                        4.1431774691572886837   -0.08358329744361192581  -0.51716741937412802343 247.24944967714716881    12463.941038946353729     
244   1                        2                       -0                        1                       -3.0564705738962523185    1.5444904494961271268    3.526880274301532836    95.321536415389957142   2191.0498548832943015    
245   1                        2                        0                        1                        1.0678816895384866115   -3.6711769201466228907    0.02210724589330936851 12882.342049550987213      15488.564819459259525     
246   1                        2                        0                        2                       -3.0999289926314297361    3.8775431579771453272   -0.14975922651150952447 158258.27220072218915       11118.326167267390701     
247   1                        2                        0                        2                       -2.3583398185167587791    1.2489943199559165876   -4.2177687984772953556  149.47790423152730455    16369.179750335697463     
248   1                        2                        0                        2                        2.9444449899788383007    3.7486641637548760997    1.7547246269836183075  5673634.5011688331142        5092.3149371167028221    
249   1                        2                        1                       -2                       -4.4362426956933820321    4.051912117431585969    -2.2852061667950707147  30680220.644105024636         40200.928629349262337     
250   1                        2                        1                       -2                       -1.1858264293621689767    0.47075084167317271522  -1.5713824819394144328  1067.4498446577235882     2592.2952604963456906    
251   1                        2                        1                       -2                        2.2657586136646665764    0.63180212911626298933  -0.45651138573803695664 245.67731589632722944    2823.3574406784196071    
252   1                        2                        1                       -2                        4.1137102940823595532   -1.548366127403937309     3.1362434355380317541   11.396269964954674592   5452.2651128325123864    
253   1                        2                        1                       -1                       -2.7069490071209365567    4.324525235236478693    -2.7688536597822253071  115054278.45864658058          19799.086096428407473     
254   1                        2                        1                       -1                       -0.07230320330130890483  -1.9330612887399345468    0.81042474078057669118   9.4972101766062841932  1679.7712691530823577    
255   1                        2                        1                       -1                        2.1246159371857507026    2.2432539425205826333   -1.492897025047079218   192.86266524951406609    5893.1434418045146231    
256   1                        2                        1                       -0                        0.05243005609163109426   0.4362964177156287704   -3.3489647352084368492  5164.7427025689403308     5649.8988855374363993    
257   1                        2                        1                        0                        0.58402250392921839506   2.5807357105647739104    3.1009661404185377975  22515.525031847490027      115.68496264995167166   
258   1                        2                        1                        1                       -2.2945778831308056844    2.8967961670670376861    2.1187675244045625078  108142.2628616195725        2041.5041921860611183    
259   1                        2                        2                       -2                        0.39244002635547747815   2.6917645025293985839   -0.9847995598977963283  7244.8774139166571331     2634.4305626088885219    
260   1                        2                        2                        0                       -0.46650106962588999693   1.63404314861959854      3.6933851713498810909   24.671772883719015113     0                     
261   1                        2                        2                        1                        0.72459820902547811272  -4.0980522578644151821    3.5815988620121572694  88371061.30174484849          21363.665276950676343     
262   1                        2                        2                        2                       -2.2367695192785594926   -4.0481378075605842781    1.9334476085856726613  21607356.752447199076         33472.591553026970359     
263   2                       -0                       -2                       -1                       -1.6512010390051510278    4.1171353626477387166   -0.47632026739332822274  22.797921404618911367   5486.0727232567569445    
264   2                       -0                       -2                       -0                        0.14548642061711980489   4.0791805727644909751    2.9099879135500739125   27.487583383147580207   496.73046180032122265   
265   2                       -0                       -1                       -2                       -3.7175624999770806589   -1.1864862147141712612    1.7080696122526752845   11.205330271886168703   11983.755028590192524     
266   2                       -0                       -1                        0                       -0.3833815487402247868    4.2379938907311274221   -3.9360111953308831723  110.38541564915432502    14222.417333467446952     
267   2                       -0                       -1                       -0                        0.61467042144929084913   4.3865074580949592331    0.32044348911725251128   3.2046645179433621564  2444.2653964534597435    
268   2                       -0                       -1                        0                        3.386471528705784273    -0.85704277762608693791  -3.6333857021937712162   29.895356495378518247   18268.62058906555103      
269   2                       -0                       -0                       -1                        0.17369253509664162038  -1.3665734981840613749   -2.4902358875573895602    4.620755709360907737   3160.2314077040509801    
270   2                       -0                        0                        0                        3.4447797494672194318   -0.13245105974399962179   0.86495467736767217559  36.840519238254302081   4456.8949725273696458    
271   2                       -0                       -0                        1                        2.2347929589045758547    3.414417855418317771    -1.9207746801819860494    7.1337105699884286736  9057.5057845441606332    
272   2                       -0                       -0                        1                        3.4716949460004142836   -0.43472257776994283063  -2.8840983639227988355   38.034824656604044435   15345.862381436474607     
273   2                       -0                        1                       -1                        2.6100368789280858905   -2.9694203895724893272    1.6557318375502489971   23.16783970356944522    8383.7839395538212557    
274   2                       -0                        1                       -0                       -4.4490425940045321695   -0.5485831059994468184   -0.1874790343373602397   12.252795051355809264   22561.847152807913517     
275   2                       -0                        1                       -0                       -2.2771040853944386484   -1.6882958713851756727    0.35462240055810045902   8.9081624038606967986  5133.2551231323013781    
276   2                       -0                        1                        1                       -2.5038872010808708168   -3.144372537171022941    -1.8582878527786319545   28.649531997529109617   21702.951701636899088     
277   2                       -0                        1                        2                       -3.7855520477059050322    0.72424484964891622241  -4.3189849375099509388   13.138761096323580801   30327.509607955991669     
278   2                       -0                        1                        2                        0.5376385870863114036   -4.1191847408235036099   -1.2834917696473739923   33.40941590072763745    23647.498347989967442     
279   2                       -0                        2                       -0                        3.0917633352855204976   -3.9728647347210390706   -3.1960728923727792505   52.966318997934138224   34500.760425547981868     
280   2                        1                       -2                       -1                       -2.023769207521155078     1.0134372682049228587   -3.0306330078386043425   10.02570400236320225    8927.3405473959282972    
281   2                        1                       -2                       -1                       -0.72129729696380096016   1.920980353040982358    -2.9525160585113541245   25.419693209343115825   6544.0248460980974414    
282   2                        1                       -2                       -1                        3.1910771672366964324    3.6021338850444362123    2.1863690064330114637  1759.4364397241740789     5516.8825624662495102    
283   2                        1                       -2                        0                       -4.0473415707161981558   -3.5386937147981241125    2.7044715341011356102  1789.6877750228175046     45549.23513711400301      
284   2                        1                       -2                        1                        0.69751147505370258983   2.7910854761973560301   -0.94247563667852629621  73.621906221902435163   2816.9292064402216056    
285   2                        1                       -2                        2                       -4.4870658460156143121   -2.731314617972128822    -0.87399796668100782071 139.59314104312329619    44270.902922708519327     
286   2                        1                       -2                        2                       -0.22918121832170967878   2.3320377561112159981    3.0376945387706379975   64.447426798098547351    59.200341990351290633  
287   2                        1                       -1                       -2                       -1.2454793591490802562    1.3561058639699306028    0.14481220598045485559   8.2074266373773419048  1105.5390951583465267    
288   2                        1                       -1                       -2                        1.5128560131172914538   -1.0648772278379556866   -3.6056633056700109208    0.57776092810186330251 7763.7681483083269995    
289   2                        1                       -1                       -1                       -1.4867053673558383586   -3.6960996891715396373    1.090863830163011805   413.78921495091003635    21501.93192491479931      
290   2                        1                       -1                       -1                        0.11846627924356045725   2.915691374050380702     1.8641983122029133213  144.91660475792684792    420.27287379211196594   
291   2                        1                       -1                       -1                        0.19889361331413191181   1.7742944829658222616   -2.7079308046991110714    9.3808039869757440243  5176.8415742106453763    
292   2                        1                       -1                       -0                       -3.9163302111424211915    3.5722039496754103283    0.22498968889853454556  21.710015418216759286   16987.111539496476325     
293   2                        1                       -1                        0                       -1.9439031500963803722    4.4155606663529418654   -1.9711367771427932283  6550.9202151130684797     11531.607773437792275     
294   2                        1                       -1                       -0                        4.2090144105675726394   -2.7114271084671570655   -0.04457901479849457616  89.027017580287491683   18448.362799980779528     
295   2                        1                       -1                        2                       -2.8929029230371092751   -2.1782249411810048478    3.7666336032311313886   43.143360405536235191   11519.659475043916245     
296   2                        1                       -1                        2                       -2.1062590855880181095   -1.8816993116158955424    3.305280684907819122    16.076154606195391494   5305.3668200587180763    
297   2                        1                       -1                        2                       -1.0261322820493594676    3.0017526561272021013    1.1507223992693331738  153.74005382041008261    1080.8269017493364572    
298   2                        1                        0                       -1                        0.32942720180264206675   1.4370533600562440668   -4.1373674935508777395    4.0862106364459469532  9594.1683497734866251    
299   2                        1                       -0                       -0                       -4.0992144548039650687    2.6347107915108942677   -0.10616549082243942337  15.141310878629482772   17583.865845045595051     
300   2                        1                       -0                        0                       -3.2812683945770801941   -2.3430271241395197457   -3.7902148731282880867  140.7894406934082383     27590.178468290105229     
301   2                        1                        0                       -0                       -1.5347002644112763825    3.1016970485659012269   -0.42206708722729491257  41.216037094832344678   3628.0963714471386083    
302   2                        1                       -0                        0                        0.30628988102357901369   2.4138996832703796258   -1.2060721737273607523   24.990559118749668954   2712.0581857634338121    
303   2                        1                        0                        0                        1.8249998137605976112    4.0906608401536495023    3.3607033693984993405  9818.3046724478681426     1320.9077809852451537    
304   2                        1                        0                        0                        3.6953977752785522881    2.2795616395996667336   -2.6204101381152495875   43.377972656618545955   19993.424753447350668     
305   2                        1                        0                        1                       -3.4069133979723522643    3.0514209304197796868   -3.2704359088163905689  982.19402074942331637    24961.434820707425388     
306   2                        1                        0                        1                       -0.76288545028041099272  -4.2232290016288533963    1.0122275947408745367  1164.6876716982208109     27893.852305372754927     
307   2                        1                       -0                        1                       -0.40326848155828454168   0.37473433107214670912   0.50043162753283354505   7.5159939055494167093  205.11468055353631712   
308   2                        1                       -0                        2                       -3.2149672616806936887    0.57942774065025126617   0.65492299465676939718  13.582532036636589368   5104.3347294981895175    
309   2                        1                        0                        2                        1.3155523675244058524   -1.6491764036447684738    4.4199181964886840035    1.8013417543350191963  317.27711326846252859   
310   2                        1                        0                        2                        3.7274633451628442771    4.3703672706486305088   -0.74551934978587564018 978.56897341162084558    16883.074186948688293     
311   2                        1                        1                       -2                        2.8127295046535563117    4.2961371345755843265   -2.5470081901147514358  8645.5251335608754744     16214.921410824050326     
312   2                        1                        1                       -2                        3.8462069955742066441   -1.047101195239385607     2.0833970813866899974   67.959120486959847085   4548.6161972513500587    
313   2                        1                        1                       -1                       -3.9466191068373599471   -0.65101899866271262241  -2.8781388432255470278   12.468005001822561439   24458.617544151671609     
314   2                        1                        1                       -1                       -0.17639845415134214335  -2.6002044598998179659    2.9993326427539841461  114.48361143463867506    4860.4729119020430517    
315   2                        1                        1                       -1                        1.8673123994919071933   -3.5486694584314806278    2.8960508395855306674  2349.9818368562264368     13197.435881946521476     
316   2                        1                        1                       -0                        1.4623925076350818841   -1.7423296614502259416    3.0259173639491674379    2.2484457361048413304  576.89249133585826712   
317   2                        1                        1                        0                        2.0933531471612427666    2.5525279929684367985    0.68084713951770758911  16.450211645419670958   2562.8144947359692196    
318   2                        1                        1                        0                        3.2231789517383448995   -3.4303832647488015084    2.1856942573003426133  1182.8549200264176307     15388.990729789726174     
319   2                        1                        1                        1                       -0.85312354116473931853  -1.7644498993174022594   -1.257140550924065181    11.186806466847158958   2691.209657282241551     
320   2                        1                        1                        1                        1.3477634975511829651   -3.7320014503446543586   -3.094126420323034754   4135.1357920816135447     20290.072820450688596     
321   2                        1                        1                        2                       -1.781664998916232534    -3.8543341344887771527    2.2708282772450250064  2891.6319629827116842     26108.471825934633671     
322   2                        1                        1                        2                       -1.3985112291191832412    0.14619483110173447926  -4.4828589159290173072   14.196902656383157293   11474.259954473778635     
323   2                        1                        1                        2                        0.78303896770284620032  -1.2871768001018040195   -1.8290956425169104804    2.3604738837899210679  2400.3614853283697812    
324   2                        1                        2                       -1                       -1.2665019665713526109   -0.9490715348502187787    1.2078709427272338317    8.4796253032978690101  381.32844017610079845   
325   2                        1                        2                       -0                        2.9053972608162954572    4.4568262282418942277   -2.4124380287463864647  9702.5512403262800945     16628.409785161056789     
326   2                        1                        2                        1                        2.4279012881483925668    0.66721007411602606396   0.57054841551643153963   2.9743416638950055386  1969.3691940371120381    
327   2                        1                        2                        2                       -2.5413495822140896863   -1.6987253038602174726   -2.325342794453106432    18.553947663856497741   10452.195672035399184     
328   2                        2                       -2                       -1                        2.8590086354153321224    3.6969337580951240341    1.3130995950751964685  2559233.6828366033733        5243.5205331445285992    
329   2                        2                       -2                       -0                       -3.3358840465416328414   -2.3334454186598012626    0.97223455132336589202 181.32094391498660002    17204.989427584267105     
330   2                        2                       -2                       -0                       -0.87589509011815902539   0.8969017285839750997   -1.5446188362146435757  221.52812462422457429    2494.6339080778338939    
331   2                        2                       -2                        0                       -0.51289850952603588397  -0.01834721303772557377  -4.4013283746878917313  13706.039031182801409      9195.5433874817772448    
332   2                        2                       -1                       -2                       -3.1203067448110637372    3.7638449847334651821   -0.82977027886907661625 1401746.4794599297456        13090.855204117955509     
333   2                        2                        0                       -2                       -1.6303091384361421134    2.4779198865328195822   -4.0707013688487565517  16761.9290418369892        14386.237995833711466     
334   2                        2                        0                       -2                       -0.64355484904671067525  -1.5877433718592661727    0.98089289469864837656   5.7694867686395037154  1067.600829464467779     
335   2                        2                        0                       -1                       -3.1709784317301603629    1.6129007721110353302    2.3518590665782612703   11.835558475280784307   3391.9374834844456927    
336   2                        2                        0                       -0                        1.9445099759378461357   -2.9033387318773522523    2.8381669536002496201  206354.76911861210829       6363.6823547174817577    
337   2                        2                       -0                       -0                        3.3207682980013393248   -0.39134153709478791683  -1.7076053802161226258  1790.1611499731809545     9603.2565754077586462    
338   2                        2                       -0                        1                       -2.8541419296398689021   -1.8523184548945774708    1.3599920170714252521   11.58956888476299163    8789.2705816387551749    
339   2                        2                        0                        2                        1.0391173601487722067   -3.0863058957911277957   -4.046861351755980607   1273722.9832808226347        14725.328010974910285     
340   2                        2                        1                       -1                       -0.27161534942025689077  -1.5028753660526166236   -0.78473868281358205579   4.6082159331043754946  1244.7823297582194755    
341   2                        2                        1                       -0                       -2.8238215145883405199    3.8075070804049051532    4.2277730660624275316  41251016.446682870388         2973.1883910830110835    
342   2                        2                        1                        0                        2.9138175140526394458    1.5912953598969963309    2.8567987852303309282   11.468932542351510051   2030.5603470923567784    
343   2                        2                        1                        1                        3.4631054540085512983    2.0783975935184786366    1.6896783086500439808   80.384273520508557453   5650.7620435112057748    
344   2                        2                        1                        1                        3.9151396091364176755   -2.9071365038747885023   -0.68729910750976808131 12166.598100191353296      19057.522415434566938     
345   2                        2                        1                        2                        1.4904501735203883328    3.5018576386422246571    2.5845703757964066938  4247235.9197296220809        947.8534833994950759    
346   2                        2                        2                       -2                       -2.7435337666503532006    0.50158548103615885339  -0.9243782351289286936  500.27109464084060164    5368.9906767420798133    
347   2                        2                        2                       -2                       -0.97134553591718830745   2.8247007073679171185    2.4899554456613977038  95599.670061216864269      385.55596985644439201   
348   2                        2                        2                       -1                       -0.19787269529837026028   3.5265641722929910173   -3.1824453642956749277  7169271.5776864988729        9232.5823522799964849    
349   2                        2                        2                       -0                        0.63109158999345282837  -1.2796903532163983463    2.5553995886853426711   68.452917943449861582    83.102935250351592344  
350   2                        2                        2                        1                        2.0717751080277526654   -2.4605106894832760034   -3.1199953705192133846  7997.5212334376519721     10639.582070893247874     
