1 163.46429760246227 33363.40581326500978
2 113.01681596914823 50354.37544968528528
3 55.35660109764923 2642.84891641587865
4 101.97093054315151 5896.83775581941973
5 68.34904743845247 4490.59487633399476
6 27.66431711084368 5760.45868465657986
7 10.54347761884958 5781.71382810696741
8 33.02102415478267 5493.02161036571943
9 59.17082277563831 7031.22892463320659
10 14.48284800523141 0.00000000000000
11 113.18071703969696 1985.02048511150315
12 111.16062635402352 2656.83482883511533
13 25.46683261424619 3748.68431033815205
14 17.02771622117004 7873.43208408849659
15 178.37224952684392 20459.13946087671866
16 27.97973892702936 8206.49266176820129
17 13.15793513544212 38917.33836167764093
18 23.49543066184118 9298.03852554614787
19 27.32505179146002 0.00000000000000
20 9.65565922373240 26577.46053739599301
21 3.47653197386898 563.89020542467551
22 41.44529162228910 1934.43678715976944
23 41.75839862111146 12292.50046223115351
24 255.07972033104420 8434.46381922966248
25 3421.53019687908090 43149.72864983829641
26 258.76708759973951 190.84040538677368
27 152.13402729513726 31489.25157538111671
28 30.13906481981319 23.71361623292084
29 16.12126461107334 3497.78014588855513
30 30.21659730588341 146.43393844927886
31 3491.02752695819891 4355.37109547896671
32 1.89809526185114 5376.26073233567422
33 23583.46950176474274 7264.00295419008762
34 511.24147572683762 19808.67659364318024
35 15.48227989507589 1710.92593631359478
36 44.50931063413453 7321.60506485550741
37 9.54989588575316 0.00000000000000
38 45.52818212432113 1331.75368812169563
39 85.56540457752355 8146.65274851720460
40 127.56511334501697 12737.00974516645147
41 61.44196576055494 1530.66603180629227
42 76.61298218778109 18673.51032358490193
43 3.83712967693206 4387.97247182598130
44 106.41294561861014 394.01773147779409
45 131.92580228931132 4860.11633111131869
46 4.21924285667492 344.75521691441452
47 6310.33935732366717 17545.82150313119928
48 39.55981251125396 344.52865770104910
49 9.54154459499011 21082.71332197367155
50 14.24233523430670 5485.70086758344132
51 33.31378159183193 4351.34141729909516
52 10.21834830590888 12309.14380981405702
53 2536.85326246747809 10863.98613186929470
54 23.35146852191849 511.29880503389813
55 26.85028244118894 0.20361380819561
56 20.16314215345356 0.00000000000000
57 5.18878541947955 4451.47679704121765
58 562.43114792303720 18472.53376015850517
59 80.54915917282429 0.00000000000000
60 812.67458508612697 257.89517998100303
61 0.85763247337301 1098.72104821026414
62 2772.89376695037936 20640.71728189269197
63 44.95800799608818 9768.11036927941313
64 254.41382864826141 2836.44569811205383
65 121664.55499915398832 9428.47353733571072
66 1409.74265507655241 4094.72381176519866
67 915.18741806094010 5908.52110993592396
68 77.84127146549086 7067.35462072251357
69 7227283.72739347722381 21443.15830577766610
70 134.62890535025394 3181.53194663861814
71 102922.48753541211772 504.69166146901773
72 116.05355364445239 2111.63272735761348
73 7888.10821917330304 5331.26722561015958
74 0.70197960467842 3156.86701351562715
75 13054.04672303246298 4976.51254704024450
76 5407.95226475363143 14959.25562555825854
77 163359057.63717621564865 65653.07995603683230
78 160.33276341837177 5717.47715352537671
79 90854799.25891827046871 21163.69557514905318
80 3462107.80031356541440 4925.09544354663740
81 1793871.08605999336578 34911.10177451559866
82 59.77633405799779 846.37301581427801
83 308.24637573872968 5629.75421312867456
84 3771991.22467296570539 19832.63339442395954
85 3.68559454416023 11200.24376053158267
86 254619.60421832508291 3395.63462770484330
87 17.18066948420629 1195.78067613270014
88 4317325.11570447310805 2312.75461442488313
89 19.34907958845090 14688.41566797135783
90 101.86249177719671 27753.36867701628944
91 46.78753301572556 17240.08142032791511
92 46.45232334038749 2985.59813251658989
93 92.57799905344949 10093.77455737144555
94 18.06483049878711 19347.39675553129928
95 122.79468001843341 35450.29161141042277
96 137.02713137788950 27321.78704058143558
97 115.57313690754424 11662.07535202394865
98 80.94454617846492 6379.09314005140004
99 45.33684196715918 16815.70883663827408
100 79.18504994713047 11187.54383633462203
101 12.19381826653722 2593.78035853432129
102 75.67550240677338 6857.14352958598738
103 77.22424367466073 6553.40846842855808
104 2.50001378912028 21073.53696404127186
105 2.47727146577625 0.00000000000000
106 64.98396895056459 8882.52596968235230
107 3.76831855544067 11346.09363403935822
108 88.04751802410085 15231.67798490540190
109 21.46345728099554 2443.27631437490800
110 1.68809787880098 867.19079380071491
111 65.19272166400236 37489.82098900739220
112 3.61466400964209 223.81338817345292
113 17.55111975459669 7320.49923631855563
114 74.22992080081850 17965.86844058266070
115 58.10683024103409 3590.77166774353100
116 15.58834798900937 0.00000000000000
117 1.26207831281330 341.77317285515591
118 7.24788002520942 3156.68685123872865
119 6.02658461400185 9867.89470758341849
120 45.86759565852066 19412.70309012284633
121 75.68733101107253 6468.58053494395335
122 9.95031589334491 8336.38691423187265
123 15.25669421785229 32106.05505933857057
124 103.69032312737312 5593.87282677223357
125 2.34074252001998 6671.37767434954276
126 55.37568578820053 3033.96126727671162
127 79.95064233748576 12638.99911469477411
128 65.14441351450741 8974.79452093630061
129 15.62898252126423 0.00000000000000
130 34.99118452680333 4358.09366843865064
131 4.11061382351568 2159.04520824216070
132 1.74011345702013 0.00000000000000
133 80.21629483377455 5295.44611958922542
134 4.00330625652863 378.73917400205903
135 684.77895282321640 40319.09385123166430
136 581.66773032179628 20889.92056562676589
137 385.48285987711336 3022.36058398775640
138 954.00660041499111 1992.26708997352625
139 4.68071992966240 5118.30889172764364
140 120.59077383720705 11236.07431874520989
141 312.88978045620411 33047.76881314944330
142 8.18763186472448 172.59360412936346
143 20.23469088214695 2334.49986238831480
144 0.55940434186878 1195.25205846808399
145 7.35061198117660 19827.79034897044403
146 10308.49025201367840 41064.18376371097111
147 36.85524390599387 350.62403337405101
148 1412.57274143672407 15912.67256344698581
149 7742.94835926156156 18419.50594659102717
150 108.48681283890086 12299.93819180108767
151 4056.91039268354143 705.92102570071188
152 10202.51536389812463 20417.86227626128675
153 12295.60761779729910 12537.40413706610707
154 476.12659277847786 8137.42102950778190
155 101.77261748111822 2776.31356862658276
156 19.90624708395585 437.09188794603853
157 0.60591568873832 9980.32317420193976
158 16.18788910604567 27708.99507779971464
159 132.89889395132030 19460.47649756948522
160 25618.03470365483372 14531.88972979478058
161 1594.78042814423020 6182.49887040122576
162 0.60317982349955 7357.15444645494244
163 1032.35091349575691 60461.94166703621158
164 2064.24205697782736 29715.46714695604896
165 68.99150205814981 8991.65548995357676
166 9258.89572324207984 57.89374349800754
167 3.27631304400488 635.20209796348286
168 107.09868339062785 4471.74447092096398
169 15852.68130135100000 20383.01834161736042
170 5476.61889419252475 6290.31933678461155
171 112.41270268990209 8063.87822701696132
172 461.66272627675050 7646.79965719853044
173 30554.88925433637996 14232.87254090185343
174 7.72994631464713 133.58993750946675
175 18.54873222432184 0.00000000000000
176 12.59195125344567 0.00000000000000
177 18.41107440658421 0.00000000000000
178 892.99053347649783 6659.59677650752656
179 339.78411980610645 16284.69886649826549
180 479.91205516591674 8570.67767748615188
181 164.60736216308968 10652.64237408510235
182 146.38298105760609 2964.74483836338732
183 8074.59178752853040 20624.70729304290580
184 7.09494336722426 16608.31053689890177
185 5294.52733335463381 8432.47526225073489
186 2630.07166259635324 404.45083440837260
187 15.22837544959509 16408.14630946728357
188 68.30224734957504 384.37626462705998
189 2778.80888847427150 7851.54656951938250
190 69.36981187313684 7443.21259473369719
191 43.32298517886355 5342.96496001169908
192 52.97064833081254 12546.83405952713110
193 24.98795982353175 1588.34620518804422
194 1.05786571549863 3492.70537750058566
195 131.03674801257387 23123.62095719038189
196 210.96684623041912 13020.51432436319374
197 34.83710748981594 6772.40654522785462
198 27.44169783495258 11973.98897426575786
199 9.55575034693896 0.00000000000000
200 72.71240586412078 1041.76504921515880
201 4.87662308415900 140.87143760707289
202 50.19012597162609 8562.61494616974232
203 114.39066134648570 18703.91256654448443
204 80.40123643096881 4229.24059391195078
205 114.10071263926642 2117.86540404435937
206 7.06977844291541 1257.77504353759878
207 1.23870661225481 4831.78856217207885
208 37.24558327182370 4482.18671220660144
209 1141.07891933359178 1541.61342023394468
210 14.52101961465686 1682.22904624664216
211 2.92791802969108 1298.53836173189484
212 296.86544029435936 6675.39157322947995
213 2523.30712829758158 29849.65403180669091
214 55.77994117384982 5660.33703238011276
215 29.26511416048033 2514.45069338296980
216 381.50409355405560 11271.04764914884981
217 25.80223216077658 96.52928897346318
218 12.45395834736027 815.61460055051714
219 338.63833247652138 305.62153629495282
220 11124.21718749280990 2284.97357081073551
221 40.16049955742054 896.32709910438166
222 3319.00916993809233 12187.36770311282089
223 365226.85553711239481 37624.74225397984992
224 89.72815160526044 22839.56186539550254
225 7.56653923400944 18801.28679974639090
226 107.33894500538518 5012.91222623793783
227 17771085.94478911906481 142.93604830736362
228 247.48223992982338 1397.63290049728039
229 547.21336372822725 1627.64755281879980
230 1700.82019927940541 12149.18298025393415
231 4814.32681112818773 186.39371339453803
232 37396.33806208668830 5032.33449322805154
233 3318.42284485522487 10991.35784844306909
234 9.44333235707772 12214.71206033259659
235 117823.26872681407258 32749.32903125336452
236 37.47192700734433 2226.54913394421828
237 706092.96668720524758 3368.79542995877864
238 32129.17450546260807 35553.79689354859875
239 1.29061863709922 3650.06482444466474
240 6.39050766607482 2631.46107728641255
241 213501472.83897179365158 1160.35645847298360
242 148.08321762985233 1292.72464624802205
243 7875.35381419501209 21325.43278430532882
244 11232.27846133844469 17234.50902948933435
245 99441.14532800931192 6324.98217871712586
246 61.02442746816392 3383.63601703017230
247 132.03164269160658 22564.63221698108464
248 778.52231242804896 3064.05916714944851
249 27825.32778719740963 3122.86980186027449
250 249609.75743385445094 2439.61425326468179
251 211423410.02395749092102 29383.69316842750413
252 2141896.32811985258013 3505.99736445426242
253 112.34274795752165 5699.94474864394033
254 1901.31798393814233 22310.20056905878300
255 30.30666718740182 4482.07751164181900
256 843759.10350140684750 2218.44283420879765
257 339.18050535272255 244.96511769034782
258 1734.12826561586917 3997.39381077336020
259 429.10699332789517 160.05153946560338
260 2832.45727281308018 6174.27123380053854
261 519.80714810003087 331.51339682152127
262 259.54149748488067 424.88481734001851
263 18.15411004545908 2091.00885868308251
264 13.19470573824837 1792.57379479798828
265 14.60054496676823 41.66776294828523
266 13.63121280551503 24483.50119068518325
267 34.53520773582100 23350.87222642279085
268 6.05633338657334 2154.24629949488963
269 0.99380257012144 2848.91953238018505
270 19.08453951322505 2716.77672396939715
271 11.91330295225412 5862.38318353181148
272 1.42567967882804 0.00000000000000
273 63.48066493173044 31877.44021659099599
274 7.95165843405227 6239.60402176949901
275 0.92883416917846 0.00000000000000
276 94.07724762805438 3702.52115244467495
277 12.82851977478584 3638.01438045172563
278 3.31398687110483 1842.72189222358111
279 10.94153451222026 10728.86779836812821
280 80.40712643204247 28181.86262325300049
281 1.50597823782166 0.00000000000000
282 7.46006308458261 30088.01381961640800
283 67.42576743970203 19482.58862097422752
284 96.13543686429695 13369.32052017070419
285 1.42040972083327 706.98658836340121
286 9284.44514386125775 10179.20630675111533
287 29.26324755804041 10785.36789088025944
288 3197.74019972575161 17641.54369051244430
289 6.10198013497903 2719.93579175030618
290 3961.29346807237425 27038.23334054844236
291 4300.77677930478148 23043.01640115909686
292 2.92438116762253 66.19241196083321
293 7.05241120517083 325.05504817600161
294 239.80218169522797 26783.63549457715635
295 302.00500586421128 14029.12874171462499
296 5457.73357182758718 1416.15931764383845
297 14.92889665452695 5505.13980333075415
298 25.20655957132356 14996.66973239399886
299 7412.28795936806091 16178.11769813344290
300 6533.04120486090142 42010.78564437441673
301 3.68197132097317 2405.43136662445340
302 11.04039610602626 5091.15135829515475
303 537.61658899721954 20686.03230341257222
304 35.05192698604446 1724.31729193107822
305 263.53774277676723 17641.05897763260145
306 62.22491802442466 14916.84828904510323
307 1029.92064808599616 5955.95197148350780
308 11.11704173973787 19193.18780426543162
309 10.55050237813169 1724.06504852541048
310 17675.13187140721493 69.31268218677836
311 2.67990827405096 839.31314338610082
312 3.43719649943037 516.85162154780733
313 1169.47350925612909 7971.19007939501716
314 15.85982017403926 8753.91581101516567
315 11.16962514165225 8682.11664173760801
316 1437.85939158596102 86.71724736750492
317 1.99702989531096 584.56937231539337
318 14.32931031174034 10381.77101466752902
319 86.07714627059246 2977.57247999416086
320 36.56177843117954 6920.54104836805527
321 2.23741300177222 63.15398811965567
322 7753.58580851591978 6782.30855864162550
323 1837.26139910146640 1492.05305680041511
324 991.78904421246989 24606.15860636154321
325 1.23766056383843 4175.72053367704211
326 29.04762860688686 22330.54855383294489
327 12.00688174119937 0.00000000000000
328 6.30833401805731 2920.07743952179953
329 1657.60647116110067 15197.05611245906766
330 109.15122242919102 28253.22193593368138
331 1499.39664741074807 2611.99025945110998
332 1382.40960333991484 190.12770624989454
333 2649.22629233034786 923.52352907296415
334 142.60069597615401 0.00000000000000
335 177.82539522055532 5333.45802361054211
336 0.50807794596857 12002.97118853713437
337 22067.53583163710937 3414.55382355626853
338 12.48413777836100 14353.15510130163239
339 19578368.14798125252128 18142.84789239422389
340 5493.15328263278207 2081.91039748912590
341 5.62597564525463 211.65732431305150
342 56862.18677277755341 9466.04703983526997
343 18884.34397219737002 0.00000000000000
344 245678.54452889566892 20349.93773571918791
345 1196.02570877261792 9873.82434204323545
346 14124.74671634413244 26234.73895434310543
347 5840880.20933139882982 11469.15162196346864
348 20.24615033150325 3053.34796370691811
349 12480.70765659401513 21995.38552195355805
350 494.87610477432600 7406.75367579493832
351 2.55123467992960 0.00000000000000
352 30.05046583219827 0.00000000000000
353 22.06015344026120 0.00000000000000
354 0.58679039973354 0.00000000000000
355 36.36511442221314 0.00000000000000
356 81.67685305077501 0.00000000000000
357 31.40872822623975 0.00000000000000
358 79.42525928837475 0.00000000000000
359 22.95295918327986 0.00000000000000
360 14.97890222015988 0.00000000000000
361 80.35825448128483 0.00000000000000
362 0.25379556785527 0.00000000000000
363 9.71452316226596 0.00000000000000
364 4.72410482567908 0.00000000000000
365 0.54769767543678 0.00000000000000
366 79.42980077407597 0.00000000000000
367 48.24322904111462 0.00000000000000
368 7.87926356443669 0.00000000000000
369 3.21100532894018 0.00000000000000
370 14.58705580575451 0.00000000000000
371 32.41716107579599 0.00000000000000
372 4.82989597079365 0.00000000000000
373 32.14022960600458 0.00000000000000
374 15.11063229209121 0.00000000000000
375 82.03462870951213 0.00000000000000
376 8.66839454133252 0.00000000000000
377 34.74426554368525 0.00000000000000
378 0.92225058839636 0.00000000000000
379 14.90347530890518 0.00000000000000
380 1.09511527458048 0.00000000000000
381 31.15231810209689 0.00000000000000
382 14.76355426959291 0.00000000000000
383 43.52130417456556 0.00000000000000
384 11.32543484800562 0.00000000000000
385 30.35677581478156 0.00000000000000
386 1.07638531638605 0.00000000000000
387 14.99331477559620 0.00000000000000
388 24.21735199402829 0.00000000000000
389 27.77849768989512 0.00000000000000
390 78.73957596584823 0.00000000000000
391 12.09703413131087 0.00000000000000
392 15.31437317946922 0.00000000000000
393 14.40527433175442 0.00000000000000
394 13.72065323748707 0.00000000000000
395 24.05704303058760 0.00000000000000
396 32.65003350552853 0.00000000000000
397 38.10085699264048 0.00000000000000
398 4.40872906171782 0.00000000000000
399 12.17769402001539 0.00000000000000
400 1.57166091445154 0.00000000000000
401 25.04871316486892 0.00000000000000
