1  -0                      -24                       -0.96286737303316272119  17.713746011935583624   -21.432325069194735789   773.52846922504863869      0                     
2  -0                      -21                      -12.334175270640798772   -23.172387212508446908    -5.4343878481617160503  718.04398001755964742      0                     
3  -0                      -21                       -6.6787418527711999161   18.126660224545439348     0.9865746431952757689  373.57473315867127894      0                     
4  -0                      -19                       21.309943229265030595   -12.172110428328650755   -13.489721846415131168   783.62654820757529706      0                     
5  -0                      -14                       20.87430991732382779     -0.27031169172150981694  -3.0135033424509458655  444.1710853301282782       0                     
6  -0                      -12                        3.8974860236741335484  -16.527271343611012355    22.013952307080373316   772.19519154849024289      0                     
7  -0                       -9                        2.6120322059867966402  -20.84478875869996628      2.3680101901684018628  446.1154029006781343       0                     
8  -0                       -5                      -20.379366097827293913   -21.600998095795745257   -15.629390193016591937   1125.2995190894071129       0                     
9  -0                       -4                      -21.530209557276734245    -1.5017345753735220626  -13.393108042933304702   644.26047336480758077      0                     
10  -0                       -3                        5.3299296996858771536   12.235422392058055152   -14.540103351124585629   388.58831717705362507      0                     
11  -0                       -1                        0.7432596844954559856   -3.3402724184888121783  -12.947481192962145613   178.3671240304218486       0                     
12  -0                       -1                       14.240369270425375703     7.2121233564364146673  -12.397171780745772196   407.51270842785027071      0                     
13  -0                        1                       19.393380047053419446   -12.971927466982027255     5.7642848769119687802  576.58107200028848638      0                     
14  -0                        2                      -12.072233168099128164   -22.223193560266679469    12.177263106586707408   786.85488244906889577      0                     
15  -0                        3                       17.40562691851649646     11.139703376623735664    -6.0513574382875461311  462.60776659166629088      0                     
16  -0                        3                       19.70581963381399504    -18.231265657542103042    20.662134338464156258   1146.5621703370229625       0                     
17  -0                        6                       15.20133783300438779    -15.599723239662061758    22.658358228546184421   986.71323468030971071      0                     
18  -0                        7                      -22.020500671449234176   -10.061194648794177908    -2.780681235245584304   592.7222757142676528       0                     
19  -0                        8                       -3.0778444570670480118  -19.880284809572689397    24.387982919809402915   998.31256150854017051      0                     
20  -0                        9                      -22.213149065760230627    23.195928451091965883    -7.1981028433419069756  1082.1077726691892167       0                     
21  -0                       12                       23.829399141815812868    19.365765996362490853    10.139630524613806983   1044.445263261521859        0                     
22  -0                       16                      -17.647709802595830553     0.02997120726620039477 -16.334525151908053431   576.93927148821865103      0                     
23  -0                       17                      -24.095138868432290025    22.618183071496474668   -14.851494416792759168   1311.3848089567927673       0                     
24  -0                       24                       -2.6896008033514036129    7.0549401260574597927   13.01153292511857984    224.82612172508905246      0                     
25  -0                       25                      -11.216196906151296275   -16.950883905485014225    -9.3297425528359010372  498.67963431698581189      0                     
26   1                      -24                       17.266061799290142176   -12.705609007995951387   -20.554687116237982281   968.74330123236586587      0                     
27   1                      -23                      -22.61338454746021398     15.371819437335204839     2.6098869299539089184  748.48995557267744516      0                     
28   1                      -23                      -11.942880081325510488    12.076622279378732117   -10.778959119408149547   452.23898649121309745      0                     
29   1                      -20                        2.3669067133140977433   20.135381829211340232   -16.998838073434036744   772.39169693823225771      0                     
30   1                      -18                      -14.09182353515453201     22.182250329475444062   -22.526203963981522804   1292.526401108271557        0                     
31   1                      -18                       15.802023907285658311   -12.383669589269830524    23.615352078018560178   870.64267751933527961      0                     
32   1                      -18                       17.898404703265619275     8.9494703166534819161    3.4789404750985397641  402.99317479942732234      0                     
33   1                      -17                       22.646293239352829119   -16.6465500783283602      23.191209824474348977   1239.3696008179497312       0                     
34   1                      -16                      -20.43621739303605267     -2.7336616292441426879   17.121356822904516548   654.08731940423206197      0                     
35   1                      -16                       10.818558219591750458    22.431412943133949511   -20.608860765772142543   1131.6900737021642271       0                     
36   1                      -15                        8.2289705711018754641   -5.7009795864347800887    2.032816219244342193   100.51820180925230375      0                     
37   1                      -13                      -13.007602189529594128    -0.95620143161066906146  -2.1274947043339444974  187.40824843317412274      0                     
38   1                      -10                      -23.771979264908466689   -11.268084352991561303    15.547083732752845719   875.80020081958821265      0                     
39   1                      -10                      -13.237113612666053797     5.2364671360320578231  -14.335139215210251251   469.678538041672482        0                     
40   1                       -8                        5.4076003025303585048  -22.462115768543938543    -8.7937707511693652407  650.45427286019594249      0                     
41   1                       -7                       21.401406237203957517    17.14581891078172049     -8.2303966336488691979  856.80031033292664233      0                     
42   1                       -6                       -5.0318249628953246599   -1.8178190065589312496  -18.030221857044431033   429.95351604024386916      0                     
43   1                       -6                        9.957145910886382012    13.746552602608353766    24.816041177375254279   808.8041981546431316       0                     
44   1                       -5                       -7.2472826174570421642    8.2763318426153489327   14.857813823050307178   286.44415041460734983      0                     
45   1                       -4                       14.448642048204462185     7.7447316777298027546    9.0005245462061154171  317.83146971920785973      0                     
46   1                       -3                      -18.455315870525154764   -17.389710298271317868   -23.64681380322361548    1300.8197663958824251       0                     
47   1                       -2                       -5.6224334046296853273  -15.065124587916098875     1.7807699446055913484  258.65779805611822439      0                     
48   1                       -2                       21.173825011955067055   -10.793299644438853591     2.9873447911318748993  565.84103258811308024      0                     
49   1                       -1                      -24.426099420438077914   -11.455833182543479154    20.564789524433386703   1072.5418568899012826       0                     
50   1                        0                      -24.745383646745555239    16.222876494755702481    23.921145297801388097   1356.0523447560394743       0                     
51   1                       -0                       15.130788202427972067    -8.8177796280052973543   15.122553725010376979   478.89540546058248083      0                     
52   1                        1                       -8.9899650512239794864    6.9113622507805345663  -24.663930172301814281   839.5315720171298608       0                     
53   1                        1                        3.5735679413596059817   24.602140150964764587   -15.50622088194503867    924.48345740667434711      0                     
54   1                        4                      -23.968812635114606024     1.1779612409830946262   18.141710881456198479   836.36640200300951165      0                     
55   1                        4                       -9.3851363433956009885    1.710092023739147038    19.664798727320693672   402.97031299053202247      0                     
56   1                        4                        7.9877881489665654158   12.627340979647669883    16.717948367380991215   439.79250387395285316      0                     
57   1                        5                       -8.5728463728383310638   20.951904650067888269   -12.130946376391440467   712.05964889027404752      0                     
58   1                        5                       23.163288996686063115    11.770271016883256721    23.583002529429045069   1140.8032351402202949       0                     
59   1                        8                      -23.468158629785328628     2.8472472752088755499   13.403492169176111304   688.74092017141288125      0                     
60   1                        9                      -14.260286181527256133     5.808091244336239356    10.664485132522990796   311.98298849330444682      0                     
61   1                        9                       -6.5235882170786112511    9.7752029137162494976  -13.685450733566062453   383.96515994546166439      0                     
62   1                       10                      -13.862889721352349426    -8.1462745141112904435  -15.041396276755584438   548.7506869470548736       0                     
63   1                       10                        9.7953324200574627412   -4.2443149262211079531   -6.6735982791226362565  188.99405351997123148      0                     
64   1                       11                      -14.719065562337419806    23.251871417661170938    -1.5991217791566469941  770.03409303303556044      0                     
65   1                       11                       -9.1626793271775088812   13.248826213844310473    18.627305699611852674   535.73338332567902853      0                     
66   1                       13                      -10.365824138178913572     4.4370721977756062415   11.492146721736560266   216.97876913890002015      0                     
67   1                       15                      -15.119841920006983571    -9.4223282940272081731   14.696586966164545629   478.29321075580554634      0                     
68   1                       18                        1.371228128059591711     4.3559065904365645849  -11.172138676180537686   193.99942610832164291      0                     
69   1                       18                       16.033278130933943828    -2.065791039184151856   -10.806004373777192029   424.96724826265869979      0                     
70   1                       19                      -19.214168131773863735     6.3424461523868274071    6.5017815271163783564  429.29691710988709019      0                     
71   1                       19                       12.547611828881223062    -6.6666581635518618043   19.508481394617923854   508.05381442361465361      0                     
72   1                       21                       24.724423073540535256   -14.367582301461972349    12.740382549339059892   932.66033481485408174      0                     
73   1                       23                       -4.5161325075002700657   14.935930117763561498    16.142143589151594085   443.01768660419890011      0                     
74   1                       23                        6.4984798475397944628   10.091741566800457974    15.392421002777396666   322.97042849560210698      0                     
75   1                       24                       -2.1148162941715717977   11.228008495789950416   -19.36292875459485785    586.43534771352074131      0                     
76   2                      -25                        9.3513571097867966841  -24.210732522050555815   -22.845254799547898727   -38.204630211811661411     0                     
77   2                      -24                       -0.28428508534195984225 -23.512485624177493548     3.390355669146021711   -20.926415040373431253     0                     
78   2                      -22                      -11.136171655109192713    -0.7841183134317653014   20.295529573479562657     7.8152396049386050336    0                     
79   2                      -22                       12.180214400352028292   -13.836403377036656792     4.6931758919482042813    2.4769869152635757281    0                     
80   2                      -21                       -8.3789005411739694296    4.8866885464840308373  -20.027376201848355208   -24.099588196538292095     0                     
81   2                      -21                        5.9857946666855781359  -15.97528142649104943    -23.123269415861756215   -33.692756175667227581     0                     
82   2                      -20                       -6.3431416404766807204   -7.053808494064448098    17.585750653637980179     3.5888005190968512714    0                     
83   2                      -19                        4.680261424575064666    17.537060637198635504     4.5710801650237016247   26.1684022267974008       0                     
84   2                      -17                       13.428020525357695192    16.947211983182285167     1.9946465729723357185   31.709879081512315935     0                     
85   2                      -16                      -20.034476099357583223     6.0775299338338761856   -5.2078482875153078169  -19.84479445303901457      0                     
86   2                      -15                       11.634643891135851845   -21.345961997598866589   -14.669099355458536493   -25.080417461921552302     0                     
87   2                      -14                       -5.366462613075615451     8.5305563339336245576    7.7460169726857017736   10.190110693543710241     0                     
88   2                      -14                        0.01611264814066615259 -16.218687345510975462   -15.857261331532445325   -32.779836028902749945     0                     
89   2                      -12                      -20.631201436424440487   -18.11002982652513893     19.22675567381706685    -20.274475589132517683     0                     
90   2                      -11                       -1.4749532836198220309   -4.5931868561527657846   -2.2482423262782980089   -9.0963824660508851849    0                     
91   2                      -10                      -23.388533794784112985   -23.801251339074514846   -11.585568405870713349   -59.575353539729334784     0                     
92   2                       -9                      -12.441814394211819561   -14.947850705251994441   -24.435867455889439981   -52.645532555353248938     0                     
93   2                       -9                       10.173151834908203739    22.243055382567241907   -21.803485485073991867     9.7927217324014534938    0                     
94   2                       -8                       -2.4540285305245852499   18.596525808842045535     1.1596988617348706896   16.462196140052331117     0                     
95   2                       -8                       22.804493930471245733   -15.249759388260955006   -10.09953984192095966     -3.3848052997106687911    0                     
96   2                       -6                       -0.16496550100039542031  -5.9271163857837940725   14.414691668333183827     7.4426097815489944409    0                     
97   2                       -4                       -1.110992367125813729   -13.021517872349711809   -21.251396812231138966   -36.303907051706666209     0                     
98   2                        0                       -3.7453540147154917861    5.5566837436418730078    4.8179021349684099107    5.6292318638947911325    0                     
99   2                       -0                       12.869122910888194156   -16.009694218870645699    18.220234064017475362    14.079662756035023818     0                     
100   2                        1                      -17.122464906732194123   -19.12204515275593053     -1.3851248156710340709  -38.649634875159158298     0                     
101   2                        3                        2.1508171232768340531    5.7152425932966259836    7.1955852459174494129   14.001644962490908952     0                     
102   2                        4                        9.1717541082696385502  -20.080468813814331241   -21.152021855942908957   -33.140736561487599943     0                     
103   2                        6                        3.654218688526704284    -2.5442451963071341936   17.922034197282521006    17.912007689502090102     0                     
104   2                        8                       -5.842044784697247195     9.089962275952558457    10.259693841882914001    12.34761133313822512      0                     
105   2                        8                       12.301720630634044085    20.550269809959054612    10.801518026227483915    42.493508466820586023     0                     
106   2                        9                      -15.296801549544744248    -4.9224114377802266063   21.263675018833872343    -0.13553796849110028022   0                     
107   2                       10                       20.746235370297505085   -13.528905111115637538   -20.235092786521438057   -14.2177625273395698       0                     
108   2                       10                       22.405440761150195783     3.4557141585870922995  -16.42655358478113925      8.2346013349561495431    0                     
109   2                       11                       11.385151342392234142   -18.627729032986735547     9.5500577754690425536    1.0874800848745411752    0                     
110   2                       12                       -7.9449422176333506229  -22.199180639255601477    13.956147551945448981   -17.427975304943501555     0                     
111   2                       12                       13.202771224501255176    19.176395658910365682     8.3537475284081281757   39.492914411819747045     0                     
112   2                       15                       14.790212907872678727    14.024192732857585497     5.0217638731053462209   32.53616951383561684      0                     
113   2                       15                       24.464016142176468804   -23.796721557899545019    -4.1259345876346209536   -4.7586400033576969903    0                     
114   2                       16                      -18.764174281890547036     2.5087220652747710403    8.5976231981063335752   -8.9778290185094427045    0                     
115   2                       17                       -4.9498856455902320306   -5.2624692867189786227   -7.3862651606524067915  -18.938620092961617303     0                     
116   2                       17                        6.6958552563786142287    0.33596538569218381554  -8.9687869553381531773   -3.276966313267354991     0                     
117   2                       18                       -1.2862175660408610156    6.7867609176288254957  -19.850320208596606619   -15.709776857008641571     0                     
118   2                       19                      -24.234431937810601454    10.853577985720150423    -0.94698090137610790862 -15.707834853466559721     0                     
119   2                       19                      -14.56517885070414664    -21.579740044376752195    18.417656731469939757   -19.107262163610958083     0                     
120   2                       20                      -15.983034350299982762    -9.0375061160972123275    3.9841892951596946659  -22.436351171237497226     0                     
121   2                       21                      -10.786892734511496883    10.712334559744299156   -23.454681890191203308   -24.949240064958402741     0                     
122   2                       21                       -3.5483754863376688604  -11.888281070228732261     6.2554400048813398882  -10.601216551685061162     0                     
123   2                       22                       16.720945787271709548    21.47637209242125067    -22.185200411450395563    14.572117468242565153     0                     
124   2                       23                      -19.860646427949109949   -24.727855031873996694    21.704324168456793132   -24.344177291366314364     0                     
125   2                       24                       -4.7462007610933376611   16.536074432389831657    -0.46452202723932600748   9.8453516440571675616    0                     
126   3                      -24                       19.402411007602331949   -24.438349676094563989    -9.082921236539940324     4.5669825680477078578    0                     
127   3                      -23                      -19.119869866482883225    17.206153149857691176    -4.5568587054398079772    3.1831419888146159636    0                     
128   3                      -22                        8.5461700820238775123    2.0733156037687621165    0.30504990390153707835  10.874435781891103048     0                     
129   3                      -19                       11.101897929213457417    13.910639484531863275   -24.049212226562485029    49.681749640307806715     0                     
130   3                      -18                      -18.390861312065009514    13.453079670633435683    11.86299858923604944    -16.160780230667622703     0                     
131   3                      -18                       -9.8914022172082702866    5.1932705860569292611    0.47969531437374968164  -4.5378269455250910269    0                     
132   3                      -17                      -16.610849880057120487   -22.790246322841905879    17.742119214903127045   -56.483215417802156821     0                     
133   3                      -17                       16.327923674585278491    19.646150207297438328    -7.9475575738464385722   44.58163145572915198      0                     
134   3                      -15                      -16.470118685967783279    11.930603224581716404    12.400975811435138496   -16.240491272821206081     0                     
135   3                      -12                        2.8719497902020734159   -8.4719723455309825511  -19.431010838279270558    14.59098828295036121      0                     
136   3                      -12                        4.2162509789728233045    0.53880398421054920277   4.0810708908552939533    1.4339840723280785628    0                     
137   3                      -11                       18.071054598379660661    14.237893860097486254    19.918170923813747208    13.170777534663399067     0                     
138   3                      -10                       16.937725743078097196   -24.145572251767287497   -17.441921327412575948    11.034074818723386358     0                     
139   3                       -7                        0.40754056461331344963   3.9648569401737461249  -23.958517552064385825    29.190915056851444831     0                     
140   3                       -7                        1.0849451101582801016   -8.6365400716281826021  -13.956849571027991175     7.265254609558088994     0                     
141   3                       -6                        7.795578871386958042    -2.2289626071762675963    0.03679468991160206315   6.4098215742990882759    0                     
142   3                       -6                       24.899547256226547631    -0.0725089394656279751   -6.3135882901757938157   32.02062660693671603      0                     
143   3                       -5                      -22.592613711811743826   -13.27771575303695073      7.9390843294419113363  -42.909413794290607314     0                     
144   3                       -5                       18.795667370361201165   -19.797383739798650737    11.033207364155259711   -11.134923733592708928     0                     
145   3                       -3                       -4.1589194971506771026   23.585255524372975344    11.735454199075569193     8.6308818281467285516    0                     
146   3                       -3                       -0.53512724566625635703  23.611128943648921563    -0.14804768691492498078  24.164049384897591466     0                     
147   3                        2                        6.8813814068402585633  -20.58424887475190701    -14.057714319521959823     1.3948468516103114112    0                     
148   3                        2                       23.349162253027124336    10.498215033695615261   -24.248615229094543366    59.135992515817285664     0                     
149   3                        5                      -22.835538779253965913    22.812341980964959021    -3.920424490543179985     4.9972276922541727373    0                     
150   3                        6                      -10.450715659198053231    15.048314519004968304   -17.354452113191236151    23.072050972998152218     0                     
151   3                        6                       -7.004150776612608098    -7.2506012038445568635   24.660055201747468345   -37.794807182204635865     0                     
152   3                        6                       10.630940061768271221   -10.845765850843342548    -9.4036802517258735179   10.308854462650801409     0                     
153   3                        7                      -21.63373783236223602      6.5165431994750484535   13.33977565694129197    -27.316970289828478968     0                     
154   3                        7                        8.8378503486136494871   -9.7006146636560117713  -20.99067254443435715     21.267908229391995434     0                     
155   3                        7                       23.568491776140518823     3.2311545624470241478   22.551791833516162455     5.3878545050713801956    0                     
156   3                        8                        1.4937424935153096328  -17.50429966657056724      4.3010443382200449491  -19.151601511275302414     0                     
157   3                        9                       12.666882074872695796     8.1172039976616403578   16.335017481896798586     5.6290685906375372838    0                     
158   3                       13                      -17.943423251841082333    24.958933992255232681   -22.237333226957670007    30.512843967371821918     0                     
159   3                       13                      -15.414634289176817106    -1.3530629990047451372    9.8666768265112025915  -25.374374114692763271     0                     
160   3                       14                      -20.830789637060554753    20.713011470882456422     8.8755262585532648245   -7.7133044247313629072    0                     
161   3                       14                      -17.559956768285474027   -13.664569885810969652   -24.883450602386950834    -5.0610760517094925959    0                     
162   3                       14                       -3.8993743935365650088  -12.434408561194876697     6.8606179118763215286  -21.914400866607760321     0                     
163   3                       14                       11.904842327885525322   -22.820242396839951482    -6.8554727256427234749   -2.7799273433117024368    0                     
164   3                       15                        8.612182734211017987   -17.879571232683858284   -21.70639495386425466     13.739006455391415074     0                     
165   3                       16                      -21.176870394725554547    12.92949876611341864     18.947803073131431972   -25.875174701743567596     0                     
166   3                       16                       20.309495782318876422   -19.532061669820002692    17.20465422077212736    -15.107220108273253345     0                     
167   3                       17                       17.720676672207346769    16.676826662681257574   -12.765221401435606907    48.502724736324211108     0                     
168   3                       20                        6.0929483405530788787   20.324171711021143949    23.271159516012104973     4.5459605355621182099    0                     
169   3                       20                       11.491652619906616906     7.5328762715526096372  -19.169434841528868674    39.593963732988093795     0                     
170   3                       21                       19.011812699356070766    -3.5264386995524255042  -11.200626863492797014    28.106000863296443981     0                     
171   3                       22                        0.81842267746534602679  -7.4005484924187285856   -5.6119913467699618081    0.4698655318165792516    0                     
172   3                       23                      -14.931517440390660312     2.3797392587130268282   13.797850282117224197   -24.889628463794856827     0                     
173   3                       23                        3.3550719054311244349    4.1232787277836528972  -17.732863789688064315    26.6712144229028425       0                     
174   3                       24                       -1.8076238954457544139   18.813022111964649241     7.3182921239450280382   11.167106092573867215     0                     
175   3                       25                       -8.7536249088481135061   -5.0393840613400975315   -0.29825515442021455215 -11.994753815767996485     0                     
176   4                      -25                       13.15970849854865321      1.2624601810384667999   24.144329709034487053   28138.394583212626458        0                     
177   4                      -24                        4.1770003750866742109    9.3027392453753208201    5.8425302797561791124  2020.2310189914242073       0                     
178   4                      -24                       20.573235321644048668    24.431744399348218622    16.444292691267165196   28846.155132028561638        0                     
179   4                      -23                       -7.6215117833627168409   23.84105556743244847    -10.590547832984139376   6455.0027804644214484       0                     
180   4                      -22                      -19.561424792502407399   -24.889133472435439387   -18.833646333318586841   -418.03474275547472416      0                     
181   4                      -22                        6.2182745751501720122   -3.6795497802737067161  -18.204234801932294374   19085.740730864486977        0                     
182   4                      -22                       21.85306357537699995    -14.441383871911416037    20.987932725946407686   36264.134225605877873        0                     
183   4                      -20                       -6.8784230451282155627   -5.5771256210229189776   -0.73092183441178093517 -428.96639294592529268      0                     
184   4                      -20                        5.1937899400931293314   -0.50571268780755573857  -6.5370063902197905747  3001.4391627250565762       0                     
185   4                      -19                      -19.70856811783941609     -3.1845371594150861938   14.293372026573258893   1742.3809241739136269       0                     
186   4                      -18                       14.104020571593203215   -21.118196194739592642    14.015022650550825745   14778.159412407248965        0                     
187   4                      -16                        3.1551124581031260163  -17.04684719374562718     -7.5992726548107469853  5030.3486168754689061       0                     
188   4                      -15                      -16.17803842685605531      4.759231650633555688    -4.2505675849156823176  -8299.711590559934848        0                     
189   4                      -15                       16.478947767214606301     8.7012714935702462071    5.5486769121952121964  9704.7106089037770289       0                     
190   4                      -13                      -21.242977477014758136     0.68711964452804608072   8.1024281549040324535  -11293.40335489878089         0                     
191   4                      -13                        9.4552913583012525578   -4.6431765875413937295  -22.790877751864233147   31788.008132893730362        0                     
192   4                      -13                       10.583395391326256174    17.957303635300441158    -3.771753878186398623   5923.2973613134618063       0                     
193   4                      -11                       19.948118765779796036    15.795619401893489453    11.362943335986450677   20240.355786994707159        0                     
194   4                      -11                       24.343428194789083818    -2.81239643120495586    -13.033156708123430079   44566.951198402726732        0                     
195   4                      -10                      -16.244963151366675902    18.627177013509715664    -1.9641235730527242254  -6382.1813194405049217       0                     
196   4                      -10                        4.5798316412558364163   21.00323698776849568     -9.7408240406636199538  8305.9616601743873616       0                     
197   4                       -9                       -0.79564594156007117931  -6.4100657686614610498  -15.360135197816449093   11496.855352562739427        0                     
198   4                       -8                        0.36267992522629910468 -21.931854114898445829    -2.9640240270560660463  3288.2763960772099381       0                     
199   4                       -8                       24.140178388995160219    24.228685478686514898     3.7451730220450940578  31696.279142196239263        0                     
200   4                       -4                       -9.6927269665274593535   21.93982440390153954    -10.203991930001413024   4319.38360153891972         0                     
201   4                       -4                       -2.288002253158015975    -4.0705834246404890564   -7.7101411506324417644  2562.2992382451575395       0                     
202   4                       -2                       -2.9245778536248430157    9.5671810250652882246    1.2603319433658235482  708.268847272037533        0                     
203   4                       -2                       15.791625411434011994    10.315146585161592441    16.854732226732821232   18169.966924416330585        0                     
204   4                       -1                       14.996794650935754589    21.373956439032667731    -5.1317290580206851303  12631.837620361766312        0                     
205   4                        0                       20.119774570111133016    16.127796938579486152   -11.656826806081650005   29832.549056371019105        0                     
206   4                        1                      -24.871662679796958884    19.564478467908799075    20.029535585974699075   3287.179929869132593        0                     
207   4                        2                      -11.798053835378507159    -7.8911588493946851486    3.1804915972474248065  -1263.3372788092167411       0                     
208   4                        3                       22.124599529878381077    -6.0965697284081414864   -3.5244061319447119729  24885.561886068160675        0                     
209   4                        4                       17.165086973916061197    -6.37935305586535506     15.937810299624182164   18429.894699761862285        0                     
210   4                        5                       10.304156827345522629   -17.73020989059708441     10.472186812309594472   7782.1352430568003911       0                     
211   4                        5                       22.340174760515843388     3.0187658011956983728    7.4596506023452704426  22863.319329067886429        0                     
212   4                        8                      -12.889087546078741298    21.732492389327958904    19.021262841583528314   22311.470994164756121        0                     
213   4                       11                      -16.926075453154297179    12.496183666748969188    -3.3530197536463397512  -8758.5280702133914019       0                     
214   4                       11                      -13.55900904204673374    -20.268966737917850196    15.736120152039475784   14866.896902030906858        0                     
215   4                       13                       -7.4586655295590560399   24.111637699164369053    -8.1980330758723525264  4775.2070409567977549       0                     
216   4                       15                       -9.5592831765672379163   -9.2814775817285948278  -18.531254528120918224   12249.953731688921835        0                     
217   4                       17                        7.5098479026252960011   15.892157359163320507   -18.616108687458584825   22199.274120846104779        0                     
218   4                       18                      -23.042818836412116923    -8.2586168745669112923   24.515068822799960913   18933.199769727951207        0                     
219   4                       18                        1.9239456077860523919   18.31737894535003619     -9.8317098248358156809  7044.2740117153452957       0                     
220   4                       19                        1.7809199375055975167   19.896370326237835968    -2.5327348121750965504  2748.3845299352310576       0                     
221   4                       20                       -5.4668650154645739292    1.94177926754154484     -1.1623332711314589005  -302.89054823407241201      0                     
222   4                       21                       -6.1413848081467143913  -10.583609533166422167    21.567264813130549328   26648.979421307161829        0                     
223   4                       22                       18.358687676666001209   -11.723536635870937417    -4.6037185302944223508  16461.013479335582815        0                     
224   4                       23                       18.877350564086192719    15.497237345412663956     6.7305795089180122659  15393.23447770749226         0                     
225   4                       25                        7.2498104362864523864    2.6853440045112151324    5.2583145280504446362  1609.2073669229805546       0                     
226   5                      -21                       15.50597339796507157      9.9821993884123401131    0.7880794933038046679  232.92249557866625764      0                     
227   5                      -20                      -10.064942543596247404    -9.9988673415032369718  -16.007194079087859961   244.96781511768443806      0                     
228   5                      -17                      -15.764415248940794712   -20.778379920771900657   -17.986113617985068913   410.05181070290274192      0                     
229   5                      -16                       -8.1943188188118689652  -11.034523540557017895    22.355330641138209558   -134.37111486590953291      0                     
230   5                      -14                      -18.036739525486886748    11.52553635154048095     22.849220018752205874   119.40099254149109242      0                     
231   5                      -14                       21.637014443389375629    -6.8239821946769936289    6.1756167204062464293  412.2998435397842627       0                     
232   5                      -13                        5.6497681672335104963   14.668975013044885713    -8.4320983784348015888  107.54876574939831357      0                     
233   5                      -12                       -1.7686471879409282337    1.4683784972569888794  -16.664394369876106339   152.8676622042962947       0                     
234   5                       -8                        8.107018332580807396     3.7505968069542632293  -23.385627837382635619   276.03439678124499324      0                     
235   5                       -7                       -3.2290085608207164114    7.8124640614754738976   -4.836785969565806198    53.817570011945733199     0                     
236   5                       -5                       13.78407868151182214     -7.6739671914544800302  -17.062955462248751815   343.46742425834742107      0                     
237   5                       -4                       18.419611515342168673     0.97242795530996062325   9.6416780505426373793  252.42698592124210677      0                     
238   5                       -2                      -18.967254680573766734   -18.940764010311283982     8.6762463762136761147  281.63053273182435987      0                     
239   5                       -2                      -10.964712301307521614   -10.364920577259015388     9.3318490937659177575   36.198274006551223181     0                     
240   5                        1                       13.971418471348336254   -18.400412540510394876    -5.9587251643554139946  248.84906058073224244      0                     
241   5                        2                      -21.912454580215843691    -1.7873325712949323929   21.058092203144468613   290.67283590172206686      0                     
242   5                        4                        7.0700874858233362374  -23.291110716641671985   -11.901389406551931671   157.17864171616312774      0                     
243   5                       11                       -4.2308685892799111627  -15.700248530344165232   -19.718039577807772389   195.58260522002532866      0                     
244   5                       12                      -11.487543000813468907   -14.029779663595785877    12.272327805560159675    21.752693945497060923     0                     
245   5                       12                        4.952888418909367374   -14.657561701782411134     2.545855909340517087     1.8584005061018780136    0                     
246   5                       13                        2.5161368207345091719   -3.8804253136926369905   12.933907999967672708   -109.81422749905308933      0                     
247   5                       16                      -13.619357415898553754    -1.0123966381913973578  -12.477588276210610729   298.10519090788642416      0                     
248   5                       17                      -17.374641734216044853    13.024816964060256907    -1.6543259542561905562  317.10710898066759         0                     
249   5                       21                      -12.733273065493737164    14.472678972751062076    21.987237549709909956   -35.328894986960918345     0                     
250   5                       22                       23.638473207559080436   -19.271686404121965097     1.4728417275643117534  545.9618400364097397       0                     
