1  -0                      -20                      -21.391596503833213205    18.634542836769149687   -22.314988915649006884   1302.2053180237319339       0                     
2  -0                      -17                      -22.823788618441621878    21.161101639634253502     0.16033468920745264086 968.08325671480008623      0                     
3  -0                      -17                      -18.722016274817757875   -13.459809992243490839    -6.1555610595167529198  568.91131037927766556      0                     
4  -0                      -17                       -2.9905235741731068799   11.827176618256416418    20.233569069074832214   557.56265528013818766      0                     
5  -0                      -16                       -8.8241126805134371125    4.4575883206114177426  -11.734185926507736397   234.74617759230156366      0                     
6  -0                      -16                        7.4280365313468550426   24.807415081795170408    -0.40152509440703454402 670.06479215294052665      0                     
7  -0                      -14                      -22.033191528598123909   -23.312147464768994354    15.079282528506418259   1255.5825099295425389       0                     
8  -0                      -14                       -5.9578373373853601436  -17.72052670808521313      1.7215004178046946492  351.75645623920610205      0                     
9  -0                      -11                       -2.2505580256345147916    3.7128969426064024617   11.481041273679828407   149.88492386110362986      0                     
10  -0                      -10                       15.520079419137928767    -4.5613549456375999114  -19.673111631831410762   647.91014539494176461      0                     
11  -0                       -8                       -3.4818634143755424759    2.1820863428949550666  -11.305978386641010403   143.87002092340924264      0                     
12  -0                       -8                       10.038744867043277509     8.3180376094109504947   -8.2144271633155696577  236.60296179857945731      0                     
13  -0                       -6                      -10.917497804276059981   -22.27976625409903022    -20.239673231784177432   1024.344115173063301        0                     
14  -0                       -5                        3.9877913787466923168   -7.2455944151723734592    7.8910949211314118656  129.77049756388950641      0                     
15  -0                       -4                      -10.055627638300792981    14.671064120035403278    -5.486269995031474167   345.5349280727315886       0                     
16  -0                       -4                       -9.9809387489643270897  -20.619113306333105129     0.28596031956513812133 523.9287451543464158       0                     
17  -0                        2                        6.6909718484829561191  -19.711179732277798848    14.4934136180424602     642.31874901900914665      0                     
18  -0                        8                       -2.5289186653981232666    0.48739116002977667108  -3.6931050621189882577   19.11200475892309214      0                     
19  -0                        9                      -16.421732376381228846     1.7968896797385269792  -24.175826783006971965   856.19270740459558056      0                     
20  -0                       12                       15.06311504381315558     -1.1117602125070433772   -8.6719058571085128051  302.09539678781681005      0                     
21  -0                       15                       14.545423971709197986    -7.054053097091163238    -7.0702458062372777192  310.01739937396979485      0                     
22  -0                       19                      -15.738770166537438655   -21.90889197497369878     16.114037274968353586   985.99063122522545655      0                     
23  -0                       19                        3.6370925294321665433    8.4399890370294414765   24.805801033043721304   698.4096219037813853       0                     
24  -0                       20                       20.643383332864239321   -22.658662890982501636    20.44116099324104141    1356.0053421863635776       0                     
25  -0                       25                      -19.345242887955446776    22.685691502756831994     2.9018686555097552571  895.79986304607427883      0                     
26   1                      -25                       11.255133134232629288    -9.0116482915849527302  -12.794508181883605502   427.26529914434814827      0                     
27   1                      -24                       -5.453668125219099494   -24.363798299842468253    11.269508249375384423   709.74094680067582885      0                     
28   1                      -23                       17.600000145193192225    20.038930599912752939    12.714694047978774449   826.58341324071182044      0                     
29   1                      -23                       20.549283925851177912    -1.5286906478294852718    2.5960764473294979382  425.42527209306786062      0                     
30   1                      -22                      -16.657641205996654321    16.459725718027847563     0.42462090417384601437 551.32140055599120387      0                     
31   1                      -21                      -10.702340493375050556   -21.108608185897722365    10.971839105564136219   641.02732851801351899      0                     
32   1                      -19                      -23.840322093581853835    12.187789121593297637   -11.459867710447838363   898.45119998091126945      0                     
33   1                      -19                       22.565576047535422788    -6.5235713435624660406   -7.3418442541597990214  639.41225950063221717      0                     
34   1                      -15                      -17.053181193408832428     0.2338450597212329285    5.6133056838096386798  304.22165029183975093      0                     
35   1                      -15                      -11.770532805745148153   -19.401243537944100837     8.0787269229252700597  552.20461435323693422      0                     
36   1                      -12                      -16.926491764589790989    -2.7654127132998347349  -10.549748173810016283   451.88981015765421034      0                     
37   1                      -12                      -12.976415884628988096    24.193407321347251582    20.96694438666266791    1113.6933063942249191       0                     
38   1                      -12                      -10.429226864974300071    18.463668383067400214     1.9927134286129692953  449.91587625510703674      0                     
39   1                      -11                       -6.2346697421359493774   19.099368851515322376   -21.604766753084206243   961.06201078724882336      0                     
40   1                       -9                       -4.1028707129654655716   -4.8780335510331269688   12.578982478980670123   152.72362970289461259      0                     
41   1                       -9                       -1.4295138893252037349   23.592317519055747255    10.584943513149610794   632.52221100368785756      0                     
42   1                       -9                       14.679384857294941469   -10.543241147916587508    19.870573343772115038   646.18166532683994774      0                     
43   1                       -7                        9.6666910510665502443   -3.2119039627285417282   10.648208754940007736   178.69275761158240812      0                     
44   1                       -6                       -4.6134906401423485534   23.830510466087261534    18.055736867723922501   847.08421132656474128      0                     
45   1                       -5                       20.968589923337241032   -22.084218648794159634   -20.674515249597494204   1441.6281185050570457       0                     
46   1                       -4                      -20.367204375883378731    -6.7087132255799879488  -23.063390224814273921   1088.083376793390471        0                     
47   1                       -3                       -0.29460665562530152783  22.456390426833273466    -6.4418841005866127603  575.70167125164482513      0                     
48   1                       -2                       13.463952107043922979    -5.6978658381611744232  -14.480320496177375489   485.38464510718080192      0                     
49   1                       -1                      -21.46704032594967515      7.4754926901020724017  -21.460110649154547247   1067.1136029862936994       0                     
50   1                       -1                        1.3582321887738615374  -23.507867119579543669   -24.587020961704435962   1261.3542948085414537       0                     
51   1                        1                      -15.950346238992723968     2.9836840946189333579  -17.792450805844843842   655.03702482201958901      0                     
52   1                        2                      -13.301822624518960581   -10.069567019974245525   -16.155272461277263574   607.90858324713008187      0                     
53   1                        2                       18.949554917903050466    -6.3522804632206160136   14.278892160737626682   550.16829136506203213      0                     
54   1                        4                        4.9885339681032441206  -18.865142291659754648     7.6144323531106152814  412.22091548314455167      0                     
55   1                        6                       21.140822856812931718    15.884181112815667802   -12.227869990660778399   901.55388515901961455      0                     
56   1                        7                      -19.873500965971850007   -13.808148589219932489   -10.611611614611840437   744.53375562427277146      0                     
57   1                        9                       -3.2683247942170865485   -8.9113912448080689899  -16.933547661996804834   448.39406794764073538      0                     
58   1                       12                        0.2188965990252071947   20.484262406379976085     4.1194758608284161028  423.90509997913108009      0                     
59   1                       12                       19.22603338212380919    -18.771611644367595773   -20.459224963807319142   1226.1905493124020268       0                     
60   1                       13                      -23.034005090928172166   -22.955666402111685187    24.558415152821325478   1566.1501047009830927       0                     
61   1                       13                        6.283195311502364433   -15.643545347182904237    -5.6572538207418396894  342.57259042711871189      0                     
62   1                       15                        2.7856128113776463806   18.185618559547144457   -19.019548481008865082   779.99777947373900133      0                     
63   1                       15                        7.1772386979724345224   -4.2067249785658731298   -2.2056403248584004473   86.59670091503816991      0                     
64   1                       16                       17.575686612486769889    12.540269623496627105   -15.175011227926010093   760.82413280972343728      0                     
65   1                       17                      -14.599136883020200628    -0.16422036256739502846 -19.849214666767327486   690.20994761112308424      0                     
66   1                       17                       22.00377289340919873     10.325408827635790487   -17.342496595611446963   964.57226355378895732      0                     
67   1                       18                       -6.4434166133970549595   -2.518071629041354953     9.094550331983377589    97.830946795829603957     0                     
68   1                       21                       -7.8423728729231214629   -0.40932153589309194786  -9.6483891301901039128  196.93532572603729136      0                     
69   1                       22                      -24.654631445523033761    12.786798550883958114    -3.114387805134615661   797.07003151677088226      0                     
70   1                       22                      -15.479893120257159467   -20.276875645638646972    22.978537139617500884   1090.4377974815895413       0                     
71   1                       22                        4.400001015188170328   -19.158151836217882646    21.449647106474650116   764.24356327963323565      0                     
72   1                       23                      -17.817536144288617095    16.693817695019255609    15.600660503516131428   780.66610961947299074      0                     
73   1                       23                       24.650830123771640956     9.7319616847978807073   21.177842774516399516   1069.7041575094922337       0                     
74   1                       24                       12.898227185546005558     2.6520469746207915307  -12.10922888776036821    371.98795749276496281      0                     
75   1                       25                       -0.53983695617407079226 -22.49808167975816886     -1.5063448499204454833  518.2495574148850892       0                     
76   2                      -24                      -18.193725637857269817    -1.8114481643334627847  -24.230391047017274531   -44.755564849208006706     0                     
77   2                      -22                        7.3819592437199190726  -18.152174352983053041    11.661018331316533647     0.33080322205339968145   0                     
78   2                      -20                       -1.8321173537131656417   18.974380257393789861    -4.5239760034540594802   12.018286900226565095     0                     
79   2                      -20                        0.49266024504151673113  17.994749667447699437     3.5661516839093891917   21.453561596398603939     0                     
80   2                      -19                       -0.98950714291760277774   3.4367196582808894334    3.1859185854871583388    5.0131311008504448878    0                     
81   2                      -18                      -12.201415582793162073     6.0246673603599596447   -7.7357903458959889065  -14.552538568329191904     0                     
82   2                      -18                       -1.3034139727948712562   15.489910654511753307     6.4873527725896202867   20.033849454306501769     0                     
83   2                      -16                      -14.04997459893347056     17.568457640793283758    17.298364229383494717    20.136847271243308199     0                     
84   2                      -16                       -0.19875494022824469198  -9.9560240260688637193   19.61185827451102881      8.7770793082139206831    0                     
85   2                      -14                      -21.060068966276027425   -19.369207497678978314    10.287677220648077991   -30.86159924330692661      0                     
86   2                      -12                      -11.843608923126849319    20.35084328845861279     -6.9076199196063932106    0.83961444572537025088   0                     
87   2                      -11                      -18.9150988917600138       2.3002084095730026547   -4.1269836060532760769  -21.521874088240288359     0                     
88   2                      -10                      -14.691067066809877062     5.3297157510951436166    3.6357484456700603914   -6.5256028700446728763    0                     
89   2                      -10                        6.544026857415218501     6.7597834396548108771    9.9492717637096674821   22.45308206077969615      0                     
90   2                       -8                       18.663020824609091619   -15.427810840873936726     8.7258521688929420179   11.121062152628097053     0                     
91   2                       -8                       23.150183721387342928    -7.4352814784821319449   -2.0743840575391416792   12.800518185366069446     0                     
92   2                       -7                      -10.213864433582376279     7.2548489145131043188  -18.03364905198888124    -21.852664571058152632     0                     
93   2                       -7                        5.7079559997441116082   11.242495908411804351    23.320773416413175028    39.411225324569088002     0                     
94   2                       -7                       17.238162976698525597     5.6502029500087260772   12.092307692182323819    34.120673618889576062     0                     
95   2                       -5                      -21.655274558080190417     5.8721435821317449211  -14.943799002781462448   -31.626929978729904747     0                     
96   2                       -5                       15.23379257396650388     10.178175453743470769    24.773360880085583346    49.285328907795559417     0                     
97   2                       -4                       -3.855725034572117238   -16.720931086763954454     4.366830450894038762   -17.129825670442034635     0                     
98   2                       -3                       10.898087241476886788   -12.710576547335501019    21.736702976733610626    18.984213670874996893     0                     
99   2                       -3                       12.203070875164840459    -3.9726288589585188049    7.4680486610783347601   14.758490677284656911     0                     
100   2                       -1                      -13.432399078605788745    11.779295106460175191   -11.016488018216680445   -13.649591990362294425     0                     
101   2                        2                       -7.6960570879504217601   -7.9474592746578736069   -3.3038369233496105437  -19.987353285957905058     0                     
102   2                        3                      -20.853246421146497624    -5.1206251595915830421    7.0169466100206889791  -20.016924970717390408     0                     
103   2                        4                        7.828943107982389904   -11.58738937903833488     19.18711437596639513     14.348668104910450083     0                     
104   2                        4                       13.861353723812229077   -14.023983329633246342    13.476659506903182262    12.234029901082164926     0                     
105   2                        5                      -13.730137096189460877    -5.3563215698945150223   18.323423686605742944    -1.8630349794782348205    0                     
106   2                        5                        6.9217305861696871716    7.177126857027673168    -1.913748074070024785    11.08510936912733591      0                     
107   2                        6                       -9.106430759398834951    -1.3086081347215490212   11.088697257053269141    -0.446341637067114827     0                     
108   2                        8                        2.149471349071120585   -12.427185914159563751   -18.29769995112384251    -29.735414516212284042     0                     
109   2                       10                       -8.2086855430641882947  -13.005394464965302603   -18.549065361346364966   -40.963145369375858706     0                     
110   2                       10                       22.283736296855785497   -19.89390269352446694     21.811708703407020948    23.001542306738340216     0                     
111   2                       12                      -19.013716651316201478    22.256773986447782931    19.465701665791144137    21.468759000922727154     0                     
112   2                       12                      -14.387603438596148209   -23.003101519449405288     3.8999070643679978332  -34.7307978936775541       0                     
113   2                       13                       11.832657243691542703    24.722947639767767214   -19.453010788805087827    15.842594094654222303     0                     
114   2                       14                      -13.026108483557150564    14.588858754185231703   -12.946550633792428542   -12.663800363164346763     0                     
115   2                       14                       -9.5834325929133772348   18.355630271498959871    16.372393376746302351    23.864591055331885627     0                     
116   2                       14                       19.404806222302099172    -5.8622124306536775862  -13.274361659184647166    -1.0117678675362256069    0                     
117   2                       15                       23.532176553255915508   -14.875874781859078411    -2.720608929852165403     4.6356928415446718716    0                     
118   2                       16                       23.668383131424988619    -6.8571858283265463285  -17.533028694506043621    -2.0418313914076011706    0                     
119   2                       17                        0.70341712876767914508 -15.094883407860734792     5.5228458074673199008  -10.208620471625735604     0                     
120   2                       18                       17.097426944574671381    19.509002543964662379    -5.8248325037362143064   29.421596984803120023     0                     
121   2                       19                       18.426327964250539537    14.069365394085032506     9.61205175495987163     40.727745113295441115     0                     
122   2                       20                      -18.348512494878029599     7.9484174668203095848  -14.066567493199036321   -25.86666252125675669      0                     
123   2                       21                       -0.74965630074722255927  15.294352731829121694    -9.9769560580553839912    3.1477403730265152149    0                     
124   2                       24                      -16.345524973968398541   -12.09691975100359862      2.6522636771789436239  -27.27018104779305574      0                     
125   2                       24                        9.2776063059171676173  -24.784626146961148407   -17.031393228757984559   -34.01841306980195867      0                     
126   3                      -22                      -20.420489878817576823    -7.7706925652387290882  -19.230301499560077616    -8.4008809444962277979    0                     
127   3                      -22                       -2.1330571141403780189    5.1977406103624339551   23.880656746374597788   -20.25597325015254313      0                     
128   3                      -22                        4.0157681076358464622   22.130799999025377645    13.808086492821594504    12.8984816138396301       0                     
129   3                      -21                      -23.367078228985675992   -17.376606139674922957    13.707818196273365174   -53.871502564933962276     0                     
130   3                      -21                       15.736730097638613302    20.606163583511055037    20.766305997866737698    16.156587683282928936     0                     
131   3                      -20                       -8.5333526145046008082    0.85605160930568047206   2.2061649329043433454   -9.2834659381032640368    0                     
132   3                      -19                       12.60790042304618197      1.0150743793731251685   18.459057123600288719    -4.2160823211809814737    0                     
133   3                      -18                        2.2038587324330229933  -13.262582951891838334    -1.0516740227238443595   -9.3670501967349704131    0                     
134   3                      -17                      -14.970627409352601944     2.4789629984365184612   15.825029507611191093   -27.656693918527274434     0                     
135   3                      -17                       21.364482606426925315    11.541431506430136267     4.706461864129284578    28.859452248727777146     0                     
136   3                      -15                      -24.261542214095019432    16.103899706924309498    19.259781682598351438   -26.717424189769062082     0                     
137   3                      -15                      -12.650841560180028367    -0.21677609603311154274   8.4587255356504442716  -20.626343191863586668     0                     
138   3                      -13                       21.907388346760392039   -16.207815894858867978    -0.26984198793532243599   6.7094144398368467108    0                     
139   3                      -12                        8.3109519611836759623   13.281894581178640635    -0.76982588171256338683  23.122672424074881548     0                     
140   3                      -11                       16.710020949717147687   -23.849361861927750539   -13.407802004741457225     7.0484610925308546214    0                     
141   3                      -10                       -4.9623720906587251989   12.831169599488184474     5.2483752910626009225    3.420422217766858175     0                     
142   3                       -5                       -4.5332783084673060614   11.13807052931237962     23.198331166477487386   -15.693538945632413473     0                     
143   3                       -4                       22.74500856435508922     23.719728356953645232   -20.919839672725611734    68.304576594034344339     0                     
144   3                       -3                      -17.491993341802619       13.907532473771730963     5.8752924941655457758   -8.5197533621964343098    0                     
145   3                       -2                       -9.7253119916481249874    0.11174416493432559605  21.331833921543285726   -29.985401748257082488     0                     
146   3                       -2                        6.0142174914977957201   -3.196601205830603476     8.216224280841707639    -4.4386079951745154304    0                     
147   3                       -2                       16.925234453828366554    -8.3358026043362443147   14.067287845459603091    -4.5178559959674808866    0                     
148   3                       -2                       21.661689582621143302   -16.539185600341106408    23.469591395992225102   -17.387087413712187356     0                     
149   3                       -0                      -19.717385789080843495    13.78351593310561185      6.1627290392673401698  -11.096598895242571814     0                     
150   3                       -0                        1.0465706685666447129  -24.517422767616206869    22.038543655778873642   -44.509395754828432246     0                     
151   3                        0                       19.016187689643402337   -14.264232770787605986   -12.510527246471152552    18.262482165326950678     0                     
152   3                        1                        7.6907058627555855423   23.177844933554965223   -18.735629616476508374    50.624180412787062266     0                     
153   3                        1                       16.540254113064207786     3.8860491066905815671  -15.244111228744525732    36.690414448499318212     0                     
154   3                        5                       -8.7545008854368937534  -17.865085180351762517   -10.370132132798929092   -15.149453932989727534     0                     
155   3                        6                        1.7851782685576900178  -16.188320524056514671    13.085241441541640484   -26.368383697040464142     0                     
156   3                        7                       -6.7139191100639088461   21.355253744720300801    12.32111938030485021      3.4602152543515418692    0                     
157   3                        7                       14.880454244250536533     3.1780939657655764563   22.331594988315274009    -3.1330467782991608949    0                     
158   3                        8                       19.9637369049162956       9.5197916472609591665    4.5197135139069750664   26.123815038270279842     0                     
159   3                        9                        5.5763835021705361328    8.9091255209197157683  -13.145431538425720319    28.81094056151597016      0                     
160   3                       10                       -8.0340438936916278578   16.237930135204905469   -13.700306858937326027    23.104193100450604703     0                     
161   3                       11                      -23.771060323708471884    20.870596202712185629   -15.856095706358575015    14.1756315853622894       0                     
162   3                       11                      -20.709790010822423767   -11.845630317517935381    16.654977604666484581   -47.990397933006846642     0                     
163   3                       11                       18.334730308813682598    -9.3155796613813315332    7.2330444068259254209    3.006106240606425839     0                     
164   3                       11                       23.991125250093432442   -10.797745100315134792    -8.0826523083454588914   22.496032458123757181     0                     
165   3                       14                       11.580915478612510583   -16.934699327949132908   -17.938961932840516766    13.865178083503893802     0                     
166   3                       16                        2.8170452367554048578   -4.1997776510193425281   -1.2296089845778439553    1.1668765703139063472    0                     
167   3                       17                      -12.589895568925395963    -9.7071001908525609281    6.9095677649391724628  -27.866563524717129496     0                     
168   3                       17                        1.807425577754017354     1.570820460275474062   -16.493909377673155348    21.212155415702646621     0                     
169   3                       18                       14.130821173202903651   -17.068343279712912874    -4.2685781976367778157    2.6910560911267684681    0                     
170   3                       19                       12.014828536197271092    19.267704913268730138    -5.0834375507858169385   37.745971000251820726     0                     
171   3                       20                       21.501945091807741051    15.176908128936055675    -8.8754101977859178874   46.954263418529713192     0                     
172   3                       21                       10.594916244641630954    -0.65620346987997280053  15.296386406825945414    -3.9376736320642873324    0                     
173   3                       22                      -15.034426025355799084   -14.68635620919204321     18.817390205063247777   -47.098172439611090567     0                     
174   3                       22                       -1.7159994435301051396  -11.62863069219249823     -0.9561995432144492213  -10.948430592508154646     0                     
175   3                       24                       13.078499784944227713     0.71168848804936146735  -4.8060660408358231166   20.076254313829412723     0                     
176   4                      -25                       -2.7112032711299143273  -23.690785086222639677   -10.167093431895388278   7768.5542148399290454       0                     
177   4                      -24                        5.0306518193405764805   10.675211903982614103   -11.913741082119230441   9027.6633918106108467       0                     
178   4                      -24                        8.9365404574052789144   21.576840995852094807    -3.5212461798268464008  5525.1223566195130843       0                     
179   4                      -23                      -17.318183249588631867    17.785437441148197024    16.49264604060273598    11823.136584753843636        0                     
180   4                      -22                      -24.821983500901140474    17.022774790046454996    -9.2208169058479398927  -28026.243913267840981        0                     
181   4                      -21                       24.049885700235577701    22.964573249771390806    20.172635661292034115   43094.39034397679643         0                     
182   4                      -20                      -11.092123682352744041     8.7145470747059619043   13.33422546147700416    10133.115913186713442        0                     
183   4                      -20                       10.651215855183835401    24.576286191254922642   -22.82400701637938667    36678.93495126117341         0                     
184   4                      -17                        5.9196511906850268758   23.289498976964850385   -14.796814180397618088   16120.535329000767888        0                     
185   4                      -15                        8.7162708998462790078    3.2612919926320422803   -9.0220951646152176551  6969.2555860360798761       0                     
186   4                      -15                       13.241351811318040177     4.0836805669785718464   17.928945273004693206   16725.625875292476849        0                     
187   4                      -14                      -20.125833202229308938    -8.5880869823945893415  -15.465316380761869652   -9544.6040122695194441       0                     
188   4                      -13                        3.5428935642221226487    4.7563108164715330872   24.002402664861264725   27822.404621736648551        0                     
189   4                      -13                        9.8313481849691228831  -20.116123628922768063    18.691398871338790855   18651.196482079049019        0                     
190   4                      -10                      -22.262498761169261741   -18.2055900969555573      -7.4191015780016549286  -19696.262769066554029        0                     
191   4                      -10                       -6.1036283688860990537    6.8404745936487998392   15.442033087704807315   14043.411656820795542        0                     
192   4                       -7                      -18.551433515071735769    21.922980828984400148     0.68109863467540421311 -8831.5591389176515804       0                     
193   4                       -6                      -15.263837137414103751     5.5625188508449383562    1.5575551499979454206  -5769.9919093238268033       0                     
194   4                       -6                       -3.1138756244708503118  -20.868005909274334186    23.635920273893489707   32463.725399347913481        0                     
195   4                       -4                      -23.507427411085792812    -8.7269761242733743245  -22.176204671891454723   -10602.691678172766842        0                     
196   4                        1                      -11.415725735252657103    13.527707810589980397     1.250322931178455832   -1180.4147561230438441       0                     
197   4                        1                       -5.0669144306953342038   17.293482613399035586     6.6466801683992784433  4623.2647164059653733       0                     
198   4                        1                        1.4956876879315075257  -21.746010843791534484     2.1973743379109897944  3064.1757602126431266       0                     
199   4                        3                        0.95775804672338438195 -13.723633336071770827    -5.2217171994554156811  2490.754359122464848        0                     
200   4                        3                       24.921738028554649702   -17.589945022899179605   -10.960238701840918196   45208.532284056105709        0                     
201   4                        4                       -3.7525943938066710359  -15.862431032970182088     9.4187484230889779724  6780.1777250583691057       0                     
202   4                        4                        9.550644597632491184     6.4120141093647120556  -21.064110277095835499   27922.382606183113239        0                     
203   4                        5                        4.3520579686276690268   -3.7252219077956922888   -8.466893572468983109   4422.740466607381677        0                     
204   4                        5                        5.2796389805804082584    4.2459430192704203932  -23.711633668027733535   30580.857527727748675        0                     
205   4                        7                      -17.742124762931403836   -24.112049379644926006   -22.466234241487978096   9836.4665776920028293       0                     
206   4                        7                       -5.2662824310051021826  -24.876903375209518998    17.682260264801385574   21348.884343747591629        0                     
207   4                        7                       11.780867904280512448    14.223178010253043624   -16.75970496273592758    22374.561993436072953        0                     
208   4                        8                      -12.138039188119126521   -11.346786464552113927    -4.6865336668879109538  -2592.0269090614638117       0                     
209   4                        9                        4.6013873949184542766  -10.393962617822447569     6.3644521961837163815  2436.0703621085945088       0                     
210   4                        9                        9.0379382776184797876   -8.0740441318308135976   -6.226107764762385699   4936.1761637768213404       0                     
211   4                       10                      -24.177761811711302897     1.2360817559147463385  -18.973076036100525954   -18544.81065277106245         0                     
212   4                       10                       15.905061626132820152   -15.375629888236435505   -14.340140508101354655   24466.814963164189976        0                     
213   4                       10                       16.33604085592926225     -0.9973570559633344601  -15.74126285620528698    26413.17274634856949         0                     
214   4                       12                       -7.562152980305754113    15.7900271742581495     -22.641637422526635248   22532.873722501852171        0                     
215   4                       13                       -5.6511029654767135355    9.1287320710552748437   -1.7711029364194494917  149.04580964769718321      0                     
216   4                       14                       -7.0390173553114330218  -20.579834737810266176    -9.5749144204368139555  5017.6652708689989595       0                     
217   4                       15                      -24.541673614257405234    -1.6455680648436690205   11.927050124929991171   -15035.828748807440206        0                     
218   4                       16                       16.16053444779490178    -12.932619295020730377     8.9103218594822806153  11172.569644447004976        0                     
219   4                       19                      -21.805409571250297773    10.510955320743605057     9.2822973964461823471  -10490.674268304621364        0                     
220   4                       19                      -11.218183136176826054   -18.540568473409063444    -6.6108410497686911356  107.61212512945837716      0                     
221   4                       20                      -16.081596667431668379     6.2396310419867830888  -24.949246174178377089   15099.372152302586983        0                     
222   4                       23                       -4.2856531940600035568    8.1769909779487690571  -23.464084018688669886   25347.78940724037966         0                     
223   4                       23                       -1.0827809029451529454  -14.550867920729999128    24.270998327729991217   31742.054987513569358        0                     
224   4                       23                        0.18502752375440678634  -2.8322770250105016032    1.1866812261256072247  139.68465542467728824      0                     
225   4                       24                        2.5108591776133657447    9.9249236892268299925  -16.277195411472860087   14366.934567506912572        0                     
226   5                      -25                       20.062060219250163584    -9.4370243779935467643  -23.368026918863883168   612.29850251059485799      0                     
227   5                      -24                       11.019554825317939617    -6.1634406422645433565   -3.8413640521563046093  155.52286501759462567      0                     
228   5                      -23                      -22.487063960658169037    19.832632272465303913    14.810704283232496437   371.91170702163901751      0                     
229   5                      -19                       24.246663134136852591    24.293219848650785764    22.595310155068368374   384.16288174469582373      0                     
230   5                      -18                      -22.712621343488017089    21.744138491792632806    14.752078029502200707   382.73446602714761866      0                     
231   5                      -14                       22.992222894493544061   -10.80696891565037987     -7.9485889587431621806  599.89961425876163048      0                     
232   5                      -13                       17.976921480236789819    -3.5641853260258642422  -21.213479980829518468   513.83102573406449665      0                     
233   5                      -12                       24.550449952983868229   -21.438923543188469267    12.878887558188026219   486.57460487027333329      0                     
234   5                       -9                       13.612791139588878764    16.909090700305320354   -24.72664651012203052    407.66790120116775142      0                     
235   5                       -9                       23.366001707912886332   -21.23059833306600197    -23.953932799108777374   761.37543100616687752      0                     
236   5                       -6                        3.2049953290272981121   -4.6555622249505397292   10.01110610631553044    -79.947959897752980396     0                     
237   5                       -3                       -9.3322575326851264776   -2.1509706677754820703  -20.177336172242029022   268.62705620653656524      0                     
238   5                       -1                       10.304081925727444968     9.2562445911244140007  -21.924326672480518141   303.4730443844276806       0                     
239   5                        0                       -7.3840892806146491978   12.38093683165054415     -0.189132144625563825    56.226963805718241929     0                     
240   5                        0                       19.732392240439637021    14.854866865057232417    17.156228845696020358   234.9612439192982265       0                     
241   5                        2                        3.16058542299098022     13.052966806072035411     5.0454937653256308749  -35.380143671907603675     0                     
242   5                        3                      -13.855971237285055864   -11.035591868272886629     3.2615291104329600103  162.69417693457410223      0                     
243   5                        6                      -19.442700932277993786    -5.528881812079085023    17.583062419617327521   219.89105776544764126      0                     
244   5                        6                       18.025741508841917948    19.639791603814757082    -2.8943518355708448553  351.09652346372411102      0                     
245   5                       15                       -6.9559524706462276811   10.873516540898357619    -2.5835911293010198619   71.937594937598532852     0                     
246   5                       17                        8.0153273018112685122  -12.248765732499016679     4.8733908464837334407   20.724954136807507865     0                     
247   5                       18                        8.5731038629480380564    1.8259969872483061692    0.86578447317373630199  66.066049586330947818     0                     
248   5                       20                       12.563512072377719164     4.9174034311709462486  -13.996756154158330077   284.21264098020560596      0                     
249   5                       21                       14.252569249843375587     7.6107818216110558751   16.926266997290376537    51.21932724596756259      0                     
250   5                       23                       20.257218693955152844    -2.3380899304379916259   22.700510076130861137   206.51031852954835699      0                     
