1 21.47914126040168 38.14523233703072
2 124.00029196525428 5.15860495801402
3 38.70322043090794 2.86067633651335
4 29.35929763969171 114.84647577020623
5 263.99301885959699 8.58274098233061
6 147.32799954963588 29.84413681766029
7 54.46313272895947 45.84365720992493
8 12.68471872130254 0.00000000000000
9 20.90165236589730 0.00003429084585
10 138.07002030631335 18.04721565602941
11 16.22676112412553 135.40034468933007
12 181.28825464764151 179.86288008663249
13 41.93321942520392 2.58551976857827
14 97.07812993531179 11.05641966949542
15 72.10936397961700 46.57929173328100
16 383.85309255999368 129.51935969337154
17 32.11722845066144 66.13690501420581
18 11.98043242586185 95.32349847640116
19 13.19779079947705 84.53437411657701
20 427.73153675558234 184.73906180249168
21 53.48201214191937 11.69745654443490
22 55.55163942636699 13.49711539468360
23 69.02976864756153 0.00000000000000
24 88.31287408010495 175.12408488214612
25 34.70921636011558 141.00689527095125
26 54.36513003655003 9.30790719567811
27 45.32687844527744 48.41300231748567
28 429.45502205745640 51.71764176743736
29 105.27932990325078 56.52266413552892
30 219.60944915183461 121.46525256263290
31 28.23342793208048 34.16545192544592
32 168.22242715923164 15.58115537626902
33 28.22524306291810 0.00000000000000
34 479.64481794308165 0.00000000000000
35 83.33004316229763 28.06226783501422
36 127.25695503417064 86.68699575452317
37 682.58221403240032 18.88067156617461
38 265.69061841859030 164.05811368497228
39 99.61095601036843 5.95159884567080
40 259.86868597180853 86.23267486221509
41 459.29850830835403 95.56936909743978
42 51.07949863213459 37.22538828942963
43 10.83672294969638 0.02027159143597
44 368.50730368247548 11.45688360713886
45 93.89110526833667 13.53116623320190
46 45.02951517592110 6.12376788007609
47 71.00367484500163 2.05823447106186
48 148.97906655999495 18.78300660585528
49 63.62323249722623 48.12058341473134
50 62.42074410359086 14.70094104643776
51 72.72278972746324 10.94868344619298
52 17.10418718971017 46.56635900723654
53 52.46578188862303 0.00000000000000
54 98.89726790371940 11.95377605985377
55 129.81221167962948 13.46927471678891
56 77.49825388215031 11.60862413942138
57 170.19654853284331 96.79389116858948
58 65.22232126778715 1.12227567465283
59 86.04768537116885 0.50980430473780
60 63.82497751668554 17.51877348869914
61 426.95635765067539 8.92165959146637
62 126.88460601948886 12.15139685887635
63 71.42865242796248 78.94270689724664
64 61.35877939393476 18.70612590649707
65 533.24011201561530 275.76877690362500
66 69.22704415621901 58.58560029544903
67 422.97350939908409 10.08859289632045
68 102.14360235767022 9.77257130895825
69 138.71619910211990 1.64268345605246
70 65.04152370836644 32.73579177748040
71 113.43129750045587 28.98521396790105
72 64.58939937321566 20.02796663655862
73 46.74813238498902 171.56068901594833
74 49.18947731206696 51.62291876049290
75 165.26136192084442 25.52366540345030
76 18.28357537715971 0.01920545889810
77 179.46535273099954 40.06631258404175
78 310.09312408847080 78.61533339829477
79 120.13790384740960 217.68906873946082
80 196.56987818996851 215.36318528421597
81 85.52460414673079 19.56136081289224
82 502.40538898864122 29.89059391752115
83 26.26041686675541 78.02600658371992
84 369.59839994099985 197.71446042042831
85 210.04721886853724 140.99864388913869
86 276.53262832220162 154.61568713756162
87 613.93604930852825 58.96618655036556
88 623.45446322353155 5.51016034707152
89 17.14283366831040 164.51197461374849
90 72.71627535638409 32.46792125798189
91 73.55302286623593 123.75100118959013
92 61.23849937868317 31.44278422277871
93 77.16244919888037 6.17741309948773
94 84.21586429773834 6.89412105026020
95 456.05556380655599 150.41163457241635
96 64.12335384010643 43.39246220600293
97 60.57682684925837 98.20356788905239
98 135.72290792222228 3.45460005732341
99 339.95058934324840 0.00000000000000
100 127.30660612181615 12.29590641062270
101 281.14104463450650 95.01817038924189
102 306.10578154163414 7.58660997533899
103 55.27451043819278 0.00000000000000
104 103.56952314865838 17.98248191439080
105 11.25454574313759 6.27438107136925
106 79.95229979779292 0.00000000000000
107 160.03541922977155 0.00000000000000
108 84.07898763216552 22.92669996018944
109 77.37936225444460 72.90381691481907
110 87.66791602309706 35.55323574483339
111 42.85436197051455 15.14354940001062
112 167.94290743442656 27.70845043390029
113 21.86009824477757 172.91894369632564
114 66.98968833874589 25.99178874569481
115 315.69488608512609 1.91032727004400
116 119.36334439663084 66.37667733815326
117 70.92139968124069 9.06152457415028
118 77.40667478060806 39.38871704765377
119 29.30382800685378 3.26581938691717
120 165.98940941725783 4.59961066467663
121 85.95110509426911 48.66989078941393
122 382.11701671802098 189.03456521186177
123 70.54357050039971 7.73642072951314
124 147.35369405241519 38.65916410660402
125 141.90525703556719 41.18833201326373
126 699.21172721028847 279.77803297445445
127 18.33643874283033 63.55545015553629
128 117.13299255858158 71.75629470447583
129 116.72532110685124 4.92726607782161
130 197.29396052642318 117.03596712647554
131 85.23943344976817 8.14283861152068
132 14.45993162837287 114.54667852233138
133 214.95386026760178 52.90842674319440
134 558.60104978865695 14.66649621103570
135 105.87737290979317 3.60482766187190
136 136.02134200790960 5.11894410813898
137 91.07101349352322 86.49211704834305
138 187.64997094728568 128.04279872468575
139 164.70638685704597 79.88164463831563
140 140.39805448761848 51.63836024710697
141 51.99154420536377 2.15238114022122
142 77.29505140194553 8.84145065782414
143 66.68264052772803 30.20490988358111
144 237.44911555271258 0.41392380045603
145 226.83965470128328 76.66607079217103
146 23.23133162815195 141.59743177023927
147 210.87957632401270 137.59958869346929
148 243.69661164180846 249.79153338884103
149 440.53811575616805 0.00000000000000
150 266.50787411482281 0.00000000000000
151 121.09296145651106 204.30288053302573
152 630.10222364135461 186.62025596797582
153 249.23408063099254 45.06508172864832
154 178.19688699256844 205.31245730683278
155 450.95158357412322 32.77128663579609
156 38.58764642903078 165.71719619348531
157 119.34747402117752 160.18789370297441
158 42.47518583653593 0.00000000000000
159 72.56427231709594 1.47385946940884
160 145.49710877637543 160.04853085934957
161 247.98936716799420 27.24606426084878
162 40.78208267196383 23.46818342266975
163 37.77788462508352 50.62918653455104
164 23.72120864400279 28.87751215588379
165 81.64475716602323 2.97791231381953
166 24.41559567304530 154.00325834895301
167 19.63778474513000 21.74993267097264
168 482.31446528648712 79.28003646739128
169 69.29808916511531 3.25907462911316
170 128.38655022123760 233.39594546861321
171 123.11740253858903 8.00659151284145
172 127.94668137750929 30.90838825640435
173 299.13738502870979 110.89599512318652
174 59.69985488144955 260.42242431129392
175 113.15881429671906 20.05458057063379
176 221.17554524582471 66.11428828774588
177 223.58677818882560 189.67059478573958
178 41.34465271235170 102.04045164045689
179 46.41800003025187 64.12998986138433
180 21.84880530679435 19.92894143065020
181 60.31242786106480 5.07757697093600
182 39.22355928776517 0.00000000000000
183 330.42005592222210 109.46537690637692
184 308.73054856712434 88.76657051885650
185 73.24130330842485 5.36555687389055
186 34.54853314228549 87.12686282307502
187 47.67663997582435 66.04445135272739
188 149.66643532721253 274.21277837083488
189 278.88689108096310 223.52830110142008
190 340.88518993278336 279.31301263169763
191 223.97186121439711 1.59843709640834
192 36.94086960261966 166.33060318918729
193 96.17305942966286 113.67230218847124
194 461.43417946017712 36.89229333653799
195 202.81308983283475 135.91913109376199
196 199.50630892400528 72.42966019172600
197 11.49964739023326 90.58143146445697
198 303.94276223441011 293.88819375363664
199 11.37051789693720 147.37466342410977
200 46.89440846963889 4.05686377291740
201 358.14075074751156 93.63691517769959
202 197.24399774621614 18.62425661004490
203 31.68161243028260 110.67280499604634
204 73.58757589632015 121.64614256112382
205 140.74679634887272 131.96247253222461
206 60.62406755915248 95.73403343706364
207 109.71041618594231 116.97559561991368
208 13.23888163913448 109.11544272741547
209 39.61333072117830 122.16232073787093
210 59.52652831137935 136.54658710481743
211 49.33931502425780 43.17255148216675
212 476.85045006427697 69.91593884463724
213 73.90641403625203 231.87959762255340
214 244.11388179396698 0.99134425779298
215 216.60199174473681 95.99658449716311
216 50.98026447581881 110.73088320286365
217 28.90153953009362 24.62264552241406
218 142.57381863823602 3.42351661308175
219 495.89663220823650 284.87552950665179
220 726.20824852911960 107.11073489702956
221 22.87309484907200 3.60938962932188
222 34.10441147637985 108.95506016633730
223 169.40644602646123 31.17990111530139
224 44.97408211849923 17.85545021123770
225 119.02921170809719 32.15685446262213
226 60.92816547253384 15.93399833263289
227 288.00062997625804 197.54891122040596
228 20.39576780334398 81.45029685065280
229 129.65558104462934 98.07133224530807
230 370.95470044334019 253.08804857182946
231 454.59326052846814 125.13122835151499
232 45.97784095069283 201.32478883779754
233 266.61405411100640 0.03581798961745
234 83.71560699212262 7.25362126116437
235 152.76202954957819 125.12626529733133
236 456.49967336193174 146.03397877945955
237 74.05673013170177 92.64438018061861
238 32.72877672460398 144.76099602052392
239 50.92591152073381 74.52849246545007
240 101.24958493567210 13.90441738450824
241 17.68075434773204 66.58004936200471
242 167.12675215811902 221.24550803181776
243 40.69308952962997 72.89287344296663
244 52.54737863065431 0.79627156230127
245 264.11743899335312 172.20302661438714
246 48.45328896841154 0.00000000000000
247 137.92685501595125 1.01575489497779
248 68.05444816775345 39.55401575985399
249 280.66786019004462 403.84318207013365
250 80.71930815176347 205.61462647564665
251 12.08749146758138 106.91004859140398
252 13.28386180762945 56.77289008886405
253 386.91938660576238 229.96805303758941
254 112.05354085741993 44.63474150418361
255 84.55697399472783 44.42108404806565
256 239.44463903808523 30.44723582502372
257 166.12700732470080 7.29442006524364
258 385.06640171095205 125.45063574903998
259 27.74931931028541 71.03967236216283
260 87.36870258944847 14.67289240229652
261 40.34023439195788 2.47224987481571
262 54.41373346092558 242.78135134262061
263 195.01724199971355 8.02623639149660
264 112.41619263314901 154.28262468207527
265 257.54547608814596 380.96923572609950
266 41.00864588803995 36.80427986478435
267 168.74622085566915 393.49192420416750
268 294.79042646831516 193.25816301257618
269 211.56645217535009 307.67301483951724
270 395.18454924093038 66.57700203302072
271 257.52219438022075 507.45543491335962
272 52.34448707649641 17.16176080012352
273 139.42769358771008 122.52351065848389
274 127.90724386262900 203.46544807142158
275 55.27142656327296 44.66856738286193
276 51.31665329245774 50.22432631964799
277 33.14252709193715 153.20912426263590
278 139.01590135635297 19.33689326415052
279 730.81282483177802 206.58724465669235
280 24.78626283299265 19.57453851434700
281 43.60558087833108 3.04099008294911
282 486.55227875348464 33.68105932110397
283 47.59765267726962 133.39748908294732
284 393.26613897507650 63.22639334355747
285 278.98435428726930 152.43063224335523
286 80.00307979647921 157.40163110018798
287 63.35945691007524 36.41703943275679
288 65.51584150586342 59.42650077011226
289 125.98608188277093 473.91193598045157
290 237.44291143669500 153.52373812748218
291 87.81090678835744 27.10499252145668
292 39.39755130643987 4.99257953610279
293 23.13503312415961 174.87582311854743
294 15.44817407694040 85.02234894200197
295 409.74323260396056 157.51640938280150
296 330.57700124854409 71.83277860047704
297 22.73489478467483 161.56079660008353
298 43.36493693042164 278.60756240485517
299 336.34530106248002 17.76190588603530
300 11.31533183486854 43.74570583042320
301 10.12886992106173 0.00000000000000
302 10.12854727981694 0.00000000000000
303 10.26334700348426 0.00000000000000
304 10.24300114048612 0.00000000000000
305 10.17973454693689 0.00000000000000
306 10.17292359518572 0.00000000000000
307 10.02181763921275 0.00000000000000
308 10.25919357544542 0.00000000000000
309 10.32387025171082 0.00000000000000
310 10.27399030784677 0.00000000000000
311 244.10336922388638 0.00000000000000
312 10.29359588891995 0.00000000000000
313 10.31480776648701 0.00000000000000
314 10.02248136299993 0.00000000000000
315 10.03088960119124 0.00000000000000
316 10.29674093671070 0.00000000000000
317 10.27870562734605 0.00000000000000
318 10.30310752560130 0.00000000000000
319 429.13664522708422 0.00000000000000
320 312.67190944069768 0.73948612059903
321 11.07280261538555 0.00000000000000
322 10.32571416332813 0.00000000000000
323 10.01308408148813 0.00000000000000
324 10.00668923062540 0.00000000000000
325 10.20128832804483 0.00000000000000
326 10.15073350624465 0.00000000000000
327 10.36040777659290 0.00000000000000
328 10.16555659768060 0.00000000000000
329 10.35184770635542 0.00000000000000
330 10.18649702636351 0.00000000000000
331 10.58890569738879 0.00000000000000
332 10.05863151592401 0.00000000000000
333 10.63434208888199 0.00000000000000
334 10.15363229339156 0.00000000000000
335 375.00000000000000 85.56250000000000
336 10.27354316661171 0.00000000000000
337 10.16806512210569 0.00000000000000
338 10.17243158214669 0.00000000000000
339 10.26881297338290 0.00000000000000
340 10.10780848652643 0.00000000000000
341 10.33706724109818 0.00000000000000
342 10.09126739249188 0.00000000000000
343 10.16565545250076 0.00000000000000
344 10.01497262136462 0.00000000000000
345 10.02134691382857 0.00000000000000
346 10.13639967964929 0.00000000000000
347 10.03181096379097 0.00000000000000
348 10.18837582907761 0.00000000000000
