1 A A -2.910685 4.878788 1.000000 0.000000 407.236905 0.000000
2 A A 2.642208 -1.747195 1.000000 0.000000 26.770784 7.008169
3 A A -2.285358 -2.220120 2.000000 3.000000 40.525344 4.434138
4 A A -2.847860 -0.501911 3.000000 2.000000 55.443057 3.137806
5 A B 4.168954 -2.618855 0.000000 1.000000 151.199293 12.197435
6 A B -0.876388 -3.954219 1.000000 1.000000 252.042750 5.111510
7 A B 3.885408 2.408757 1.000000 3.000000 142.330988 13.860601
8 A B 2.748344 -3.421189 2.000000 5.000000 80.505257 9.394369
9 A B 1.197780 3.683606 3.000000 1.000000 163.523769 6.435144
10 A B 4.839016 4.342305 3.000000 3.000000 711.366224 17.688202
11 A B 2.190838 2.864920 4.000000 2.000000 56.395808 9.004975
12 A B -3.727364 3.597753 4.000000 3.000000 83.893617 0.000000
13 A B -3.544863 -0.344724 5.000000 2.000000 66.637549 3.503371
14 A B 3.180667 1.495228 5.000000 4.000000 10.715003 11.289614
15 A C 2.395801 4.999417 1.000000 2.000000 571.073104 6.937548
16 A C 2.260010 4.527561 1.000000 3.000000 332.320100 6.648141
17 A C -2.799762 2.354978 2.000000 2.000000 16.384193 0.244844
18 A C -1.189210 -4.625990 2.000000 4.000000 337.644049 6.017897
19 A C -1.767223 2.001567 2.000000 5.000000 40.934346 0.000000
20 A C -1.216342 0.929485 3.000000 0.000000 58.975416 0.482772
21 A C -2.123536 0.572391 4.000000 1.000000 57.189412 1.520261
22 A C 1.870014 4.332086 4.000000 4.000000 228.954302 5.527020
23 A C -1.900284 -3.162065 5.000000 1.000000 147.316643 5.087278
24 A C 2.955051 3.454182 5.000000 1.000000 152.694843 9.001608
25 A D 2.518500 4.051894 2.000000 2.000000 238.829165 4.503607
26 A D 2.968811 1.887885 3.000000 0.000000 33.443258 8.018548
27 A D 2.161811 1.840327 3.000000 3.000000 16.482393 5.645106
28 A D -3.917820 -1.400894 3.000000 5.000000 114.684583 4.839259
29 A D 2.592311 -3.391632 3.000000 5.000000 92.512343 14.115963
30 A D -4.996038 3.917324 4.000000 2.000000 406.683034 0.329704
31 A D 1.313215 -1.851518 4.000000 3.000000 112.622713 8.157769
32 A D -2.544386 -1.661756 4.000000 4.000000 70.356390 4.070046
33 A D 4.438311 -1.556128 5.000000 3.000000 64.474037 15.871062
34 A E 2.618955 1.193170 0.000000 4.000000 18.042471 6.768817
35 A E -3.782318 3.496060 1.000000 1.000000 156.277864 0.000000
36 A E 2.030863 -4.531387 1.000000 1.000000 447.626351 18.530755
37 A E 4.036095 -4.207395 2.000000 2.000000 341.314260 22.151549
38 B A -4.261707 -0.692299 0.000000 1.000000 187.558711 7.584860
39 B A -2.719848 0.828504 0.000000 4.000000 79.491406 3.751268
40 B A 0.512205 4.463996 1.000000 2.000000 285.425386 8.116610
41 B A 3.412756 3.350899 1.000000 4.000000 148.636546 15.426891
42 B A 4.925137 1.568393 1.000000 4.000000 366.312824 17.735903
43 B A -4.434194 4.736164 2.000000 1.000000 503.813939 2.415127
44 B A 1.569773 -1.910011 4.000000 2.000000 100.706893 3.377157
45 B A -2.584339 0.033421 5.000000 0.000000 49.390908 4.343087
46 B A -0.703706 2.149431 5.000000 0.000000 83.484540 1.575670
47 B B -4.799652 0.616365 0.000000 0.000000 362.842298 7.083112
48 B B -4.099434 -0.030629 0.000000 0.000000 163.286367 6.679780
49 B B 4.996840 -2.190016 0.000000 0.000000 352.245606 14.895513
50 B B -2.453929 2.509693 0.000000 3.000000 17.743163 1.671200
51 B B -4.755755 -2.991313 0.000000 4.000000 198.932959 10.624945
52 B B -0.197372 -1.478200 1.000000 1.000000 82.245589 2.274258
53 B B 3.043746 -2.766024 1.000000 1.000000 69.459006 8.748227
54 B B -2.813827 1.130628 1.000000 2.000000 44.837180 3.590113
55 B B -0.575088 -0.137864 1.000000 2.000000 77.095007 1.500496
56 B B -4.907538 -1.392352 1.000000 3.000000 319.728690 9.253659
57 B B 0.605963 1.618901 1.000000 3.000000 38.283495 3.627341
58 B B -2.417271 1.440079 2.000000 0.000000 16.005415 2.685828
59 B B -4.573606 -2.791593 2.000000 1.000000 112.589695 10.152002
60 B B -3.318788 -2.476111 2.000000 1.000000 10.324923 7.954293
61 B B 3.918827 0.236078 2.000000 2.000000 67.658585 12.874520
62 B B 3.959418 -0.299000 2.000000 3.000000 65.339523 12.728755
63 B B 4.073383 0.555133 2.000000 3.000000 94.060665 13.497714
64 B B 0.560095 3.502841 3.000000 1.000000 133.496868 4.431705
65 B B -3.267082 -0.166674 3.000000 2.000000 64.678998 5.567298
66 B B -0.264824 2.606533 3.000000 4.000000 50.264618 1.508796
67 B B -1.641062 -2.809025 3.000000 5.000000 93.663525 5.770618
68 B B -0.075529 -3.869728 4.000000 5.000000 264.609493 4.483020
69 B B 3.125959 3.859510 4.000000 5.000000 144.664750 12.307633
70 B B 0.808323 -0.449894 5.000000 5.000000 162.435978 3.200021
71 B C -4.285718 2.216978 0.000000 1.000000 228.323829 4.711599
72 B C -1.949768 -3.632491 1.000000 1.000000 124.644804 7.057144
73 B C -3.115380 -4.555331 1.000000 2.000000 199.352782 9.728401
74 B C 2.497091 -3.796257 2.000000 1.000000 234.373138 9.990957
75 B C -4.871148 4.271089 2.000000 3.000000 480.041490 3.535633
76 B C 4.584934 -4.652515 2.000000 3.000000 530.790128 15.917932
77 B C 4.112236 0.449698 2.000000 4.000000 100.454091 13.224284
78 B C -3.207195 -2.963562 3.000000 2.000000 15.296081 8.274354
79 B C -2.144140 2.790940 3.000000 2.000000 15.304357 0.925270
80 B C 1.139098 -4.924958 3.000000 3.000000 585.379444 9.364844
81 B C 0.483370 -1.579571 3.000000 4.000000 126.168124 4.199519
82 B C 1.093000 3.180527 4.000000 3.000000 80.187225 3.483869
83 B C 2.676162 -4.078596 5.000000 2.000000 307.104950 10.612487
84 B D -4.510103 1.159731 0.000000 5.000000 353.603253 6.105423
85 B D 1.025172 3.241584 1.000000 0.000000 108.209024 0.833932
86 B D 4.485768 4.413560 1.000000 3.000000 677.181911 10.043745
87 B D -2.004724 -3.666333 1.000000 4.000000 83.752130 7.173419
88 B D -4.150304 -4.111595 2.000000 1.000000 131.305318 10.837050
89 B D -1.321819 2.378302 2.000000 1.000000 26.792596 0.104426
90 B D 2.885390 -3.861771 2.000000 1.000000 241.505933 13.551628
91 B D -2.083983 -2.546106 2.000000 4.000000 51.042957 6.172081
92 B D 0.770632 3.165370 3.000000 0.000000 114.733178 0.146526
93 B D 4.243985 0.421639 3.000000 0.000000 104.847383 13.310317
94 B D -3.579028 1.030342 3.000000 1.000000 63.865425 4.838199
95 B D -0.450723 -4.465760 3.000000 1.000000 457.892367 9.755435
96 B D -1.368314 -3.329032 3.000000 2.000000 151.994994 6.105593
97 B D -0.769170 0.492883 3.000000 4.000000 115.246804 1.160872
98 B D 0.322308 3.396967 3.000000 4.000000 74.600108 0.000000
99 B D 4.651960 -0.784549 4.000000 2.000000 129.463276 15.740430
100 B D -2.062736 2.710634 4.000000 4.000000 19.719622 0.883470
101 B D 3.520368 -3.050115 4.000000 5.000000 44.345803 14.611218
102 B D -4.674231 1.641422 5.000000 3.000000 214.716517 5.869925
103 B D 4.700257 -1.721406 5.000000 3.000000 104.909995 16.822176
104 B D 2.326115 -4.851379 5.000000 4.000000 513.504157 14.691930
105 B E -4.058158 2.753021 0.000000 5.000000 196.916137 3.834216
106 B E -1.835633 3.552169 1.000000 0.000000 87.134420 0.000000
107 B E -3.805378 1.268139 2.000000 0.000000 87.664145 4.939928
108 B E 4.416813 0.388847 2.000000 0.000000 158.135316 13.569956
109 B E 0.447899 4.684482 2.000000 3.000000 322.193850 0.000000
110 B E 1.843239 3.831526 3.000000 3.000000 145.934993 0.000000
111 B E -2.960711 -4.055959 4.000000 2.000000 128.047531 8.997026
112 B E 1.635835 3.122408 4.000000 3.000000 68.425358 0.443290
113 B E 4.612558 0.362736 5.000000 2.000000 123.729902 14.202886
114 C A 1.273243 1.342067 3.000000 1.000000 46.448326 6.497311
115 C A -3.164291 -3.185031 3.000000 2.000000 23.600056 10.804686
116 C A -0.538098 3.775056 3.000000 2.000000 128.699483 4.104527
117 C A -3.343993 -4.499560 4.000000 2.000000 187.466977 12.523544
118 C A 3.734326 1.248086 4.000000 3.000000 37.055429 13.763086
119 C A -4.220185 -4.381865 5.000000 5.000000 79.584972 14.377282
120 C B -2.601624 -2.725277 0.000000 1.000000 17.161690 9.078930
121 C B -2.201054 -3.088352 1.000000 4.000000 39.283740 8.540722
122 C B 3.722815 -4.975302 1.000000 4.000000 518.740079 9.680794
123 C B 0.720981 3.325717 2.000000 1.000000 104.372149 4.825802
124 C B 2.062173 2.691506 2.000000 1.000000 50.885419 8.532272
125 C B -0.925534 2.120293 2.000000 2.000000 35.416272 0.462159
126 C B -4.175562 -1.876184 2.000000 3.000000 99.125064 11.771198
127 C B -2.349682 1.930680 3.000000 1.000000 15.028675 3.856105
128 C B -0.733616 -2.659357 3.000000 1.000000 144.826325 4.809993
129 C B -2.483933 -0.210878 3.000000 3.000000 74.593019 6.299728
130 C B 4.691447 2.655460 3.000000 4.000000 288.377596 16.402072
131 C B 0.928171 2.297167 4.000000 1.000000 67.076787 4.933096
132 C B 4.369894 -0.333062 4.000000 2.000000 87.019847 13.943152
133 C B 3.388850 -0.038911 4.000000 4.000000 18.899364 11.147095
134 C B 1.931975 1.531398 5.000000 2.000000 42.979356 7.561625
135 C B 0.762854 -0.885625 5.000000 4.000000 157.600687 2.845751
136 C C -3.397773 -3.681928 0.000000 2.000000 51.401631 11.826917
137 C C 1.759946 0.231298 0.000000 3.000000 27.289926 6.222014
138 C C 0.091894 -0.261118 1.000000 2.000000 77.346283 1.895318
139 C C 3.295091 -1.168432 1.000000 3.000000 17.347139 11.177381
140 C C -1.036803 -0.475954 1.000000 4.000000 97.352509 3.308761
141 C C 1.685673 3.620281 1.000000 4.000000 87.590815 5.151948
142 C C -3.099047 -2.518019 2.000000 3.000000 13.928033 9.990875
143 C C -2.888983 -3.499068 2.000000 3.000000 38.902047 10.499280
144 C C -1.121099 -3.248430 2.000000 4.000000 121.604527 6.270903
145 C C 2.228460 2.874658 2.000000 4.000000 30.204500 6.966717
146 C C 3.683888 -2.016428 2.000000 4.000000 25.697256 12.555772
147 C C 2.701701 -4.713253 3.000000 3.000000 447.805359 10.283416
148 C C 1.477431 -2.252163 3.000000 4.000000 92.555469 5.995333
149 C C 3.315340 3.990221 3.000000 4.000000 221.004329 9.948465
150 C C -4.702512 0.016516 3.000000 5.000000 319.342736 11.064135
151 C C -0.052087 4.776546 4.000000 0.000000 468.370750 0.000000
152 C C -0.352394 -3.701763 4.000000 1.000000 301.486746 5.862908
153 C C -3.457294 4.185436 4.000000 3.000000 129.773024 4.093475
154 C C 0.046397 3.035906 5.000000 5.000000 78.514232 0.380214
155 C D 1.704316 -2.297717 0.000000 3.000000 43.020236 8.410665
156 C D -0.640602 1.094374 1.000000 2.000000 52.051724 0.846980
157 C D 3.832486 -2.109367 1.000000 2.000000 59.455384 14.606825
158 C D -1.824966 -2.384615 1.000000 3.000000 47.948649 6.990789
159 C D 1.809182 0.959821 1.000000 3.000000 22.807410 5.467725
160 C D 3.985159 -2.319684 1.000000 4.000000 64.387875 15.275160
161 C D -1.271621 4.614563 1.000000 5.000000 180.177840 0.000000
162 C D 1.425009 3.720717 2.000000 2.000000 142.040916 1.554309
163 C D 4.270332 -4.033230 2.000000 3.000000 289.878078 17.844226
164 C D -4.653435 -0.821843 3.000000 2.000000 213.659343 11.792071
165 C D -3.430156 -4.669852 3.000000 2.000000 220.333330 12.887704
166 C D 1.528026 -3.926914 3.000000 4.000000 242.065050 10.499847
167 C D -0.674367 -0.566709 3.000000 5.000000 147.097087 2.584034
168 C D -2.522133 1.203075 4.000000 0.000000 25.387018 4.971725
169 C D -0.848237 -0.412784 4.000000 0.000000 111.130509 2.821317
170 C D 3.474701 -1.359080 4.000000 1.000000 15.901227 12.783185
171 C D -3.171696 4.573320 4.000000 2.000000 220.349799 3.062995
172 C D -1.675020 -1.956644 4.000000 3.000000 101.842853 6.225439
173 C D 2.461668 -1.153335 4.000000 3.000000 37.403614 9.538340
174 C D 0.995490 -0.720170 4.000000 4.000000 124.779712 4.706641
175 C D 0.363047 -0.656094 5.000000 0.000000 144.264907 3.084474
176 C D -3.494296 0.183959 5.000000 2.000000 67.601794 8.178207
177 C D 2.281373 -3.978651 5.000000 4.000000 252.208033 11.822771
178 C E 0.855332 2.239320 0.000000 1.000000 27.411614 0.000000
179 C E -0.320972 1.401986 1.000000 2.000000 45.742881 0.000000
180 C E 1.257854 3.291112 1.000000 2.000000 79.959164 0.000000
181 C E -0.481724 -1.630142 1.000000 3.000000 88.504834 5.621599
182 C E 3.211781 -1.693729 1.000000 3.000000 13.797735 13.599368
183 C E -0.412006 4.159605 1.000000 5.000000 114.950463 0.000000
184 C E -3.600290 -3.512025 2.000000 2.000000 34.513743 12.112678
185 C E 4.032843 3.213915 2.000000 4.000000 211.663056 7.474179
186 C E 0.159209 -4.813147 4.000000 1.000000 641.808648 14.855560
187 C E -0.105509 -1.003973 4.000000 4.000000 156.827539 4.181794
188 C E -3.258989 -2.900042 5.000000 2.000000 22.077451 10.732767
189 D A -1.353068 2.173305 0.000000 1.000000 14.120660 2.385900
190 D A 1.444894 -4.431325 0.000000 3.000000 338.231451 0.596642
191 D A -1.507668 3.755107 0.000000 4.000000 53.470517 2.438777
192 D A -3.649067 -2.094322 0.000000 5.000000 76.486364 13.541522
193 D A -1.077161 -3.278626 0.000000 5.000000 83.048434 7.010108
194 D A -1.556207 -0.371844 1.000000 1.000000 54.021315 5.540465
195 D A 0.291803 -4.275957 1.000000 2.000000 347.682515 3.900547
196 D A -4.398558 -0.121113 2.000000 3.000000 224.085008 13.816788
197 D A 2.086340 2.497595 4.000000 0.000000 59.916985 10.381013
198 D A 0.677420 1.046089 4.000000 3.000000 92.587037 4.339870
199 D A 0.414630 4.499011 5.000000 1.000000 361.782069 7.867654
200 D B 4.774428 0.713763 0.000000 1.000000 321.778759 15.680167
201 D B 0.573664 -1.286288 1.000000 4.000000 87.543454 2.143144
202 D B -1.153608 -3.207291 2.000000 4.000000 117.361185 7.168115
203 D B -0.525239 0.287163 2.000000 5.000000 120.703299 1.788553
204 D B -4.400971 -4.774193 3.000000 0.000000 309.992804 18.477105
205 D B -2.674553 -4.891899 3.000000 1.000000 388.695763 13.415557
206 D B 4.888207 -1.528462 3.000000 1.000000 206.498284 14.900389
207 D B 0.936421 2.329369 3.000000 5.000000 43.974075 4.973946
208 D B -1.990004 0.743198 4.000000 3.000000 79.498355 5.726816
209 D B 4.362356 -0.833934 4.000000 3.000000 77.181318 13.670102
210 D B -3.945268 -4.596978 4.000000 4.000000 136.084913 16.932782
211 D B -2.187564 2.466552 4.000000 4.000000 21.977051 4.596140
212 D B 1.054874 -4.354725 4.000000 4.000000 381.868135 3.677363
213 D B -4.014197 -4.255299 4.000000 5.000000 63.769935 16.797891
214 D B -4.359849 2.805230 5.000000 3.000000 129.153743 10.774316
215 D C 4.811051 2.945362 0.000000 0.000000 545.604207 14.696812
216 D C -0.808193 -3.351270 0.000000 1.000000 140.755070 6.275848
217 D C -3.501974 4.070346 1.000000 0.000000 219.577376 6.935576
218 D C 1.944062 -3.822497 1.000000 1.000000 243.358262 7.787809
219 D C -4.323137 2.047869 1.000000 2.000000 215.767401 11.421542
220 D C -1.463687 4.023381 1.000000 2.000000 125.698174 0.867680
221 D C -1.880248 -3.466196 1.000000 5.000000 67.860495 9.606940
222 D C -3.869014 3.899128 2.000000 1.000000 197.580624 8.207913
223 D C 2.535435 0.164519 2.000000 1.000000 12.171194 8.565176
224 D C 3.548943 4.852570 2.000000 4.000000 544.313707 10.433685
225 D C -2.332987 0.662234 2.000000 5.000000 92.701718 6.836727
226 D C 0.255798 -2.837736 2.000000 5.000000 127.754798 5.047170
227 D C 1.979628 0.511588 2.000000 5.000000 45.385965 6.810988
228 D C -0.389952 1.783516 3.000000 1.000000 59.949736 0.000000
229 D C 3.834100 1.971526 3.000000 1.000000 91.145223 12.009417
230 D C 3.164326 -1.436393 3.000000 3.000000 10.231077 10.852076
231 D C -1.251454 -4.738651 3.000000 4.000000 389.312090 8.993013
232 D C -0.266912 -3.753287 4.000000 0.000000 336.916731 6.191609
233 D C 2.817134 3.095110 4.000000 0.000000 119.157943 8.677625
234 D C -4.488295 1.330506 4.000000 4.000000 217.686947 12.634381
235 D C 4.939963 0.107857 4.000000 4.000000 221.670860 15.792924
236 D C -0.974996 0.328076 4.000000 5.000000 147.956576 3.096911
237 D C 2.852149 2.913507 5.000000 1.000000 79.569136 8.828072
238 D D -1.747244 0.981592 0.000000 3.000000 47.314811 4.760141
239 D D -3.006818 -2.454640 1.000000 2.000000 11.134601 11.975093
240 D D -0.950942 -2.885850 1.000000 4.000000 92.565045 7.271700
241 D D 3.573968 -2.597013 2.000000 3.000000 43.021827 14.318916
242 D D 1.394907 1.718500 3.000000 2.000000 38.591267 3.466222
243 D D -4.601209 1.966052 3.000000 3.000000 242.759765 12.337576
244 D D 1.350552 -0.935674 3.000000 4.000000 90.042180 5.987332
245 D D 1.130936 -3.547233 4.000000 1.000000 275.294639 8.594466
246 D D 3.771352 -0.733571 4.000000 1.000000 23.891540 13.047628
247 D D 0.124816 -1.778545 4.000000 2.000000 148.874250 5.057089
248 D D 1.228701 1.535805 4.000000 2.000000 58.535146 3.150299
249 D D 4.758310 -2.362724 4.000000 4.000000 134.495925 17.637655
250 D D 1.629473 -1.820208 5.000000 2.000000 114.216260 7.708628
251 D E -4.935627 2.088613 0.000000 3.000000 459.224568 13.218268
252 D E 3.014529 0.690678 1.000000 1.000000 17.959284 8.834901
253 D E -3.970641 -2.424597 1.000000 5.000000 76.141375 14.836519
254 D E -2.647798 4.646258 1.000000 5.000000 174.250122 3.797136
255 D E 4.160957 -1.098276 2.000000 1.000000 83.094361 15.404852
256 D E -4.818327 -0.927370 2.000000 2.000000 277.507636 15.882351
257 D E 1.777874 2.556761 2.000000 2.000000 33.827750 1.859290
258 D E -2.762332 1.766012 2.000000 3.000000 33.512595 7.020985
259 D E -0.214422 4.101133 2.000000 4.000000 137.308070 0.000000
260 D E 0.226491 -4.965723 3.000000 0.000000 727.329627 15.155738
261 D E -4.839647 -1.124729 3.000000 2.000000 244.197489 16.143671
262 D E -3.758366 3.950221 4.000000 2.000000 136.772111 7.824878
263 D E 0.180109 3.433244 5.000000 1.000000 147.177929 0.000000
264 E A -1.480990 4.254682 0.000000 3.000000 145.256075 3.674413
265 E A 4.311298 4.937624 1.000000 3.000000 844.356516 20.105925
266 E A 3.337395 -1.256690 1.000000 4.000000 19.476746 9.441322
267 E A 2.914269 4.711518 2.000000 3.000000 441.605948 15.632203
268 E A -4.113664 -0.614345 4.000000 1.000000 95.166375 16.540583
269 E A -3.033569 0.070778 4.000000 2.000000 59.928715 11.805107
270 E A -0.004019 -3.590402 4.000000 3.000000 256.902840 4.105472
271 E A 3.621611 -3.031747 5.000000 2.000000 88.509229 8.075150
272 E B -1.593140 -1.224423 2.000000 1.000000 64.279381 7.698697
273 E B -1.621935 -2.042427 2.000000 2.000000 67.037833 8.624684
274 E B -1.017342 -1.321690 2.000000 3.000000 96.906456 5.636723
275 E B 3.440343 -1.967488 3.000000 1.000000 29.341980 10.337284
276 E B 3.067091 -4.148180 3.000000 2.000000 288.855038 8.127183
277 E B 4.529858 4.820765 3.000000 4.000000 750.924981 16.999956
278 E B -2.247551 1.809402 4.000000 4.000000 44.590874 7.118914
279 E B 2.349281 3.642332 4.000000 4.000000 103.167927 9.869010
280 E B -4.537240 2.969912 5.000000 0.000000 172.877358 14.544738
281 E B 0.873634 -0.537378 5.000000 5.000000 160.159615 3.352212
282 E C -2.393709 3.011306 0.000000 4.000000 17.968519 6.465104
283 E C -1.706302 -1.049320 1.000000 3.000000 67.816132 7.947954
284 E C -0.628361 -3.121744 1.000000 4.000000 114.327911 5.978097
285 E C 0.636587 4.369785 2.000000 2.000000 267.883797 1.817314
286 E C 2.104309 2.572054 2.000000 4.000000 18.396814 6.669913
287 E C 1.535145 0.884072 3.000000 3.000000 50.369002 5.384416
288 E C -1.431658 -4.193373 4.000000 0.000000 357.769676 10.062089
289 E C 4.212606 -2.687842 4.000000 0.000000 124.644367 14.309779
290 E C 2.401184 -0.090600 5.000000 3.000000 45.065976 8.226202
291 E D 4.562393 4.207992 0.000000 2.000000 705.668349 10.479187
292 E D -3.695480 0.845182 1.000000 1.000000 102.050440 13.512868
293 E D -2.990752 1.391066 1.000000 4.000000 70.909390 10.324255
294 E D 0.006323 4.554326 1.000000 4.000000 233.490770 0.000000
295 E D 2.791747 -4.307354 2.000000 1.000000 366.912253 13.682594
296 E D -3.851334 -2.141520 3.000000 1.000000 28.756561 17.084021
297 E D -0.134232 4.908489 3.000000 1.000000 465.874402 0.000000
298 E D 0.383483 1.683555 3.000000 1.000000 61.447548 0.466895
299 E D 3.637642 -0.986364 3.000000 2.000000 20.909776 12.899289
300 E E 3.244795 0.782634 4.000000 4.000000 16.310699 9.364776
301 A C 3.259337 2.305260 0.000000 1.000000 89.069166 10.201695
302 A C 3.089171 2.536646 0.000000 1.000000 89.521038 9.633351
303 A C 3.274249 -1.466228 0.000000 4.000000 20.923333 11.189305
304 B C 3.256798 2.152198 0.000000 4.000000 59.250586 10.232345
305 A B -2.383503 -2.709277 2.000000 1.000000 39.111285 4.996904
306 A C 2.592529 -2.542997 0.000000 4.000000 22.678615 10.511935
307 A B -2.850189 2.703437 0.000000 1.000000 35.426942 0.000000
308 A C -2.528135 2.364532 0.000000 4.000000 26.222221 0.031569
309 A B 3.182105 1.271137 0.000000 1.000000 42.359227 11.181882
310 A C 3.443221 1.487566 0.000000 3.000000 64.355062 10.957772
311 A E 2.996205 -1.562884 0.000000 4.000000 12.315355 12.723663
312 A E 2.998199 -1.420018 0.000000 1.000000 16.521145 12.479629
313 A E 2.971648 -1.656861 0.000000 1.000000 18.759075 12.814450
314 A E -2.716122 -1.491871 0.000000 1.000000 22.196319 4.028963
315 A E -3.171854 1.884037 0.000000 1.000000 52.215657 0.994854
316 A E 2.625382 -1.663261 0.000000 1.000000 16.314668 11.981076
317 A E 2.575710 -1.571703 0.000000 1.000000 15.064716 11.617533
318 A E 2.663622 -1.744657 0.000000 1.000000 17.752490 12.290955
319 A E 2.686413 -1.639450 0.000000 1.000000 15.815486 12.052915
320 A E 2.677369 -1.729272 0.000000 1.000000 17.431579 12.279578
321 A E 2.539745 -1.652452 0.000000 1.000000 16.599606 11.758668
322 A E 2.448139 -1.428164 0.000000 1.000000 14.272118 10.935765
323 A E 2.502343 -1.498501 0.000000 1.000000 14.584596 11.251151
324 A E 2.501819 -1.568035 0.000000 1.000000 15.557088 11.441190
325 A E 2.424695 -1.473108 0.000000 1.000000 15.083910 11.006610
326 A E 2.462475 -1.512958 0.000000 1.000000 15.167928 11.201204
327 A E 2.722924 -1.448569 0.000000 1.000000 13.318221 11.703768
328 A E 2.463254 -1.443666 0.000000 1.000000 14.288024 11.012404
329 A E 2.412646 -1.415664 0.000000 1.000000 14.550582 10.821528
330 A E 2.764339 -1.387060 0.000000 1.000000 12.915041 11.720370
331 A E 2.290817 -1.401803 0.000000 1.000000 16.216746 10.509297
332 A E 2.464793 -1.379750 0.000000 1.000000 13.574634 10.840096
333 A E 2.472703 -1.387089 0.000000 1.000000 13.570918 10.878079
334 A E 2.787287 -1.479871 0.000000 1.000000 13.993310 11.951634
335 A E 2.472847 -1.332197 0.000000 1.000000 13.038140 10.749885
336 A E 2.490979 -1.307814 0.000000 1.000000 12.659502 10.761612
337 A E 2.388417 -1.288772 0.000000 1.000000 13.610943 10.420601
338 A E 2.203704 -1.312838 0.000000 1.000000 16.894319 10.068638
339 A E 2.459948 -1.255941 0.000000 1.000000 12.527119 10.577742
340 A E 2.395329 -1.194089 0.000000 1.000000 12.795692 10.275642
341 A E 2.774069 -1.262034 0.000000 1.000000 12.055995 11.530766
342 A E 2.874434 -1.171704 0.000000 1.000000 12.745375 11.673785
343 A E 2.806093 -1.202850 0.000000 1.000000 12.020514 11.523266
344 A E 2.786375 -1.273394 0.000000 1.000000 12.222787 11.587565
345 A E 2.820611 -1.160123 0.000000 1.000000 11.993894 11.492049
346 A E 2.787126 -1.055058 0.000000 1.000000 11.318881 11.207729
347 A E 2.765469 -1.137863 0.000000 1.000000 11.384086 11.287669
348 A E 2.807118 -1.203526 0.000000 1.000000 12.034005 11.527523
349 A E 2.865678 -1.157262 0.000000 1.000000 12.564571 11.622243
350 A E 2.846273 -1.170479 0.000000 1.000000 12.345751 11.587159
351 A E 2.799876 -1.267017 0.000000 1.000000 12.302123 11.616907
352 A E 2.859172 -1.092028 0.000000 1.000000 12.278598 11.488565
353 A E 2.866821 -1.102853 0.000000 1.000000 12.418143 11.530454
354 A E 2.864084 -1.063081 0.000000 1.000000 12.287845 11.452644
355 A E 2.877091 -1.072737 0.000000 1.000000 12.508303 11.508561
356 A E 2.917125 -1.030779 0.000000 1.000000 13.146634 11.555237
357 A E 2.897855 -1.104521 0.000000 1.000000 12.921482 11.626476
358 A E 3.052983 -0.893080 0.000000 1.000000 16.616838 11.721838
359 A E 2.835651 -1.135975 0.000000 1.000000 12.086992 11.494908
360 A E 2.859723 -1.125453 0.000000 1.000000 12.376591 11.548712
361 A E 2.893332 -0.919172 0.000000 1.000000 12.653824 11.288546
362 A E 3.025355 -0.783512 0.000000 1.000000 16.022038 11.447211
363 A E 3.090728 -0.955247 0.000000 1.000000 17.752706 11.943866
364 A E 2.831909 -1.110795 0.000000 1.000000 11.961996 11.439617
365 A E 2.817544 -1.045582 0.000000 1.000000 11.626929 11.282400
366 A E 2.797312 -1.081789 0.000000 1.000000 11.488505 11.285067
367 A E 3.123524 -0.723805 0.000000 1.000000 19.615808 11.637233
368 A E 2.754155 -1.061075 0.000000 1.000000 11.049342 11.119344
369 A E 2.728702 -0.938664 0.000000 1.000000 10.629052 10.828770
370 A E 2.736620 -0.818537 0.000000 1.000000 10.614981 10.642299
371 A E 2.713021 -0.759903 0.000000 1.000000 10.445074 10.468894
372 A E 2.721967 -0.589072 0.000000 1.000000 10.677209 10.196777
373 A E 2.689000 -0.610549 0.000000 1.000000 10.388429 10.135460
374 A E 2.726658 -0.539391 0.000000 1.000000 10.801828 10.123910
375 A E 2.705954 -0.605390 0.000000 1.000000 10.519051 10.177295
376 A E 2.719774 -0.527783 0.000000 1.000000 10.755835 10.082941
377 A E 2.674390 -0.714092 0.000000 1.000000 10.226053 10.272831
378 A E 2.642538 -0.525970 0.000000 1.000000 10.215414 9.848060
379 A E 2.688171 -0.463722 0.000000 1.000000 10.590840 9.876027
380 A E 2.700140 -0.454002 0.000000 1.000000 10.708943 9.894922
381 A E 2.638023 -0.422629 0.000000 1.000000 10.321494 9.653669
382 A E 2.663323 -0.437737 0.000000 1.000000 10.450795 9.756010
383 A E 2.229712 -0.438677 0.000000 1.000000 12.486178 8.456822
384 A E 2.607128 -0.332503 0.000000 1.000000 10.295566 9.403265
385 A E 3.187880 -0.245808 0.000000 1.000000 25.402735 10.993803
386 A E 2.639609 -0.519748 0.000000 1.000000 10.208658 9.828384
387 A E 2.634515 -0.568392 0.000000 1.000000 10.140390 9.898231
388 A E 2.182294 -0.547789 0.000000 1.000000 13.455534 8.505511
389 A E 2.646187 -0.307821 0.000000 1.000000 10.549419 9.477246
390 A E 2.630255 -0.411870 0.000000 1.000000 10.296453 9.611536
391 A E 2.615134 -0.392798 0.000000 1.000000 10.252197 9.532799
392 A E 2.629587 -0.358195 0.000000 1.000000 10.368347 9.515602
393 A E 2.577870 -0.422276 0.000000 1.000000 10.109235 9.472591
394 A E 2.141409 -0.347135 0.000000 1.000000 13.647673 8.031712
395 A E 2.601073 -0.256426 0.000000 1.000000 10.370241 9.251963
396 A E 2.596667 -0.230304 0.000000 1.000000 10.385234 9.193033
397 A E 2.197611 -0.191891 0.000000 1.000000 12.442218 7.928641
398 A E 2.598474 -0.319113 0.000000 1.000000 10.277266 9.353871
399 A E 2.591441 -0.195102 0.000000 1.000000 10.408149 9.115751
400 A E 2.282078 -0.251841 0.000000 1.000000 11.518221 8.286957
401 A E 2.598702 -0.123547 0.000000 1.000000 10.545551 9.012312
402 A E 2.630889 -0.082874 0.000000 1.000000 10.834641 9.037697
403 A E 2.584294 -0.313660 0.000000 1.000000 10.233858 9.301787
404 A E 2.241962 -0.304341 0.000000 1.000000 12.075922 8.258485
405 A E 2.573634 -0.056195 0.000000 1.000000 10.501047 8.819244
406 A E 2.549537 0.011443 0.000000 1.000000 10.464517 8.628587
407 A E 2.032145 -0.030546 0.000000 1.000000 14.548490 7.149890
408 A E 2.568335 -0.177111 0.000000 1.000000 10.335996 9.014950
409 A E 2.296251 0.050488 0.000000 1.000000 10.949661 7.800400
410 A E 2.513245 -0.145223 0.000000 1.000000 10.246146 8.793877
411 A E 2.304422 -0.337156 0.000000 1.000000 11.392920 8.503289
412 A E 2.030828 0.135132 0.000000 1.000000 13.933932 6.856004
413 A E 2.537648 -0.209284 0.000000 1.000000 10.228258 8.979193
414 A E 2.526850 -0.184116 0.000000 1.000000 10.233285 8.902754
415 A E 2.322330 -0.237839 0.000000 1.000000 11.099159 8.383207
416 A E 2.497739 -0.164912 0.000000 1.000000 10.231132 8.781812
417 A E 2.103987 -0.378086 0.000000 1.000000 14.374776 7.973610
418 A E 2.516216 -0.678527 0.000000 1.000000 10.121083 9.736071
419 A E 2.325557 -0.630644 0.000000 1.000000 11.570914 9.080297
420 A E 1.918771 -0.115356 0.000000 1.000000 17.063229 6.958185
421 A E 2.533212 0.235955 0.000000 1.000000 10.595580 8.186716
422 A E 2.305379 -0.663895 0.000000 1.000000 11.884585 9.077952
423 A E 2.488504 -0.249458 0.000000 1.000000 10.205067 8.902064
424 A E 2.493861 -0.237593 0.000000 1.000000 10.202553 8.897370
425 A E 2.098637 -0.324411 0.000000 1.000000 14.320726 7.863629
426 A E 2.377441 -0.149864 0.000000 1.000000 10.607763 8.394585
427 A E 2.484890 -0.399823 0.000000 1.000000 10.176895 9.154359
428 A E 2.437641 0.140483 0.000000 1.000000 10.301259 8.067079
429 A E 2.166323 0.169822 0.000000 1.000000 11.941034 7.201781
430 A E 1.953621 0.038639 0.000000 1.000000 15.691636 6.793244
431 A E 2.394336 0.389303 0.000000 1.000000 10.221133 7.501728
432 A E 2.416017 0.404107 0.000000 1.000000 10.235172 7.540865
433 A E 2.387400 0.315962 0.000000 1.000000 10.263175 7.609268
434 A E 2.286203 0.425739 0.000000 1.000000 10.404385 7.113564
435 A E 2.343294 0.372604 0.000000 1.000000 10.286788 7.377824
436 A E 1.945445 0.418831 0.000000 1.000000 13.999981 6.103379
437 A E 2.307463 0.324056 0.000000 1.000000 10.468780 7.355290
438 A E 2.152061 0.291164 0.000000 1.000000 11.743359 6.946645
439 A E 2.426405 0.217413 0.000000 1.000000 10.288014 7.898743
440 A E 2.363375 0.578940 0.000000 1.000000 10.117928 7.076979
441 A E 1.871866 0.503803 0.000000 1.000000 14.733750 5.733942
442 A E 2.386111 0.085245 0.000000 1.000000 10.416932 8.009155
443 A E 2.128825 0.318560 0.000000 1.000000 11.913882 6.828994
444 A E 2.387988 0.612609 0.000000 1.000000 10.155322 7.091898
445 A E 2.298389 0.687636 0.000000 1.000000 10.053221 6.691804
446 A E 2.098915 0.774005 0.000000 1.000000 10.764511 5.942234
447 A E 2.207233 0.636492 0.000000 1.000000 10.391970 6.507837
448 A E 1.782217 0.483150 0.000000 1.000000 16.447129 5.501139
449 A E 2.370160 0.595317 0.000000 1.000000 10.121224 7.068675
450 A E 2.363776 0.911815 0.000000 1.000000 10.287351 6.495653
451 A E 1.972221 0.547363 0.000000 1.000000 12.973145 5.958777
452 A E 2.334316 0.586413 0.000000 1.000000 10.104814 6.976725
453 A E 2.164765 0.583710 0.000000 1.000000 10.777571 6.472802
454 A E 2.384193 0.691221 0.000000 1.000000 10.160123 6.942942
455 A E 2.399130 0.707322 0.000000 1.000000 10.224620 6.959579
456 A E 2.036758 0.983329 0.000000 1.000000 10.753936 5.389448
457 A E 2.274707 0.700387 0.000000 1.000000 10.070813 6.598443
458 A E 1.788663 0.672672 0.000000 1.000000 15.104284 5.188813
459 A E 2.217868 0.852589 0.000000 1.000000 10.055249 6.161575
460 A E 2.110389 0.855661 0.000000 1.000000 10.501717 5.833761
461 A E 2.232494 1.112076 0.000000 1.000000 10.229392 5.751349
462 A E 1.950622 0.701706 0.000000 1.000000 12.540386 5.623879
463 A E 2.159408 1.077964 0.000000 1.000000 10.170385 5.591787
464 A E 2.203330 1.085176 0.000000 1.000000 10.148732 5.710933
465 A E 1.714891 1.024825 0.000000 1.000000 14.193632 4.351228
466 A E 2.198124 1.129231 0.000000 1.000000 10.225523 5.618217
467 A E 1.940893 1.195698 0.000000 1.000000 11.213195 4.730206
468 A E 2.202998 1.095101 0.000000 1.000000 10.164473 5.692567
469 A E 2.190030 1.137957 0.000000 1.000000 10.239534 5.578665
470 A E 1.763950 0.892243 0.000000 1.000000 14.178531 4.730424
471 A E 2.208248 1.007985 0.000000 1.000000 10.063679 5.860771
472 A E 2.030154 0.747066 0.000000 1.000000 11.449617 5.783096
473 A E 2.229802 1.040127 0.000000 1.000000 10.097283 5.869182
474 A E 1.871843 1.288061 0.000000 1.000000 11.741511 4.361422
475 A E 2.127734 1.035721 0.000000 1.000000 10.231174 5.570691
476 A E 2.253745 0.840534 0.000000 1.000000 10.007996 6.290302
477 A E 2.186608 0.909601 0.000000 1.000000 10.095767 5.968021
478 A E 1.985307 0.866767 0.000000 1.000000 11.489746 5.439078
479 A E 1.701369 0.679108 0.000000 1.000000 16.587931 4.915668
480 A E 2.294006 0.881596 0.000000 1.000000 10.025825 6.339223
481 A E 2.212630 0.956388 0.000000 1.000000 10.038076 5.964212
482 A E 1.904380 0.954223 0.000000 1.000000 12.048136 5.043251
483 A E 2.165141 1.430558 0.000000 1.000000 11.482082 4.991945
484 A E 2.231303 1.201830 0.000000 1.000000 10.489166 5.590707
485 A E 2.006956 0.978379 0.000000 1.000000 10.988822 5.308704
486 A E 1.541946 0.861224 0.000000 1.000000 18.137260 4.118696
487 A E 2.259099 1.309675 0.000000 1.000000 11.120091 5.485364
488 A E 2.033842 0.600919 0.000000 1.000000 11.960164 6.049920
489 A E 2.264806 1.083856 0.000000 1.000000 10.238659 5.897671
490 A E 1.906790 0.830900 0.000000 1.000000 12.513118 5.266296
491 A E 1.665053 0.638677 0.000000 1.000000 17.561921 4.877474
492 A E 2.284357 1.050512 0.000000 1.000000 10.222745 6.014674
493 A E 2.276787 0.828450 0.000000 1.000000 10.001509 6.380575
494 A E 2.065146 0.836352 0.000000 1.000000 10.863275 5.731822
495 A E 1.774673 1.242179 0.000000 1.000000 12.687732 4.150207
496 A E 2.306558 1.478348 0.000000 1.000000 12.863971 5.332564
497 A E 2.109926 0.542377 0.000000 1.000000 11.366801 6.380618
498 A E 2.332087 0.969597 0.000000 1.000000 10.240745 6.299466
499 A E 2.095148 0.855695 0.000000 1.000000 10.599317 5.787976
500 A E 1.861885 0.689239 0.000000 1.000000 13.840518 5.379488
501 A E 2.323540 1.110049 0.000000 1.000000 10.567822 6.028033
502 A E 2.151072 1.282437 0.000000 1.000000 10.641345 5.208953
503 A E 2.402375 0.554901 0.000000 1.000000 10.190409 7.236049
504 A E 2.355296 0.657747 0.000000 1.000000 10.087069 6.914832
505 A E 1.853394 0.604798 0.000000 1.000000 14.451816 5.501784
506 A E 2.253683 0.790488 0.000000 1.000000 10.031760 6.377696
507 A E 1.997603 0.819204 0.000000 1.000000 11.526767 5.559201
508 A E 2.197812 0.578000 0.000000 1.000000 10.569137 6.581937
509 A E 2.308587 0.985038 0.000000 1.000000 10.176757 6.201945
510 A E 2.025272 1.033390 0.000000 1.000000 10.756703 5.267384
511 A E 1.568198 0.824310 0.000000 1.000000 17.945058 4.262052
512 A E 2.191679 1.169056 0.000000 1.000000 10.312532 5.529189
513 A E 1.802541 1.430310 0.000000 1.000000 12.463478 3.904579
514 A E 2.338692 0.965332 0.000000 1.000000 10.262264 6.326744
515 A E 2.017354 0.737909 0.000000 1.000000 11.613719 5.760721
516 A E 2.272670 1.002414 0.000000 1.000000 10.105046 6.063788
517 A E 2.145098 1.119143 0.000000 1.000000 10.236141 5.476793
518 A E 1.908993 0.822489 0.000000 1.000000 12.522699 5.287623
519 A E 2.290802 1.547921 0.000000 1.000000 13.478626 5.163545
520 A E 1.615570 1.001970 0.000000 1.000000 15.847134 4.093264
521 A E 2.311599 0.589406 0.000000 1.000000 10.120785 6.903335
522 A E 2.091678 0.481312 0.000000 1.000000 11.765627 6.432738
523 A E 1.794671 0.688947 0.000000 1.000000 14.902869 5.178356
524 A E 2.327377 0.481968 0.000000 1.000000 10.204161 7.138687
525 A E 2.014285 1.265221 0.000000 1.000000 10.837228 4.828718
526 A E 2.179836 0.749853 0.000000 1.000000 10.314971 6.227265
527 A E 2.425110 0.543785 0.000000 1.000000 10.258523 7.323707
528 A E 2.273990 0.783110 0.000000 1.000000 10.014816 6.451526
529 A E 2.416423 0.788725 0.000000 1.000000 10.395648 6.869000
530 A E 1.887575 0.596294 0.000000 1.000000 13.961260 5.619211
531 A E 2.296567 0.921932 0.000000 1.000000 10.059945 6.276320
532 A E 2.408712 0.864626 0.000000 1.000000 10.468677 6.713042
533 A E 2.404173 0.412266 0.000000 1.000000 10.218345 7.491055
534 A E 2.054050 0.798644 0.000000 1.000000 11.059720 5.764523
535 A E 2.257823 0.661149 0.000000 1.000000 10.151184 6.616458
536 A E 1.723139 0.494919 0.000000 1.000000 17.495505 5.303308
537 A E 2.223702 1.317331 0.000000 1.000000 10.988541 5.365776
538 A E 2.067486 0.928400 0.000000 1.000000 10.640354 5.577758
539 A E 1.937447 0.636243 0.000000 1.000000 13.024918 5.698915
540 A E 2.467462 0.969057 0.000000 1.000000 11.283419 6.706536
541 A E 2.252577 0.308522 0.000000 1.000000 10.806566 7.217818
542 A E 2.507351 0.659346 0.000000 1.000000 10.898566 7.368198
543 A E 2.238766 1.225688 0.000000 1.000000 10.605725 5.571346
544 A E 1.862933 0.850978 0.000000 1.000000 12.987854 5.099589
545 A E 2.065460 0.396084 0.000000 1.000000 12.394437 6.503234
546 A E 2.467209 0.995204 0.000000 1.000000 11.380857 6.660019
547 A E 2.283271 0.553680 0.000000 1.000000 10.222525 6.880872
548 A E 1.645486 0.761065 0.000000 1.000000 17.008622 4.604592
549 A E 2.067680 1.213446 0.000000 1.000000 10.553121 5.079510
550 A E 2.495598 0.932892 0.000000 1.000000 11.481562 6.854233
551 A E 2.282124 1.375212 0.000000 1.000000 11.716949 5.439749
552 A E 1.930231 0.665217 0.000000 1.000000 12.982302 5.626564
553 A E 2.487530 0.453743 0.000000 1.000000 10.505582 7.668540
554 A E 2.226617 1.104974 0.000000 1.000000 10.204276 5.746146
555 A E 2.069209 0.806644 0.000000 1.000000 10.909718 5.795999
556 A E 2.338678 0.299495 0.000000 1.000000 10.380157 7.491918
557 A E 1.838720 0.941125 0.000000 1.000000 12.891564 4.869192
558 A E 2.530482 0.592065 0.000000 1.000000 11.004981 7.555331
559 A E 2.167840 1.110624 0.000000 1.000000 10.197104 5.559927
560 A E 2.337920 0.716098 0.000000 1.000000 10.055398 6.760589
561 A E 2.029672 0.786685 0.000000 1.000000 11.319804 5.712317
562 A E 2.534519 1.598973 0.000000 1.000000 18.464819 5.805354
563 A E 1.653586 1.426688 0.000000 1.000000 13.856545 3.464055
564 A E 2.267520 0.964867 0.000000 1.000000 10.050743 6.114043
565 A E 1.902695 1.168328 0.000000 1.000000 11.539205 4.663510
566 A E 2.296754 0.919126 0.000000 1.000000 10.057750 6.281791
567 A E 2.544709 0.913208 0.000000 1.000000 12.072006 7.036012
568 A E 2.369795 0.896203 0.000000 1.000000 10.292200 6.541029
569 A E 2.560629 0.452787 0.000000 1.000000 11.074231 7.889511
570 A E 2.142949 1.259062 0.000000 1.000000 10.552368 5.225488
571 A E 3.003369 0.766151 0.000000 1.000000 24.685157 8.669341
572 A E 2.344824 0.246600 0.000000 1.000000 10.418395 7.602923
573 A E 1.388294 0.974120 0.000000 1.000000 20.040127 3.460172
574 A E 1.982962 0.702372 0.000000 1.000000 12.138839 5.719733
575 A E 2.599381 1.133942 0.000000 1.000000 14.358423 6.813745
576 A E 2.278521 0.410782 0.000000 1.000000 10.463574 7.116693
577 A E 2.060134 1.369842 0.000000 1.000000 11.026223 4.783178
578 A E 2.412303 0.888550 0.000000 1.000000 10.541651 6.681946
579 A E 2.592545 0.558843 0.000000 1.000000 11.647787 7.799659
580 A E 2.236634 1.023076 0.000000 1.000000 10.080926 5.919518
581 A E 1.738915 1.093094 0.000000 1.000000 13.550384 4.303829
582 A E 1.815566 0.754588 0.000000 1.000000 14.177377 5.126169
583 A E 2.121332 0.917031 0.000000 1.000000 10.341217 5.759193
584 A E 2.255355 1.554322 0.000000 1.000000 13.203965 5.046003
585 A E 1.911488 1.233800 0.000000 1.000000 11.425605 4.575314
586 A E 2.117893 0.987368 0.000000 1.000000 10.286509 5.625785
587 A E 2.361462 0.561484 0.000000 1.000000 10.123546 7.101788
588 A E 1.950674 0.710341 0.000000 1.000000 12.500573 5.608925
589 A E 2.290970 1.289937 0.000000 1.000000 11.201806 5.615520
590 A E 2.144227 1.039491 0.000000 1.000000 10.182143 5.613573
591 A E 2.435939 0.789258 0.000000 1.000000 10.526281 6.926616
592 A E 1.476249 0.437562 0.000000 1.000000 23.220549 4.663015
593 A E 1.756233 0.292708 0.000000 1.000000 18.220972 5.756459
594 A E 2.453734 0.900114 0.000000 1.000000 10.917768 6.786003
595 A E 2.015335 0.594014 0.000000 1.000000 12.206634 6.006479
596 A E 2.187375 1.107720 0.000000 1.000000 10.183336 5.623615
597 A E 2.362697 1.380172 0.000000 1.000000 12.533163 5.672789
598 A E 2.576178 0.791315 0.000000 1.000000 12.080160 7.343733
599 A E 2.209300 1.008780 0.000000 1.000000 10.063647 5.862535
600 A E 1.890647 1.190623 0.000000 1.000000 11.619813 4.588351
601 A E 1.607476 1.033985 0.000000 1.000000 15.778679 4.012954
602 A E 1.997551 0.925117 0.000000 1.000000 11.198007 5.373700
603 A E 2.201278 1.658608 0.000000 1.000000 14.065568 4.701270
604 A A 2.169430 1.420871 0.000000 1.000000 11.428276 9.284381
605 A E 2.653532 1.210816 0.000000 1.000000 16.325238 6.841668
606 A E 2.021920 0.765651 0.000000 1.000000 11.467306 5.725870
607 A E 2.393463 1.064591 0.000000 1.000000 10.906794 6.317355
608 A E 2.227772 0.842654 0.000000 1.000000 10.041648 6.208671
609 A E 1.760830 0.864545 0.000000 1.000000 14.382762 4.769536
610 A E 1.873547 0.694320 0.000000 1.000000 13.639051 5.405580
611 A E 2.260367 0.492657 0.000000 1.000000 10.405401 6.918951
612 A E 2.086375 1.272799 0.000000 1.000000 10.639047 5.031725
613 A E 2.218195 0.944808 0.000000 1.000000 10.030461 6.001172
614 A E 1.603614 1.031629 0.000000 1.000000 15.854925 4.005491
615 A E 1.966204 1.471558 0.000000 1.000000 11.719601 4.323385
616 A E 2.124186 0.941805 0.000000 1.000000 10.298274 5.724399
617 A E 2.225802 1.168526 0.000000 1.000000 10.364643 5.632484
618 A E 1.860990 0.819446 0.000000 1.000000 13.167593 5.148940
619 A E 2.410145 1.330270 0.000000 1.000000 12.689317 5.902460
620 A E 2.074112 1.022646 0.000000 1.000000 10.470561 5.432707
621 A E 1.728154 0.820464 0.000000 1.000000 15.167761 4.748651
622 A E 2.542114 1.148294 0.000000 0.000000 16.056341 6.616828
623 A E 2.183365 0.917372 0.000000 1.000000 10.100190 5.944693
624 A E 1.956367 0.989415 0.000000 1.000000 11.404174 5.137626
625 A E 2.216409 1.556071 0.000000 1.000000 12.901806 4.926101
626 A E 2.070871 1.275745 0.000000 1.000000 10.677633 4.980060
627 A A 1.738986 0.802767 0.000000 1.000000 15.102794 7.220417
628 A E 2.275949 1.094212 0.000000 1.000000 10.299126 5.912975
629 A E 1.900958 0.962630 0.000000 1.000000 12.056726 5.018271
630 A E 2.500060 0.702985 0.000000 1.000000 10.908781 7.269955
631 A E 2.243616 1.423992 0.000000 1.000000 11.825967 5.238862
632 A E 1.453833 1.180251 0.000000 1.000000 17.346550 3.296059
633 A E 2.675527 0.886263 0.000000 1.000000 14.393340 7.475621
634 A E 2.056176 0.715987 0.000000 1.000000 11.301379 5.915550
635 A E 2.420620 0.387281 0.000000 1.000000 10.245230 7.584117
636 A E 2.190278 1.019392 0.000000 1.000000 10.086237 5.786897
637 B E 1.818900 1.302657 0.000000 1.000000 12.195233 4.177052
638 A E 2.083919 1.051381 0.000000 1.000000 10.402958 5.411841
639 A E 1.583539 1.619884 0.000000 1.000000 14.964543 2.915819
640 A E 2.206366 0.903656 0.000000 1.000000 10.052645 6.037700
641 A E 1.935486 0.704810 0.000000 1.000000 12.722009 5.573040
642 A E 2.092613 0.873441 0.000000 1.000000 10.579675 5.749317
643 A E 1.796973 1.204616 0.000000 1.000000 12.514750 4.282840
644 A E 2.213618 0.609859 0.000000 1.000000 10.411907 6.573601
645 A E 1.983769 0.903236 0.000000 1.000000 11.389067 5.370645
646 A E 2.318376 1.095330 0.000000 1.000000 10.489535 6.038300
647 A E 1.280282 0.519257 0.000000 1.000000 26.860801 3.932147
648 A E 2.110000 1.405548 0.000000 1.000000 11.198713 4.870290
649 A E 2.395143 0.779418 0.000000 1.000000 10.266397 6.821448
650 A A 1.736327 1.012864 0.000000 1.000000 13.946527 7.475060
651 A E 2.201867 0.470401 0.000000 1.000000 10.797044 6.782398
652 A E 2.482481 0.703513 0.000000 0.000000 11.705682 7.216296
653 A E 1.905754 1.278956 0.000000 1.000000 11.479440 4.479090
654 A E 2.188410 0.851136 0.000000 1.000000 10.136999 6.075743
655 A E 1.979049 1.126269 0.000000 1.000000 10.977302 4.966178
656 A E 2.478134 0.229340 0.000000 1.000000 10.357474 8.033056
657 A E 2.331518 0.945854 0.000000 1.000000 10.196942 6.339311
658 B E 2.723649 0.695999 0.000000 1.000000 14.513406 7.952951
659 A E 1.603009 0.401748 0.000000 1.000000 20.699179 5.105968
660 A E 2.171012 1.173381 0.000000 1.000000 10.312966 5.459618
661 A E 1.948875 0.614287 0.000000 1.000000 12.974444 5.771623
662 A E 2.632010 0.878094 0.000000 1.000000 13.422543 7.359365
663 A E 2.327938 1.473683 0.000000 1.000000 13.046449 5.404871
664 A E 2.188234 0.962740 0.000000 1.000000 10.075196 5.879908
665 A E 1.767020 1.742238 0.000000 1.000000 14.537826 3.252145
666 A E 2.028116 1.300047 0.000000 1.000000 10.860080 4.809267
667 A E 2.109490 1.001296 0.000000 1.000000 10.313697 5.576200
668 A E 1.839400 1.142507 0.000000 1.000000 12.193919 4.518813
669 A E 2.501552 0.838328 0.000000 1.000000 11.243174 7.037583
670 A E 2.194456 1.365720 0.000000 1.000000 11.155741 5.193359
671 A E 2.357252 1.003435 0.000000 1.000000 10.446274 6.315746
672 A E 2.018503 0.800389 0.000000 1.000000 11.382403 5.654828
673 A E 2.206993 1.232457 0.000000 1.000000 10.537659 5.464180
674 A A 2.543129 1.081595 0.000000 1.000000 12.908053 9.981382
675 A E 1.641026 0.784357 0.000000 1.000000 16.917062 4.550454
676 A E 1.896345 1.576353 0.000000 1.000000 12.592604 3.930416
677 A E 2.338888 0.971594 0.000000 1.000000 10.275377 6.316373
678 A E 2.115752 0.587190 0.000000 1.000000 11.167862 6.319674
679 A E 2.491994 1.185908 0.000000 1.000000 12.755716 6.400642
680 A E 2.701467 0.723396 0.000000 1.000000 14.136266 7.838458
681 A E 2.979674 0.960379 0.000000 1.000000 25.550249 8.258358
682 B E 2.213173 1.426342 0.000000 1.000000 11.661852 5.143420
683 A E 1.989729 0.371134 0.000000 1.000000 13.549691 6.319703
684 A E 1.497173 0.870798 0.000000 1.000000 18.893009 3.967621
685 A E 2.378095 0.540850 0.000000 1.000000 10.146984 7.187797
686 A E 2.073672 1.122884 0.000000 1.000000 10.444848 5.255968
687 A E 2.578078 1.313176 0.000000 0.000000 19.141818 6.436177
688 A E 1.817104 0.681631 0.000000 1.000000 14.582193 5.258458
689 A E 2.256575 0.932367 0.000000 1.000000 10.016447 6.138082
690 A E 2.712831 1.104227 0.000000 1.000000 16.938629 7.206097
691 A E 2.359238 0.742592 0.000000 1.000000 10.103208 6.778177
692 A E 2.480310 0.255136 0.000000 1.000000 10.372367 7.994442
693 A E 2.234758 0.451660 0.000000 1.000000 10.622128 6.913870
694 A E 1.942991 0.966153 0.000000 1.000000 11.599420 5.138206
695 A E 2.670540 1.288783 0.000000 1.000000 17.632040 6.756249
696 A A 2.345624 0.735395 0.000000 1.000000 10.069231 8.956115
697 A A 2.418884 0.526323 0.000000 1.000000 10.234850 8.914556
698 A E 2.814266 0.702403 0.000000 1.000000 16.972139 8.213593
699 A A 2.513350 0.810292 0.000000 1.000000 11.299495 9.552914
700 A A 2.079895 0.512389 0.000000 1.000000 11.781813 7.880172
701 A A 2.331125 0.230549 0.000000 1.000000 10.491545 8.281561
702 A A 1.746193 0.775137 0.000000 1.000000 15.159925 7.207500
703 A A 2.622199 0.942239 0.000000 1.000000 13.565855 10.044398
704 A A 2.111254 0.633007 0.000000 1.000000 11.065561 8.125021
705 A A 2.921209 0.388845 0.000000 1.000000 18.545121 10.249683
706 A E 2.316610 1.082738 0.000000 1.000000 10.441031 6.055036
707 B A 1.905785 0.864157 0.000000 1.000000 12.382213 7.797551
708 A E 2.512673 0.645597 0.000000 1.000000 10.924890 7.408225
709 A A 2.197390 1.233079 0.000000 1.000000 10.519137 9.133520
710 A A 2.022102 0.939725 0.000000 1.000000 10.952569 8.240961
711 A A 2.412604 0.499261 0.000000 1.000000 10.216684 8.861889
712 A E 2.704552 0.717534 0.000000 1.000000 14.177725 7.857972
713 A E 1.713818 1.077380 0.000000 1.000000 13.957737 4.256039
714 A E 2.222457 1.319381 0.000000 1.000000 10.994723 5.358456
715 A E 2.445056 1.617121 0.000000 1.000000 16.789524 5.505207
716 A A 1.966340 0.812025 0.000000 1.000000 11.886401 7.914050
717 A E 2.249751 1.026149 0.000000 1.000000 10.099309 5.953492
718 A E 2.607921 0.151586 0.000000 1.000000 11.044137 8.558489
719 A E 2.092937 0.613069 0.000000 0.000000 11.232902 6.205938
720 A E 2.360692 1.412289 0.000000 1.000000 12.807237 5.610568
721 A E 1.838260 0.880205 0.000000 1.000000 13.179421 4.974422
722 A E 2.127275 1.159299 0.000000 1.000000 10.321555 5.353051
723 A E 1.561058 0.328382 0.000000 1.000000 22.235236 5.108506
724 A E 2.854386 0.738723 0.000000 1.000000 18.490479 8.270393
725 A E 2.512241 0.459643 0.000000 1.000000 10.670884 7.732348
726 A E 2.286153 0.971360 0.000000 1.000000 10.091906 6.158578
727 A E 2.994206 1.173600 0.000000 1.000000 29.011357 7.928818
728 B E 2.603248 1.422890 0.000000 1.000000 17.489034 6.319688
729 A E 2.361145 0.968714 0.000000 1.000000 10.385364 6.388187
730 A E 2.742354 0.645824 0.000000 1.000000 14.718403 8.096869
731 A E 1.969230 1.138000 0.000000 1.000000 11.038357 4.916191
732 A A 2.324296 0.832025 0.000000 1.000000 10.055208 9.012921
733 A A 2.511800 0.443077 0.000000 1.000000 10.651021 9.089245
734 A A 2.294883 0.621214 0.000000 1.000000 10.114506 8.661166
735 A A 2.066408 0.802891 0.000000 1.000000 10.942950 8.202838
736 A A 2.707169 0.766231 0.000000 1.000000 14.475597 10.079295
737 A A 2.399512 0.175230 0.000000 1.000000 10.329156 8.417574
738 A A 1.830100 0.571523 0.000000 1.000000 15.034210 7.204704
739 A A 2.161544 0.918001 0.000000 1.000000 10.167896 8.632132
740 A A 2.511304 1.152040 0.000000 1.000000 12.830853 9.973962
741 A A 2.279122 0.801251 0.000000 1.000000 10.006240 8.838931
742 A A 1.974008 1.496009 0.000000 1.000000 11.837860 8.792036
743 A A 1.668857 1.233413 0.000000 1.000000 13.962517 7.548338
744 A A 2.182496 1.738375 0.000000 1.000000 15.111248 9.720458
745 A A 1.896617 0.968760 0.000000 1.000000 12.083785 7.900801
746 A A 2.305262 0.837342 0.000000 1.000000 10.023016 8.962464
747 A A 2.704493 0.338146 0.000000 1.000000 12.763337 9.536161
748 A A 2.449473 0.729506 0.000000 1.000000 10.532395 9.260301
749 A A 2.575916 0.481821 0.000000 1.000000 11.284896 9.330025
750 A A 2.944945 0.817692 0.000000 1.000000 22.559298 10.856950
751 B A 2.294668 0.855636 0.000000 1.000000 10.015392 8.953550
752 B A 2.453668 0.498216 0.000000 1.000000 10.357921 8.983772
753 B A 2.303421 0.682774 0.000000 1.000000 10.053215 8.763732
754 B A 2.774984 0.304614 0.000000 1.000000 14.038117 9.705720
755 B A 2.616596 0.611738 0.000000 0.000000 13.108397 9.614460
756 B A 2.385193 0.753565 0.000000 1.000000 10.198197 9.097535
757 B A 2.056990 0.434004 0.000000 1.000000 12.351154 7.713476
758 B A 2.349487 0.634827 0.000000 1.000000 10.085259 8.841994
759 B A 2.573097 0.171019 0.000000 1.000000 10.785153 8.933065
760 B A 2.989558 0.815651 0.000000 1.000000 24.514624 10.988237
761 B A 2.255216 0.591406 0.000000 1.000000 10.260111 8.504905
762 B A 2.007074 0.837768 0.000000 1.000000 11.370424 8.068431
763 B A 2.794547 0.353535 0.000000 1.000000 14.685161 9.825559
764 B A 2.453378 0.780099 0.000000 1.000000 10.642496 9.335257
765 B A 2.291842 1.100936 0.000000 1.000000 10.378861 9.251695
766 B A 1.312847 0.554464 0.000000 1.000000 25.756686 5.631621
767 B A 1.829979 0.822848 0.000000 1.000000 13.585783 7.518496
768 B A 2.112436 1.268221 0.000000 1.000000 10.592156 8.922585
769 B A 2.661076 0.991420 0.000000 1.000000 14.711009 10.222505
770 A A 2.418448 0.719772 0.000000 1.000000 10.327406 9.155058
771 B A 2.077862 0.437093 0.000000 1.000000 12.085505 7.779952
772 B A 2.332071 0.911389 0.000000 1.000000 10.148934 9.135450
773 B A 2.528818 0.653205 0.000000 1.000000 11.100546 9.402960
774 B A 1.857531 1.154771 0.000000 1.000000 11.981976 8.016058
775 B A 2.232002 0.177575 0.000000 1.000000 11.248978 7.917974
776 B A 2.028046 0.879033 0.000000 1.000000 11.055761 8.182929
777 B A 2.606966 0.566881 0.000000 1.000000 11.863320 9.529499
778 B A 2.768773 1.261229 0.000000 1.000000 20.417441 10.882855
779 A A 1.706014 1.072908 0.000000 1.000000 14.087115 7.459177
780 B A 2.290484 0.360917 0.000000 1.000000 10.489801 8.322599
781 B A 2.063631 0.805676 0.000000 1.000000 10.958144 8.197988
782 A A 2.472929 0.655765 0.000000 1.000000 10.604078 9.238493
783 A A 2.233924 0.997568 0.000000 1.000000 10.052615 8.948731
784 A A 1.970298 1.196051 0.000000 1.000000 11.010522 8.405959
785 A A 1.507315 1.500739 0.000000 1.000000 15.537590 7.397868
786 A A 2.229665 1.050008 0.000000 1.000000 10.110803 9.001505
787 A A 1.836284 0.972156 0.000000 1.000000 12.789823 7.724046
788 A A 2.448397 1.312653 0.000000 1.000000 13.081343 9.986007
789 E A 2.110992 0.919997 0.000000 1.000000 10.390840 8.482971
790 A A 2.653596 1.466579 0.000000 1.000000 19.546866 10.794012
791 A A 2.317099 1.113210 0.000000 1.000000 10.541987 9.342810
792 A A 2.068111 1.342731 0.000000 1.000000 10.903248 8.882746
793 B A 2.787566 0.888191 0.000000 1.000000 17.401060 10.472936
794 A A 2.531927 0.756376 0.000000 1.000000 11.372786 9.541252
795 A A 1.759074 1.114715 0.000000 1.000000 13.207475 7.670618
796 A A 2.242992 0.457074 0.000000 1.000000 10.562459 8.300318
797 A A 3.053597 0.958528 0.000000 1.000000 29.289438 11.358950
798 A A 2.406716 0.656928 0.000000 1.000000 10.227947 9.041309
799 A A 1.922435 1.287126 0.000000 1.000000 11.369919 8.376212
800 A A 2.174308 0.798346 0.000000 1.000000 10.260183 8.520856
801 A A 2.609917 1.064997 0.000000 1.000000 14.075607 10.160998
802 A A 2.359627 0.859855 0.000000 0.000000 11.390677 9.153701
803 A A 2.046389 0.538571 0.000000 1.000000 12.062662 7.812382
804 A A 1.640278 1.149769 0.000000 1.000000 14.665813 7.358045
805 B A 2.904575 0.674979 0.000000 1.000000 19.811362 10.557448
806 A A 2.493600 1.603192 0.000000 1.000000 17.576260 10.484790
807 A A 2.169579 0.287122 0.000000 1.000000 11.571117 7.867641
808 A A 1.932836 0.945064 0.000000 1.000000 11.770255 7.979838
809 A A 2.317214 1.356610 0.000000 1.000000 11.867259 9.647405
810 A A 2.660563 0.514349 0.000000 1.000000 12.543081 9.624626
811 E A 2.145824 1.085092 0.000000 1.000000 10.200805 8.793837
812 B A 2.444436 0.823281 0.000000 1.000000 10.652623 9.362411
813 A A 1.909910 0.686164 0.000000 1.000000 13.159322 7.587434
814 A A 2.255730 1.008720 0.000000 1.000000 10.084079 9.028089
815 C B 2.753339 1.270851 0.000000 1.000000 20.004869 9.895442
816 A A 2.502873 1.895540 0.000000 1.000000 24.250102 10.878043
817 A A 1.995205 0.428773 0.000000 1.000000 13.203282 7.521581
818 A A 1.698875 0.865466 0.000000 1.000000 15.359911 7.178459
819 A A 2.283797 0.609613 0.000000 1.000000 10.149237 8.613408
820 A A 2.087357 1.159156 0.000000 1.000000 10.419807 8.711017
821 A A 2.558979 0.772937 0.000000 1.000000 11.770319 9.643107
822 B A 2.361018 0.981906 0.000000 1.000000 10.415214 9.310438
823 A B 2.861358 1.456788 0.000000 1.000000 27.214496 10.312467
824 A A 1.830850 0.058749 0.000000 1.000000 18.063016 6.565986
825 A A 2.151167 0.567586 0.000000 1.000000 10.925244 8.162984
826 A A 2.417706 0.281952 0.000000 1.000000 10.268999 8.605560
827 A A 1.132931 0.840561 0.000000 1.000000 26.369470 5.449495
828 A A 2.600405 1.127269 0.000000 0.000000 17.070893 10.210300
829 A A 2.021761 0.690398 0.000000 1.000000 11.745083 7.928280
830 B D 2.327781 0.959733 0.000000 1.000000 10.205045 7.023610
831 A B 2.132869 1.307162 0.000000 1.000000 10.728842 8.052187
832 A A 1.817970 0.463322 0.000000 1.000000 15.916101 7.033064
833 A A 2.661278 0.789488 0.000000 1.000000 13.584948 9.970694
834 A E 2.253239 1.044679 0.000000 1.000000 10.133571 5.931529
835 E E 3.151836 1.235540 0.000000 1.000000 39.541870 8.293313
836 A E 2.447572 0.664522 0.000000 1.000000 10.441481 7.179802
837 A A 2.006146 0.908823 0.000000 1.000000 11.165725 8.154468
838 A E 2.225357 0.407608 0.000000 1.000000 10.780099 6.962757
839 A E 2.887642 1.587717 0.000000 1.000000 31.215785 6.884420
840 B E 1.386500 1.060814 0.000000 1.000000 19.339408 3.303076
841 C A 1.611740 0.770801 0.000000 1.000000 17.555400 6.798720
842 A E 2.490952 0.570204 0.000000 1.000000 10.634521 7.474999
843 A E 1.969092 1.246658 0.000000 1.000000 11.041197 4.725625
844 A A 2.290619 0.142689 0.000000 1.000000 10.847310 8.050218
845 A E 2.726766 0.919765 0.000000 1.000000 15.874138 7.570709
846 A E 2.129065 0.725979 0.000000 1.000000 10.667494 6.116732
847 A A 2.395950 1.056513 0.000000 1.000000 10.897672 9.508492
848 A E 1.790365 0.515475 0.000000 1.000000 16.085371 5.469014
849 B E 2.615832 1.440277 0.000000 1.000000 18.068306 6.327013
850 A E 2.151592 0.863935 1.000000 1.000000 12.280601 5.942890
851 A A 1.943633 0.334579 0.000000 1.000000 14.455390 7.249123
852 A E 2.339938 1.112436 0.000000 1.000000 10.678897 6.073053
853 A B 2.428189 0.676417 0.000000 1.000000 10.340835 8.622775
854 A E 2.159361 1.242062 0.000000 1.000000 10.501960 5.304475
855 A A 2.557450 0.884895 0.000000 1.000000 12.147822 9.778468
856 A E 1.849315 0.557862 0.000000 1.000000 14.793899 5.571687
857 A E 2.863544 0.973010 0.000000 1.000000 20.723826 7.887864
858 B E 2.076802 0.813901 1.000000 1.000000 13.576105 5.806079
859 A D 2.286585 1.308535 0.000000 1.000000 11.286079 6.551220
860 E A 2.681619 1.735744 0.000000 1.000000 25.826230 11.214537
861 A E 2.459833 0.710094 0.000000 1.000000 10.580220 7.136835
862 A E 1.666581 1.089466 0.000000 0.000000 15.278356 4.093178
863 A A 1.986321 0.354834 0.000000 1.000000 13.677100 7.402506
864 A E 2.293147 0.957171 0.000000 1.000000 10.090339 6.204391
865 C E 2.184793 0.556961 0.000000 1.000000 10.703552 6.579696
866 A A 2.519154 1.461671 0.000000 1.000000 16.009297 10.384550
867 A E 1.909981 0.823035 0.000000 1.000000 12.507911 5.289633
868 A E 2.318147 1.184271 0.000000 1.000000 10.830779 5.881968
869 B E 2.717619 0.674705 0.000000 2.000000 14.928427 7.972123
870 A A 2.114869 1.012120 0.000000 1.000000 10.284831 8.609759
871 A E 2.502692 0.171691 0.000000 1.000000 10.408226 8.207616
872 A E 1.558606 0.460929 0.000000 1.000000 21.181249 4.869193
873 A A 2.051851 0.804328 0.000000 1.000000 11.062092 8.160963
874 A E 2.327962 1.163931 0.000000 1.000000 10.806358 5.947005
875 A E 1.833974 0.674267 0.000000 1.000000 14.356584 5.321957
876 A A 3.041503 1.354760 0.000000 1.000000 34.733308 11.817959
877 B E 2.586211 0.967696 0.000000 1.000000 13.016103 7.065165
878 A B 2.215946 0.848747 0.000000 1.000000 10.062057 8.072212
879 A B 1.983185 1.143868 0.000000 1.000000 10.937175 7.521488
880 A B 2.175838 0.958315 0.000000 1.000000 10.103378 8.006671
881 A B 1.794732 1.347978 0.000000 1.000000 12.421912 7.058186
882 A D 2.162403 0.879943 0.000000 1.000000 10.201204 6.607268
883 A E 1.946574 0.489880 0.000000 1.000000 13.623430 5.982431
884 E B 2.378476 1.130927 0.000000 1.000000 11.053328 8.700891
885 A E 1.454207 0.777070 0.000000 1.000000 20.548269 4.002749
886 A B 2.153492 1.533389 0.000000 1.000000 12.293557 8.227172
887 B B 1.764157 1.003948 0.000000 1.000000 13.600657 6.794446
888 A B 2.493267 0.583546 0.000000 1.000000 10.667506 8.771573
889 A B 2.225027 1.241782 0.000000 1.000000 10.625429 8.295970
890 A B 1.961907 0.314316 0.000000 1.000000 14.255406 7.042878
891 A B 2.729357 0.863139 0.000000 1.000000 15.572814 9.619641
892 C B 2.395115 0.659181 0.000000 0.000000 10.844915 8.514934
893 A B 2.089898 1.062537 0.000000 1.000000 10.372569 7.800963
894 A E 2.618634 0.870013 0.000000 1.000000 13.124469 7.333380
895 A B 2.417870 1.352575 0.000000 1.000000 12.992650 8.929899
896 A B 2.232592 0.514300 0.000000 1.000000 10.504145 7.954927
897 B B 1.666113 1.151442 0.000000 1.000000 14.295834 6.574061
898 A E 2.832504 0.736561 0.000000 1.000000 17.756245 8.208528
899 A E 1.950192 1.001304 0.000000 1.000000 11.431324 5.098294
900 A E 2.234422 0.326604 0.000000 1.000000 10.897582 7.131710
901 A C 2.598016 0.718370 0.000000 1.000000 12.168211 8.614457
902 A E 2.061648 0.914426 0.000000 1.000000 10.707965 5.584700
903 A E 2.393278 0.569240 0.000000 2.000000 11.733509 7.183664
904 A E 2.259931 1.607949 0.000000 1.000000 13.917179 4.965881
905 B E 1.904017 1.214462 0.000000 1.000000 11.489785 4.586743
906 A E 2.520929 1.023090 0.000000 1.000000 12.221571 6.772378
907 A B 2.056658 0.801161 0.000000 1.000000 11.029844 7.570555
908 A E 2.815698 1.413932 0.000000 1.000000 24.463430 6.972714
909 A E 2.324006 0.452088 0.000000 1.000000 10.243999 7.180865
910 A E 1.703271 0.105209 0.000000 1.000000 20.614908 5.925699
911 E E 3.945528 0.674792 0.000000 1.000000 116.860737 11.655699
912 A E 2.156057 1.027464 0.000000 1.000000 10.149779 5.670110
913 A D 2.561337 1.251161 0.000000 1.000000 14.551466 7.432849
914 C E 2.377511 0.819129 0.000000 1.000000 10.224839 6.699056
915 A E 1.830536 0.593274 0.000000 1.000000 14.894876 5.453378
916 B E 2.140009 0.949682 1.000000 1.000000 12.164649 5.758086
917 A E 2.963380 1.102590 0.000000 1.000000 26.477349 7.960608
918 A E 2.696956 0.340671 0.000000 1.000000 12.640745 8.494694
919 A B 2.403621 0.822568 0.000000 1.000000 10.366391 8.622146
920 A E 2.021767 1.236010 0.000000 1.000000 10.759517 4.902284
921 A C 2.295210 0.933354 0.000000 1.000000 10.068214 7.652290
922 A E 2.541326 0.592215 0.000000 1.000000 11.115314 7.587601
923 A E 1.843511 1.402129 0.000000 1.000000 12.093662 4.076808
924 A E 2.234787 0.697680 0.000000 1.000000 10.172430 6.483421
925 B E 2.048658 1.093383 0.000000 1.000000 10.563162 5.232554
926 A E 2.478481 0.467271 0.000000 1.000000 10.464184 7.617717
927 A E 1.543059 0.825331 0.000000 1.000000 18.406234 4.184848
928 A E 2.161562 1.677082 0.000000 1.000000 14.019439 4.549792
929 A E 2.669178 1.069630 0.000000 1.000000 15.475684 7.135680
930 A B 1.983144 0.724523 0.000000 0.000000 12.060759 7.311695
931 A E 2.350904 0.316019 0.000000 1.000000 10.326373 7.499679
932 A E 1.692297 0.948779 0.000000 1.000000 14.950584 4.416529
933 B E 2.197052 1.190661 0.000000 1.000000 10.378199 5.507500
934 A D 2.767854 0.549303 0.000000 1.000000 14.890343 8.754258
935 E E 2.386572 1.459923 0.000000 1.000000 13.639685 5.604850
936 A E 1.886931 0.878952 0.000000 1.000000 12.551238 5.122626
937 A E 2.570549 0.718278 0.000000 1.000000 11.765754 7.454661
938 A E 2.161928 0.093633 0.000000 1.000000 12.206643 7.321925
939 C E 2.467223 1.256081 0.000000 2.000000 11.806392 6.203525
940 A C 2.039185 1.035415 0.000000 1.000000 10.662516 6.858701
941 A B 3.085752 0.473018 0.000000 1.000000 26.054875 10.493765
942 A E 2.298805 0.855479 0.000000 1.000000 10.020535 6.399326
943 A E 2.688833 0.632823 0.000000 1.000000 13.477426 7.959060
944 B A 2.377609 0.333615 0.000000 1.000000 10.261393 8.549847
945 A E 2.936994 0.877723 0.000000 1.000000 22.776011 8.274966
946 A E 2.569933 0.694752 0.000000 1.000000 11.690964 7.493982
947 A E 2.311249 0.541662 0.000000 1.000000 10.169868 6.985840
948 A A 2.001452 0.873051 0.000000 1.000000 11.312799 8.095672
949 A E 2.248876 0.215252 0.000000 1.000000 11.025705 7.369935
950 A E 2.749531 0.727876 0.000000 1.000000 15.312050 7.974811
951 A A 2.498748 1.105768 0.000000 1.000000 12.341692 9.878453
952 A E 1.735032 0.464440 1.000000 1.000000 23.528171 5.392325
953 B E 2.097831 0.829622 0.000000 1.000000 10.637856 5.841655
954 A E 2.322613 1.184684 0.000000 1.000000 10.862699 5.894642
955 A B 1.860054 0.952107 0.000000 1.000000 12.576536 7.056214
956 A A 2.534021 0.629309 0.000000 1.000000 11.108596 9.388700
957 A E 2.185054 1.391445 0.000000 1.000000 11.284556 5.120134
958 A E 2.834389 0.777519 0.000000 1.000000 18.095943 8.142509
959 A D 1.333911 0.944659 0.000000 1.000000 21.330950 4.057073
960 A E 2.423697 0.454254 0.000000 1.000000 10.244821 7.476147
961 B A 2.007818 1.152113 0.000000 1.000000 10.779109 8.463594
962 A E 3.327424 0.710589 0.000000 1.000000 44.128266 9.738740
963 E E 2.221963 1.012117 0.000000 1.000000 10.063262 5.894683
964 E E 2.679384 0.611041 0.000000 1.000000 13.207379 7.968830
965 E A 2.325356 1.250938 0.000000 1.000000 11.225709 9.539740
966 E E 2.517052 0.309266 0.000000 1.000000 10.565790 8.009940
967 E C 2.019375 0.928275 0.000000 1.000000 11.001878 6.826058
968 E E 2.184200 0.796322 0.000000 0.000000 10.857107 6.159036
969 E E 1.850373 1.086940 0.000000 1.000000 12.218670 4.648974
970 E A 2.325647 0.517786 0.000000 1.000000 10.170454 8.624172
971 E B 2.581636 1.816372 0.000000 1.000000 24.455697 9.653094
972 E E 1.563517 1.376242 0.000000 2.000000 15.043039 3.282126
973 E E 2.107001 0.799095 0.000000 1.000000 10.644551 5.922586
974 C A 2.392339 0.988854 0.000000 1.000000 10.644172 9.413085
975 E E 2.814563 0.657208 0.000000 1.000000 16.711853 8.293574
976 E E 1.954731 1.122876 0.000000 1.000000 11.161932 4.899159
977 E E 2.211779 0.078036 0.000000 1.000000 11.672621 7.498776
978 E A 0.543787 0.399138 0.000000 1.000000 43.420450 3.130285
979 E E 2.506795 0.843345 0.000000 1.000000 11.318484 7.044530
980 E E 1.858666 1.255711 0.000000 1.000000 11.852838 4.378504
981 E E 2.289761 0.620287 0.000000 1.000000 10.124627 6.783782
982 B A 2.642484 0.993817 0.000000 1.000000 14.303806 10.169724
983 B B 2.090628 1.443302 0.000000 1.000000 11.412269 7.993536
984 D E 2.443768 0.804463 0.000000 1.000000 10.611165 6.923492
985 A D 1.701451 0.502613 0.000000 1.000000 17.866719 5.601740
986 A E 2.963471 0.246550 1.000000 1.000000 14.116245 9.458949
987 E A 2.197511 1.062696 0.000000 1.000000 10.118538 8.920904
988 A E 2.370863 0.882936 0.000000 1.000000 10.276574 6.567450
989 A E 2.006413 1.240008 0.000000 1.000000 10.835167 4.849225
990 A E 2.674553 0.649413 0.000000 1.000000 13.258803 7.887185
991 C A 2.250143 1.026529 0.000000 1.000000 10.100399 9.033590
992 B E 1.874434 1.527357 0.000000 1.000000 12.377414 3.950425
993 A E 2.451977 0.767714 0.000000 1.000000 10.609961 7.012430
994 A C 2.118861 0.475321 0.000000 1.000000 11.500745 7.237753
995 A E 2.610047 0.890948 0.000000 1.000000 13.064296 7.270984
996 A A 2.393350 1.197952 0.000000 1.000000 11.543930 9.677490
997 A E 2.105129 0.633894 0.000000 2.000000 13.102562 6.206072
998 A E 1.720077 1.007215 0.000000 1.000000 14.208107 4.397604
999 A B 2.788595 0.243794 0.000000 1.000000 14.103714 9.487681
1000 A A 2.281417 0.765784 0.000000 1.000000 10.018327 8.801481
1001 A A 2.550324 0.476208 0.000000 0.000000 11.564990 9.246232
1002 A A 2.451099 0.649247 0.000000 1.000000 10.448048 9.164855
1003 A A 1.988241 0.292819 0.000000 1.000000 13.934299 7.330747
1004 A A 2.305589 0.767171 0.000000 1.000000 10.018081 8.875732
1005 A A 2.890179 0.473293 0.000000 1.000000 18.001729 10.262153
1006 A A 2.647597 0.691986 0.000000 1.000000 12.911968 9.807775
1007 A A 3.111702 0.039958 0.000000 1.000000 23.870960 10.385055
1008 A A 2.339723 0.416544 0.000000 1.000000 10.248857 8.539850
1009 A A 2.717583 0.722718 0.000000 1.000000 14.501105 10.056145
1010 A A 2.470472 0.567923 0.000000 1.000000 10.493294 9.121319
1011 A A 2.304043 0.820981 0.000000 1.000000 10.017277 8.938356
1012 A A 2.027046 0.322409 0.000000 1.000000 13.215909 7.484151
1013 A A 0.870705 0.768858 0.000000 1.000000 32.373771 4.573188
1014 A A 2.574509 0.576083 0.000000 1.000000 11.458818 9.443632
1015 A A 2.276953 0.801609 0.000000 1.000000 10.006668 8.832871
1016 A A 2.284627 0.413844 1.000000 1.000000 12.163737 8.371188
1017 A A 1.859351 0.127916 0.000000 1.000000 17.095751 6.737948
1018 A A 2.145605 0.695499 0.000000 1.000000 10.628636 8.306188
1019 A A 2.470921 0.543356 0.000000 1.000000 10.475635 9.091959
1020 B A 1.499580 0.801222 0.000000 1.000000 19.439686 6.500267
1021 D A 2.854251 0.815381 0.000000 1.000000 19.043663 10.581978
1022 A A 2.060724 0.333202 0.000000 1.000000 12.703017 7.598674
1023 A A 2.346764 0.551836 0.000000 1.000000 10.125098 8.730086
1024 A A 2.658402 0.943359 0.000000 1.000000 14.342609 10.154404
1025 A A 1.930638 0.655417 0.000000 1.000000 13.024730 7.611186
1026 A A 2.214095 0.220652 0.000000 1.000000 11.312852 7.918099
1027 A A 2.462082 1.103538 0.000000 1.000000 11.820361 9.765669
1028 B A 1.826018 0.814400 0.000000 1.000000 13.688009 7.496054
1029 A A 2.300759 0.471422 0.000000 1.000000 10.282796 8.491555
1030 A A 2.093563 0.914817 0.000000 1.000000 10.497893 8.424208
1031 A A 2.623204 0.687688 0.000000 1.000000 12.470644 9.729222
1032 A A 4.987937 1.127848 0.000000 1.000000 420.922212 17.373623
1033 A A 2.437934 0.850653 0.000000 1.000000 10.656814 9.377120
1034 A A 2.937904 1.245407 0.000000 1.000000 27.245654 11.370471
1035 A A 2.105505 0.607215 0.000000 1.000000 11.197351 8.075532
1036 A A 1.667115 0.905235 0.000000 2.000000 17.651991 7.132889
1037 C A 2.287980 1.067928 0.000000 1.000000 10.275245 9.198850
1038 B A 1.987649 0.304172 0.000000 1.000000 13.891396 7.343161
1039 A A 2.542921 0.678678 0.000000 1.000000 11.311329 9.477112
1040 A A 2.743304 0.513614 0.000000 1.000000 14.158923 9.871930
1041 A A 2.230924 0.044163 0.000000 1.000000 11.546565 7.747975
1042 A A 2.423191 1.322709 0.000000 1.000000 12.802327 9.922960
1043 A A 1.948666 0.966255 0.000000 1.000000 11.542650 8.053816
1044 A A 2.151505 0.765794 0.000000 1.000000 10.434976 8.411759
1045 A A 2.393410 1.109987 0.000000 1.000000 11.094135 9.567713
1046 D A 1.771187 0.443101 0.000000 0.000000 15.856459 6.867439
1047 B A 2.691503 0.791425 0.000000 1.000000 14.244746 10.063789
1048 A A 2.242558 0.951860 0.000000 1.000000 10.022445 8.917500
1049 A A 1.963633 1.594831 0.000000 1.000000 12.573152 8.884439
1050 A A 2.131145 1.337074 0.000000 1.000000 10.859074 9.064776
1051 A A 1.839728 1.158990 1.000000 1.000000 16.067431 7.967923
1052 A A 2.237193 1.012788 0.000000 1.000000 10.069451 8.977563
1053 A A 1.593404 1.207048 0.000000 1.000000 15.083123 7.289022
1054 A A 2.072443 0.996342 0.000000 1.000000 10.506413 8.462755
1055 A A 2.450897 1.390318 0.000000 1.000000 13.867329 10.090587
1056 A A 2.565176 0.874156 0.000000 1.000000 12.223395 9.788223
1057 B A 2.187317 1.093782 0.000000 1.000000 10.162058 8.929179
1058 A A 1.201133 0.714610 0.000000 1.000000 26.425577 5.496660
1059 C A 1.850594 0.924885 0.000000 1.000000 12.810304 7.707889
1060 A A 2.327511 1.309999 0.000000 1.000000 11.618091 9.620031
1061 A A 2.022954 0.628847 0.000000 1.000000 11.973616 7.854919
1062 A A 2.772263 1.109345 0.000000 1.000000 18.816674 10.703471
1063 A A 2.532900 1.547626 0.000000 1.000000 17.571550 10.533233
1064 A A 2.303742 0.862728 0.000000 1.000000 10.031193 8.989637
1065 A A 2.345752 0.894646 0.000000 1.000000 10.179126 9.155564
1066 A A 2.996035 0.557389 0.000000 1.000000 22.580502 10.684841
1067 B A 3.221844 1.247647 0.000000 1.000000 44.836505 12.225091
1068 A A 2.612911 0.777504 0.000000 1.000000 12.622675 9.810612
1069 A A 2.424284 1.032663 0.000000 1.000000 11.068531 9.563681
1070 A A 2.127621 0.398689 0.000000 1.000000 11.663607 7.881226
1071 A A 2.259373 0.710017 0.000000 1.000000 10.090238 8.665642
1072 D A 2.827934 0.976506 0.000000 1.000000 19.453730 10.704435
1073 A A 2.577150 1.179245 0.000000 1.000000 14.252432 10.205507
1074 A A 1.966434 0.857531 0.000000 0.000000 12.119684 7.971216
1075 A A 1.746314 0.583905 0.000000 1.000000 16.433338 6.968823
1076 B A 2.343659 1.049047 0.000000 1.000000 10.490806 9.342285
1077 A A 2.160278 0.230852 0.000000 1.000000 11.833645 7.769398
1078 A A 2.462340 1.326641 0.000000 1.000000 13.425483 10.045320
1079 A A 2.721982 0.768441 0.000000 1.000000 14.839708 10.126498
1080 A A 2.022591 0.576993 0.000000 1.000000 12.189943 7.789014
1081 A A 2.390257 0.878644 0.000000 1.000000 10.376764 9.269076
1082 A A 2.138921 0.443861 0.000000 2.000000 13.731783 7.971590
1083 C A 2.622863 1.426503 0.000000 1.000000 18.065435 10.651716
1084 A A 4.443556 1.159331 0.000000 1.000000 239.915618 15.779833
1085 A A 1.883521 1.729180 0.000000 1.000000 14.033291 8.812039
1086 B A 2.247482 0.699015 0.000000 1.000000 10.132044 8.616217
1087 A A 1.550038 0.929039 0.000000 1.000000 17.464446 6.811413
1088 A A 2.498040 1.067843 1.000000 1.000000 10.502356 9.828923
1089 A A 2.289980 0.406993 0.000000 1.000000 10.418149 8.378679
1090 A A 2.010171 0.753774 0.000000 1.000000 11.630874 7.972730
1091 A A 2.773819 0.929688 0.000000 1.000000 17.291335 10.483567
1092 A A 2.306479 0.620514 0.000000 1.000000 10.098719 8.695080
1093 A A 1.790131 1.228637 0.000000 1.000000 12.544656 7.906188
1094 B A 2.521667 1.467801 0.000000 1.000000 16.145831 10.399753
1095 A A 2.130610 0.812750 0.000000 1.000000 10.463189 8.407768
1096 A A 2.893423 1.021611 0.000000 1.000000 22.394056 10.957282
1097 A A 1.934846 0.230497 0.000000 1.000000 15.128357 7.092660
1098 D A 2.355311 0.601115 0.000000 1.000000 10.102370 8.817325
1099 A A 2.627811 1.208957 0.000000 1.000000 15.657246 10.394631
1100 A A 2.176884 0.840635 0.000000 1.000000 10.190415 8.581446
1101 A A 4.098639 0.476080 0.000000 1.000000 138.880169 13.891016
1102 A D 1.692046 1.031868 0.000000 1.000000 14.490642 5.044271
1103 A A 1.420466 0.721728 0.000000 1.000000 21.751892 6.163559
1104 B A 2.397749 1.313477 0.000000 1.000000 12.390348 9.835094
1105 A A 2.051578 0.938648 0.000000 1.000000 10.731088 8.328044
1106 A A 2.209764 0.372472 0.000000 1.000000 10.978692 8.094881
1107 A A 2.469180 0.711865 0.000000 1.000000 10.654601 9.297372
1108 A C 3.120566 0.042491 0.000000 1.000000 24.306570 10.351075
1109 C A 1.926642 1.117879 0.000000 1.000000 11.400383 8.177275
1110 A A 2.631079 0.563958 0.000000 1.000000 12.212380 9.598186
1111 A A 2.225606 0.857505 0.000000 1.000000 10.037314 8.748699
1112 A A 1.731094 1.065895 0.000000 1.000000 13.771221 7.525650
1113 A A 2.059645 1.489750 0.000000 1.000000 11.707728 9.041124
1114 B A 1.924352 0.895688 0.000000 1.000000 12.038050 7.892666
1115 A A 2.178787 1.260440 1.000000 1.000000 11.574000 9.111912
1116 A D 2.323536 0.622970 0.000000 1.000000 10.083633 7.347638
1117 A A 3.737214 0.855125 0.000000 1.000000 89.982114 13.280547
1118 A A 2.089584 0.393928 0.000000 1.000000 12.107265 7.761162
1119 A C 2.521995 1.070526 0.000000 2.000000 12.157924 8.298353
1120 A A 1.817462 0.705611 0.000000 1.000000 14.433710 7.334399
1121 D A 2.314430 0.957013 0.000000 1.000000 10.151383 9.139555
1122 A A 2.749568 1.271394 0.000000 1.000000 19.883475 10.837946
1123 A A 2.047804 0.566219 0.000000 1.000000 11.937206 7.851185
1124 B A 2.470667 0.785328 0.000000 1.000000 10.798896 9.393662
1125 A A 2.222076 0.285006 0.000000 1.000000 11.089689 8.022487
1126 A A 1.641343 1.666826 0.000000 0.000000 18.541581 8.007562
1127 A D 1.891038 1.144899 5.000000 1.000000 49.467543 5.528215
1128 A A 2.268304 0.886249 0.000000 1.000000 10.003877 8.912722
1129 A A 2.108257 2.010651 0.000000 1.000000 20.136027 9.838086
1130 A A -0.802504 1.418095 0.000000 1.000000 28.716507 0.365106
1131 A A 2.467322 1.090078 0.000000 1.000000 11.816902 9.764562
1132 A A 2.223992 0.950482 0.000000 1.000000 10.026920 8.860078
1133 A A 1.889281 1.561426 0.000000 1.000000 12.517306 8.619624
1134 A A 2.110778 1.390222 0.000000 2.000000 10.025730 9.070111
1135 A A 2.072389 1.629907 0.000000 2.000000 10.537091 9.254552
1136 A A 1.618268 1.528021 0.000000 0.000000 17.248962 7.764831
1137 A A 1.920831 1.361859 0.000000 2.000000 10.950147 8.464818
1138 A A 1.373863 1.885980 0.000000 2.000000 15.823749 7.479065
1139 A A 2.251378 1.783347 0.000000 2.000000 12.775773 9.983319
1140 A A 2.541260 1.687726 0.000000 2.000000 16.535364 10.733438
1141 A A 2.054575 2.175432 0.000000 2.000000 17.925180 9.883014
1142 A A 1.750823 1.289931 0.000000 1.000000 12.877008 7.864884
1143 A A 2.353014 1.420224 0.000000 2.000000 11.052590 9.834321
1144 A A 2.703478 1.562065 0.000000 1.000000 22.836523 11.063015
1145 A A 3.473139 1.286155 0.000000 3.000000 64.021802 13.027111
1146 A A 2.209773 1.397745 0.000000 3.000000 10.778664 9.376499
1147 A A 2.453380 1.199626 0.000000 2.000000 11.496790 9.859673
1148 A A 2.928342 1.779444 0.000000 0.000000 45.729857 12.009329
1149 A A 1.994212 1.151701 0.000000 2.000000 11.220912 8.422264
1150 A A 2.201418 1.024057 0.000000 1.000000 10.079378 8.884326
1151 A A 2.652154 1.318217 0.000000 1.000000 17.464227 10.604232
1152 C A 2.380883 1.100014 0.000000 1.000000 10.939954 9.517667
1153 A A 1.979548 1.514233 0.000000 3.000000 10.850992 8.831437
1154 A A 1.777220 0.889355 0.000000 1.000000 13.997304 7.443353
1155 A A 2.468610 1.029583 0.000000 1.000000 11.541984 9.692807
1156 A A 2.206495 1.962834 1.000000 1.000000 19.387198 10.073029
1157 A A 2.601883 1.194953 0.000000 1.000000 14.920708 10.299339
1158 A A 2.095588 0.926998 0.000000 1.000000 10.466494 8.445510
1159 A A 2.318246 1.326230 0.000000 1.000000 11.650908 9.612526
1160 A A 0.997512 0.988570 0.000000 2.000000 30.232973 5.228248
1161 A A 1.904205 1.135863 0.000000 1.000000 11.570776 8.132445
1162 A A 2.792037 0.802066 0.000000 1.000000 16.936728 10.378694
1163 A A 2.140120 1.406383 0.000000 1.000000 11.250182 9.178339
1164 A A 2.455569 0.899430 0.000000 1.000000 10.933491 9.490996
1165 D A 1.545501 1.176846 0.000000 1.000000 15.932011 7.107562
1166 A A 2.316803 0.824850 0.000000 1.000000 10.037036 8.981472
1167 A A 2.610504 0.637217 0.000000 1.000000 12.108431 9.628034
1168 A C 3.002123 0.508253 0.000000 1.000000 22.465229 9.879305
1169 A A 2.453600 0.738740 0.000000 1.000000 10.575920 9.284226
1170 A A 2.786946 0.777058 2.000000 1.000000 10.448773 10.332162
1171 A A 2.338450 0.484389 0.000000 1.000000 10.184492 8.620836
1172 A A 2.088822 0.812456 0.000000 0.000000 11.240442 8.282035
1173 A A 2.652159 0.970905 0.000000 1.000000 14.373237 10.170108
1174 A A 2.307689 0.649076 0.000000 1.000000 10.074097 8.734411
1175 A D 1.817096 0.496329 0.000000 1.000000 15.725219 5.954958
1176 C A 2.527591 0.852987 0.000000 1.000000 11.606941 9.649006
1177 A A 1.989095 1.052774 0.000000 1.000000 10.991028 8.283254
1178 A A 2.244704 0.687781 0.000000 1.000000 10.154480 8.593840
1179 A A 2.417081 0.307050 0.000000 1.000000 10.261068 8.635054
1180 A C 2.150473 0.936743 0.000000 1.000000 10.193261 7.217232
1181 A A 2.805914 1.148226 0.000000 1.000000 20.392856 10.853024
1182 A A -0.244926 0.765909 0.000000 1.000000 43.837950 1.222607
1183 A A 2.009662 0.521702 0.000000 1.000000 12.588084 7.681113
1184 A A 2.580979 1.246113 0.000000 1.000000 14.924265 10.300580
1185 A A 1.737100 0.131160 0.000000 1.000000 19.681804 6.375251
1186 A A 2.333075 0.910172 0.000000 1.000000 10.150980 9.136942
1187 A A 2.190237 0.633626 0.000000 1.000000 10.490724 8.362743
1188 A A 2.471472 1.555084 0.000000 1.000000 16.337612 10.358270
1189 D A 1.923559 1.034533 0.000000 1.000000 11.601246 8.063843
1190 A A 2.296076 0.794492 0.000000 1.000000 10.009703 8.881344
1191 A A 2.660409 0.377553 0.000000 1.000000 12.156811 9.453168
1192 A A 2.371543 0.546339 0.000000 2.000000 11.797911 8.797554
1193 A A 2.898402 0.753227 1.000000 1.000000 14.856486 10.636741
1194 A A 2.069286 0.236770 0.000000 1.000000 12.959229 7.503820
1195 A A 2.563949 0.548249 0.000000 1.000000 11.277428 9.377159
1196 A A 2.210628 0.380654 0.000000 1.000000 10.951862 8.107701
1197 A A 1.854039 0.769477 0.000000 1.000000 13.521835 7.523964
1198 A A 2.386481 0.791789 0.000000 1.000000 10.237425 9.149178
1199 A A 2.093449 0.644393 0.000000 1.000000 11.188267 8.085838
1200 A A 2.679709 -0.024089 0.000000 1.000000 11.440289 9.009016
1201 C A 2.278266 0.897399 0.000000 1.000000 10.014713 8.956548
1202 C A 3.128932 1.100153 0.000000 1.000000 35.709365 11.761988
1203 C A 2.560350 0.963835 0.000000 1.000000 12.547489 9.885843
1204 C A 2.364548 1.336732 0.000000 1.000000 12.186568 9.764558
1205 C A 2.781112 0.920957 0.000000 1.000000 17.447884 10.494532
1206 C A 2.233641 1.178208 0.000000 1.000000 10.414662 9.173682
1207 C A 1.991242 0.445405 0.000000 1.000000 13.183373 7.530482
1208 C A 2.559931 0.679572 0.000000 1.000000 11.520314 9.529258
1209 D A -2.046963 0.861440 0.000000 3.000000 50.651224 5.779448
1210 C A 1.648142 0.596644 0.000000 1.000000 18.211656 6.690230
1211 C A 2.429534 1.119415 0.000000 1.000000 11.510563 9.687871
1212 A A 2.111200 1.397338 0.000000 1.000000 11.152741 9.080274
1213 A A 2.285837 0.989788 0.000000 1.000000 10.116656 9.094747
1214 C A 2.871412 0.817820 0.000000 2.000000 19.592297 10.636512
1215 A A 2.453316 1.726495 0.000000 1.000000 18.970766 10.518068
1216 C A 1.904043 0.365263 0.000000 1.000000 14.963995 7.168709
1217 C A 2.152358 0.678261 0.000000 1.000000 10.625085 8.304902
1218 A A 2.700228 1.295288 0.000000 1.000000 18.588951 10.719793
1219 A A 2.315870 1.026358 0.000000 1.000000 10.288164 9.230557
1220 C A 1.794480 0.561541 0.000000 0.000000 14.932921 7.085365
1221 C A -1.195078 0.852814 0.000000 1.000000 35.856315 2.336113
1222 C A 2.026199 0.236935 0.000000 1.000000 13.589689 7.374765
1223 A A 2.489219 1.224277 0.000000 1.000000 12.994065 9.998001
1224 A A 2.247094 0.785079 0.000000 1.000000 10.046034 8.722632
1225 C D 2.569681 1.910722 0.000000 1.000000 26.691992 6.798320
1226 C A 2.031555 1.027220 0.000000 1.000000 10.722500 8.378691
1227 C A 2.992708 0.594547 0.000000 1.000000 22.728393 10.721309
1228 A A 2.339666 1.172814 0.000000 1.000000 10.929870 9.485017
1229 C A 1.481895 1.540290 0.000000 2.000000 15.145528 7.371047
1230 C A 2.158395 0.442692 0.000000 1.000000 11.224384 8.028552
1231 C A 1.768226 0.885437 0.000000 1.000000 14.152401 7.411476
1232 A A 2.680758 0.759756 0.000000 1.000000 13.854333 9.991970
1233 A A 0.640647 1.088704 0.000000 1.000000 31.636276 4.282819
1234 C A 0.292340 0.611798 0.000000 1.000000 43.563626 2.641768
1235 D C 2.433028 0.970601 1.000000 1.000000 10.152745 8.056434
1236 A A 1.952057 0.152185 2.000000 1.000000 27.349859 7.046404
1237 A A 2.220962 1.401628 0.000000 1.000000 11.517220 9.414920
1238 A A 2.463304 0.742670 0.000000 1.000000 10.657191 9.318250
1239 A A 2.084345 1.213498 0.000000 1.000000 10.505534 8.769906
1240 A A 2.738462 0.374637 0.000000 1.000000 13.525864 9.683684
1241 A A 2.326086 0.908882 0.000000 1.000000 10.125268 9.114361
1242 A D 1.896495 0.682583 0.000000 1.000000 13.367403 6.006903
1243 A A 2.572875 0.498673 0.000000 0.000000 11.925664 9.341965
1244 A A 2.178707 1.053203 0.000000 1.000000 10.122925 8.852625
1245 A A 1.684361 0.869234 0.000000 1.000000 15.574707 7.139626
1246 A A 2.275535 1.257754 0.000000 1.000000 10.925207 9.398798
1247 A C 2.020201 0.672296 0.000000 1.000000 11.832334 6.892529
1248 A A 2.452405 0.989169 0.000000 5.000000 23.745694 9.593677
1249 C A 2.898934 1.473552 0.000000 1.000000 29.320127 11.538744
1250 A A 2.609969 0.460055 0.000000 1.000000 11.649785 9.404975
1251 A A 2.167326 0.801209 0.000000 1.000000 10.287872 8.503489
1252 A A 1.862490 1.134340 5.000000 1.000000 50.941210 8.005394
1253 A A 2.369154 0.903531 0.000000 1.000000 10.301111 9.236876
1254 A A 2.094059 0.579001 0.000000 3.000000 17.681617 8.005928
1255 A A 2.349141 0.176052 0.000000 1.000000 10.477554 8.267487
1256 D A 2.753477 1.314995 0.000000 1.000000 20.588853 10.904176
1257 A D 2.511806 1.053412 0.000000 1.000000 12.242862 7.482005
1258 A A 1.938713 0.731595 0.000000 1.000000 12.556215 7.730634
1259 A A 2.234316 0.381158 0.000000 1.000000 10.777623 8.179394
1260 A A 1.582346 0.887581 0.000000 1.000000 17.201513 6.856514
1261 A A 3.260015 1.616127 0.000000 2.000000 52.489246 12.800202
1262 C A 2.089411 1.155232 0.000000 1.000000 10.409318 8.712273
1263 A A 2.412716 0.632593 0.000000 1.000000 10.240937 9.028890
1264 A A 1.184786 0.794482 0.000000 1.000000 25.855568 5.547461
1265 A C 2.548395 1.029854 0.000000 1.000000 12.693966 8.387720
1266 A A 1.821261 1.301180 0.000000 1.000000 12.173983 8.090259
1267 A A 2.258074 0.521565 0.000000 1.000000 10.364852 8.426177
1268 A A 2.707126 0.893966 1.000000 1.000000 11.750844 10.238836
1269 A A 2.039730 0.708518 0.000000 1.000000 11.489138 8.004838
1270 A A 2.311724 0.001312 0.000000 1.000000 10.902250 7.936812
1271 A A 2.584605 1.134056 0.000000 1.000000 14.049562 10.171385
1272 A A 2.941423 0.442741 0.000000 1.000000 19.596117 10.377695
1273 A A 2.125704 0.906643 0.000000 1.000000 10.333061 8.510415
1274 C D 1.786547 1.466471 3.000000 1.000000 29.729183 4.893168
1275 A A 2.410323 0.728429 0.000000 1.000000 10.293028 9.141507
1276 A A 1.992356 0.270030 0.000000 1.000000 13.973029 7.314606
1277 A A 2.327996 1.039233 0.000000 1.000000 10.376961 9.283029
1278 A A 2.210933 0.583701 0.000000 1.000000 10.479891 8.362424
1279 D A 4.690565 1.211453 0.000000 1.000000 316.256366 16.586011
1280 A A 2.649917 0.834292 0.000000 1.000000 13.565727 9.992616
1281 A C 0.069144 1.008464 0.000000 1.000000 38.530576 0.955315
1282 A A 1.925580 1.359910 0.000000 1.000000 11.469579 8.476628
1283 A A 2.510174 1.745996 0.000000 1.000000 20.736910 10.713017
1284 A A 2.160163 2.169881 0.000000 1.000000 25.664865 10.192840
1285 A A 2.803484 0.656578 0.000000 1.000000 16.385776 10.231173
1286 A A 1.671168 0.412655 0.000000 2.000000 22.468789 6.529324
1287 C A 2.413050 0.851836 0.000000 1.000000 10.474378 9.303945
1288 A A 2.088236 1.117561 0.000000 1.000000 10.385869 8.661660
1289 A A 2.278918 0.711111 1.000000 0.000000 11.815544 8.725641
1290 A A 1.923361 0.985055 0.000000 1.000000 11.742180 8.001401
1291 A A 1.368396 0.572607 0.000000 1.000000 24.336908 5.820947
1292 A A 2.573684 1.250557 0.000000 1.000000 14.807469 10.284247
1293 A A 2.379779 0.801151 0.000000 1.000000 10.216225 9.140774
1294 A D 2.139290 0.976837 0.000000 1.000000 10.208196 6.441032
1295 A A 2.792922 0.233429 0.000000 1.000000 14.159797 9.670552
1296 A C 2.249895 0.527800 0.000000 1.000000 10.390585 7.617734
1297 A A 1.759306 1.194929 0.000000 1.000000 12.958837 7.771578
1298 A A 2.501286 1.546767 0.000000 1.000000 16.837897 10.437316
1299 C A 2.040383 0.758619 0.000000 1.000000 11.310099 8.069422
1300 A A 2.398056 1.015180 0.000000 1.000000 10.770265 9.463142
1301 A A 1.972013 0.352180 0.000000 3.000000 21.526997 7.356263
1302 A A 3.111303 1.366889 2.000000 1.000000 23.203942 12.042519
1303 D A 2.667164 0.832236 0.000000 1.000000 13.916358 10.041787
1304 A A 2.272649 0.593211 0.000000 2.000000 11.950361 8.559461
1305 A A 2.143479 1.139200 0.000000 1.000000 10.265622 8.854437
1306 A A 2.512663 0.936235 0.000000 1.000000 11.713251 9.708283
1307 A A 1.870111 0.721520 0.000000 1.000000 13.543789 7.512234
1308 A A 2.251505 0.392321 0.000000 1.000000 10.643403 8.244917
1309 A D 2.882811 0.998069 0.000000 0.000000 24.477730 8.650363
1310 A A 2.455216 1.321898 0.000000 1.000000 13.268777 10.018021
1311 A A 1.535143 0.598576 0.000000 1.000000 20.495054 6.353648
1312 C A 2.046310 0.837483 0.000000 1.000000 11.014548 8.185783
1313 A C 2.734585 1.138122 0.000000 1.000000 17.904583 8.919226
1314 A A 2.326311 0.761049 0.000000 1.000000 10.038780 8.930246
1315 A A 1.756570 0.542483 0.000000 1.000000 16.527157 6.947813
1316 A A 2.608859 0.130825 0.000000 1.000000 11.017807 8.990108
1317 A A 2.135543 0.981651 0.000000 1.000000 10.219423 8.633692
1318 A A 1.951014 1.495151 0.000000 1.000000 11.895511 8.721980
1319 A A 2.396081 1.178621 0.000000 1.000000 11.462664 9.661520
1320 A A 2.131295 0.721904 0.000000 1.000000 10.662023 8.296263
1321 A A 2.518826 0.939757 0.000000 1.000000 11.810856 9.731174
1322 A A 2.290946 0.441981 0.000000 1.000000 10.359737 8.425315
1323 A D 1.853309 0.860174 0.000000 1.000000 13.072754 5.699752
1324 C A 2.210867 1.262352 0.000000 1.000000 10.669645 9.210542
1325 A A 2.617864 0.637950 1.000000 1.000000 10.241856 9.651029
1326 A A 2.020417 1.085216 0.000000 1.000000 10.732636 8.417771
1327 D A 2.410626 0.247509 0.000000 1.000000 10.282341 8.541265
1328 A A 3.000868 0.794325 0.000000 1.000000 24.835666 10.995511
1329 A A 1.669454 1.872369 0.000000 1.000000 16.528668 8.348825
1330 A A 2.224229 1.399032 0.000000 1.000000 11.515865 9.421478
1331 A A 2.762086 1.052024 0.000000 1.000000 17.943406 10.601287
1332 A C 2.455286 0.528301 0.000000 1.000000 10.380496 8.233781
1333 A A 1.980199 0.905083 0.000000 2.000000 12.819146 8.071950
1334 A A 2.232282 0.685697 0.000000 1.000000 10.198237 8.553966
1335 A A 2.528597 1.645184 0.000000 1.000000 19.153716 10.642271
1336 A A 2.080338 1.151588 0.000000 1.000000 10.436267 8.680500
1337 C A 2.344542 -0.036657 0.000000 1.000000 10.719227 7.987805
1338 A A 2.692128 0.404456 0.000000 1.000000 12.749952 9.581954
1339 A D 1.735149 0.914239 0.000000 1.000000 14.489755 5.291209
1340 A A 1.970204 0.647384 0.000000 1.000000 12.536527 7.719841
1341 A A 2.301033 1.352557 0.000000 0.000000 14.957792 9.593794
1342 A A 2.555050 0.798151 0.000000 1.000000 11.796320 9.662839
1343 A A -0.552600 1.097451 0.000000 1.000000 36.648131 0.714014
1344 A A 2.119256 0.507545 0.000000 1.000000 11.390727 7.992199
1345 A C 2.393936 0.952342 0.000000 1.000000 10.557394 7.943721
1346 A A 1.835949 0.719556 0.000000 1.000000 14.064773 7.407293
1347 A A 2.931931 1.248247 0.000000 1.000000 27.000173 11.356101
1348 A A 4.264805 0.362213 0.000000 1.000000 169.470862 14.247182
1349 C A 2.155436 0.917185 0.000000 1.000000 10.190903 8.612788
1350 A A -4.974580 0.599584 0.000000 1.000000 442.258500 3.631352
1351 D A 2.673818 1.101999 0.000000 1.000000 15.857305 10.398954
1352 A A 1.542032 0.788756 0.000000 1.000000 18.726671 6.612040
1353 A A 2.334152 1.532397 0.000000 1.000000 13.792138 9.917951
1354 A A 1.987074 0.999307 0.000000 1.000000 11.107391 8.210356
1355 A A 2.542062 1.310489 3.000000 1.000000 13.092785 10.264298
1356 A A 2.191076 0.532055 0.000000 1.000000 10.721572 8.238297
1357 A D 2.410481 0.773574 0.000000 1.000000 10.341124 7.457868
1358 A A 1.890103 1.166236 0.000000 2.000000 12.152997 8.128105
1359 A A 2.184729 0.283136 0.000000 1.000000 11.431184 7.908106
1360 A A 2.675914 0.932746 0.000000 1.000000 14.679787 10.193675
1361 A A 2.406108 0.642935 0.000000 1.000000 10.219464 9.021992
1362 C C 2.118980 0.835059 0.000000 1.000000 10.489190 7.148174
1363 B A 2.769828 1.063619 0.000000 1.000000 18.295344 10.639009
1364 A A 1.837990 1.414750 0.000000 1.000000 12.161725 8.282407
1365 A A 2.294138 0.422313 0.000000 1.000000 10.377253 8.410307
1366 A A 2.516907 0.694303 0.000000 1.000000 11.059100 9.418601
1367 A A 2.032135 1.225978 0.000000 1.000000 10.701708 8.628878
1368 A A 2.286461 0.108269 2.000000 1.000000 17.588527 7.994719
1369 A A 2.874040 0.954952 0.000000 1.000000 20.954355 10.815810
1370 A A 2.510283 0.550510 0.000000 3.000000 15.507419 9.218986
1371 A A 1.969822 0.794565 5.000000 1.000000 50.167695 7.902672
1372 A A 3.408485 1.715852 0.000000 1.000000 75.022143 13.370270
1373 A D 1.667761 1.081139 1.000000 1.000000 19.870189 4.922143
1374 D A 2.175462 0.898792 0.000000 1.000000 10.136125 8.649877
1375 A A 2.346467 1.269283 0.000000 5.000000 19.857444 9.626005
1376 B A 2.610649 0.676051 0.000000 1.000000 12.229274 9.677011
1377 C A 2.058985 0.411298 0.000000 1.000000 12.416309 7.691079
1378 A C 2.368463 1.053780 0.000000 1.000000 10.669458 7.841946
1379 A A 1.901131 0.774526 0.000000 1.000000 12.844860 7.671551
1380 A A -1.835489 1.477172 0.000000 1.000000 18.372083 0.399445
1381 E A 1.441819 0.559258 0.000000 1.000000 22.853409 6.024531
1382 A E 2.190969 0.976877 0.000000 0.000000 11.361245 5.863372
1383 A A 2.493960 0.197857 0.000000 1.000000 10.392457 8.729202
1384 A E 2.756920 1.241919 0.000000 1.000000 19.768108 7.097402
1385 A A 2.213447 0.825651 0.000000 1.000000 10.086621 8.672403
1386 A A 1.677414 0.650867 0.000000 1.000000 17.236448 6.845827
1387 A E 2.009271 1.104657 0.000000 1.000000 10.789147 5.094663
1388 A A 2.429035 0.885632 0.000000 2.000000 11.236323 9.394146
1389 A A 3.016444 0.435340 0.000000 1.000000 22.533502 10.593506
1390 B B 2.630596 1.998706 0.000000 1.000000 31.662757 9.891142
1391 C E 2.297027 1.346624 0.000000 1.000000 11.621115 5.534490
1392 A A 1.870026 0.698906 0.000000 2.000000 15.949304 7.483710
1393 A D 2.142261 1.045480 0.000000 1.000000 10.188760 6.381303
1394 A E 2.483503 0.879562 0.000000 1.000000 11.163056 6.911275
1395 A A 2.063848 0.593858 0.000000 1.000000 11.655308 7.933868
1396 A A 2.305840 0.332074 0.000000 1.000000 10.464145 8.332612
1397 A E 2.780542 1.189414 0.000000 1.000000 19.959852 7.260151
1398 A A 1.782529 1.563499 0.000000 1.000000 13.090984 8.301960
1399 A A 2.613579 0.809384 0.000000 1.000000 12.762380 9.852468
1400 D E 2.261196 1.015652 0.000000 1.000000 10.102253 6.006197
1401 A A 2.082279 0.521741 0.000000 1.000000 11.721698 7.899013
1402 A C 2.467771 2.362956 0.000000 1.000000 41.532408 7.812575
1403 A E 1.974721 1.218368 0.000000 1.000000 10.988926 4.792019
1404 B A 3.851260 0.722149 0.000000 1.000000 103.170150 13.456466
1405 A A 2.311696 0.990376 0.000000 1.000000 10.197344 9.173056
1406 C E 2.579513 0.848862 0.000000 1.000000 12.348299 7.253030
1407 A A 1.839105 1.384623 0.000000 1.000000 12.092432 8.248094
1408 E A 2.197061 0.623332 0.000000 1.000000 10.473773 8.370349
1409 A E 2.408507 0.297139 1.000000 1.000000 11.066732 7.705528
1410 A A 2.847331 1.121390 0.000000 1.000000 21.645074 10.943730
1411 A E 2.102694 0.496583 0.000000 1.000000 11.594359 6.439061
1412 A A 3.101990 0.868740 0.000000 1.000000 30.903773 11.391896
1413 A A 2.424396 -0.001465 0.000000 3.000000 16.649045 8.271357
1414 A E 2.652972 0.696107 0.000000 1.000000 13.026944 7.740729
1415 A A 2.022541 1.017810 0.000000 1.000000 10.798221 8.339887
1416 A B 1.579049 1.252115 0.000000 0.000000 16.397971 6.363203
1417 A A 2.247325 0.790222 0.000000 1.000000 10.041822 8.729751
1418 B E 1.857828 1.677476 0.000000 1.000000 13.553397 3.637902
1419 C A 2.454320 0.496712 0.000000 1.000000 10.360189 8.983849
1420 A D 2.220363 0.973973 0.000000 1.000000 10.037775 6.687117
1421 A D 2.676955 1.361269 0.000000 1.000000 18.728462 7.669597
1422 A D 2.165687 1.130853 0.000000 1.000000 10.229616 6.366209
1423 A D 2.354893 0.957723 0.000000 1.000000 10.327308 7.106956
1424 A D 2.072170 0.672000 0.000000 2.000000 13.248685 6.544511
1425 D D 2.546275 0.917794 0.000000 1.000000 12.114693 7.721029
1426 A A 1.780604 1.484713 0.000000 1.000000 12.778497 8.197704
1427 A D 2.284626 1.113498 0.000000 1.000000 10.386004 6.740380
1428 A A 2.844148 0.261739 0.000000 1.000000 15.534444 9.859618
1429 A A 1.922491 0.739015 1.000000 1.000000 16.861634 7.691243
1430 A D 2.474560 0.472933 2.000000 1.000000 12.061218 7.950746
1431 A D 2.135822 1.204152 0.000000 1.000000 10.397974 6.203316
1432 E D 2.315266 0.865034 0.000000 1.000000 10.054884 7.080764
1433 B D 1.966304 0.597005 0.000000 1.000000 12.819981 6.301906
1434 A D 2.709439 0.892046 0.000000 1.000000 15.241978 8.236272
1435 A A 1.674073 1.053610 0.000000 1.000000 14.642763 7.339231
1436 C A 2.540874 1.282410 3.000000 1.000000 12.996795 10.225635
1437 A D 2.210182 0.702113 0.000000 1.000000 10.258679 6.928431
1438 A D 2.411047 1.017522 0.000000 1.000000 10.889284 7.215620
1439 A D 1.941534 0.379397 0.000000 1.000000 14.262729 6.445206
1440 A D 2.120327 1.401045 0.000000 1.000000 11.184081 5.959936
1441 A D 0.769777 0.758362 0.000000 1.000000 34.353337 2.550970
1442 A D 2.320365 0.540918 0.000000 1.000000 10.155426 7.420176
1443 A D 2.945336 1.078878 0.000000 1.000000 25.322198 8.757128
1444 A D 2.644288 0.853304 0.000000 1.000000 13.544806 8.079561
1445 A D 2.081035 0.652079 0.000000 1.000000 11.278527 6.591025
1446 B D 1.355679 0.167223 0.000000 1.000000 28.571928 4.899814
1447 A D 2.474137 1.166471 0.000000 1.000000 12.355376 7.255941
1448 A C 2.276842 0.884101 0.000000 1.000000 10.008058 7.609499
1449 A C 2.782134 0.329614 0.000000 0.000000 15.077895 9.263997
1450 C C 2.548123 0.543545 0.000000 1.000000 11.098753 8.508482
1451 A C 2.370059 0.700803 0.000000 1.000000 10.120384 7.934977
1452 A C 2.272319 0.465858 0.000000 1.000000 10.398194 7.700494
1453 D C 1.764283 0.788840 0.000000 1.000000 14.779869 6.095640
1454 A C 2.643780 0.908279 0.000000 1.000000 13.821567 8.704270
1455 A C 2.042146 0.587609 0.000000 1.000000 11.917882 6.979536
1456 A C 3.162059 0.800479 0.000000 3.000000 34.464565 10.286058
1457 A C 0.430275 0.188988 0.000000 1.000000 48.071673 2.243579
1458 A C 2.400048 0.402083 0.000000 2.000000 12.094998 8.099624
1459 E C 2.138702 1.014364 0.000000 1.000000 10.197507 7.162516
1460 A C 2.888077 1.241250 0.000000 1.000000 24.873825 9.353918
1461 A C 1.919694 0.709519 0.000000 1.000000 12.909646 6.581703
1462 A C 2.570201 0.901173 0.000000 1.000000 12.417533 8.485310
1463 B C 2.250159 0.577164 1.000000 1.000000 12.022223 7.606186
1464 C C 2.425082 1.821319 0.000000 1.000000 20.418082 7.819915
1465 A C 1.971001 1.532476 0.000000 1.000000 12.080556 6.529883
1466 A A 2.220579 1.143014 0.000000 1.000000 10.283266 9.090504
1467 A A 2.691636 0.803286 0.000000 1.000000 14.308583 10.079015
1468 A C 1.587645 1.000370 0.000000 1.000000 16.314935 5.512842
1469 A C 2.442807 0.330955 0.000000 1.000000 10.289360 8.245682
1470 A C 2.081975 1.353202 0.000000 1.000000 10.931261 6.907624
1471 A C 2.327790 0.650893 0.000000 1.000000 10.066607 7.820646
1472 A C 2.523561 -0.064671 0.000000 2.000000 12.259767 8.586851
1473 A C -0.116895 0.862283 0.000000 1.000000 41.888776 0.433744
1474 A A 1.722787 1.142112 0.000000 1.000000 13.572433 7.596002
1475 B A 2.795371 0.602605 0.000000 1.000000 15.865596 10.139371
1476 A A 1.917591 0.956263 0.000000 1.000000 11.895757 7.948102
1477 C C 2.176574 0.455552 0.000000 0.000000 10.798742 7.415833
1478 D A 2.326397 0.766599 0.000000 1.000000 10.039326 8.937440
1479 A A 2.583098 1.272618 0.000000 1.000000 15.229462 10.340068
1480 A A 2.157113 1.053715 0.000000 1.000000 10.157454 8.788483
1481 A A 1.869076 0.781448 0.000000 1.000000 13.246672 7.584037
1482 A B 2.445770 0.472193 0.000000 1.000000 10.315838 8.573407
1483 A A 2.025275 0.170028 0.000000 1.000000 13.881352 7.288361
1484 A A 2.254750 1.612924 0.000000 1.000000 13.931315 9.780405
1485 E A 2.733096 0.932940 0.000000 1.000000 16.137394 10.365462
1486 A A 3.554412 1.191947 0.000000 1.000000 75.144285 13.153171
1487 A A 2.373139 0.651964 0.000000 1.000000 10.121239 8.934371
1488 A C 2.097782 1.435515 0.000000 1.000000 11.368915 6.934468
1489 A A 2.578191 0.973842 0.000000 1.000000 12.904621 9.951876
1490 C A 1.821285 0.750979 0.000000 1.000000 14.110303 7.402580
1491 B A 2.933287 0.487867 0.000000 1.000000 19.590061 10.409695
1492 A A 2.317680 1.136334 0.000000 1.000000 10.628841 9.373458
1493 A A 2.043806 0.888523 0.000000 1.000000 10.900775 8.242072
1494 A A 2.520415 0.665934 0.000000 1.000000 11.038498 9.393664
1495 A A 2.186052 1.318559 2.000000 1.000000 14.474924 9.206356
1496 A B -4.175248 0.315440 0.000000 1.000000 198.084815 3.315996
1497 A A 1.539341 1.062643 0.000000 1.000000 16.703386 6.946326
1498 A A 2.706559 0.804234 0.000000 2.000000 14.953750 10.124968
1499 A C 2.364847 0.545049 0.000000 1.000000 10.133214 7.958278
1500 A A 1.933927 0.992055 0.000000 1.000000 11.614209 8.041849
