1 A A 2.070893 -0.829197 0.000000 3.000000 21.479141 6.176183
2 A A -3.934798 1.179843 1.000000 0.000000 124.000292 2.271256
3 A A -2.358844 0.577779 2.000000 1.000000 38.703220 1.691353
4 A B 3.282488 -0.261639 1.000000 4.000000 29.359298 10.716645
5 A B -0.151972 4.771098 2.000000 5.000000 263.993019 2.929632
6 A B 0.889512 3.588887 3.000000 1.000000 147.328000 5.462979
7 A B -4.317692 -3.032525 3.000000 2.000000 54.463133 6.770794
8 A B -2.786555 2.844767 3.000000 3.000000 12.684719 0.000000
9 A B -3.040008 2.774150 3.000000 4.000000 20.901652 0.005856
10 A B -1.419963 -2.683229 4.000000 0.000000 138.070020 4.248201
11 A B 3.457272 0.528701 4.000000 2.000000 16.226761 11.636165
12 A B 4.691337 -3.332797 4.000000 4.000000 181.288255 13.721907
13 A B -2.686383 0.906832 5.000000 1.000000 41.933219 1.607955
14 A C -0.056253 -2.452807 0.000000 0.000000 97.078130 4.439439
15 A C -3.603251 -3.622464 1.000000 0.000000 72.109364 6.824902
16 A C 3.782872 3.871830 1.000000 1.000000 383.853093 11.380657
17 A C 2.603891 2.716854 1.000000 4.000000 32.117228 8.132460
18 A C 2.945096 0.287649 2.000000 0.000000 11.980432 9.763375
19 A C 2.862074 1.567858 2.000000 3.000000 13.197791 9.194258
20 A C 3.741455 -4.653247 2.000000 3.000000 427.731537 15.734833
21 A C 0.934946 1.538736 3.000000 1.000000 53.482012 3.420154
22 A C -2.617175 -1.210961 4.000000 2.000000 55.551639 3.673842
23 A C -0.659791 2.033990 4.000000 3.000000 69.029769 0.000000
24 A C 4.185389 1.290886 4.000000 3.000000 88.312874 13.233446
25 A C 3.712050 1.046069 4.000000 4.000000 34.709216 11.874632
26 A C 0.924816 2.894244 4.000000 5.000000 54.365130 3.050886
27 A C -4.066108 -3.408364 5.000000 0.000000 45.326878 6.957945
28 A C 2.436840 4.476090 5.000000 0.000000 429.455022 7.191498
29 A D -4.224706 -3.849626 0.000000 3.000000 105.279330 7.518156
30 A D 4.276681 2.808914 2.000000 4.000000 219.609449 11.021128
31 A D -2.907160 -3.164752 3.000000 3.000000 28.233428 5.845122
32 A D -4.492838 -0.077669 4.000000 1.000000 168.222427 3.947297
33 A D -1.831712 2.379164 4.000000 2.000000 28.225243 0.000000
34 A D 0.461315 4.834927 5.000000 1.000000 479.644818 0.000000
35 A D -2.410079 -2.989824 5.000000 2.000000 83.330043 5.297383
36 A E 3.857699 1.864292 0.000000 4.000000 127.256955 9.310585
37 A E 3.889346 4.755913 1.000000 2.000000 682.582214 4.345189
38 B A 4.747552 -1.947311 0.000000 0.000000 265.690618 12.808517
39 B A -3.460696 3.251454 0.000000 3.000000 99.610956 2.439590
40 B A 1.009171 4.206914 1.000000 1.000000 259.868686 9.286155
41 B A 4.635394 -4.104178 1.000000 1.000000 459.298508 9.775959
42 B A 2.972462 -3.052899 1.000000 4.000000 51.079499 6.101261
43 B A -1.766735 3.007724 1.000000 5.000000 10.836723 0.142378
44 B A -1.205923 4.802057 2.000000 1.000000 368.507304 3.384802
45 B A -3.781487 2.493757 2.000000 3.000000 93.891105 3.678473
46 B A -3.304819 2.982604 2.000000 4.000000 45.029515 2.474625
47 B A -0.438630 1.400436 3.000000 2.000000 71.003675 1.434655
48 B A -4.192004 2.454069 3.000000 4.000000 148.979067 4.333937
49 B A -3.121148 -1.755179 4.000000 5.000000 63.623232 6.936900
50 B B 1.333609 -2.756392 0.000000 5.000000 62.420744 4.878610
51 B B 1.064418 -2.048467 1.000000 3.000000 72.722790 4.120860
52 B B 1.579789 2.169178 1.000000 3.000000 17.104187 6.823955
53 B B -1.509219 3.735048 1.000000 4.000000 52.465782 0.000000
54 B B -0.696187 -1.913142 2.000000 1.000000 98.897268 3.457423
55 B B -0.388811 -2.586835 2.000000 1.000000 129.812212 3.670051
56 B B 0.999715 -1.195248 2.000000 1.000000 77.498254 3.597196
57 B B 3.525765 -3.477811 2.000000 1.000000 170.196549 9.838389
58 B B -1.121206 1.122434 2.000000 3.000000 65.222321 1.059375
59 B B -0.213221 0.679471 3.000000 1.000000 86.047685 0.840434
60 B B -3.138180 1.021727 3.000000 3.000000 63.824978 4.185543
61 B B -4.704469 4.569789 3.000000 4.000000 426.956358 2.986915
62 B B -4.082929 3.138508 3.000000 4.000000 126.884606 3.485885
63 B B 3.189444 -3.366720 3.000000 5.000000 71.428652 8.884971
64 B B 0.723236 2.310698 4.000000 4.000000 61.358779 4.325058
65 B B 4.469397 4.396193 4.000000 4.000000 533.240112 16.606287
66 B B 2.732419 -3.086267 4.000000 5.000000 69.227044 7.654123
67 B B -4.803866 4.529544 5.000000 2.000000 422.973509 3.176255
68 B B 0.202722 3.035892 5.000000 2.000000 102.143602 3.126111
69 B B -0.011697 0.633526 5.000000 3.000000 138.716199 1.281672
70 B C 1.818179 2.932065 0.000000 1.000000 65.041524 5.721520
71 B C -3.547562 0.437551 0.000000 2.000000 113.431298 5.383792
72 B C -1.060685 -2.384234 0.000000 4.000000 64.589399 4.475262
73 B C 3.818929 -2.565329 1.000000 5.000000 46.748132 13.098118
74 B C -3.691401 -1.147808 2.000000 0.000000 49.189477 7.184909
75 B C -0.804404 -3.345489 2.000000 2.000000 165.261362 5.052095
76 B C -1.733157 2.961151 2.000000 3.000000 18.283575 0.138584
77 B C 2.119027 4.109142 2.000000 4.000000 179.465353 6.329796
78 B C -2.507465 -4.605332 3.000000 1.000000 310.093124 8.866529
79 B C 4.389485 -2.343338 3.000000 1.000000 120.137904 14.754290
80 B C 4.254916 -3.642033 3.000000 3.000000 196.569878 14.675258
81 B C -2.982329 0.550670 3.000000 4.000000 85.524604 4.422823
82 B C 0.154434 -4.541759 4.000000 2.000000 502.405389 7.408850
83 B C 2.572470 -0.463290 4.000000 2.000000 26.260417 8.833233
84 B C 4.632714 3.348173 4.000000 2.000000 369.598400 14.061097
85 B C -4.650289 -4.398851 5.000000 0.000000 210.047219 11.874285
86 B C 4.103555 3.504832 5.000000 1.000000 276.532628 12.434456
87 B D -0.421013 -4.950636 0.000000 0.000000 613.936049 10.769753
88 B D -4.543195 4.967419 0.000000 3.000000 623.454463 2.347373
89 B D 3.103896 -2.514534 0.000000 5.000000 17.142834 12.826222
90 B D -1.653440 -2.717903 1.000000 0.000000 72.716275 5.698063
91 B D 2.407253 -2.902585 1.000000 2.000000 73.553023 11.124343
92 B D 1.191798 -1.031993 1.000000 3.000000 61.238499 5.607387
93 B D 0.567023 0.215630 2.000000 2.000000 77.162449 2.485440
94 B D -1.487730 0.105929 2.000000 3.000000 84.215864 2.625666
95 B D 4.826622 3.215624 2.000000 3.000000 456.055564 12.264242
96 B D -2.205730 -2.778701 3.000000 1.000000 64.123354 6.587296
97 B D -4.349940 -2.884861 3.000000 3.000000 60.576827 9.909771
98 B D -0.167591 -0.683803 3.000000 4.000000 135.722908 2.616219
99 B D 0.491434 4.341256 4.000000 0.000000 339.950589 0.000000
100 B D -0.929304 -1.612596 4.000000 1.000000 127.306606 3.506552
101 B D -2.897521 -4.901445 4.000000 4.000000 281.141045 9.747726
102 B D -4.446749 4.415743 5.000000 2.000000 306.105782 2.754380
103 B E 0.080624 1.808352 2.000000 4.000000 55.274510 0.000000
104 B E 0.610493 -0.795463 2.000000 4.000000 103.569523 4.603263
105 B E -2.811509 2.212392 3.000000 0.000000 11.254546 2.504871
106 B E -1.686515 3.836983 3.000000 3.000000 79.952300 0.000000
107 B E 1.485286 3.609240 4.000000 1.000000 160.035419 0.000000
108 B E -1.945691 -1.369647 4.000000 2.000000 84.078988 4.788183
109 B E 1.854421 -1.128634 4.000000 4.000000 77.379362 8.538373
110 B E -2.751616 -1.335229 4.000000 5.000000 87.667916 5.962653
111 B E -3.031878 1.156346 5.000000 2.000000 42.854362 3.891471
112 B E -1.029360 -2.604480 5.000000 3.000000 167.942907 7.118280
113 B E 3.069076 -1.681507 5.000000 5.000000 21.860098 13.149865
114 C A -0.974843 -2.404817 0.000000 4.000000 66.989688 5.098214
115 C A -2.455253 4.642174 1.000000 0.000000 315.694886 1.382146
116 C A -3.214421 -0.414741 1.000000 5.000000 119.363344 8.147188
117 C A -0.735985 3.374554 2.000000 2.000000 70.921400 3.010237
118 C A -2.185896 -0.857777 3.000000 3.000000 77.406675 6.276043
119 C A -1.595730 2.283235 3.000000 3.000000 29.303828 1.807158
120 C A 0.656085 -3.120862 3.000000 4.000000 165.989409 2.144670
121 C A -2.072728 -1.812743 3.000000 5.000000 85.951105 6.976381
122 C B 3.582775 4.001320 1.000000 1.000000 382.117017 13.748984
123 C B 0.802793 -1.253872 1.000000 2.000000 70.543571 2.781442
124 C B 1.105748 3.800814 1.000000 2.000000 147.353694 6.217649
125 C B -4.009643 3.103884 2.000000 1.000000 141.905257 6.417814
126 C B 4.521905 4.321706 2.000000 1.000000 699.211727 16.726567
127 C B 2.564884 -1.444968 2.000000 3.000000 18.336439 7.972167
128 C B -3.498089 -0.100209 2.000000 4.000000 117.132993 8.470909
129 C B -0.556150 -0.468408 2.000000 4.000000 116.725321 2.219745
130 C B 3.924856 -3.912503 2.000000 4.000000 197.293961 10.818316
131 C B 0.563306 0.327297 3.000000 1.000000 85.239433 2.853566
132 C B 3.026786 1.244583 3.000000 1.000000 14.459932 10.702648
133 C B -1.322521 -3.798145 3.000000 2.000000 214.953860 7.273818
134 C B 1.616595 -4.792261 3.000000 2.000000 558.601050 5.108577
135 C B -0.942085 0.721053 3.000000 4.000000 105.877373 1.898638
136 C B 0.297793 -2.308387 3.000000 4.000000 136.021342 2.877538
137 C B -3.831333 -0.179614 4.000000 2.000000 91.071013 9.300114
138 C B -4.516708 -0.653007 4.000000 3.000000 187.649971 11.315600
139 C B -2.164892 -3.566646 5.000000 1.000000 164.706387 8.937653
140 C B -4.383938 3.177878 5.000000 3.000000 140.398054 7.185984
141 C C 0.166972 0.135269 0.000000 1.000000 51.991544 1.467100
142 C C 0.532004 -1.279407 1.000000 2.000000 77.295051 3.498262
143 C C -1.753914 -1.049592 1.000000 3.000000 66.682641 5.495899
144 C C 0.259636 4.542150 1.000000 4.000000 237.449116 0.643369
145 C C -4.414176 1.675980 2.000000 3.000000 226.839655 8.755916
146 C C 3.552540 -0.967402 3.000000 0.000000 23.231332 11.899472
147 C C 3.246382 -3.964558 3.000000 3.000000 210.879576 11.730285
148 C C 4.930191 -0.056892 3.000000 4.000000 243.696612 15.804795
149 C C -1.392038 4.888486 4.000000 0.000000 440.538116 0.000000
150 C C -0.320074 4.155883 4.000000 0.000000 266.507874 0.000000
151 C C 4.459212 0.336718 4.000000 0.000000 121.092961 14.293456
152 C C 4.575358 4.260689 4.000000 1.000000 630.102224 13.660902
153 C C -1.091762 -3.756588 4.000000 2.000000 249.234081 6.713053
154 C C 4.150996 -3.502967 4.000000 2.000000 178.196887 14.328728
155 C C 1.066916 -4.188008 5.000000 1.000000 450.951584 7.535197
156 C C 3.944704 -0.156032 5.000000 5.000000 38.587646 12.873119
157 C D -4.297632 -2.486864 0.000000 3.000000 119.347474 12.656536
158 C D 0.418513 2.750626 1.000000 2.000000 42.475186 0.000000
159 C D 0.335018 0.791028 1.000000 4.000000 72.564272 1.214026
160 C D 4.201520 0.953532 1.000000 4.000000 145.497109 12.651029
161 C D -3.899814 4.054806 2.000000 0.000000 247.989367 5.219776
162 C D 1.425706 0.432720 2.000000 0.000000 40.782083 4.844397
163 C D -2.284346 -1.475640 2.000000 1.000000 37.777885 7.115419
164 C D 2.150693 2.078298 2.000000 1.000000 23.721209 5.373780
165 C D -0.710142 0.372156 2.000000 2.000000 81.644757 1.725663
166 C D 3.044680 -2.275765 3.000000 3.000000 24.415596 12.409805
167 C D 2.027807 2.419739 3.000000 4.000000 19.637785 4.663682
168 C D 0.762994 -4.843048 3.000000 5.000000 482.314465 11.758342
169 C D -1.168348 1.323493 4.000000 1.000000 69.298089 1.805291
170 C D -4.798078 -3.981626 4.000000 3.000000 128.386550 15.277302
171 C D -1.243381 0.468015 4.000000 4.000000 123.117403 2.829592
172 C D -2.024580 -0.504226 4.000000 5.000000 127.946681 5.559531
173 C D 1.750048 -4.249249 4.000000 5.000000 299.137385 11.311033
174 C D 4.350551 -2.085957 4.000000 5.000000 59.699855 16.137609
175 C D -3.589601 4.098369 5.000000 3.000000 113.158814 4.478234
176 C D -1.605907 -4.015377 5.000000 5.000000 221.175545 8.326324
177 C E 2.040446 -3.800432 0.000000 1.000000 223.586778 13.772095
178 C E -3.381918 -1.992191 0.000000 3.000000 41.344653 10.101507
179 C E 1.561840 -1.327201 1.000000 0.000000 46.418000 8.008120
180 C E -2.380751 1.392506 1.000000 1.000000 21.848805 4.464184
181 C E -0.886873 0.242116 1.000000 1.000000 60.312428 2.253348
182 C E 0.104866 2.674319 1.000000 2.000000 39.223559 0.000000
183 C E -2.049102 -4.821339 1.000000 3.000000 330.420056 13.221857
184 C E -0.592650 -4.454065 1.000000 4.000000 308.730549 13.304191
185 C E -2.481901 3.767911 2.000000 2.000000 73.241303 2.316367
186 C E 3.415104 1.092077 2.000000 4.000000 34.548533 9.334177
187 C E 2.192305 -0.314205 4.000000 3.000000 47.676640 8.126774
188 C E 4.836404 -0.600091 5.000000 4.000000 149.666435 16.559371
189 D A 4.892017 -0.580151 1.000000 2.000000 278.886891 14.950863
190 D A -3.740778 -4.990326 2.000000 1.000000 340.885190 16.712660
191 D A 1.701609 -3.872427 3.000000 4.000000 223.971861 1.264293
192 D A 3.615406 0.840564 3.000000 4.000000 36.940870 12.896922
193 D A -3.086970 -0.900810 3.000000 5.000000 96.173059 10.661721
194 D A -0.365729 -4.476716 4.000000 2.000000 461.434179 6.073903
195 D B -4.119931 1.201356 0.000000 2.000000 202.813090 11.658436
196 D B -3.905251 3.705192 1.000000 1.000000 199.506309 8.510562
197 D B 2.691892 0.883505 1.000000 1.000000 11.499647 9.517428
198 D B -4.976138 -1.714754 1.000000 2.000000 303.942762 17.143168
199 D B -2.940620 -2.817937 1.000000 3.000000 11.370518 12.139797
200 D B 0.051959 1.716579 1.000000 4.000000 46.894408 2.014166
201 D B -1.558348 -4.501574 2.000000 1.000000 358.140751 9.676617
202 D B 1.681069 -3.455246 2.000000 1.000000 197.243998 4.315583
203 D B 3.488379 -1.890047 2.000000 1.000000 31.681612 10.520114
204 D B -3.266590 -0.729560 2.000000 3.000000 73.587576 11.029331
205 D B -3.725742 0.189734 2.000000 4.000000 140.746796 11.487492
206 D B -3.645199 1.651218 3.000000 1.000000 60.624068 9.784377
207 D B -3.974855 1.609039 3.000000 2.000000 109.710416 10.815526
208 D B 2.827215 1.928379 3.000000 3.000000 13.238882 10.445834
209 D B -3.405720 -0.335547 4.000000 0.000000 39.613331 11.052706
210 D B -2.664508 -3.191792 4.000000 2.000000 59.526528 11.685315
211 D B 1.464209 2.355909 4.000000 2.000000 49.339315 6.570582
212 D B -1.147836 -4.418067 5.000000 0.000000 476.850450 8.361575
213 D B -4.242338 -2.000579 5.000000 4.000000 73.906414 15.227593
214 D B -0.782878 4.688594 5.000000 5.000000 244.113882 0.995663
215 D C 3.208788 3.314312 0.000000 0.000000 216.601992 9.797785
216 D C 2.904939 -3.232223 0.000000 5.000000 50.980264 10.522874
217 D C 1.389324 0.823408 1.000000 1.000000 28.901540 4.962121
218 D C -1.878524 4.285297 1.000000 3.000000 142.573819 1.850275
219 D C 4.942177 -4.206897 1.000000 3.000000 495.896632 16.878256
220 D C -4.925469 4.926975 2.000000 1.000000 726.208249 10.349432
221 D C -1.343698 2.631255 2.000000 4.000000 22.873095 1.899839
222 D C -2.564959 -2.243277 3.000000 2.000000 34.104411 10.438154
223 D C 1.257828 -3.241656 3.000000 3.000000 169.406446 5.583897
224 D C -1.911080 2.007669 3.000000 5.000000 44.974082 4.225571
225 D C 1.884415 3.930170 3.000000 5.000000 119.029212 5.670701
226 D C 1.155145 1.894776 4.000000 5.000000 60.928165 3.991741
227 D C -4.842068 0.970996 5.000000 4.000000 288.000630 14.055209
228 D C 2.884747 2.517036 5.000000 4.000000 20.395768 9.024982
229 D D 3.675469 2.123308 0.000000 1.000000 129.655581 9.903097
230 D D 4.984856 0.045828 0.000000 1.000000 370.954700 15.908741
231 D D 1.767811 -4.882494 0.000000 4.000000 454.593261 11.264987
232 D D -3.841762 -2.163611 1.000000 1.000000 45.977841 14.188897
233 D D -1.440475 4.632167 1.000000 2.000000 266.614054 0.189256
234 D D -0.271003 -1.069295 1.000000 2.000000 83.715607 3.638589
235 D D 4.045140 1.949434 1.000000 2.000000 152.762030 11.185985
236 D D 4.727017 3.096599 1.000000 2.000000 456.499673 12.084452
237 D D -3.528626 1.460682 2.000000 2.000000 74.056730 9.625195
238 D D -3.297073 -1.640448 2.000000 2.000000 32.728777 12.031666
239 D D -1.976185 -2.204433 2.000000 2.000000 50.925912 8.632989
240 D D -0.490185 -1.587189 2.000000 2.000000 101.249585 4.674378
241 D D 2.392534 0.017942 2.000000 2.000000 17.680754 8.159660
242 D D 4.548225 -0.229649 2.000000 4.000000 167.126752 14.874324
243 D D 2.259393 -0.759554 2.000000 5.000000 40.693090 8.537732
244 D D 0.677755 2.140924 3.000000 2.000000 52.547379 0.892340
245 D D 2.662931 -4.133822 3.000000 3.000000 264.117439 13.122615
246 D D -0.526784 2.581629 3.000000 5.000000 48.453289 0.000000
247 D D 0.012713 0.098192 3.000000 5.000000 137.926855 1.303617
248 D D 1.665903 -0.291490 4.000000 1.000000 68.054448 6.289198
249 D D -4.966610 -4.696019 4.000000 2.000000 280.667860 20.095850
250 D D 4.318725 -0.383095 4.000000 4.000000 80.719308 14.339269
251 D D 3.366562 0.759956 5.000000 1.000000 12.087491 10.339732
252 D D 2.765585 1.761978 5.000000 3.000000 13.283862 7.534779
253 D E 2.216804 -4.293877 0.000000 0.000000 386.919387 15.164698
254 D E -0.253312 -2.865641 0.000000 1.000000 112.053541 9.380513
255 D E -3.196039 3.423204 1.000000 1.000000 84.556974 6.664914
256 D E 3.660171 3.692921 1.000000 4.000000 239.444639 5.517901
257 D E -2.133034 4.198282 3.000000 1.000000 166.127007 2.700818
258 D E 0.774746 -4.337499 3.000000 3.000000 385.066402 13.428121
259 D E 2.467762 -0.014411 4.000000 2.000000 27.749319 8.428504
260 D E 1.306674 0.622572 4.000000 4.000000 87.368703 3.830521
261 D E 1.506195 2.254999 4.000000 4.000000 40.340234 1.572339
262 D E 3.135062 -2.957861 4.000000 4.000000 54.413733 15.581443
263 E A -1.296784 4.460733 0.000000 3.000000 195.017242 3.587771
264 E A 2.328085 3.549440 1.000000 3.000000 112.416193 12.421056
265 E A -4.669964 -1.506067 1.000000 4.000000 257.545476 19.518433
266 E A 2.790431 -2.643712 2.000000 3.000000 41.008646 6.066653
267 E A -4.740222 -1.560799 4.000000 2.000000 168.746221 19.836631
268 E A -4.627373 3.950916 4.000000 2.000000 294.790426 13.901732
269 E A 4.404276 2.662226 4.000000 2.000000 211.566452 17.540610
270 E A 0.329514 4.936746 5.000000 4.000000 395.184549 8.159473
271 E B -4.882910 -3.715860 0.000000 0.000000 257.522194 22.526772
272 E B 1.208645 -0.966520 1.000000 0.000000 52.344487 4.142676
273 E B -1.862914 -3.583107 2.000000 1.000000 139.427694 11.069034
274 E B -2.590340 -4.050358 3.000000 3.000000 127.907244 14.264132
275 E B 1.983768 -0.535701 3.000000 4.000000 55.271427 6.683455
276 E B 2.336247 -1.843655 4.000000 3.000000 51.316653 7.086912
277 E B 4.027193 -1.407624 4.000000 4.000000 33.142527 12.377767
278 E C -0.094425 -3.267214 0.000000 2.000000 139.015901 5.654836
279 E C 4.790999 3.999416 0.000000 2.000000 730.812825 14.373143
280 E C 1.290226 1.785467 1.000000 1.000000 24.786263 4.424312
281 E C 0.375474 1.530317 1.000000 3.000000 43.605581 1.743843
282 E C -0.117524 -4.579159 2.000000 1.000000 486.552279 7.312092
283 E C -2.712207 -0.879007 2.000000 2.000000 47.597653 11.549783
284 E C 1.922395 -4.737275 2.000000 5.000000 393.266139 7.951503
285 E C 4.071374 3.471372 3.000000 2.000000 278.984354 12.346280
286 E C 3.973141 1.493775 3.000000 3.000000 80.003080 12.545981
287 E C 1.951407 3.278272 4.000000 4.000000 63.359457 6.034653
288 E C 2.524055 3.453225 4.000000 5.000000 65.515842 7.708859
289 E C -4.587078 -4.067975 5.000000 1.000000 125.986082 21.769519
290 E D -4.141341 3.639558 1.000000 1.000000 237.442911 12.390470
291 E D -0.632584 -2.174960 1.000000 3.000000 87.810907 6.324358
292 E D 0.862076 1.351819 1.000000 3.000000 39.397551 2.234408
293 E D 3.368133 -2.119665 1.000000 3.000000 23.135033 13.224062
294 E D -2.858161 1.997346 2.000000 0.000000 15.448174 9.220756
295 E D 2.278045 -4.716419 2.000000 4.000000 409.743233 12.550554
296 E D -0.854834 -4.312079 3.000000 3.000000 330.577001 10.765283
297 E D 3.310729 -1.778471 4.000000 1.000000 22.734895 12.710657
298 E D -3.337072 -3.677521 4.000000 3.000000 43.364937 16.691542
299 E E -2.244164 4.701126 1.000000 0.000000 336.345301 4.214488
300 E E -2.307177 2.537859 3.000000 2.000000 11.315332 6.614054
301 A B 2.926588 2.890588 5.000000 3.000000 49.672116 11.225057
302 A B 2.840830 2.512651 5.000000 3.000000 27.431670 10.778814
303 A B -2.906901 2.905239 5.000000 3.000000 10.410886 0.000000
304 A B 2.695214 2.884555 5.000000 3.000000 46.915362 10.527919
305 A B -2.893323 2.360502 5.000000 3.000000 15.460598 0.309490
306 A B -2.923352 2.338351 5.000000 3.000000 16.042698 0.354163
307 A B -2.979508 2.393779 5.000000 3.000000 15.133066 0.340852
308 A B -2.802318 2.453708 5.000000 3.000000 13.654905 0.148031
309 A B -2.911509 2.271482 5.000000 3.000000 17.636163 0.412150
310 A B -2.883174 2.175081 5.000000 3.000000 20.198717 0.487299
311 A B -2.882035 2.338832 5.000000 3.000000 15.943324 0.322695
312 A B -2.902657 2.336370 5.000000 3.000000 16.030040 0.340623
313 A B -2.850150 2.357856 5.000000 3.000000 15.516297 0.279757
314 A B -2.892590 2.361283 5.000000 3.000000 15.441961 0.308159
315 A B -2.805450 2.435959 5.000000 3.000000 13.983646 0.168129
316 A B -2.880606 2.416819 5.000000 3.000000 14.241317 0.243635
317 A B -2.808514 2.395316 5.000000 3.000000 14.802938 0.211070
318 A B -2.816719 2.371344 5.000000 3.000000 15.293881 0.241195
319 A B -2.701009 2.424794 5.000000 3.000000 14.955223 0.100963
320 A B -2.755188 2.757975 5.000000 3.000000 10.445887 0.000000
321 A B -2.701328 2.683513 5.000000 3.000000 11.289086 0.000000
322 A B -3.099041 2.643287 5.000000 3.000000 12.792572 0.180994
323 A B -2.675427 2.834368 5.000000 3.000000 11.143822 0.000000
324 A B -3.115479 2.824925 5.000000 3.000000 12.362667 0.011684
325 A B -2.649974 2.804584 5.000000 3.000000 11.422583 0.000000
326 A B -3.113803 2.765457 5.000000 3.000000 12.352389 0.069895
327 A B -2.490166 2.810584 5.000000 3.000000 14.121557 0.000000
328 A B -2.549018 2.894685 5.000000 3.000000 13.274303 0.000000
329 A B -2.507585 2.839325 5.000000 3.000000 13.814104 0.000000
330 A B -2.516914 2.780277 5.000000 3.000000 13.598111 0.000000
331 A B -2.450603 2.779179 5.000000 3.000000 14.982502 0.000000
332 A B -2.408610 2.986182 5.000000 3.000000 17.170896 0.000000
333 A B -3.094898 2.777022 5.000000 3.000000 11.983879 0.044152
334 A B -3.129762 3.043509 5.000000 3.000000 14.665745 0.000000
335 A B -2.564933 2.779605 5.000000 3.000000 12.720571 0.000000
336 A B -2.573538 2.722624 5.000000 3.000000 12.762507 0.000000
337 A B -3.139805 2.652130 5.000000 3.000000 13.504890 0.202724
338 A B -3.188906 2.701441 5.000000 3.000000 14.293111 0.190239
339 A B -2.640498 3.064668 5.000000 3.000000 13.995995 0.000000
340 A B -3.127085 2.722310 5.000000 3.000000 12.765742 0.123004
341 A B -3.174889 2.654501 5.000000 3.000000 14.281749 0.226666
342 A B -3.082390 2.946814 5.000000 3.000000 12.458130 0.000000
343 A B -2.285947 3.178485 5.000000 3.000000 24.673481 0.000000
344 A B -3.143130 2.940543 5.000000 3.000000 13.565384 0.000000
345 A B -2.593028 2.889406 5.000000 3.000000 12.494206 0.000000
346 A B -2.691648 2.969362 5.000000 3.000000 11.883940 0.000000
347 A B -3.058622 3.141898 5.000000 3.000000 15.527806 0.000000
348 A B -2.687967 2.671047 5.000000 3.000000 11.524680 0.000000
349 A B -2.674213 2.674822 5.000000 3.000000 11.647643 0.000000
350 A B -2.658214 2.993917 5.000000 3.000000 12.587437 0.000000
351 A B -2.624590 2.946426 5.000000 3.000000 12.474368 0.000000
352 A B -2.651966 3.031257 5.000000 3.000000 13.236759 0.000000
353 A B -2.629506 3.226461 5.000000 3.000000 18.469717 0.000000
354 A B -2.238170 2.950029 5.000000 3.000000 21.389806 0.000000
355 A B -2.354168 2.832795 5.000000 3.000000 17.340795 0.000000
356 A B -2.674302 3.101647 5.000000 3.000000 14.343791 0.000000
357 A B -2.624345 2.855051 5.000000 3.000000 11.859663 0.000000
358 A B -2.352670 3.261676 5.000000 3.000000 25.651257 0.000000
359 A B -3.443562 2.965391 5.000000 3.000000 24.741735 0.117281
360 A B -2.705739 2.623326 5.000000 3.000000 11.793217 0.000000
361 A B -2.746328 2.595204 5.000000 3.000000 11.766483 0.000000
362 A B -2.709426 2.597446 5.000000 3.000000 12.053715 0.000000
363 A B -2.708688 2.578088 5.000000 3.000000 12.305223 0.000000
364 A B -3.297652 2.589640 5.000000 3.000000 18.604624 0.383599
365 A B -2.972185 2.615743 5.000000 3.000000 11.479232 0.113396
366 A B -2.919400 2.626138 5.000000 3.000000 11.068331 0.063412
367 A B -2.992497 2.588250 5.000000 3.000000 11.968190 0.156122
368 A B -2.963348 2.561951 5.000000 3.000000 12.077228 0.160560
369 A B -2.794261 2.589071 5.000000 3.000000 11.553872 0.006625
370 A B -2.795630 2.555229 5.000000 3.000000 11.999782 0.041494
371 A B -2.769035 2.544374 5.000000 3.000000 12.298593 0.032403
372 A B -2.996888 2.601298 5.000000 3.000000 11.852701 0.146368
373 A B -2.420345 2.612608 5.000000 3.000000 16.751040 0.000000
374 A B -2.979575 2.590162 5.000000 3.000000 11.833569 0.144519
375 A B -2.947378 2.166798 5.000000 3.000000 20.599231 0.543735
376 A B -3.001148 2.564050 5.000000 3.000000 12.361717 0.186811
377 A B -2.289544 2.725562 5.000000 3.000000 19.214975 0.000000
378 A B -2.783316 2.146549 5.000000 3.000000 21.309292 0.440938
379 A B -3.004858 2.588995 5.000000 3.000000 12.077240 0.164649
380 A B -3.344958 3.256504 5.000000 3.000000 26.976711 0.000000
381 A B -2.417310 2.786779 5.000000 3.000000 15.737796 0.000000
382 A B -3.357387 2.527204 5.000000 3.000000 21.719196 0.490836
383 A B -2.784594 2.770886 5.000000 3.000000 10.237172 0.000000
384 A B -2.145040 2.784094 5.000000 3.000000 23.433543 0.000000
385 A B -2.757583 3.181460 5.000000 3.000000 15.634916 0.000000
386 A B -3.012898 3.105634 5.000000 3.000000 14.063579 0.000000
387 A B -2.448345 2.168845 5.000000 3.000000 25.579244 0.167413
388 A B -2.752294 2.784563 5.000000 3.000000 10.410006 0.000000
389 A B -2.664698 3.048102 5.000000 3.000000 13.369296 0.000000
390 A B -2.801164 2.714217 5.000000 3.000000 10.381473 0.000000
391 A B -2.771390 2.832662 5.000000 3.000000 10.300712 0.000000
392 A B -2.480497 3.009612 5.000000 3.000000 15.864275 0.000000
393 A B -2.756697 2.825640 5.000000 3.000000 10.382379 0.000000
394 A B -2.811203 2.761214 5.000000 3.000000 10.147776 0.000000
395 A B -2.832060 2.680235 5.000000 3.000000 10.509942 0.000000
396 A B -2.807998 3.335241 5.000000 3.000000 21.043180 0.000000
397 A B -2.356576 2.820200 5.000000 3.000000 17.254067 0.000000
398 A B -2.814404 2.256035 5.000000 3.000000 18.101518 0.354767
399 A B -2.226130 2.716842 5.000000 3.000000 21.096323 0.000000
400 A B -3.305741 2.491947 5.000000 3.000000 20.248732 0.487359
401 A B -2.566241 2.714398 5.000000 3.000000 12.929339 0.000000
402 A B -2.851129 2.463852 5.000000 3.000000 13.336225 0.174495
403 A B -2.407745 3.186743 5.000000 3.000000 21.613596 0.000000
404 A B -2.939683 2.932844 5.000000 3.000000 10.768240 0.000000
405 A B -2.731824 2.915541 5.000000 3.000000 10.977060 0.000000
406 A B -3.273484 2.975593 5.000000 3.000000 17.580224 0.000000
407 A B -2.508147 3.350367 5.000000 3.000000 25.661097 0.000000
408 A B -2.786191 3.082224 5.000000 3.000000 12.961506 0.000000
409 A B -2.988733 2.866272 5.000000 3.000000 10.689505 0.000000
410 A B -3.556052 2.859236 5.000000 3.000000 30.437729 0.307803
411 A B -3.003446 3.129653 5.000000 3.000000 14.531968 0.000000
412 A B -2.143014 2.891644 5.000000 3.000000 23.846139 0.000000
413 A B -3.263235 3.296713 5.000000 3.000000 25.461921 0.000000
414 A B -2.946151 2.846962 5.000000 3.000000 10.302777 0.000000
415 A B -3.001601 2.901927 5.000000 3.000000 11.006947 0.000000
416 A B -3.147491 3.136749 5.000000 3.000000 17.037542 0.000000
417 A B -2.954959 3.435839 5.000000 3.000000 26.186063 0.000000
418 A B -3.455143 2.896192 5.000000 3.000000 24.705647 0.195166
419 A B -3.195591 2.969927 5.000000 3.000000 15.150409 0.000000
420 A B -2.979601 2.804340 5.000000 3.000000 10.478911 0.000000
421 A B -3.007932 3.026134 5.000000 3.000000 12.474505 0.000000
422 A B -2.967228 2.814600 5.000000 3.000000 10.385259 0.000000
423 A B -3.219878 2.865534 5.000000 3.000000 14.987015 0.049374
424 A B -3.484823 3.256354 5.000000 3.000000 33.853312 0.000000
425 A B -2.965669 2.823939 5.000000 3.000000 10.383402 0.000000
426 A B -3.046922 3.136633 5.000000 3.000000 15.227076 0.000000
427 A B -2.909722 2.850457 5.000000 3.000000 10.146840 0.000000
428 A B -2.877169 3.417129 5.000000 3.000000 24.920305 0.000000
429 A E -3.170033 2.928449 5.000000 3.000000 14.075399 0.000000
430 A B -3.280615 3.165641 5.000000 3.000000 21.603544 0.000000
431 A B -2.884979 2.833614 5.000000 3.000000 10.045409 0.000000
432 A B -2.894770 2.912077 5.000000 3.000000 10.427847 0.000000
433 A B -3.620313 3.533343 5.000000 3.000000 56.741718 0.000000
434 A B -3.055990 3.060737 5.000000 3.000000 13.681146 0.000000
435 A B -3.379467 2.793445 5.000000 3.000000 20.663291 0.241156
436 A B -2.918298 3.294974 5.000000 3.000000 19.293530 0.000000
437 A B -2.856480 2.963528 5.000000 3.000000 10.872643 0.000000
438 A B -3.195719 2.969975 5.000000 3.000000 15.154375 0.000000
439 A B -2.899888 3.135633 5.000000 3.000000 14.030822 0.000000
440 A B -3.047866 2.855988 5.000000 3.000000 11.323953 0.000000
441 A B -3.403218 3.399177 5.000000 3.000000 35.778901 0.000000
442 A B -2.795978 3.001934 5.000000 3.000000 11.510357 0.000000
443 A B -2.528374 2.798562 5.000000 3.000000 13.363778 0.000000
444 A B -3.135142 3.189668 5.000000 3.000000 18.232363 0.000000
445 B B -2.870309 2.827367 5.000000 3.000000 10.019662 1.978096
446 A B -2.921337 2.998987 5.000000 3.000000 11.434732 0.000000
447 A B -2.560979 2.827379 5.000000 3.000000 12.792588 0.000000
448 B B -3.304677 3.222080 5.000000 3.000000 24.192722 2.234935
449 A B -2.843796 2.819664 5.000000 3.000000 10.020066 0.000000
450 A B -3.105069 3.054840 5.000000 3.000000 14.382886 0.000000
451 A B -2.896246 2.806517 5.000000 3.000000 10.038319 0.000000
452 A B -2.791803 3.580664 5.000000 3.000000 35.434843 0.000000
453 A B -3.462344 2.786423 5.000000 3.000000 24.732450 0.310335
454 A B -3.222680 3.343985 5.000000 3.000000 26.209984 0.000000
455 A B -3.007943 3.022595 5.000000 3.000000 12.418274 0.000000
456 B A -2.521359 2.425229 5.000000 3.000000 17.605770 1.856809
457 A B -2.764343 2.755186 5.000000 3.000000 10.393907 0.000000
458 A B -2.786477 2.747304 5.000000 3.000000 10.295406 0.000000
459 A B -2.448855 2.724718 5.000000 3.000000 15.191691 0.000000
460 A B -2.788475 2.416284 5.000000 3.000000 14.455746 0.175072
461 A B -2.805807 2.728285 5.000000 3.000000 10.290570 0.000000
462 A B -2.620568 2.460554 5.000000 3.000000 15.248934 0.004872
463 A B -2.347180 2.676895 5.000000 3.000000 17.950661 0.000000
464 B B -3.189375 2.723551 5.000000 3.000000 14.188974 2.560511
465 A B -2.853712 2.287170 5.000000 3.000000 17.201787 0.353114
466 A B -2.577580 3.147078 5.000000 3.000000 16.874384 0.000000
467 A B -3.051124 2.748863 5.000000 3.000000 11.364735 0.039480
468 A A -2.687792 2.447582 5.000000 3.000000 14.644346 0.068262
469 A B -3.706295 2.783139 5.000000 3.000000 41.390210 0.496583
470 A B -2.901772 3.135187 5.000000 3.000000 14.024285 0.000000
471 A B -3.239019 2.910358 5.000000 3.000000 15.821111 0.018906
472 A B -2.572881 3.298999 5.000000 3.000000 22.128686 0.000000
473 B B -2.818680 2.453594 5.000000 3.000000 13.596541 2.274425
474 A B -3.065777 2.664641 5.000000 3.000000 12.063433 0.134692
475 A B -3.417729 2.215686 5.000000 3.000000 30.699365 0.847611
476 A B -2.353458 3.022199 5.000000 3.000000 19.118110 0.000000
477 A B -2.799212 2.768536 5.000000 3.000000 10.174788 0.000000
478 A B -2.716507 2.499035 5.000000 3.000000 13.422688 0.038345
479 A B -2.967755 2.799740 5.000000 3.000000 10.385522 0.000000
480 A B -3.115155 2.708384 5.000000 3.000000 12.603470 0.127982
481 A B -2.505885 2.273632 5.000000 3.000000 21.446517 0.105782
482 A B -2.784659 2.732880 5.000000 3.000000 10.362828 0.000000
483 A B -2.737829 2.023356 5.000000 3.000000 25.470877 0.530016
484 A B -2.514272 2.555191 5.000000 3.000000 15.478914 0.000000
485 A B -2.818533 2.720510 5.000000 3.000000 10.286655 0.000000
486 A B -2.139585 2.514070 5.000000 3.000000 25.944125 0.000000
487 A B -2.663048 2.793384 5.000000 3.000000 11.262345 0.000000
488 A B -2.383390 2.280576 5.000000 3.000000 23.997459 0.006966
489 A B -3.231612 2.728780 5.000000 3.000000 15.334810 0.194929
490 A B -2.922907 3.086940 5.000000 3.000000 12.977490 0.000000
491 A B -2.762309 2.496608 5.000000 3.000000 13.100832 0.075124
492 A B -2.999643 2.882904 5.000000 3.000000 10.872768 0.000000
493 A B -2.618201 2.703774 5.000000 3.000000 12.171951 0.000000
494 A B -3.310196 3.211175 5.000000 3.000000 24.045625 0.000000
495 A B -2.867116 2.990876 5.000000 3.000000 11.207189 0.000000
496 A B -2.316757 2.439605 5.000000 3.000000 22.058900 0.000000
497 A B -3.094453 2.739318 5.000000 3.000000 12.077914 0.081522
498 A B -2.512152 3.076636 5.000000 3.000000 16.416319 0.000000
499 A B -2.773339 2.876820 5.000000 3.000000 10.439185 0.000000
500 A B -2.666119 2.585654 5.000000 3.000000 12.667452 0.000000
501 A B -2.776351 3.306540 5.000000 3.000000 19.965947 0.000000
502 A B -2.529768 2.915052 5.000000 3.000000 13.776525 0.000000
503 A B -2.237023 2.299056 5.000000 3.000000 27.473198 0.000000
504 A B -2.824624 3.101143 5.000000 3.000000 13.219263 0.000000
505 A B -3.104558 3.460840 5.000000 3.000000 29.405297 0.000000
506 A B -2.639127 2.599842 5.000000 3.000000 12.834021 0.000000
507 A B -2.391947 2.867331 5.000000 3.000000 16.502463 0.000000
508 A B -3.541856 2.473819 5.000000 3.000000 32.015273 0.682573
509 A B -2.932026 2.728838 5.000000 3.000000 10.341703 0.000000
510 A B -3.273780 2.095901 5.000000 3.000000 28.350893 0.859433
511 A B -2.969741 2.949263 5.000000 3.000000 11.121364 0.000000
512 A B -3.250166 3.196733 5.000000 3.000000 21.496015 0.000000
513 A B -2.969079 2.622679 5.000000 3.000000 11.381423 0.104130
514 A B -2.810380 2.346345 5.000000 3.000000 15.883881 0.261440
515 A B -3.127685 2.789224 5.000000 3.000000 12.591090 0.056540
516 A B -3.423844 3.035352 5.000000 3.000000 24.746329 0.032530
517 A B -2.560371 2.721979 5.000000 3.000000 12.989944 0.000000
518 A B -2.818926 3.286629 5.000000 3.000000 18.952585 0.000000
519 A B -3.054330 2.507210 5.000000 3.000000 13.825764 0.283538
520 A B -2.671215 2.924354 5.000000 3.000000 11.659597 0.000000
521 A B -2.457662 3.076654 5.000000 3.000000 17.579241 0.000000
522 A B -2.870948 2.669835 5.000000 3.000000 10.559659 0.000000
523 A B -3.114149 2.369877 5.000000 3.000000 17.379356 0.465734
524 A B -3.338937 3.516421 5.000000 3.000000 39.642572 0.000000
525 A B -2.686283 2.884892 5.000000 3.000000 11.213085 0.000000
526 A B -2.948371 2.592318 5.000000 3.000000 11.589962 0.118960
527 A B -2.379036 3.084926 5.000000 3.000000 19.656096 0.000000
528 A B -2.081498 2.750529 5.000000 3.000000 25.575771 0.000000
529 A B -2.865435 2.886284 5.000000 3.000000 10.225823 0.000000
530 A B -3.147296 2.199077 5.000000 3.000000 22.185105 0.661395
531 A B -3.549959 3.320120 5.000000 3.000000 40.346222 0.000000
532 A B -2.912959 2.478133 5.000000 3.000000 13.140665 0.206586
533 A B -2.627382 3.142857 5.000000 3.000000 15.973369 0.000000
534 A B -3.197502 2.686621 5.000000 3.000000 14.610100 0.211506
535 A B -3.002483 2.941766 5.000000 3.000000 11.339676 0.000000
536 A B -2.549054 2.537312 5.000000 3.000000 15.095817 0.000000
537 A B -2.818473 2.838813 5.000000 3.000000 10.105047 0.000000
538 A B -2.213265 2.699704 5.000000 3.000000 21.577575 0.000000
539 A B -2.768373 2.358319 5.000000 3.000000 15.825625 0.217960
540 A B -3.351384 3.149765 5.000000 3.000000 23.898561 0.000000
541 A B -2.454278 2.146358 5.000000 3.000000 26.117640 0.194350
542 A B -3.081982 2.818785 5.000000 3.000000 11.754151 0.000000
543 A B -2.697619 2.545948 5.000000 3.000000 12.863187 0.000000
544 A B -2.873302 2.917863 5.000000 3.000000 10.440578 0.000000
545 A B -2.546796 3.255816 5.000000 3.000000 20.906717 0.000000
546 A B -3.209849 2.706667 5.000000 3.000000 14.820393 0.200720
547 A B -2.981013 2.358459 5.000000 3.000000 15.910009 0.377301
548 B B -2.754597 3.057915 5.000000 3.000000 12.673515 1.573980
549 A B -2.334776 2.808233 5.000000 3.000000 17.814863 0.000000
550 A B -3.034502 2.549485 5.000000 3.000000 12.929174 0.226391
551 A B -2.635722 3.436637 5.000000 3.000000 27.808429 0.000000
552 A B -3.418814 3.012086 5.000000 3.000000 24.120284 0.052025
553 A B -2.833637 2.728613 5.000000 3.000000 10.209293 0.000000
554 A B -2.520618 2.053811 5.000000 3.000000 27.628334 0.336652
555 A B -2.739861 2.330392 5.000000 3.000000 16.684131 0.224504
556 A B -3.187676 2.655336 5.000000 3.000000 14.592555 0.235421
557 A B -2.797159 2.525145 5.000000 3.000000 12.442153 0.072724
558 A B -2.958613 2.793882 5.000000 3.000000 10.322867 0.000000
559 A B -3.621362 2.713731 5.000000 3.000000 34.889612 0.502291
560 A B -3.274347 3.021124 5.000000 3.000000 18.248501 0.000000
561 B B -3.033377 2.443866 5.000000 3.000000 14.663631 2.606200
562 A B -2.927783 2.835624 5.000000 3.000000 10.178851 0.000000
563 A B -3.092989 3.733449 5.000000 3.000000 49.461775 0.000000
564 A B -2.969339 3.187563 5.000000 3.000000 15.810543 0.000000
565 A B -3.295197 2.882966 5.000000 3.000000 17.514951 0.088432
566 A B -2.925490 2.594675 5.000000 3.000000 11.447066 0.099442
567 A B -3.478604 3.024910 5.000000 3.000000 27.471399 0.084043
568 A B -3.155543 3.332157 5.000000 3.000000 23.931416 0.000000
569 A B -2.532301 2.244310 5.000000 3.000000 21.717195 0.154915
570 A B -2.895922 2.847530 5.000000 3.000000 10.099867 0.000000
571 A B -2.275910 3.215703 5.000000 3.000000 26.176783 0.000000
572 A B -2.859374 2.958711 5.000000 3.000000 10.818455 0.000000
573 A B -2.639677 2.505502 5.000000 3.000000 14.185929 0.000000
574 B B -3.136777 2.702270 5.000000 3.000000 13.073064 2.502895
575 A B -2.440597 2.845169 5.000000 3.000000 15.260819 0.000000
576 A B -1.962980 3.117278 5.000000 3.000000 33.823259 0.000000
577 A B -2.855118 1.911548 5.000000 3.000000 28.526782 0.729791
578 A B -3.359898 3.545275 5.000000 3.000000 42.417365 0.000000
579 A B -2.604994 2.603396 5.000000 3.000000 13.278526 0.000000
580 A B -3.044096 2.347867 5.000000 3.000000 16.786548 0.435205
581 A B -2.820604 2.937623 5.000000 3.000000 10.665882 0.000000
582 A B -2.696491 2.707916 5.000000 3.000000 11.174747 0.000000
583 A B -3.208595 3.074597 5.000000 3.000000 17.164290 0.000000
584 A B -2.392045 2.469428 5.000000 3.000000 19.563109 0.000000
585 A B -2.927811 2.831902 5.000000 3.000000 10.171635 0.000000
586 B B -2.657899 3.384108 5.000000 3.000000 24.700711 1.102742
587 A B -3.762920 2.638496 5.000000 3.000000 46.862060 0.683694
588 A B -2.903534 2.863095 5.000000 3.000000 10.172508 0.000000
589 A B -2.163494 3.262947 5.000000 3.000000 31.474822 0.000000
590 A B -2.470684 2.996659 5.000000 3.000000 15.884365 0.000000
591 A B -2.847997 2.153414 5.000000 3.000000 20.850223 0.482583
592 A B -2.726228 2.850783 5.000000 3.000000 10.674529 0.000000
593 A B -3.100404 2.415180 5.000000 3.000000 16.196825 0.410123
594 A B -3.339185 3.089058 5.000000 3.000000 21.939929 0.000000
595 A B -2.887887 2.640110 5.000000 3.000000 10.842585 0.025805
596 A B -2.648073 2.872124 5.000000 3.000000 11.605760 0.000000
597 A B -2.426655 3.221660 5.000000 3.000000 22.287819 0.000000
598 A B -3.081932 2.515407 5.000000 3.000000 14.106442 0.296042
599 A B -2.867762 2.725034 5.000000 3.000000 10.197915 0.000000
600 B B -3.519153 2.680702 5.000000 3.000000 28.302235 3.098028
601 A B -3.245197 2.321090 5.000000 3.000000 21.598026 0.612808
602 A B -2.938448 3.005213 5.000000 3.000000 11.603545 0.000000
603 A B -2.601543 2.534406 5.000000 3.000000 14.270206 0.000000
604 A B -3.094365 2.244794 5.000000 3.000000 20.006855 0.575980
605 A B -2.930592 2.714102 5.000000 3.000000 10.409858 0.000000
606 A B -2.789458 2.992265 5.000000 3.000000 11.406714 0.000000
607 A B -3.226500 3.152426 5.000000 3.000000 19.496071 0.000000
608 A A -2.337009 2.808938 5.000000 3.000000 17.755847 0.000000
609 A B -2.543629 2.455479 5.000000 3.000000 16.596383 0.000000
610 A B -2.889429 3.419860 5.000000 3.000000 25.076587 0.000000
611 B B -3.392086 2.644753 5.000000 3.000000 21.881428 2.943376
612 A B -3.066440 2.904726 5.000000 3.000000 11.847927 0.000000
613 A B -2.726236 3.170405 5.000000 3.000000 15.564513 0.000000
614 A B -2.560101 2.023374 5.000000 3.000000 27.882127 0.396702
615 A B -2.880797 2.714539 5.000000 3.000000 10.262403 0.000000
616 A B -3.177859 2.403904 5.000000 3.000000 18.013784 0.479490
617 A B -3.000088 2.984665 5.000000 3.000000 11.795329 0.000000
618 A B -3.577353 2.569895 5.000000 3.000000 32.966461 0.613120
619 A B -2.841330 2.780452 5.000000 3.000000 10.033622 0.000000
620 A B -3.342876 2.864979 5.000000 3.000000 19.258559 0.142179
621 A B -3.055254 3.305221 5.000000 3.000000 20.921432 0.000000
622 A B -2.894390 3.025081 5.000000 3.000000 11.741416 0.000000
623 A B -2.621270 2.213272 5.000000 3.000000 21.082867 0.252680
624 B B -3.229614 2.791296 5.000000 3.000000 15.128055 2.553125
625 A B -2.934165 3.573600 5.000000 3.000000 34.790587 0.000000
626 A B -2.301392 2.572509 5.000000 3.000000 20.270989 0.000000
627 A B -2.738377 3.139214 5.000000 3.000000 14.609773 0.000000
628 A B -3.120985 2.849621 5.000000 3.000000 12.528628 0.000000
629 A B -2.613380 2.475493 5.000000 3.000000 15.078339 0.000000
630 A A -2.101551 2.703368 5.000000 3.000000 25.097988 0.000000
631 A B -2.873775 3.024814 5.000000 3.000000 11.707789 0.000000
632 A B -2.475243 2.892853 5.000000 3.000000 14.719756 0.000000
633 A B -3.339630 3.194147 5.000000 3.000000 24.674824 0.000000
634 A B -3.028319 2.326920 5.000000 3.000000 17.079394 0.444319
635 A B -2.790114 2.600926 5.000000 3.000000 11.428644 0.000000
636 A B -3.183991 2.747208 5.000000 3.000000 13.958810 0.140785
637 A B -2.663918 2.995491 5.000000 3.000000 12.538154 0.000000
638 A B -2.908170 2.432640 5.000000 3.000000 13.973906 0.248488
639 A B -2.441892 3.429139 5.000000 3.000000 31.223117 0.000000
640 A B -3.015998 2.634103 5.000000 3.000000 11.694415 0.127896
641 B B -3.493808 2.817324 5.000000 3.000000 26.502425 2.923388
642 A B -2.770073 3.278339 5.000000 3.000000 18.867433 0.000000
643 A B -3.263880 3.092029 5.000000 3.000000 19.216303 0.000000
644 A B -2.520411 2.204531 5.000000 3.000000 23.046248 0.185777
645 A B -2.269790 2.921952 5.000000 3.000000 20.169914 0.000000
646 A B -3.047676 2.589316 5.000000 3.000000 12.574231 0.196441
647 A B -2.829537 2.748572 5.000000 3.000000 10.135663 0.000000
648 A B -2.622448 3.032108 5.000000 3.000000 13.658305 0.000000
649 B B -2.766445 2.374088 5.000000 3.000000 15.483676 2.275579
650 A B -2.396482 2.854316 5.000000 3.000000 16.335740 0.000000
651 A B -2.827792 3.257808 5.000000 3.000000 17.823739 0.000000
652 A B -3.162607 2.586031 5.000000 3.000000 14.697889 0.285924
653 A B -2.589411 2.801664 5.000000 3.000000 12.297461 0.000000
654 A A -3.686617 3.131460 5.000000 3.000000 44.001320 0.133503
655 A B -2.953134 2.472419 5.000000 3.000000 13.424031 0.242431
656 A B -2.728848 2.945799 5.000000 3.000000 11.269540 0.000000
657 A B -3.090864 3.681698 5.000000 3.000000 44.851537 0.000000
658 A B -3.308162 2.678331 5.000000 3.000000 18.163830 0.302790
659 A B -2.205794 2.745202 5.000000 3.000000 21.596271 0.000000
660 A B -2.479939 3.053342 5.000000 3.000000 16.624139 0.000000
661 A E -2.847843 2.212795 5.000000 3.000000 19.168966 0.423087
662 B B -2.620569 3.409421 5.000000 3.000000 26.551677 1.021433
663 A B -1.790888 2.496656 5.000000 3.000000 38.359213 0.000000
664 A B -2.981688 1.959150 5.000000 3.000000 27.190547 0.777116
665 A B -2.718677 2.890273 5.000000 3.000000 10.919498 0.000000
666 A B -3.461407 3.183404 5.000000 3.000000 30.142841 0.000000
667 A B -3.156793 2.676233 5.000000 3.000000 13.683942 0.191362
668 A B -2.861476 2.462172 5.000000 3.000000 13.359424 0.183936
669 A B -2.394177 2.955262 5.000000 3.000000 17.142361 0.000000
670 A B -2.023567 2.775044 5.000000 3.000000 27.516732 0.000000
671 A B -3.016944 2.343287 5.000000 3.000000 16.578662 0.419421
672 A B -2.687817 2.617130 5.000000 3.000000 12.045142 0.000000
673 A B -3.265400 3.299659 5.000000 3.000000 25.653092 0.000000
674 B B -2.953044 3.038781 5.000000 3.000000 12.217802 1.890785
675 A B -2.527524 2.814073 5.000000 3.000000 13.384444 0.000000
676 A B -2.866321 2.614778 5.000000 3.000000 11.088074 0.034962
677 A A -3.148538 2.921612 5.000000 3.000000 13.516845 0.000000
678 A B -2.687626 3.058965 5.000000 3.000000 13.302794 0.000000
679 A B -2.319779 2.126229 5.000000 3.000000 30.030829 0.113605
680 A B -2.783003 2.435544 5.000000 3.000000 14.098014 0.151708
681 A B -3.089509 2.764322 5.000000 3.000000 11.915236 0.052810
682 A B -3.416620 3.221331 5.000000 3.000000 29.011092 0.000000
683 A B -2.537816 2.636144 5.000000 3.000000 14.045673 0.000000
684 A B -2.924627 2.919106 5.000000 3.000000 10.579179 0.000000
685 A E -2.707686 3.446608 5.000000 3.000000 27.449982 0.000000
686 A B -3.228434 2.302701 5.000000 3.000000 21.538796 0.618625
687 B B -3.006039 3.123301 5.000000 3.000000 14.403517 1.885758
688 A B -2.441017 2.819139 5.000000 3.000000 15.195165 0.000000
689 A B -2.826248 2.557824 5.000000 3.000000 11.854672 0.061862
690 A B -2.598362 2.989926 5.000000 3.000000 13.383117 0.000000
691 A B -3.084200 2.715205 5.000000 3.000000 12.013494 0.097945
692 A B -3.387741 2.460181 5.000000 3.000000 24.079183 0.580624
693 A B -2.848060 3.269032 5.000000 3.000000 18.201908 0.000000
694 A B -2.222597 2.855653 5.000000 3.000000 21.137159 0.000000
695 A B -3.623545 2.635943 5.000000 3.000000 35.521754 0.581715
696 A B -2.634375 3.031668 5.000000 3.000000 13.480729 0.000000
697 A B -3.182743 2.338776 5.000000 3.000000 19.516542 0.548282
698 A B -2.928593 2.806296 5.000000 3.000000 10.149494 0.000000
699 A B -2.768321 3.158240 5.000000 3.000000 14.898886 0.000000
700 B B -2.411195 2.542154 5.000000 3.000000 17.890591 1.574638
701 A B -2.972189 2.891798 5.000000 3.000000 10.678984 0.000000
702 A A -2.573374 3.632100 5.000000 3.000000 42.126639 0.000000
703 A B -3.216445 2.731257 5.000000 3.000000 14.885570 0.181077
704 A B -2.851094 3.063974 5.000000 3.000000 12.399025 0.000000
705 A B -2.695200 2.056030 5.000000 3.000000 24.848550 0.465370
706 A B -3.861195 3.346053 5.000000 3.000000 68.084937 0.049844
707 A B -3.044748 2.516268 5.000000 3.000000 13.553855 0.267293
708 A B -3.364476 2.879604 5.000000 3.000000 20.240784 0.143754
709 A E -2.458247 2.315155 5.000000 3.000000 21.382343 0.028530
710 A B -2.874498 2.735744 5.000000 3.000000 10.152261 0.000000
711 A B -2.269502 2.395718 5.000000 3.000000 24.268660 0.000000
712 B B -2.716687 2.653436 5.000000 3.000000 11.390421 1.921595
713 A B -2.835571 1.850355 5.000000 3.000000 30.693892 0.776323
714 A B -2.562379 2.674853 5.000000 3.000000 13.261439 0.000000
715 A B -3.087640 3.012887 5.000000 3.000000 13.371181 0.000000
716 A B -2.861577 2.542721 5.000000 3.000000 12.021407 0.103462
717 A B -2.641340 3.176893 5.000000 3.000000 16.725378 0.000000
718 A B -3.235355 2.237422 5.000000 3.000000 23.335197 0.689094
719 A B -2.102239 2.799412 5.000000 3.000000 24.836749 0.000000
720 A B -2.990561 2.936201 5.000000 3.000000 11.171598 0.000000
721 A B -2.734422 2.715887 5.000000 3.000000 10.779765 0.000000
722 A B -2.429431 2.466947 5.000000 3.000000 18.727007 0.000000
723 A B -3.088405 3.123867 5.000000 3.000000 15.551988 0.000000
724 A B -2.842169 2.652994 5.000000 3.000000 10.718490 0.000000
725 B B -3.455342 2.911069 5.000000 3.000000 24.826395 2.771944
726 A B -2.567179 3.360960 5.000000 3.000000 25.004123 0.000000
727 A A -2.923221 2.159997 5.000000 3.000000 20.699071 0.532418
728 A B -3.212101 2.803132 5.000000 3.000000 14.623177 0.105943
729 A B -2.272805 2.431062 5.000000 3.000000 23.439485 0.000000
730 A B -2.666730 3.053096 5.000000 3.000000 13.435898 0.000000
731 A B -3.057529 2.615602 5.000000 3.000000 12.408504 0.177545
732 A B -2.834994 2.863237 5.000000 3.000000 10.141780 0.000000
733 A B -3.326131 3.161980 5.000000 3.000000 23.196982 0.000000
734 A B -2.911183 3.529840 5.000000 3.000000 31.699321 0.000000
735 A E -2.456737 2.930859 5.000000 3.000000 15.419594 0.000000
736 A B -3.094118 2.589739 5.000000 3.000000 13.278075 0.230849
737 A B -2.737512 3.854897 5.000000 3.000000 60.854884 0.000000
738 A B -2.908188 2.783877 5.000000 3.000000 10.083323 0.000000
739 B B -3.511888 3.288972 5.000000 3.000000 36.681013 2.478859
740 A B -3.159447 3.020831 5.000000 3.000000 14.944852 0.000000
741 A B -2.985269 2.328509 5.000000 3.000000 16.628341 0.410443
742 A B -3.287039 2.763460 5.000000 3.000000 17.017977 0.201819
743 A B -2.944573 2.934478 5.000000 3.000000 10.810356 0.000000
744 A B -2.605802 2.527412 5.000000 3.000000 14.313921 0.000000
745 A B -2.831221 3.194677 5.000000 3.000000 15.683692 0.000000
746 A B -3.119338 2.729050 5.000000 3.000000 12.580692 0.110453
747 A B -3.308698 2.901118 5.000000 3.000000 18.126139 0.080406
748 A B -2.521786 2.512620 5.000000 3.000000 15.988820 0.000000
749 A B -2.827546 3.094698 5.000000 3.000000 13.069181 0.000000
750 B B -3.626352 3.387823 5.000000 3.000000 48.800374 2.551705
751 A A -3.020238 2.709436 5.000000 3.000000 11.152327 0.055743
752 A B -2.695861 2.218461 5.000000 3.000000 19.988511 0.303435
753 A B -2.950754 2.912392 5.000000 3.000000 10.665835 0.000000
754 A B -2.314986 2.502865 5.000000 3.000000 20.950775 0.000000
755 A B -3.270254 2.740019 5.000000 3.000000 16.508667 0.212672
756 A B -2.629529 3.085354 5.000000 3.000000 14.572106 0.000000
757 A B -3.116409 2.335932 5.000000 3.000000 18.172884 0.501375
758 A E -1.954082 2.852480 5.000000 3.000000 30.139421 0.000000
759 A B -2.769838 3.260788 5.000000 3.000000 18.200700 0.000000
760 A B -2.488714 2.604235 5.000000 3.000000 15.348487 0.000000
761 A B -2.912618 2.991305 5.000000 3.000000 11.297109 0.000000
762 A B -3.052428 2.778164 5.000000 3.000000 11.311784 0.011156
763 B B -3.348800 2.437902 5.000000 3.000000 22.821152 3.085298
764 A B -2.749799 3.522463 5.000000 3.000000 31.703466 0.000000
765 A B -2.447548 2.621177 5.000000 3.000000 16.037039 0.000000
766 A B -2.861347 2.107895 5.000000 3.000000 22.180324 0.538115
767 A B -3.175505 3.082629 5.000000 3.000000 16.454740 0.000000
768 A B -2.629961 2.859573 5.000000 3.000000 11.796941 0.000000
769 A B -3.540653 3.197014 5.000000 3.000000 35.226759 0.000000
770 A B -2.891319 2.643660 5.000000 3.000000 10.814299 0.024829
771 A B -3.071625 2.941920 5.000000 3.000000 12.235775 0.000000
772 A B -2.293567 2.406983 5.000000 3.000000 23.355998 0.000000
773 A B -2.728365 2.739028 5.000000 3.000000 10.718603 0.000000
774 A A -2.558803 3.006391 5.000000 3.000000 14.280474 0.000000
775 B B -2.988191 2.579075 5.000000 3.000000 12.044834 2.403212
776 A B -3.438348 3.337243 5.000000 3.000000 34.585028 0.000000
777 A B -3.179518 2.812694 5.000000 3.000000 13.766175 0.071945
778 A B -2.762214 2.235048 5.000000 3.000000 18.943561 0.336613
779 A B -2.929027 3.181428 5.000000 3.000000 15.385413 0.000000
780 A B -2.575883 2.471824 5.000000 3.000000 15.732538 0.000000
781 A B -2.359565 2.909754 5.000000 3.000000 17.589687 0.000000
782 A E -3.228245 2.693579 5.000000 3.000000 15.420327 0.227605
783 A B -2.117924 3.031187 5.000000 3.000000 26.418360 0.000000
784 A B -2.791664 2.725748 5.000000 3.000000 10.362244 0.000000
785 A C -2.996374 2.357006 5.000000 3.000000 16.070375 0.390274
786 A B -2.599019 2.013904 5.000000 3.000000 27.532586 0.435360
787 A B -3.077120 2.890924 5.000000 3.000000 11.927073 0.000000
788 A B -3.385256 2.560870 5.000000 3.000000 22.464061 0.478072
789 B B -2.777905 3.153948 5.000000 3.000000 14.723385 1.512909
790 A B -2.891805 2.740772 5.000000 3.000000 10.155054 0.000000
791 A B -3.219013 3.380499 5.000000 3.000000 27.817700 0.000000
792 A B -3.698400 2.951907 5.000000 3.000000 41.697891 0.321893
793 A B -4.004995 2.499663 5.000000 3.000000 74.445554 1.004083
794 E B -2.952847 2.747222 5.000000 3.000000 10.382174 8.825954
795 A B -2.479004 3.137397 5.000000 3.000000 18.538287 0.000000
796 A B -3.115325 2.299094 5.000000 3.000000 19.014740 0.537400
797 A B -2.876826 2.989737 5.000000 3.000000 11.197893 0.000000
798 A B -3.354446 2.614222 5.000000 3.000000 20.528255 0.401612
799 A B -2.643868 2.781928 5.000000 3.000000 11.517144 0.000000
800 A A -3.043525 3.602971 5.000000 3.000000 37.864653 0.000000
801 A B -2.714765 2.863626 5.000000 3.000000 10.823203 0.000000
802 B B -2.895951 3.328954 5.000000 3.000000 20.662433 1.514973
803 A B -2.380885 2.499044 5.000000 3.000000 19.311894 0.000000
804 A B -3.242740 3.060378 5.000000 3.000000 17.895952 0.000000
805 A B -2.615973 2.647290 5.000000 3.000000 12.647720 0.000000
806 A B -3.027307 2.877205 5.000000 3.000000 11.148337 0.000000
807 A E -2.824146 2.330438 5.000000 3.000000 16.208745 0.287672
808 A B -3.520527 3.099657 5.000000 3.000000 31.376246 0.040738
809 A C -3.176467 2.659582 5.000000 3.000000 14.277637 0.222768
810 A B -2.543650 3.260265 5.000000 3.000000 21.133235 0.000000
811 A B -2.889868 2.868264 5.000000 3.000000 10.161842 0.000000
812 A B -3.395787 2.983470 5.000000 3.000000 22.609431 0.063370
813 C B -3.023046 3.444739 5.000000 3.000000 27.277663 3.857115
814 A B -2.898137 3.206145 5.000000 3.000000 16.036689 0.000000
815 A B -3.236670 2.869322 5.000000 3.000000 15.500690 0.058180
816 B B -2.697785 3.014746 5.000000 3.000000 12.434773 1.531931
817 A B -3.080951 2.766990 5.000000 3.000000 11.766089 0.043723
818 A B -2.233184 2.463439 5.000000 3.000000 23.955022 0.000000
819 E B -2.875858 3.119663 5.000000 3.000000 13.598638 8.164803
820 A B -2.450105 2.588268 5.000000 3.000000 16.365874 0.000000
821 A B -2.713849 2.843121 5.000000 3.000000 10.763628 0.000000
822 A B -3.118050 2.986143 5.000000 3.000000 13.556970 0.000000
823 A B -2.936722 3.236353 5.000000 3.000000 17.178458 0.000000
824 A A -3.357450 2.199710 5.000000 3.000000 28.493099 0.818377
825 A B -2.672547 2.749410 5.000000 3.000000 11.240683 0.000000
826 A B -2.490216 2.532218 5.000000 3.000000 16.299771 0.000000
827 A B -2.906629 3.476636 5.000000 3.000000 28.331351 0.000000
828 A B -3.079771 2.938320 5.000000 3.000000 12.332686 0.000000
829 B B -2.777654 2.672713 5.000000 3.000000 10.776736 1.993767
830 A B -3.547271 2.387313 5.000000 3.000000 33.875600 0.773141
831 A B -3.269140 3.188346 5.000000 3.000000 21.865590 0.000000
832 A E -2.650643 1.891431 5.000000 3.000000 30.927881 0.596551
833 A B -2.386489 2.792671 5.000000 3.000000 16.480325 0.000000
834 A B -2.960259 2.968303 5.000000 3.000000 11.258452 0.000000
835 A B -3.819684 2.556985 5.000000 3.000000 52.990549 0.807778
836 A B -3.128023 2.824801 5.000000 3.000000 12.612007 0.021217
837 A B -2.713864 3.079495 5.000000 3.000000 13.439392 0.000000
838 A C -2.860666 2.441953 5.000000 3.000000 13.740969 0.203546
839 C B -2.541513 3.262794 5.000000 3.000000 21.269843 2.955609
840 A B -3.237175 2.153162 5.000000 3.000000 25.632635 0.774719
841 A B -2.165583 2.638020 5.000000 3.000000 23.527905 0.000000
842 A B -2.996435 2.882057 5.000000 3.000000 10.836757 0.000000
843 B B -2.755105 2.698975 5.000000 3.000000 10.726198 1.933683
844 E B -2.560362 3.050871 5.000000 3.000000 14.995929 7.050485
845 A B -3.415757 3.808982 5.000000 3.000000 67.157606 0.000000
846 A B -3.031990 3.323874 5.000000 3.000000 21.397952 0.000000
847 A B -2.817179 2.419097 5.000000 3.000000 14.277076 0.193788
848 A B -2.358219 1.689219 5.000000 3.000000 44.352225 0.579446
849 A A -3.145700 2.841529 5.000000 3.000000 13.022112 0.017746
850 A B -2.959859 2.665471 5.000000 3.000000 10.912912 0.054423
851 A B -2.602469 2.970367 5.000000 3.000000 13.069408 0.000000
852 A B -2.772512 2.249212 5.000000 3.000000 18.495409 0.330171
853 A B -3.174496 2.542177 5.000000 3.000000 15.553480 0.338695
854 A B -2.890109 3.092762 5.000000 3.000000 13.004310 0.000000
855 A B -3.322532 2.770558 5.000000 3.000000 18.312846 0.221341
856 B B -2.433754 2.920745 5.000000 3.000000 15.852146 1.229887
857 A B -2.656811 2.586766 5.000000 3.000000 12.767006 0.000000
858 A E -3.036515 3.453338 5.000000 3.000000 27.926003 0.000000
859 A B -2.841168 3.174326 5.000000 3.000000 15.056817 0.000000
860 A B -3.586611 2.394779 5.000000 3.000000 36.267185 0.795179
861 A C -1.989822 2.769366 5.000000 3.000000 28.705310 0.000000
862 A B -3.212268 2.983683 5.000000 3.000000 15.777031 0.000000
863 C B -2.551730 2.654415 5.000000 3.000000 13.620348 3.586978
864 A B -2.214518 2.837468 5.000000 3.000000 21.317520 0.000000
865 A B -2.940801 3.627157 5.000000 3.000000 38.827943 0.000000
866 A B -2.750010 2.086697 5.000000 3.000000 23.355349 0.475811
867 A B -3.395363 3.263097 5.000000 3.000000 29.449609 0.000000
868 A B -3.030502 2.457576 5.000000 3.000000 14.374913 0.315300
869 E B -1.702266 3.087781 4.000000 3.000000 34.137247 3.795714
870 A B -2.658296 2.830965 5.000000 3.000000 11.342283 0.000000
871 B B -2.374337 2.591320 5.000000 3.000000 18.114383 1.470186
872 A B -2.827768 2.303292 5.000000 3.000000 16.854203 0.317535
873 A B -3.168409 3.040280 5.000000 3.000000 15.478051 0.000000
874 A B -2.976302 2.750424 5.000000 3.000000 10.539944 0.000000
875 A A -2.585505 0.549729 5.000000 3.000000 77.225017 1.889400
876 A B -2.800792 3.250755 5.000000 3.000000 17.663210 0.000000
877 A D -3.258835 2.525964 5.000000 3.000000 18.133357 0.418162
878 A B -3.059495 2.902347 5.000000 3.000000 11.727385 0.000000
879 A B -2.499454 2.710658 5.000000 3.000000 14.193084 0.000000
880 A B -2.741873 1.201773 5.000000 3.000000 54.859982 1.354632
881 A B -2.954940 3.397433 5.000000 3.000000 24.145810 0.000000
882 A B -3.416939 2.994054 5.000000 3.000000 23.765071 0.068650
883 B B -4.270452 2.551520 5.000000 3.000000 113.429177 4.354158
884 A C -2.352774 3.126812 5.000000 3.000000 21.341208 0.000000
885 A E -3.177369 2.300083 5.000000 3.000000 20.282837 0.582944
886 A B -2.630192 2.825637 5.000000 3.000000 11.704008 0.000000
887 A B -2.836103 2.667242 4.000000 3.000000 11.026295 0.000000
888 C B -3.005612 2.927638 5.000000 3.000000 11.243916 4.334989
889 A B -2.710364 2.391571 5.000000 3.000000 15.556637 0.141202
890 A B -3.151677 3.148462 5.000000 3.000000 17.434364 0.000000
891 A B -2.467442 2.737481 5.000000 3.000000 14.728061 0.000000
892 A B -2.902435 2.966832 5.000000 3.000000 10.962238 0.000000
893 A B -3.689965 2.551460 5.000000 3.000000 41.453483 0.716014
894 E B -3.304633 3.381107 5.000000 3.000000 30.680938 9.511265
895 A B -2.147547 2.113468 5.000000 3.000000 35.458679 0.000000
896 A B -2.698766 2.827226 5.000000 3.000000 10.877790 0.000000
897 A B -2.921228 3.128683 5.000000 3.000000 13.925886 0.000000
898 B B -3.057634 2.638756 5.000000 3.000000 12.174068 2.447696
899 A B -2.584121 2.446044 5.000000 3.000000 16.083566 0.000000
900 A A -3.425153 2.957309 5.000000 3.000000 23.711345 0.111556
901 A B -2.839627 2.772952 5.000000 3.000000 10.049363 0.000000
902 A B -2.321932 3.186635 5.000000 3.000000 23.890315 0.000000
903 A D -2.758011 2.877711 5.000000 3.000000 10.539659 0.000000
904 A B -2.485523 3.569993 5.000000 3.000000 39.228457 0.000000
905 A B -3.116492 2.718009 5.000000 3.000000 12.577745 0.119360
906 A B -2.813736 3.302967 5.000000 3.000000 19.632766 0.000000
907 A B -2.598640 3.026768 5.000000 3.000000 13.931119 0.000000
908 A B -3.010960 2.391205 5.000000 3.000000 15.467225 0.367015
909 A E -3.186081 2.573443 5.000000 3.000000 15.418536 0.316118
910 B B -2.834703 2.801312 5.000000 3.000000 10.026776 1.950743
911 C C -2.908336 2.906523 5.000000 3.000000 10.424287 4.137233
912 B B -3.497477 3.102182 5.000000 3.000000 30.056123 2.644034
913 B B -3.290487 2.804162 5.000000 3.000000 17.107069 2.631568
914 B B -2.678468 3.298737 5.000000 3.000000 20.538303 1.218964
915 B B -3.008323 2.288357 5.000000 3.000000 17.797059 2.724127
916 B B -2.395564 2.607590 5.000000 3.000000 17.397294 1.485756
917 B B -2.811258 3.024949 5.000000 3.000000 11.798240 1.691938
918 B B -3.113786 2.821212 5.000000 3.000000 12.324804 2.349468
919 B B -2.533588 2.535707 5.000000 3.000000 15.401279 1.764674
920 B B -2.863901 2.964805 5.000000 3.000000 10.885592 1.831047
921 B B -3.278020 2.741968 5.000000 3.000000 16.764107 2.675062
922 B B -2.670462 3.142467 5.000000 3.000000 15.387744 1.363225
923 B B -3.003343 3.492628 5.000000 3.000000 29.887151 1.512386
924 B B -2.259060 2.470779 5.000000 3.000000 23.068996 1.417811
925 B B -2.782867 2.686209 5.000000 3.000000 10.645923 1.988092
926 B B -3.111672 1.988866 5.000000 3.000000 27.723784 3.178642
927 B A -2.541717 2.918410 5.000000 4.000000 12.629110 1.394165
928 B B -3.555593 3.240948 4.000000 3.000000 48.407263 2.592442
929 E D -2.903316 2.243055 5.000000 3.000000 18.355897 9.144382
930 A B -3.255971 2.637768 5.000000 3.000000 16.698842 0.304211
931 A B -2.686862 3.015453 5.000000 3.000000 12.562820 0.000000
932 A B -2.991572 2.838856 5.000000 3.000000 10.626067 0.000000
933 A B -2.475097 2.449806 5.000000 3.000000 18.047539 0.000000
934 A B -2.792436 3.115780 5.000000 3.000000 13.677195 0.000000
935 A B -3.124213 2.766326 5.000000 3.000000 12.554282 0.076833
936 A E -3.335800 3.382196 5.000000 3.000000 31.949764 0.000000
937 A B -2.641650 2.591106 5.000000 3.000000 12.907401 0.000000
938 B B -2.052901 2.925424 5.000000 3.000000 27.166594 0.653927
939 C C -2.931442 2.350085 5.000000 3.000000 15.804269 4.745660
940 A B -2.235749 2.800338 5.000000 3.000000 20.614382 0.000000
941 A B -2.794896 3.727822 5.000000 3.000000 47.522255 0.000000
942 A B -2.487052 3.072149 5.000000 3.000000 16.842636 0.000000
943 A B -3.140692 2.621331 5.000000 3.000000 13.817216 0.234188
944 E B -2.965754 3.204617 5.000000 3.000000 16.308199 8.416960
945 A B -2.702872 2.879141 5.000000 3.000000 11.008857 0.000000
946 A B -3.327434 2.529520 5.000000 3.000000 20.487862 0.466056
947 A B -2.910260 2.235691 5.000000 3.000000 18.566263 0.447003
948 B B -2.618965 2.728820 5.000000 3.000000 12.024076 1.699627
949 A B -1.532972 3.023206 5.000000 3.000000 48.456179 0.000000
950 A B -3.073909 3.285870 5.000000 3.000000 20.424386 0.000000
951 A B -2.404565 2.449750 5.000000 3.000000 19.632797 0.000000
952 A B -2.831941 2.858782 5.000000 3.000000 10.130794 0.000000
953 A A -3.714831 2.666352 5.000000 3.000000 42.457973 0.619771
954 A B -2.695700 2.798823 5.000000 4.000000 11.616605 0.000000
955 A D -3.159635 2.454340 5.000000 3.000000 16.628645 0.415386
956 A B -2.846670 3.034051 5.000000 3.000000 11.865254 0.000000
957 B B -2.292441 2.677297 5.000000 3.000000 19.424548 1.261364
958 A B -2.534794 4.063595 5.000000 3.000000 90.866035 0.000000
959 A B -3.014126 2.936876 4.000000 3.000000 14.461264 0.000000
960 A B -3.425404 2.111235 5.000000 3.000000 33.837661 0.957818
961 A B -2.707976 3.293905 5.000000 3.000000 20.010217 0.000000
962 A C -2.879590 2.816598 5.000000 2.000000 11.121951 0.000000
963 C E -3.203642 2.541036 5.000000 3.000000 16.306941 5.167158
964 A B -1.830406 3.138396 5.000000 3.000000 39.466176 0.000000
965 A B -2.604238 4.505971 5.000000 3.000000 171.361138 0.000000
966 A B -3.058990 2.267993 5.000000 3.000000 18.889515 0.526249
967 B B -2.387319 2.688962 5.000000 3.000000 16.845808 1.392016
968 A B -2.803421 2.952406 5.000000 3.000000 10.869587 0.000000
969 E B -3.389690 3.489129 5.000000 3.000000 40.154608 9.722208
970 A B -2.970652 2.391171 5.000000 3.000000 15.122432 0.336818
971 A B -2.569230 3.057094 5.000000 3.000000 14.957162 0.000000
972 A B -1.092169 2.822727 5.000000 3.000000 62.300332 0.000000
973 D B -3.209835 2.611149 5.000000 3.000000 15.601041 7.518355
974 A B -2.801751 2.860801 5.000000 3.000000 10.230001 0.000000
975 A B -3.543461 1.888758 5.000000 3.000000 46.628266 1.268838
976 A B -3.057589 1.018141 5.000000 3.000000 59.694840 1.775051
977 B B -2.762408 3.127534 5.000000 3.000000 14.134960 1.516078
978 A B -2.461778 2.533388 5.000000 3.000000 16.879461 0.000000
979 A B -2.922225 2.714272 5.000000 3.000000 10.372323 0.000000
980 A B -3.256539 3.243334 5.000000 3.000000 23.232967 0.000000
981 A A -2.662176 2.936152 5.000000 3.000000 11.873205 0.000000
982 A D -3.000296 2.343460 5.000000 3.000000 16.411726 0.406763
983 A B -2.086288 2.686757 5.000000 3.000000 25.704227 0.000000
984 A B -2.799450 3.002725 5.000000 3.000000 11.506577 0.000000
985 A B -2.386200 3.387774 5.000000 3.000000 30.414566 0.000000
986 B B -3.144900 2.492375 5.000000 3.000000 15.648423 2.724975
987 A B -2.584237 2.784681 5.000000 3.000000 12.391461 0.000000
988 A B -2.932105 3.139843 5.000000 3.000000 14.254738 0.000000
989 A E -3.332969 2.129339 5.000000 3.000000 29.440277 0.870388
990 C C -2.683259 2.920982 4.000000 3.000000 10.735200 3.616350
991 A B -3.081522 2.604248 5.000000 2.000000 11.299701 0.206893
992 A B -2.228753 2.794383 5.000000 3.000000 20.822624 0.000000
993 A B -2.865951 2.382798 5.000000 3.000000 14.951171 0.266666
994 A B -2.526355 3.121777 5.000000 3.000000 17.161846 0.000000
995 E B -2.773023 2.613056 5.000000 3.000000 11.379165 8.285780
996 B B -3.135969 2.953095 5.000000 4.000000 13.367178 2.250859
997 A B -3.487795 2.778956 5.000000 3.000000 26.138081 0.336891
998 A B -2.948622 3.268772 5.000000 3.000000 18.414692 0.000000
999 D B -2.656845 2.454241 5.000000 3.000000 14.879442 6.016295
1000 A B -3.310574 2.962284 5.000000 3.000000 18.754991 0.020647
1001 A B -2.448346 4.804815 5.000000 3.000000 254.584292 0.000000
1002 A B -2.889150 3.522211 5.000000 3.000000 31.157519 0.000000
1003 A B 0.923862 2.681878 5.000000 3.000000 75.431799 5.112524
1004 A B -3.113627 2.215462 5.000000 3.000000 21.102633 0.619758
1005 A A -2.710174 3.091554 5.000000 3.000000 13.730808 0.000000
1006 B B -2.928738 2.813840 5.000000 3.000000 10.153273 2.079266
1007 B D -3.246106 3.342125 5.000000 3.000000 26.838524 2.027034
1008 B B -3.675051 2.880273 5.000000 3.000000 39.155661 3.132304
1009 B B -2.972290 3.081993 5.000000 3.000000 13.169832 1.876442
1010 B B -3.129222 2.576639 5.000000 3.000000 14.093813 2.617194
1011 B B -4.462400 2.864447 5.000000 3.000000 150.289448 4.329152
1012 B B -3.439992 3.153064 5.000000 3.000000 28.148506 2.506923
1013 B B -2.967307 2.797487 5.000000 3.000000 10.382867 2.153473
1014 B B -2.663159 2.487767 5.000000 3.000000 14.189066 2.006972
1015 B B -3.221871 2.951139 5.000000 3.000000 15.673818 2.381668
1016 C E -2.824306 2.702211 5.000000 3.000000 10.375956 4.152477
1017 B C -2.530586 3.185643 5.000000 3.000000 18.842019 1.110236
1018 B B -2.346935 2.346863 5.000000 3.000000 23.273780 1.673540
1019 B B -3.090799 2.960799 5.000000 3.000000 12.748034 2.175399
1020 B B -2.859996 3.372503 5.000000 3.000000 22.651465 1.417490
1021 B B -2.712827 2.626324 5.000000 3.000000 11.693321 1.942917
1022 B B -3.365035 3.615336 5.000000 3.000000 47.656954 1.932217
1023 B B -3.046444 2.838987 5.000000 3.000000 11.254146 2.230678
1024 B B -2.884499 2.516953 5.000000 3.000000 12.427266 2.309796
1025 B B -2.568762 3.050998 5.000000 3.000000 14.850750 1.302145
1026 B B -3.212800 2.678009 5.000000 3.000000 15.084187 2.641190
1027 D B -2.732043 3.246384 4.000000 3.000000 18.383771 5.449747
1028 B B -3.877398 2.862409 5.000000 3.000000 58.031262 3.453687
1029 A B -3.023906 2.294427 5.000000 3.000000 17.807121 0.473502
1030 E B -2.266663 3.030690 5.000000 3.000000 21.697982 5.969298
1031 A B -3.479630 2.704774 5.000000 3.000000 25.890430 0.404949
1032 A A -2.506865 2.440731 5.000000 3.000000 17.576733 0.000000
1033 A B -2.869329 2.811551 5.000000 3.000000 10.003249 0.000000
1034 A B -2.949037 3.410628 5.000000 3.000000 24.793500 0.000000
1035 A B -2.717971 3.158172 5.000000 3.000000 15.296442 0.000000
1036 A B -3.246289 2.866892 5.000000 3.000000 15.786128 0.067825
1037 B D -0.403417 2.997525 5.000000 3.000000 84.290221 0.000000
1038 A B -3.048353 2.605784 5.000000 3.000000 12.390009 0.180481
1039 A B -2.448773 3.280173 5.000000 3.000000 23.931044 0.000000
1040 A B -2.800045 2.870694 5.000000 3.000000 10.277888 0.000000
1041 A C -2.621533 3.069405 5.000000 3.000000 14.358661 0.000000
1042 C E -3.068239 2.740123 5.000000 3.000000 11.645765 4.663414
1043 A B -3.314910 3.764915 5.000000 4.000000 47.705512 0.000000
1044 A B -2.888939 2.550341 5.000000 3.000000 11.928151 0.116364
1045 B B -3.575802 2.960972 5.000000 2.000000 33.956962 2.902730
1046 A B -2.159622 2.108988 5.000000 3.000000 35.221704 0.010729
1047 A B -2.572419 2.774844 5.000000 3.000000 12.601282 0.000000
1048 E B -2.791366 2.410534 5.000000 3.000000 14.559541 8.557090
1049 A B -3.142405 3.170889 5.000000 3.000000 17.840714 0.000000
1050 A B -2.363445 2.614334 5.000000 3.000000 18.118373 0.000000
1051 A B -0.771188 2.963743 5.000000 3.000000 74.451983 0.168308
1052 D B -2.927988 2.793314 5.000000 3.000000 10.149989 6.490649
1053 D B -2.663299 2.279641 5.000000 3.000000 18.731557 6.210256
1054 D B -2.965769 2.515189 5.000000 3.000000 12.784962 6.882117
1055 D B -3.272915 1.658205 5.000000 3.000000 42.383920 8.660541
1056 D B -2.773485 4.296810 5.000000 3.000000 125.234845 4.523646
1057 D B -3.073452 2.686483 5.000000 3.000000 12.015949 7.033874
1058 B A -2.515567 3.266956 5.000000 3.000000 21.943331 1.006394
1059 D D -2.874829 2.889199 5.000000 3.000000 10.247057 6.235288
1060 D B -3.172781 3.481226 5.000000 3.000000 32.063256 6.537116
1061 D B -2.687674 3.048595 5.000000 3.000000 13.109787 5.514426
1062 D B -4.086786 2.747295 5.000000 3.000000 83.756602 10.013064
1063 D B -2.938543 2.428433 5.000000 3.000000 14.170754 6.887197
1064 B B -3.376590 2.611522 5.000000 3.000000 21.500276 2.953363
1065 D B -2.498195 3.087896 5.000000 3.000000 16.941653 4.906689
1066 D B -2.306897 2.821728 5.000000 3.000000 18.588933 4.598964
1067 D E -1.901170 2.092102 5.000000 3.000000 44.392599 4.111410
1068 D B -3.070305 3.246643 5.000000 3.000000 18.903107 6.464272
1069 D C -2.781790 2.838197 5.000000 3.000000 10.254152 6.007172
1070 D B -2.709024 2.523158 5.000000 3.000000 13.097952 6.103913
1071 D B -2.951114 3.012276 5.000000 3.000000 11.780789 6.341065
1072 D B -3.252852 2.722224 5.000000 3.000000 16.014606 7.536332
1073 C B -2.618407 2.323288 5.000000 3.000000 18.246478 4.068127
1074 B B -3.538525 2.954933 5.000000 3.000000 30.072680 2.852854
1075 D B -3.061851 2.592479 5.000000 3.000000 12.733903 7.093074
1076 B B 0.127940 3.223267 5.000000 3.000000 100.664864 2.995454
1077 E B -2.862623 0.346568 5.000000 3.000000 75.992316 10.888267
1078 A B -2.377976 2.798738 5.000000 3.000000 16.691610 0.000000
1079 A B -3.223972 3.426290 5.000000 4.000000 24.281707 0.000000
1080 A B -2.761392 2.396791 5.000000 3.000000 15.023753 0.174252
1081 A B -2.965531 3.071695 5.000000 3.000000 12.910324 0.000000
1082 A B -2.569632 2.695832 4.000000 3.000000 10.582901 0.000000
1083 B B -3.429485 1.948177 5.000000 3.000000 38.816442 3.696051
1084 A A -3.114062 2.891889 5.000000 3.000000 12.587758 0.000000
1085 A D -2.100733 2.547201 5.000000 3.000000 26.694485 0.000000
1086 D B -2.768754 3.100255 5.000000 3.000000 13.450660 5.706006
1087 A B -2.916719 2.272671 5.000000 2.000000 13.116830 0.414868
1088 A B -2.499085 2.777764 5.000000 3.000000 13.954823 0.000000
1089 A B -3.170628 2.927197 5.000000 3.000000 14.079006 0.000000
1090 A B -2.709949 2.560001 5.000000 3.000000 12.538729 0.000000
1091 B B -2.956235 3.342106 5.000000 3.000000 21.495671 1.592246
1092 A B -3.318141 2.695506 5.000000 3.000000 18.427626 0.293100
1093 A E -2.399469 2.999631 4.000000 3.000000 14.099473 0.000000
1094 A C -2.644639 2.457565 5.000000 3.000000 14.973372 0.025915
1095 A B -3.017932 1.458381 5.000000 3.000000 44.892659 1.305068
1096 C B -3.780701 3.183127 5.000000 3.000000 53.776131 5.823452
1097 A B -2.845232 2.832108 5.000000 3.000000 10.036099 0.000000
1098 B B -3.167219 2.899035 5.000000 3.000000 13.782365 2.351794
1099 A B -2.795379 3.643955 5.000000 3.000000 40.273425 0.000000
1100 A B -3.358060 3.187877 5.000000 3.000000 25.258589 0.000000
1101 E B -2.993056 2.723253 5.000000 3.000000 10.797496 9.000706
1102 D B -2.569967 2.966411 5.000000 3.000000 13.553610 5.243492
1103 A B -2.873371 3.360338 5.000000 3.000000 22.066316 0.000000
1104 A B -2.253873 -1.228926 5.000000 3.000000 94.097027 3.419331
1105 A B -3.097997 2.557278 5.000000 3.000000 13.762086 0.266220
1106 A B -1.312390 3.029174 5.000000 3.000000 57.242913 0.000000
1107 B B -2.676676 2.795269 5.000000 3.000000 11.100614 1.719745
1108 A B -3.584911 2.233768 5.000000 3.000000 39.615532 0.954915
1109 A B -2.918987 3.166083 5.000000 3.000000 14.902784 0.000000
1110 A B -3.210490 2.690979 5.000000 3.000000 14.932099 0.216889
1111 A D -2.500416 2.428595 5.000000 3.000000 17.946776 0.000000
1112 A A -2.829606 2.874139 5.000000 3.000000 10.200030 0.000000
1113 B B -3.077107 3.074892 5.000000 3.000000 14.280806 2.040769
1114 A B -2.676710 2.596304 5.000000 3.000000 12.410863 0.000000
1115 D B -3.379703 2.828178 5.000000 3.000000 20.711437 7.810930
1116 A B -2.862750 3.453963 5.000000 3.000000 26.962959 0.000000
1117 A B -3.036258 2.953387 5.000000 3.000000 11.845091 0.000000
1118 A B -2.455014 2.403214 5.000000 3.000000 19.424292 0.000000
1119 A B -2.673695 2.656783 5.000000 3.000000 11.805474 0.000000
1120 C E -3.209238 3.212138 5.000000 4.000000 17.535833 4.508647
1121 B C -2.935886 2.836547 0.000000 3.000000 39.779778 2.067282
1122 A B -2.319111 0.707959 5.000000 3.000000 80.628942 1.531374
1123 A B -2.802687 3.060976 5.000000 3.000000 12.462184 0.000000
1124 A B -3.417767 2.186106 5.000000 3.000000 31.461222 0.877219
1125 A B -2.590545 2.544568 5.000000 3.000000 14.288139 0.000000
1126 A B -3.068293 -0.192775 5.000000 3.000000 77.661603 2.993994
1127 A B -2.808194 2.730671 5.000000 3.000000 10.270618 0.000000
1128 E B -2.583428 2.954791 5.000000 3.000000 13.196373 7.233065
1129 B B -3.236477 3.912645 5.000000 3.000000 71.492253 1.442071
1130 D B -2.983636 -2.467651 5.000000 3.000000 34.432916 11.918559
1131 A B -2.100084 3.315448 5.000000 3.000000 35.868917 0.000000
1132 A B -2.780779 2.434662 5.000000 3.000000 14.127586 0.150922
1133 A B -3.103623 2.676848 5.000000 3.000000 12.594380 0.150869
1134 A B -2.396045 3.153145 5.000000 2.000000 27.010584 0.000000
1135 A B -3.614642 3.566057 5.000000 3.000000 58.543387 0.000000
1136 B B -2.878065 2.857191 5.000000 3.000000 10.101223 1.959907
1137 B D -2.613805 2.822051 5.000000 3.000000 11.934263 1.598656
1138 B B -2.809941 3.048553 5.000000 3.000000 12.204573 1.666358
1139 B A -3.254412 2.611076 5.000000 3.000000 16.914090 2.770542
1140 B B -3.030949 2.439816 5.000000 3.000000 14.711569 2.606608
1141 B B -2.463353 2.842702 5.000000 3.000000 14.746150 1.352327
1142 B B -2.709864 2.309440 5.000000 3.000000 17.461986 2.255356
1143 B B -2.914764 2.036350 5.000000 3.000000 24.416969 2.835796
1144 B B -2.210724 3.256547 5.000000 3.000000 29.679368 0.559540
1145 B B -3.457207 3.012393 5.000000 3.000000 26.099676 2.673417
1146 B E -3.160461 2.639907 5.000000 4.000000 17.453770 2.600784
1147 B C -2.631345 2.780813 5.000000 3.000000 11.687887 1.666204
1148 B B -2.883852 2.964964 5.000000 3.000000 10.902218 1.860815
1149 B B -3.052981 2.539134 3.000000 3.000000 20.757160 2.540339
1150 B B -2.413487 3.150145 5.000000 3.000000 20.400090 0.970086
1151 B B -2.733052 2.752380 4.000000 3.000000 10.074056 1.847198
1152 B B -2.637235 2.277750 3.000000 3.000000 16.052213 2.178102
1153 B B -2.327302 2.563469 4.000000 3.000000 14.652634 1.427484
1154 B B -2.755241 2.722021 4.000000 3.000000 10.217810 1.910840
1155 B B -2.586706 2.879921 3.000000 3.000000 10.826191 1.500137
1156 B B -2.767021 2.373662 4.000000 3.000000 14.549534 2.276870
1157 B B -2.477196 2.562164 4.000000 3.000000 12.526162 1.653630
1158 B B -2.949556 2.736628 3.000000 3.000000 16.148562 2.187706
1159 B B -3.300632 3.024791 4.000000 3.000000 26.078613 2.426157
1160 B B -2.824723 3.437821 4.000000 3.000000 27.958738 1.299263
1161 B B -3.107143 2.149447 4.000000 3.000000 25.412953 3.011268
1162 B B -2.518528 2.904482 4.000000 2.000000 14.243059 1.373311
1163 B B 0.464343 2.476660 4.000000 3.000000 65.957058 3.631359
1164 B D -2.814591 3.203044 4.000000 3.000000 17.243079 1.518843
1165 B A -2.169246 2.647758 4.000000 3.000000 17.029726 1.106111
1166 B B -2.655015 2.780012 5.000000 3.000000 11.376364 1.702510
1167 B B -3.010929 3.072133 5.000000 3.000000 13.331180 1.944261
1168 B B -3.261582 2.337388 5.000000 3.000000 21.731738 3.054984
1169 B B -2.946449 1.855168 5.000000 3.000000 30.507854 3.064506
1170 B B -2.404232 2.902061 5.000000 3.000000 16.407068 1.204287
1171 B B -2.669668 3.328631 5.000000 3.000000 21.925078 1.175871
1172 B C -3.119195 2.673919 5.000000 3.000000 12.908887 2.504873
1173 B B -2.886706 2.535106 5.000000 3.000000 12.148820 2.294954
1174 B B -1.940380 4.992118 5.000000 3.000000 338.341719 0.000000
1175 B E -3.404391 3.025220 5.000000 3.000000 23.627782 2.581366
1176 D B -2.731450 2.877189 5.000000 3.000000 10.737193 5.817159
1177 B B -2.524943 2.676592 5.000000 3.000000 13.925156 1.610822
1178 C B -3.175985 3.180410 5.000000 3.000000 18.900424 4.465556
1179 E B -2.901612 2.348776 5.000000 3.000000 15.741343 9.032270
1180 B B -2.354694 2.827865 5.000000 3.000000 17.316362 1.204175
1181 D B -2.717295 2.506547 5.000000 3.000000 13.289411 6.145337
1182 B B -3.006145 3.049218 5.000000 3.000000 12.847861 1.960001
1183 B B -3.206100 2.702964 5.000000 3.000000 14.738630 2.606185
1184 B B -2.574035 3.298476 5.000000 3.000000 22.086514 1.062577
1185 D B -2.832855 2.140262 5.000000 3.000000 21.273050 6.858303
1186 B B -3.037741 2.927570 5.000000 3.000000 11.619051 2.129042
1187 E B -3.490985 2.720849 5.000000 3.000000 26.454794 10.870346
1188 C B -2.286413 2.467903 5.000000 3.000000 22.349257 3.176526
1189 B D -2.748209 3.100165 4.000000 3.000000 13.896250 1.522149
1190 B A -3.282667 2.922532 5.000000 4.000000 17.831339 2.501469
1191 D B -2.558449 2.607993 5.000000 3.000000 13.981771 5.567355
1192 B B -4.994148 2.842243 5.000000 3.000000 295.364848 5.148979
1193 A B -2.994945 3.564951 5.000000 3.000000 34.576315 0.000000
1194 A B -2.846724 2.339485 5.000000 3.000000 15.943561 0.295558
1195 B B -3.139957 3.161670 5.000000 3.000000 17.529909 2.048265
1196 A B -3.702034 2.698968 5.000000 3.000000 41.213051 0.577557
1197 A B -2.639010 3.423672 5.000000 3.000000 27.041480 0.000000
1198 A C -2.985110 3.016192 5.000000 3.000000 12.096694 0.000000
1199 B E -2.750104 2.468849 5.000000 3.000000 13.675842 2.156307
1200 C B -2.444228 2.807310 3.000000 3.000000 10.238475 3.192203
1201 A B -3.351881 2.602276 5.000000 3.000000 20.547281 0.411635
1202 D B -2.884918 3.213904 5.000000 3.000000 16.262399 5.940851
1203 A B -3.139579 2.938917 5.000000 3.000000 13.472822 0.000000
1204 A B -2.164995 0.126245 5.000000 3.000000 99.382442 1.997502
1205 A B -2.651464 2.747961 5.000000 3.000000 11.502774 0.000000
1206 E B -2.969502 2.168813 5.000000 3.000000 20.665311 9.466820
1207 B B -2.493479 -3.038280 5.000000 3.000000 74.185058 7.278499
1208 A B -2.810314 3.061338 5.000000 3.000000 12.439863 0.000000
1209 A B -3.228144 2.482780 5.000000 2.000000 14.756027 0.438328
1210 A B -3.044768 2.826877 5.000000 3.000000 11.207353 0.000000
1211 B B -2.708310 3.315913 5.000000 3.000000 20.926082 1.246552
1212 A B -3.491998 2.591475 5.000000 0.000000 25.827743 0.527524
1213 A B -2.349189 2.281077 5.000000 3.000000 24.846297 0.000000
1214 A B -2.899473 3.005650 5.000000 3.000000 11.457232 0.000000
1215 D B -3.297457 2.748255 5.000000 3.000000 17.426496 7.644116
1216 B D -2.555451 2.910495 5.000000 3.000000 13.269219 1.422682
1217 A A -3.057655 3.175742 5.000000 3.000000 16.437113 0.000000
1218 A B -2.762782 2.615942 5.000000 3.000000 11.409856 0.000000
1219 A B -2.858724 2.466438 5.000000 3.000000 13.282576 0.177605
1220 A B -3.138351 2.916927 5.000000 3.000000 13.256349 0.000000
1221 B B -1.681961 2.744975 5.000000 3.000000 40.169306 0.277967
1222 A B -2.632246 3.109696 5.000000 3.000000 15.077935 0.000000
1223 A B -2.926683 1.986771 4.000000 3.000000 26.140777 0.708241
1224 A C -2.416210 3.361507 5.000000 3.000000 28.323228 0.000000
1225 B E -3.339192 3.741702 5.000000 3.000000 57.195418 1.767087
1226 C B -2.666831 2.304197 5.000000 3.000000 18.066315 4.196174
1227 A B -4.695236 2.594835 5.000000 3.000000 204.825448 1.426592
1228 A B -3.102589 2.818739 5.000000 3.000000 12.112175 0.008202
1229 A B -2.833353 2.988924 5.000000 3.000000 11.210975 0.000000
1230 D B -2.231443 2.688071 5.000000 3.000000 21.106199 4.506257
1231 B B -2.019167 -0.754515 5.000000 3.000000 110.544586 4.283265
1232 A B -2.532848 2.402990 5.000000 3.000000 17.852060 0.000000
1233 E B -0.570876 3.245218 5.000000 3.000000 89.795505 0.909980
1234 A B -2.978699 3.035887 5.000000 4.000000 10.882031 0.000000
1235 A B -3.158904 2.821901 5.000000 3.000000 13.280413 0.047277
1236 A B 0.675643 2.591386 5.000000 3.000000 78.952742 4.322622
1237 B B -2.766167 3.528013 5.000000 3.000000 31.941342 1.121238
1238 A B -3.539767 2.900488 5.000000 3.000000 29.644868 0.254337
1239 A B -2.930120 3.184274 5.000000 3.000000 15.474513 0.000000
1240 A B -2.612704 2.404528 5.000000 3.000000 16.482618 0.054999
1241 B D -3.328007 2.719271 5.000000 3.000000 18.683045 2.772740
1242 A A -2.766993 2.527688 5.000000 3.000000 12.564249 0.047557
1243 A B -3.050630 3.054376 5.000000 3.000000 13.486327 0.000000
1244 D B -2.508567 2.824472 5.000000 3.000000 13.764292 5.201229
1245 A B -2.305444 2.208223 5.000000 3.000000 27.988477 0.020860
1246 B B -3.982858 2.648202 5.000000 3.000000 70.301019 3.826086
1247 A B -3.182217 2.971620 5.000000 3.000000 14.822421 0.000000
1248 A B -2.816810 3.324112 5.000000 3.000000 20.518533 0.000000
1249 A B -2.995674 3.120230 5.000000 3.000000 14.225629 0.000000
1250 B C -2.687706 2.768223 5.000000 3.000000 11.016695 1.763336
1251 A B -3.366707 2.500055 4.000000 3.000000 29.184735 0.524975
1252 C E -2.485736 2.918862 5.000000 2.000000 17.755809 3.174043
1253 A B -2.905646 2.655483 5.000000 3.000000 10.739065 0.023751
1254 A B -3.151600 1.774045 5.000000 3.000000 35.542979 1.089655
1255 A B -2.685768 2.352312 5.000000 3.000000 16.690120 0.162014
1256 B B -3.730914 2.874086 5.000000 3.000000 43.789551 3.222284
1257 A B -2.971234 3.149989 5.000000 3.000000 14.764074 0.000000
1258 E B -2.834164 2.674512 5.000000 3.000000 10.549818 8.453601
1259 A B -3.223518 3.424557 5.000000 3.000000 30.206258 0.000000
1260 D B -2.403905 3.061167 5.000000 3.000000 18.534388 4.650547
1261 A B -2.590933 2.507096 5.000000 3.000000 14.872368 0.000000
1262 B B 1.102477 2.086459 2.000000 3.000000 32.279761 5.350659
1263 A B -3.020960 2.874662 5.000000 3.000000 11.060636 0.000000
1264 A B -0.104949 -0.445168 3.000000 3.000000 123.079692 1.486448
1265 A B -3.485232 2.785042 5.000000 3.000000 25.990823 0.328882
1266 B B -2.758125 3.304987 5.000000 3.000000 20.023738 1.332201
1267 A D -3.110373 3.017211 5.000000 3.000000 13.848045 0.000000
1268 A B -2.828931 2.568313 5.000000 3.000000 11.703455 0.053385
1269 A A -2.572519 2.754216 5.000000 3.000000 12.650332 0.000000
1270 B B -2.196006 2.319872 5.000000 3.000000 28.173075 1.474137
1271 A B -2.957985 3.181616 5.000000 3.000000 15.553218 0.000000
1272 D B -3.262043 2.923474 5.000000 3.000000 16.657176 7.362656
1273 A B -2.695306 2.511277 5.000000 3.000000 13.427041 0.010202
1274 A B -3.022144 2.698139 5.000000 4.000000 13.726614 0.068469
1275 A B -2.390188 2.985964 5.000000 3.000000 17.622818 0.000000
1276 B E -2.754886 2.287627 5.000000 3.000000 17.619790 2.344703
1277 A B -3.286008 3.577039 5.000000 3.000000 41.722723 0.000000
1278 A B -2.902316 2.778776 5.000000 3.000000 10.073552 0.000000
1279 C B -3.107872 2.550905 5.000000 2.000000 11.824459 4.941807
1280 A C -2.536566 2.397916 5.000000 3.000000 17.891681 0.004508
1281 B B -3.445689 2.706135 5.000000 3.000000 24.068620 2.962398
1282 A B -2.872403 2.760712 5.000000 3.000000 10.063067 0.000000
1283 A B -2.655878 2.106599 5.000000 3.000000 23.740825 0.385310
1284 E B -2.847401 3.066786 4.000000 3.000000 13.806078 8.110969
1285 A B -0.902585 2.837775 5.000000 3.000000 68.610860 0.000000
1286 A B -2.310958 2.543005 5.000000 5.000000 27.801196 0.000000
1287 B B -3.111450 3.253066 5.000000 3.000000 19.846841 1.914109
1288 D B -2.547971 2.917244 5.000000 3.000000 13.456112 5.226669
1289 A B -2.918251 2.660673 5.000000 3.000000 10.735320 0.028015
1290 A B -2.752491 2.457479 5.000000 3.000000 13.869124 0.106889
1291 A B -3.164062 3.095927 5.000000 3.000000 16.458740 0.000000
1292 B B -2.985803 2.227870 5.000000 3.000000 19.155316 2.750835
1293 A D -2.470680 2.725111 5.000000 3.000000 14.713611 0.000000
1294 A B -3.338343 2.893428 5.000000 3.000000 19.230337 0.110330
1295 A A -2.740058 2.604745 5.000000 3.000000 11.700077 0.000000
1296 A B -2.950487 3.265268 3.000000 3.000000 26.176850 0.000000
1297 B B -2.615073 2.979769 4.000000 3.000000 11.630552 1.442841
1298 A B -3.087254 2.432467 5.000000 3.000000 15.638995 0.382974
1299 A B -2.808172 2.769949 5.000000 3.000000 10.136863 0.000000
1300 A B -2.101195 2.654404 5.000000 3.000000 25.452494 0.000000
1301 A B -2.393514 2.338751 5.000000 3.000000 22.299457 0.000000
1302 A B -2.614088 2.852554 5.000000 3.000000 12.000069 0.000000
1303 A C -2.299076 3.114491 5.000000 3.000000 22.523433 0.000000
1304 A E -2.762751 2.016831 5.000000 3.000000 25.477591 0.555232
1305 A B -2.520593 2.599993 5.000000 3.000000 14.767203 0.000000
1306 A B -1.891761 2.765308 5.000000 3.000000 32.247978 0.000000
1307 A B -2.785676 3.447044 5.000000 3.000000 26.823648 0.000000
1308 A B -2.711289 3.018114 5.000000 3.000000 12.351545 0.000000
1309 A B -2.908691 0.872738 5.000000 3.000000 63.858032 1.808780
1310 A B -3.231635 2.496208 5.000000 3.000000 17.764652 0.427518
1311 A B -2.444590 2.816475 5.000000 3.000000 15.111171 0.000000
1312 A B -3.614150 2.377191 4.000000 4.000000 55.291912 0.833421
1313 A B -3.084722 3.234294 5.000000 3.000000 18.706888 0.000000
1314 A B -2.633992 2.949267 5.000000 3.000000 12.370850 0.000000
1315 A B -2.882581 4.675406 5.000000 3.000000 209.291137 0.000000
1316 A B -2.776316 2.654869 5.000000 3.000000 10.935984 0.000000
1317 A B -2.288427 2.232673 5.000000 3.000000 27.770483 0.000000
1318 A B -3.052932 3.062537 5.000000 3.000000 13.671306 0.000000
1319 A D -3.322109 2.619232 5.000000 3.000000 19.189109 0.372350
1320 A B -2.581039 2.869413 5.000000 3.000000 12.583192 0.000000
1321 A A -2.917804 2.716719 5.000000 3.000000 10.341667 0.000000
1322 D B -3.150418 2.447739 5.000000 3.000000 16.546023 7.503514
1323 A B -2.753311 4.196080 5.000000 3.000000 107.700351 0.000000
1324 A B -2.466065 3.134031 5.000000 3.000000 18.735543 0.000000
1325 C B -2.076685 1.168819 5.000000 3.000000 73.064841 4.003722
1326 A B -2.964198 2.810384 5.000000 3.000000 10.360584 0.000000
1327 A B -3.431996 3.403683 5.000000 3.000000 37.433268 0.000000
1328 A B -2.666817 2.949475 5.000000 3.000000 11.947226 0.000000
1329 A C -3.204978 2.540579 5.000000 3.000000 16.349056 0.363154
1330 A B -2.840949 3.148607 5.000000 3.000000 14.344627 0.000000
1331 E B -2.530692 -3.415725 5.000000 3.000000 91.291757 13.405822
1332 A E -1.430502 2.242482 5.000000 3.000000 57.004948 0.000000
1333 A B -3.051449 2.740916 2.000000 3.000000 26.711111 0.047671
1334 A B -2.826338 3.001165 5.000000 3.000000 11.394061 0.000000
1335 D B -2.367656 2.505105 5.000000 3.000000 19.539607 5.097862
1336 A B -2.625284 2.741363 5.000000 3.000000 11.879519 0.000000
1337 A B -3.272402 3.293097 5.000000 3.000000 25.625896 0.000000
1338 A B -3.023097 2.942346 5.000000 3.000000 11.571897 0.000000
1339 A B -2.684316 3.669581 5.000000 3.000000 43.441413 0.000000
1340 A B -2.882718 2.610787 5.000000 3.000000 11.143710 0.051252
1341 A B -2.259242 2.410320 5.000000 3.000000 24.250103 0.000000
1342 A B -3.081501 2.833724 5.000000 2.000000 12.666862 0.000000
1343 A B -3.436958 3.099197 0.000000 3.000000 90.785884 0.000000
1344 A B -2.815330 2.666247 5.000000 3.000000 10.665278 0.000000
1345 D D -2.508554 1.955614 5.000000 3.000000 31.143781 6.070046
1346 A B -3.242277 2.905386 5.000000 3.000000 15.885109 0.026322
1347 C A -2.955972 3.337157 5.000000 3.000000 21.271968 3.813780
1348 A B -2.703882 2.302250 5.000000 3.000000 17.700084 0.225662
1349 A B -3.073240 3.096473 5.000000 3.000000 14.670465 0.000000
1350 A B -2.468532 -1.948223 5.000000 4.000000 78.821739 4.299622
1351 A B -2.805593 2.580741 4.000000 0.000000 13.644052 0.023453
1352 E B -2.644908 2.772939 5.000000 3.000000 11.518608 7.645466
1353 A B -2.986630 2.977438 5.000000 3.000000 11.577094 0.000000
1354 A B -3.268156 2.443307 4.000000 3.000000 25.042989 0.507810
1355 A C -3.617397 2.778260 5.000000 3.000000 34.464356 0.434788
1356 A E -2.821371 3.137142 5.000000 3.000000 14.091035 0.000000
1357 A B -4.332545 2.182929 5.000000 3.000000 129.940532 1.566480
1358 A B -2.223721 2.573004 5.000000 3.000000 22.488820 0.000000
1359 D B -3.097949 2.904144 5.000000 3.000000 12.367256 6.889702
1360 A B -2.594706 3.236928 5.000000 3.000000 19.373744 0.000000
1361 A B -2.897939 3.486046 5.000000 3.000000 28.883051 0.000000
1362 A B -2.437213 2.707364 3.000000 3.000000 10.135878 0.000000
1363 A B -2.064224 2.665474 3.000000 3.000000 14.301060 0.000000
1364 A B -2.432989 2.989238 4.000000 3.000000 13.448665 0.000000
1365 A B -2.360925 2.423982 3.000000 3.000000 13.210036 0.000000
1366 A B -2.633412 2.828894 3.000000 3.000000 10.719651 0.000000
1367 A B -2.504155 3.214242 3.000000 3.000000 18.228303 0.000000
1368 C B -2.740191 2.604953 2.000000 3.000000 15.378199 4.060476
1369 A B -2.304256 -2.803810 2.000000 3.000000 40.496755 5.032002
1370 D B -1.122057 3.017262 3.000000 3.000000 41.204793 0.848909
1371 A B -2.671460 2.807753 3.000000 3.000000 10.936939 0.000000
1372 A B -2.988315 -0.967031 4.000000 3.000000 63.896546 3.708267
1373 A D -2.821201 2.367326 3.000000 3.000000 16.674552 0.248575
1374 A A -3.212686 2.579924 2.000000 3.000000 36.445715 0.329590
1375 E B -2.566756 3.006772 4.000000 3.000000 12.336462 7.118564
1376 A B -2.982386 2.812880 5.000000 3.000000 10.505480 0.000000
1377 A B -3.876244 3.309772 4.000000 3.000000 83.792344 0.097411
1378 A B -2.189551 2.121205 4.000000 3.000000 26.751445 0.020959
1379 A B -3.427835 2.728191 4.000000 3.000000 31.024527 0.342686
1380 A B -2.741351 3.109318 2.000000 2.000000 25.451528 0.000000
1381 A C -2.421633 2.469789 4.000000 3.000000 14.522338 0.000000
1382 A E -3.155908 2.909299 4.000000 3.000000 18.326419 0.000000
1383 D B -2.854689 2.610243 4.000000 3.000000 11.661177 6.453824
1384 A B -2.586833 2.326125 5.000000 3.000000 18.663869 0.114000
1385 A B -3.053665 2.973872 2.000000 3.000000 29.103687 0.000000
1386 A B -2.777882 2.670297 5.000000 3.000000 10.794985 0.000000
1387 A B -3.293363 3.495172 4.000000 3.000000 44.236691 0.000000
1388 A B -2.922989 3.146411 5.000000 3.000000 14.384653 0.000000
1389 A B -2.466128 2.865685 3.000000 3.000000 10.559311 0.000000
1390 C B -2.701029 3.946256 3.000000 3.000000 76.992606 2.631061
1391 A B -3.113054 2.485755 3.000000 3.000000 23.833092 0.349035
1392 A B -2.926538 2.757877 5.000000 3.000000 10.206826 0.000000
1393 A B -2.644145 3.295841 5.000000 3.000000 20.866113 0.000000
1394 D B -1.970280 3.013819 3.000000 3.000000 18.891596 3.397021
1395 A B -2.284865 2.189110 5.000000 3.000000 29.103499 0.024538
1396 A B -3.198221 1.473519 5.000000 3.000000 46.817275 1.425147
1397 A B -3.531619 2.749433 3.000000 3.000000 49.655659 0.399281
1398 A B -2.862893 2.515326 5.000000 3.000000 12.442621 0.131844
1399 E D -2.507339 2.910207 5.000000 3.000000 14.176350 6.992314
1400 A B 0.271936 3.159558 5.000000 4.000000 88.421239 3.395586
1401 A A -3.033599 2.664017 5.000000 3.000000 11.628478 0.111182
1402 A B -2.728933 2.874906 5.000000 3.000000 10.747171 0.000000
1403 A B -3.303596 2.384989 5.000000 3.000000 22.124635 0.592708
1404 A B -2.924628 3.117627 5.000000 3.000000 13.672263 0.000000
1405 D B -2.625751 2.652685 5.000000 3.000000 12.457413 5.724567
1406 A B -3.119874 3.399756 5.000000 3.000000 26.374304 0.000000
1407 A C -2.421626 2.903807 4.000000 3.000000 12.538672 0.000000
1408 A E -2.822150 2.517057 5.000000 3.000000 12.478650 0.099555
1409 A B -3.027345 2.767782 5.000000 3.000000 11.004229 0.002727
1410 A B -3.388932 3.040643 5.000000 3.000000 23.162883 0.001056
1411 A B -2.736258 1.941973 5.000000 2.000000 21.258995 0.610220
1412 A B -2.557642 2.362151 3.000000 3.000000 13.921309 0.056081
1413 A B -2.199767 3.246941 5.000000 3.000000 29.666580 0.000000
1414 A B -2.911154 2.709097 5.000000 3.000000 10.360951 0.000000
1415 C B -3.252915 2.955586 5.000000 3.000000 16.669452 4.863473
1416 E B -2.707985 2.534281 5.000000 3.000000 12.934904 8.120662
1417 A B -3.111217 2.778982 5.000000 3.000000 12.278576 0.054431
1418 D B -2.399045 2.205390 5.000000 3.000000 25.664445 5.491746
1419 A B -2.899017 0.459497 5.000000 3.000000 73.666856 2.214765
1420 A B 1.503333 3.704325 5.000000 3.000000 139.915829 7.362161
1421 A B -2.629737 3.080414 5.000000 3.000000 14.464821 0.000000
1422 A B -2.991961 2.605678 5.000000 3.000000 11.756595 0.138293
1423 A B -2.759245 2.923341 5.000000 3.000000 10.833440 0.000000
1424 A D -3.173454 3.196004 2.000000 3.000000 41.904946 0.000000
1425 B A -3.547235 2.768220 5.000000 3.000000 29.713836 3.052632
1426 A B -2.500732 2.411532 5.000000 3.000000 18.291381 0.000000
1427 A B -2.872955 3.338005 5.000000 3.000000 21.038797 0.000000
1428 A B -1.814727 4.462193 5.000000 3.000000 192.043882 0.000000
1429 D B -3.071981 2.981075 5.000000 3.000000 12.675071 6.734869
1430 A B -2.725370 2.589857 5.000000 3.000000 12.001652 0.000000
1431 B B -2.258614 2.800161 5.000000 3.000000 19.939783 1.087759
1432 A B -3.374624 2.245656 5.000000 3.000000 28.036513 0.785312
1433 A C -2.552338 3.040798 4.000000 4.000000 10.679619 0.000000
1434 A E -2.926777 2.637701 5.000000 3.000000 10.981066 0.057382
1435 C B -3.224347 2.856102 5.000000 3.000000 15.078312 4.898678
1436 A B -2.670162 3.487316 4.000000 3.000000 30.551789 0.000000
1437 B B -3.017389 2.465734 3.000000 3.000000 20.360875 2.560349
1438 A B -2.412929 1.731312 5.000000 3.000000 41.374624 0.578384
1439 A B -2.827062 3.158324 5.000000 5.000000 10.044572 0.000000
1440 A B -2.592808 3.653254 5.000000 5.000000 24.477943 0.000000
1441 A B -2.782621 3.570864 5.000000 5.000000 18.910194 0.000000
1442 A B 3.723635 3.466140 5.000000 5.000000 126.437557 13.903974
1443 A B -2.769823 3.793655 5.000000 5.000000 31.579598 0.000000
1444 A B -2.280504 3.237535 5.000000 2.000000 34.212104 0.000000
1445 A B -0.293466 3.370910 5.000000 5.000000 83.457746 1.805058
1446 A B -2.455393 3.037380 5.000000 5.000000 13.791838 0.000000
1447 A B -2.097345 3.255267 5.000000 5.000000 23.443135 0.000000
1448 A B -2.822531 3.411870 5.000000 5.000000 13.449616 0.000000
1449 A B -2.609712 3.204780 5.000000 4.000000 13.728083 0.000000
1450 A D -3.054883 3.230493 5.000000 2.000000 23.874894 0.000000
1451 A A -2.854502 3.096089 5.000000 0.000000 32.444568 0.000000
1452 A B -2.459902 3.028586 5.000000 4.000000 14.195094 0.000000
1453 A B -3.239163 3.410536 5.000000 4.000000 24.150225 0.000000
1454 A B -2.667104 3.187285 5.000000 1.000000 30.664161 0.000000
1455 A B -3.036777 2.951008 5.000000 5.000000 13.140435 0.000000
1456 A B -2.785476 2.871273 5.000000 4.000000 10.429756 0.000000
1457 A B -3.694135 3.083110 5.000000 4.000000 42.865518 0.187491
1458 A B -2.970120 2.716390 5.000000 5.000000 17.004518 0.011200
1459 A B -3.373702 -4.994310 5.000000 1.000000 376.098360 8.024587
1460 A E -2.551634 3.616793 5.000000 4.000000 31.277935 0.000000
1461 A C -3.105274 3.235231 5.000000 2.000000 24.826048 0.000000
1462 A B -2.355832 2.880700 5.000000 4.000000 16.604882 0.000000
1463 A B -2.851461 2.642653 5.000000 3.000000 10.804465 0.000000
1464 A B -2.684696 3.031539 4.000000 2.000000 16.334881 0.000000
1465 E B -3.100869 2.780856 5.000000 0.000000 18.878456 9.347402
1466 A B -2.841097 -1.644374 5.000000 4.000000 68.572544 4.275196
1467 B B -2.586856 3.349375 5.000000 4.000000 17.843866 1.030909
1468 A B -3.241164 2.468251 5.000000 2.000000 15.214249 0.462621
1469 A B -2.940723 2.959421 3.000000 2.000000 20.100994 0.000000
1470 A B -2.469401 2.660018 5.000000 2.000000 15.394339 0.000000
1471 A B -2.112555 3.092231 5.000000 4.000000 23.967783 0.000000
1472 A B -3.462212 2.293551 5.000000 5.000000 47.820509 0.803108
1473 B B -2.686669 2.883383 5.000000 1.000000 17.709511 1.646620
1474 A B -2.995877 2.568685 2.000000 4.000000 28.308798 0.178223
1475 A B -3.198063 2.801880 5.000000 5.000000 19.629721 0.096667
1476 A D -2.804226 3.194553 5.000000 1.000000 29.371680 0.000000
1477 A B -2.412233 2.507699 5.000000 4.000000 21.657249 0.000000
1478 B A -2.676760 -0.057228 5.000000 4.000000 100.378443 4.572367
1479 A B -2.957511 2.019362 5.000000 5.000000 44.625393 0.698771
1480 A B -3.135703 2.955993 5.000000 4.000000 13.357431 0.000000
1481 A B -2.310387 3.496057 5.000000 5.000000 23.171705 0.000000
1482 A B -2.771790 2.685491 4.000000 2.000000 10.329319 0.000000
1483 B B -2.561529 3.108142 5.000000 2.000000 21.373957 1.234151
1484 A B -3.302632 2.807828 5.000000 5.000000 23.222614 0.169146
1485 C C -2.922553 2.340871 5.000000 2.000000 12.095777 4.734874
1486 A E -3.066279 3.347959 5.000000 3.000000 22.938199 0.000000
1487 A B -2.743883 2.624497 5.000000 4.000000 14.161115 0.000000
1488 A B -3.427243 2.953048 5.000000 3.000000 23.768911 0.117384
1489 B B -2.536977 2.737571 5.000000 3.000000 13.336743 1.567895
1490 A B -2.891844 3.153417 5.000000 0.000000 35.791142 0.000000
1491 E B -3.166919 2.471333 5.000000 3.000000 16.493380 9.904612
1492 A B -2.238189 2.839963 1.000000 3.000000 11.405833 0.000000
1493 A B -1.562057 2.202392 5.000000 3.000000 53.348205 0.000000
1494 A B -2.700098 3.026715 5.000000 3.000000 12.600406 0.000000
1495 A B -2.971419 2.581979 5.000000 2.000000 10.262082 0.146585
1496 B B -2.834774 4.022661 5.000000 3.000000 80.793465 0.729500
1497 A B -2.478591 2.869816 5.000000 3.000000 14.520684 0.000000
1498 A B -3.146643 3.180334 5.000000 3.000000 18.206008 0.000000
1499 A B -2.620590 2.414151 5.000000 3.000000 16.165690 0.051292
1500 A B -3.633281 2.681320 3.000000 3.000000 59.447216 0.543641
