1 A A 2.070893 -0.829197 0.000000 3.000000 21.479141 6.176183
2 A A -3.934798 1.179843 1.000000 0.000000 124.000292 2.271256
3 A A -2.358844 0.577779 2.000000 1.000000 38.703220 1.691353
4 A B 3.282488 -0.261639 1.000000 4.000000 29.359298 10.716645
5 A B -0.151972 4.771098 2.000000 5.000000 263.993019 2.929632
6 A B 0.889512 3.588887 3.000000 1.000000 147.328000 5.462979
7 A B -4.317692 -3.032525 3.000000 2.000000 54.463133 6.770794
8 A B -2.786555 2.844767 3.000000 3.000000 12.684719 0.000000
9 A B -3.040008 2.774150 3.000000 4.000000 20.901652 0.005856
10 A B -1.419963 -2.683229 4.000000 0.000000 138.070020 4.248201
11 A B 3.457272 0.528701 4.000000 2.000000 16.226761 11.636165
12 A B 4.691337 -3.332797 4.000000 4.000000 181.288255 13.721907
13 A B -2.686383 0.906832 5.000000 1.000000 41.933219 1.607955
14 A C -0.056253 -2.452807 0.000000 0.000000 97.078130 4.439439
15 A C -3.603251 -3.622464 1.000000 0.000000 72.109364 6.824902
16 A C 3.782872 3.871830 1.000000 1.000000 383.853093 11.380657
17 A C 2.603891 2.716854 1.000000 4.000000 32.117228 8.132460
18 A C 2.945096 0.287649 2.000000 0.000000 11.980432 9.763375
19 A C 2.862074 1.567858 2.000000 3.000000 13.197791 9.194258
20 A C 3.741455 -4.653247 2.000000 3.000000 427.731537 15.734833
21 A C 0.934946 1.538736 3.000000 1.000000 53.482012 3.420154
22 A C -2.617175 -1.210961 4.000000 2.000000 55.551639 3.673842
23 A C -0.659791 2.033990 4.000000 3.000000 69.029769 0.000000
24 A C 4.185389 1.290886 4.000000 3.000000 88.312874 13.233446
25 A C 3.712050 1.046069 4.000000 4.000000 34.709216 11.874632
26 A C 0.924816 2.894244 4.000000 5.000000 54.365130 3.050886
27 A C -4.066108 -3.408364 5.000000 0.000000 45.326878 6.957945
28 A C 2.436840 4.476090 5.000000 0.000000 429.455022 7.191498
29 A D -4.224706 -3.849626 0.000000 3.000000 105.279330 7.518156
30 A D 4.276681 2.808914 2.000000 4.000000 219.609449 11.021128
31 A D -2.907160 -3.164752 3.000000 3.000000 28.233428 5.845122
32 A D -4.492838 -0.077669 4.000000 1.000000 168.222427 3.947297
33 A D -1.831712 2.379164 4.000000 2.000000 28.225243 0.000000
34 A D 0.461315 4.834927 5.000000 1.000000 479.644818 0.000000
35 A D -2.410079 -2.989824 5.000000 2.000000 83.330043 5.297383
36 A E 3.857699 1.864292 0.000000 4.000000 127.256955 9.310585
37 A E 3.889346 4.755913 1.000000 2.000000 682.582214 4.345189
38 B A 4.747552 -1.947311 0.000000 0.000000 265.690618 12.808517
39 B A -3.460696 3.251454 0.000000 3.000000 99.610956 2.439590
40 B A 1.009171 4.206914 1.000000 1.000000 259.868686 9.286155
41 B A 4.635394 -4.104178 1.000000 1.000000 459.298508 9.775959
42 B A 2.972462 -3.052899 1.000000 4.000000 51.079499 6.101261
43 B A -1.766735 3.007724 1.000000 5.000000 10.836723 0.142378
44 B A -1.205923 4.802057 2.000000 1.000000 368.507304 3.384802
45 B A -3.781487 2.493757 2.000000 3.000000 93.891105 3.678473
46 B A -3.304819 2.982604 2.000000 4.000000 45.029515 2.474625
47 B A -0.438630 1.400436 3.000000 2.000000 71.003675 1.434655
48 B A -4.192004 2.454069 3.000000 4.000000 148.979067 4.333937
49 B A -3.121148 -1.755179 4.000000 5.000000 63.623232 6.936900
50 B B 1.333609 -2.756392 0.000000 5.000000 62.420744 4.878610
51 B B 1.064418 -2.048467 1.000000 3.000000 72.722790 4.120860
52 B B 1.579789 2.169178 1.000000 3.000000 17.104187 6.823955
53 B B -1.509219 3.735048 1.000000 4.000000 52.465782 0.000000
54 B B -0.696187 -1.913142 2.000000 1.000000 98.897268 3.457423
55 B B -0.388811 -2.586835 2.000000 1.000000 129.812212 3.670051
56 B B 0.999715 -1.195248 2.000000 1.000000 77.498254 3.597196
57 B B 3.525765 -3.477811 2.000000 1.000000 170.196549 9.838389
58 B B -1.121206 1.122434 2.000000 3.000000 65.222321 1.059375
59 B B -0.213221 0.679471 3.000000 1.000000 86.047685 0.840434
60 B B -3.138180 1.021727 3.000000 3.000000 63.824978 4.185543
61 B B -4.704469 4.569789 3.000000 4.000000 426.956358 2.986915
62 B B -4.082929 3.138508 3.000000 4.000000 126.884606 3.485885
63 B B 3.189444 -3.366720 3.000000 5.000000 71.428652 8.884971
64 B B 0.723236 2.310698 4.000000 4.000000 61.358779 4.325058
65 B B 4.469397 4.396193 4.000000 4.000000 533.240112 16.606287
66 B B 2.732419 -3.086267 4.000000 5.000000 69.227044 7.654123
67 B B -4.803866 4.529544 5.000000 2.000000 422.973509 3.176255
68 B B 0.202722 3.035892 5.000000 2.000000 102.143602 3.126111
69 B B -0.011697 0.633526 5.000000 3.000000 138.716199 1.281672
70 B C 1.818179 2.932065 0.000000 1.000000 65.041524 5.721520
71 B C -3.547562 0.437551 0.000000 2.000000 113.431298 5.383792
72 B C -1.060685 -2.384234 0.000000 4.000000 64.589399 4.475262
73 B C 3.818929 -2.565329 1.000000 5.000000 46.748132 13.098118
74 B C -3.691401 -1.147808 2.000000 0.000000 49.189477 7.184909
75 B C -0.804404 -3.345489 2.000000 2.000000 165.261362 5.052095
76 B C -1.733157 2.961151 2.000000 3.000000 18.283575 0.138584
77 B C 2.119027 4.109142 2.000000 4.000000 179.465353 6.329796
78 B C -2.507465 -4.605332 3.000000 1.000000 310.093124 8.866529
79 B C 4.389485 -2.343338 3.000000 1.000000 120.137904 14.754290
80 B C 4.254916 -3.642033 3.000000 3.000000 196.569878 14.675258
81 B C -2.982329 0.550670 3.000000 4.000000 85.524604 4.422823
82 B C 0.154434 -4.541759 4.000000 2.000000 502.405389 7.408850
83 B C 2.572470 -0.463290 4.000000 2.000000 26.260417 8.833233
84 B C 4.632714 3.348173 4.000000 2.000000 369.598400 14.061097
85 B C -4.650289 -4.398851 5.000000 0.000000 210.047219 11.874285
86 B C 4.103555 3.504832 5.000000 1.000000 276.532628 12.434456
87 B D -0.421013 -4.950636 0.000000 0.000000 613.936049 10.769753
88 B D -4.543195 4.967419 0.000000 3.000000 623.454463 2.347373
89 B D 3.103896 -2.514534 0.000000 5.000000 17.142834 12.826222
90 B D -1.653440 -2.717903 1.000000 0.000000 72.716275 5.698063
91 B D 2.407253 -2.902585 1.000000 2.000000 73.553023 11.124343
92 B D 1.191798 -1.031993 1.000000 3.000000 61.238499 5.607387
93 B D 0.567023 0.215630 2.000000 2.000000 77.162449 2.485440
94 B D -1.487730 0.105929 2.000000 3.000000 84.215864 2.625666
95 B D 4.826622 3.215624 2.000000 3.000000 456.055564 12.264242
96 B D -2.205730 -2.778701 3.000000 1.000000 64.123354 6.587296
97 B D -4.349940 -2.884861 3.000000 3.000000 60.576827 9.909771
98 B D -0.167591 -0.683803 3.000000 4.000000 135.722908 2.616219
99 B D 0.491434 4.341256 4.000000 0.000000 339.950589 0.000000
100 B D -0.929304 -1.612596 4.000000 1.000000 127.306606 3.506552
101 B D -2.897521 -4.901445 4.000000 4.000000 281.141045 9.747726
102 B D -4.446749 4.415743 5.000000 2.000000 306.105782 2.754380
103 B E 0.080624 1.808352 2.000000 4.000000 55.274510 0.000000
104 B E 0.610493 -0.795463 2.000000 4.000000 103.569523 4.603263
105 B E -2.811509 2.212392 3.000000 0.000000 11.254546 2.504871
106 B E -1.686515 3.836983 3.000000 3.000000 79.952300 0.000000
107 B E 1.485286 3.609240 4.000000 1.000000 160.035419 0.000000
108 B E -1.945691 -1.369647 4.000000 2.000000 84.078988 4.788183
109 B E 1.854421 -1.128634 4.000000 4.000000 77.379362 8.538373
110 B E -2.751616 -1.335229 4.000000 5.000000 87.667916 5.962653
111 B E -3.031878 1.156346 5.000000 2.000000 42.854362 3.891471
112 B E -1.029360 -2.604480 5.000000 3.000000 167.942907 7.118280
113 B E 3.069076 -1.681507 5.000000 5.000000 21.860098 13.149865
114 C A -0.974843 -2.404817 0.000000 4.000000 66.989688 5.098214
115 C A -2.455253 4.642174 1.000000 0.000000 315.694886 1.382146
116 C A -3.214421 -0.414741 1.000000 5.000000 119.363344 8.147188
117 C A -0.735985 3.374554 2.000000 2.000000 70.921400 3.010237
118 C A -2.185896 -0.857777 3.000000 3.000000 77.406675 6.276043
119 C A -1.595730 2.283235 3.000000 3.000000 29.303828 1.807158
120 C A 0.656085 -3.120862 3.000000 4.000000 165.989409 2.144670
121 C A -2.072728 -1.812743 3.000000 5.000000 85.951105 6.976381
122 C B 3.582775 4.001320 1.000000 1.000000 382.117017 13.748984
123 C B 0.802793 -1.253872 1.000000 2.000000 70.543571 2.781442
124 C B 1.105748 3.800814 1.000000 2.000000 147.353694 6.217649
125 C B -4.009643 3.103884 2.000000 1.000000 141.905257 6.417814
126 C B 4.521905 4.321706 2.000000 1.000000 699.211727 16.726567
127 C B 2.564884 -1.444968 2.000000 3.000000 18.336439 7.972167
128 C B -3.498089 -0.100209 2.000000 4.000000 117.132993 8.470909
129 C B -0.556150 -0.468408 2.000000 4.000000 116.725321 2.219745
130 C B 3.924856 -3.912503 2.000000 4.000000 197.293961 10.818316
131 C B 0.563306 0.327297 3.000000 1.000000 85.239433 2.853566
132 C B 3.026786 1.244583 3.000000 1.000000 14.459932 10.702648
133 C B -1.322521 -3.798145 3.000000 2.000000 214.953860 7.273818
134 C B 1.616595 -4.792261 3.000000 2.000000 558.601050 5.108577
135 C B -0.942085 0.721053 3.000000 4.000000 105.877373 1.898638
136 C B 0.297793 -2.308387 3.000000 4.000000 136.021342 2.877538
137 C B -3.831333 -0.179614 4.000000 2.000000 91.071013 9.300114
138 C B -4.516708 -0.653007 4.000000 3.000000 187.649971 11.315600
139 C B -2.164892 -3.566646 5.000000 1.000000 164.706387 8.937653
140 C B -4.383938 3.177878 5.000000 3.000000 140.398054 7.185984
141 C C 0.166972 0.135269 0.000000 1.000000 51.991544 1.467100
142 C C 0.532004 -1.279407 1.000000 2.000000 77.295051 3.498262
143 C C -1.753914 -1.049592 1.000000 3.000000 66.682641 5.495899
144 C C 0.259636 4.542150 1.000000 4.000000 237.449116 0.643369
145 C C -4.414176 1.675980 2.000000 3.000000 226.839655 8.755916
146 C C 3.552540 -0.967402 3.000000 0.000000 23.231332 11.899472
147 C C 3.246382 -3.964558 3.000000 3.000000 210.879576 11.730285
148 C C 4.930191 -0.056892 3.000000 4.000000 243.696612 15.804795
149 C C -1.392038 4.888486 4.000000 0.000000 440.538116 0.000000
150 C C -0.320074 4.155883 4.000000 0.000000 266.507874 0.000000
151 C C 4.459212 0.336718 4.000000 0.000000 121.092961 14.293456
152 C C 4.575358 4.260689 4.000000 1.000000 630.102224 13.660902
153 C C -1.091762 -3.756588 4.000000 2.000000 249.234081 6.713053
154 C C 4.150996 -3.502967 4.000000 2.000000 178.196887 14.328728
155 C C 1.066916 -4.188008 5.000000 1.000000 450.951584 7.535197
156 C C 3.944704 -0.156032 5.000000 5.000000 38.587646 12.873119
157 C D -4.297632 -2.486864 0.000000 3.000000 119.347474 12.656536
158 C D 0.418513 2.750626 1.000000 2.000000 42.475186 0.000000
159 C D 0.335018 0.791028 1.000000 4.000000 72.564272 1.214026
160 C D 4.201520 0.953532 1.000000 4.000000 145.497109 12.651029
161 C D -3.899814 4.054806 2.000000 0.000000 247.989367 5.219776
162 C D 1.425706 0.432720 2.000000 0.000000 40.782083 4.844397
163 C D -2.284346 -1.475640 2.000000 1.000000 37.777885 7.115419
164 C D 2.150693 2.078298 2.000000 1.000000 23.721209 5.373780
165 C D -0.710142 0.372156 2.000000 2.000000 81.644757 1.725663
166 C D 3.044680 -2.275765 3.000000 3.000000 24.415596 12.409805
167 C D 2.027807 2.419739 3.000000 4.000000 19.637785 4.663682
168 C D 0.762994 -4.843048 3.000000 5.000000 482.314465 11.758342
169 C D -1.168348 1.323493 4.000000 1.000000 69.298089 1.805291
170 C D -4.798078 -3.981626 4.000000 3.000000 128.386550 15.277302
171 C D -1.243381 0.468015 4.000000 4.000000 123.117403 2.829592
172 C D -2.024580 -0.504226 4.000000 5.000000 127.946681 5.559531
173 C D 1.750048 -4.249249 4.000000 5.000000 299.137385 11.311033
174 C D 4.350551 -2.085957 4.000000 5.000000 59.699855 16.137609
175 C D -3.589601 4.098369 5.000000 3.000000 113.158814 4.478234
176 C D -1.605907 -4.015377 5.000000 5.000000 221.175545 8.326324
177 C E 2.040446 -3.800432 0.000000 1.000000 223.586778 13.772095
178 C E -3.381918 -1.992191 0.000000 3.000000 41.344653 10.101507
179 C E 1.561840 -1.327201 1.000000 0.000000 46.418000 8.008120
180 C E -2.380751 1.392506 1.000000 1.000000 21.848805 4.464184
181 C E -0.886873 0.242116 1.000000 1.000000 60.312428 2.253348
182 C E 0.104866 2.674319 1.000000 2.000000 39.223559 0.000000
183 C E -2.049102 -4.821339 1.000000 3.000000 330.420056 13.221857
184 C E -0.592650 -4.454065 1.000000 4.000000 308.730549 13.304191
185 C E -2.481901 3.767911 2.000000 2.000000 73.241303 2.316367
186 C E 3.415104 1.092077 2.000000 4.000000 34.548533 9.334177
187 C E 2.192305 -0.314205 4.000000 3.000000 47.676640 8.126774
188 C E 4.836404 -0.600091 5.000000 4.000000 149.666435 16.559371
189 D A 4.892017 -0.580151 1.000000 2.000000 278.886891 14.950863
190 D A -3.740778 -4.990326 2.000000 1.000000 340.885190 16.712660
191 D A 1.701609 -3.872427 3.000000 4.000000 223.971861 1.264293
192 D A 3.615406 0.840564 3.000000 4.000000 36.940870 12.896922
193 D A -3.086970 -0.900810 3.000000 5.000000 96.173059 10.661721
194 D A -0.365729 -4.476716 4.000000 2.000000 461.434179 6.073903
195 D B -4.119931 1.201356 0.000000 2.000000 202.813090 11.658436
196 D B -3.905251 3.705192 1.000000 1.000000 199.506309 8.510562
197 D B 2.691892 0.883505 1.000000 1.000000 11.499647 9.517428
198 D B -4.976138 -1.714754 1.000000 2.000000 303.942762 17.143168
199 D B -2.940620 -2.817937 1.000000 3.000000 11.370518 12.139797
200 D B 0.051959 1.716579 1.000000 4.000000 46.894408 2.014166
201 D B -1.558348 -4.501574 2.000000 1.000000 358.140751 9.676617
202 D B 1.681069 -3.455246 2.000000 1.000000 197.243998 4.315583
203 D B 3.488379 -1.890047 2.000000 1.000000 31.681612 10.520114
204 D B -3.266590 -0.729560 2.000000 3.000000 73.587576 11.029331
205 D B -3.725742 0.189734 2.000000 4.000000 140.746796 11.487492
206 D B -3.645199 1.651218 3.000000 1.000000 60.624068 9.784377
207 D B -3.974855 1.609039 3.000000 2.000000 109.710416 10.815526
208 D B 2.827215 1.928379 3.000000 3.000000 13.238882 10.445834
209 D B -3.405720 -0.335547 4.000000 0.000000 39.613331 11.052706
210 D B -2.664508 -3.191792 4.000000 2.000000 59.526528 11.685315
211 D B 1.464209 2.355909 4.000000 2.000000 49.339315 6.570582
212 D B -1.147836 -4.418067 5.000000 0.000000 476.850450 8.361575
213 D B -4.242338 -2.000579 5.000000 4.000000 73.906414 15.227593
214 D B -0.782878 4.688594 5.000000 5.000000 244.113882 0.995663
215 D C 3.208788 3.314312 0.000000 0.000000 216.601992 9.797785
216 D C 2.904939 -3.232223 0.000000 5.000000 50.980264 10.522874
217 D C 1.389324 0.823408 1.000000 1.000000 28.901540 4.962121
218 D C -1.878524 4.285297 1.000000 3.000000 142.573819 1.850275
219 D C 4.942177 -4.206897 1.000000 3.000000 495.896632 16.878256
220 D C -4.925469 4.926975 2.000000 1.000000 726.208249 10.349432
221 D C -1.343698 2.631255 2.000000 4.000000 22.873095 1.899839
222 D C -2.564959 -2.243277 3.000000 2.000000 34.104411 10.438154
223 D C 1.257828 -3.241656 3.000000 3.000000 169.406446 5.583897
224 D C -1.911080 2.007669 3.000000 5.000000 44.974082 4.225571
225 D C 1.884415 3.930170 3.000000 5.000000 119.029212 5.670701
226 D C 1.155145 1.894776 4.000000 5.000000 60.928165 3.991741
227 D C -4.842068 0.970996 5.000000 4.000000 288.000630 14.055209
228 D C 2.884747 2.517036 5.000000 4.000000 20.395768 9.024982
229 D D 3.675469 2.123308 0.000000 1.000000 129.655581 9.903097
230 D D 4.984856 0.045828 0.000000 1.000000 370.954700 15.908741
231 D D 1.767811 -4.882494 0.000000 4.000000 454.593261 11.264987
232 D D -3.841762 -2.163611 1.000000 1.000000 45.977841 14.188897
233 D D -1.440475 4.632167 1.000000 2.000000 266.614054 0.189256
234 D D -0.271003 -1.069295 1.000000 2.000000 83.715607 3.638589
235 D D 4.045140 1.949434 1.000000 2.000000 152.762030 11.185985
236 D D 4.727017 3.096599 1.000000 2.000000 456.499673 12.084452
237 D D -3.528626 1.460682 2.000000 2.000000 74.056730 9.625195
238 D D -3.297073 -1.640448 2.000000 2.000000 32.728777 12.031666
239 D D -1.976185 -2.204433 2.000000 2.000000 50.925912 8.632989
240 D D -0.490185 -1.587189 2.000000 2.000000 101.249585 4.674378
241 D D 2.392534 0.017942 2.000000 2.000000 17.680754 8.159660
242 D D 4.548225 -0.229649 2.000000 4.000000 167.126752 14.874324
243 D D 2.259393 -0.759554 2.000000 5.000000 40.693090 8.537732
244 D D 0.677755 2.140924 3.000000 2.000000 52.547379 0.892340
245 D D 2.662931 -4.133822 3.000000 3.000000 264.117439 13.122615
246 D D -0.526784 2.581629 3.000000 5.000000 48.453289 0.000000
247 D D 0.012713 0.098192 3.000000 5.000000 137.926855 1.303617
248 D D 1.665903 -0.291490 4.000000 1.000000 68.054448 6.289198
249 D D -4.966610 -4.696019 4.000000 2.000000 280.667860 20.095850
250 D D 4.318725 -0.383095 4.000000 4.000000 80.719308 14.339269
251 D D 3.366562 0.759956 5.000000 1.000000 12.087491 10.339732
252 D D 2.765585 1.761978 5.000000 3.000000 13.283862 7.534779
253 D E 2.216804 -4.293877 0.000000 0.000000 386.919387 15.164698
254 D E -0.253312 -2.865641 0.000000 1.000000 112.053541 9.380513
255 D E -3.196039 3.423204 1.000000 1.000000 84.556974 6.664914
256 D E 3.660171 3.692921 1.000000 4.000000 239.444639 5.517901
257 D E -2.133034 4.198282 3.000000 1.000000 166.127007 2.700818
258 D E 0.774746 -4.337499 3.000000 3.000000 385.066402 13.428121
259 D E 2.467762 -0.014411 4.000000 2.000000 27.749319 8.428504
260 D E 1.306674 0.622572 4.000000 4.000000 87.368703 3.830521
261 D E 1.506195 2.254999 4.000000 4.000000 40.340234 1.572339
262 D E 3.135062 -2.957861 4.000000 4.000000 54.413733 15.581443
263 E A -1.296784 4.460733 0.000000 3.000000 195.017242 3.587771
264 E A 2.328085 3.549440 1.000000 3.000000 112.416193 12.421056
265 E A -4.669964 -1.506067 1.000000 4.000000 257.545476 19.518433
266 E A 2.790431 -2.643712 2.000000 3.000000 41.008646 6.066653
267 E A -4.740222 -1.560799 4.000000 2.000000 168.746221 19.836631
268 E A -4.627373 3.950916 4.000000 2.000000 294.790426 13.901732
269 E A 4.404276 2.662226 4.000000 2.000000 211.566452 17.540610
270 E A 0.329514 4.936746 5.000000 4.000000 395.184549 8.159473
271 E B -4.882910 -3.715860 0.000000 0.000000 257.522194 22.526772
272 E B 1.208645 -0.966520 1.000000 0.000000 52.344487 4.142676
273 E B -1.862914 -3.583107 2.000000 1.000000 139.427694 11.069034
274 E B -2.590340 -4.050358 3.000000 3.000000 127.907244 14.264132
275 E B 1.983768 -0.535701 3.000000 4.000000 55.271427 6.683455
276 E B 2.336247 -1.843655 4.000000 3.000000 51.316653 7.086912
277 E B 4.027193 -1.407624 4.000000 4.000000 33.142527 12.377767
278 E C -0.094425 -3.267214 0.000000 2.000000 139.015901 5.654836
279 E C 4.790999 3.999416 0.000000 2.000000 730.812825 14.373143
280 E C 1.290226 1.785467 1.000000 1.000000 24.786263 4.424312
281 E C 0.375474 1.530317 1.000000 3.000000 43.605581 1.743843
282 E C -0.117524 -4.579159 2.000000 1.000000 486.552279 7.312092
283 E C -2.712207 -0.879007 2.000000 2.000000 47.597653 11.549783
284 E C 1.922395 -4.737275 2.000000 5.000000 393.266139 7.951503
285 E C 4.071374 3.471372 3.000000 2.000000 278.984354 12.346280
286 E C 3.973141 1.493775 3.000000 3.000000 80.003080 12.545981
287 E C 1.951407 3.278272 4.000000 4.000000 63.359457 6.034653
288 E C 2.524055 3.453225 4.000000 5.000000 65.515842 7.708859
289 E C -4.587078 -4.067975 5.000000 1.000000 125.986082 21.769519
290 E D -4.141341 3.639558 1.000000 1.000000 237.442911 12.390470
291 E D -0.632584 -2.174960 1.000000 3.000000 87.810907 6.324358
292 E D 0.862076 1.351819 1.000000 3.000000 39.397551 2.234408
293 E D 3.368133 -2.119665 1.000000 3.000000 23.135033 13.224062
294 E D -2.858161 1.997346 2.000000 0.000000 15.448174 9.220756
295 E D 2.278045 -4.716419 2.000000 4.000000 409.743233 12.550554
296 E D -0.854834 -4.312079 3.000000 3.000000 330.577001 10.765283
297 E D 3.310729 -1.778471 4.000000 1.000000 22.734895 12.710657
298 E D -3.337072 -3.677521 4.000000 3.000000 43.364937 16.691542
299 E E -2.244164 4.701126 1.000000 0.000000 336.345301 4.214488
300 E E -2.307177 2.537859 3.000000 2.000000 11.315332 6.614054
301 E D 2.196153 0.575537 4.000000 4.000000 43.231651 7.012920
302 A E -2.183230 3.593798 2.000000 1.000000 69.916025 0.000000
303 E A 4.612477 3.224570 2.000000 4.000000 363.420185 18.868145
304 A C -2.511305 3.179239 3.000000 3.000000 16.976642 0.000000
305 B D 1.767811 -4.914445 0.000000 4.000000 467.462695 13.980607
306 A C 4.021321 2.746020 3.000000 2.000000 165.530667 12.377457
307 A D -3.024036 -3.164752 3.000000 3.000000 23.086710 5.932779
308 A E -0.974843 -2.473743 5.000000 0.000000 176.724390 6.109395
309 B D -0.618291 0.030496 4.000000 1.000000 115.000101 1.396940
310 D C 4.706811 1.675980 2.000000 3.000000 266.919369 14.701439
311 E D 3.864579 1.701042 0.000000 4.000000 123.699510 10.892695
312 C C -1.465058 -2.048514 4.000000 5.000000 126.273341 5.844894
313 E A -2.145691 -2.709979 0.000000 0.000000 37.088229 11.256322
314 B A -3.426618 -4.346332 2.000000 3.000000 119.860520 9.986259
315 E A -3.915041 -3.977977 2.000000 1.000000 100.594580 19.159382
316 C B 3.728693 -3.080336 4.000000 1.000000 115.067489 10.645912
317 C D 1.208645 -0.625776 1.000000 0.000000 48.166445 5.251711
318 C E 0.869345 -3.800432 5.000000 1.000000 358.853522 12.603196
319 B C -0.526784 2.581629 4.000000 5.000000 61.735029 0.000000
320 B C -0.232159 -3.320320 4.000000 2.000000 232.134234 5.302162
321 A D 3.555067 -0.530350 5.000000 5.000000 21.236760 12.195552
322 D A 2.073479 -2.791409 4.000000 4.000000 97.057308 3.731176
323 D D 2.331331 1.997346 2.000000 0.000000 28.990768 5.996648
324 D B 1.324616 4.704880 1.000000 1.000000 428.924825 7.326289
325 A B -2.507465 -0.517226 3.000000 5.000000 105.808442 2.897824
326 C E 0.661397 4.387372 4.000000 0.000000 357.566019 0.000000
327 E E -1.411840 4.511662 3.000000 2.000000 239.526172 1.282736
328 A D -3.196039 3.130670 1.000000 1.000000 63.259755 0.000000
329 C C -0.052437 -2.306062 0.000000 0.000000 89.608369 4.343249
330 E E 1.191798 -1.031993 1.000000 4.000000 67.724886 6.381381
331 C B -3.450993 -0.057857 2.000000 4.000000 114.092017 8.322591
332 B D 4.625177 -0.229649 2.000000 4.000000 185.002343 15.105180
333 A C -4.650289 -4.398851 0.000000 4.000000 211.713760 8.386568
334 D C 0.684376 -1.507824 0.000000 1.000000 59.555670 3.430084
335 C D -4.284321 3.215624 2.000000 3.000000 195.287732 6.924098
336 B E 3.275608 -0.261639 1.000000 4.000000 29.080798 11.284692
337 C D 4.604760 -3.981588 5.000000 5.000000 229.828458 18.795867
338 D E 3.960157 -3.261812 1.000000 5.000000 97.141107 18.588642
339 D B -0.205699 -1.060454 4.000000 2.000000 140.892851 2.177552
340 A C -0.138379 -1.547271 4.000000 2.000000 145.940292 3.122735
341 E B -2.664508 0.981264 3.000000 2.000000 43.353367 9.510639
342 B D 1.518229 0.452713 2.000000 0.000000 37.558001 5.101974
343 A E -3.589601 4.303789 0.000000 3.000000 233.858694 0.000000
344 D E -4.141341 3.639558 1.000000 1.000000 237.442911 9.284464
345 C E -2.782576 -1.360397 2.000000 5.000000 75.531811 8.121193
346 D B 2.732419 -2.816925 3.000000 5.000000 42.379995 7.788794
347 A B 4.477279 -3.332797 1.000000 4.000000 196.215517 13.240276
348 A D -2.602620 0.017942 2.000000 2.000000 55.050637 2.434023
349 C A -2.469859 0.376129 3.000000 0.000000 35.103823 5.681054
350 D C -2.142836 -4.682891 4.000000 1.000000 393.622275 11.611398
351 A E -1.878524 4.780030 1.000000 4.000000 235.818879 0.000000
352 C B -1.121206 2.068865 2.000000 3.000000 35.235862 0.953848
353 D D -0.618291 -0.058120 4.000000 2.000000 124.919241 2.412992
354 B B -0.062882 0.970194 5.000000 1.000000 115.018907 1.296451
355 D B -1.392038 2.133535 4.000000 0.000000 46.494873 2.542579
356 B A -1.497545 0.726325 3.000000 4.000000 94.954229 2.019993
357 E B -3.040008 2.783693 3.000000 4.000000 20.819545 9.116338
358 C D -1.856631 4.801132 1.000000 2.000000 307.199775 0.000000
359 D C -1.515085 3.623326 3.000000 4.000000 51.004040 1.421930
360 A A -2.358844 0.666115 2.000000 1.000000 37.290532 1.603018
361 C D 1.189644 2.459114 3.000000 2.000000 46.749549 2.109818
362 E D -1.168348 1.323493 4.000000 1.000000 69.298089 3.557813
363 D C -2.804660 -4.004405 3.000000 4.000000 88.683528 12.918384
364 B A -1.716841 2.599197 2.000000 3.000000 16.019997 0.476065
365 E D 1.063101 2.170360 1.000000 2.000000 26.831499 2.018944
366 D D 0.445694 2.816357 1.000000 2.000000 45.043243 0.000000
367 B E -3.589601 4.303789 0.000000 3.000000 233.858694 1.580613
368 D C 0.266903 4.891956 1.000000 5.000000 309.924397 0.577720
369 B A -0.331187 3.852870 4.000000 0.000000 203.036453 4.822527
370 B C 0.812071 4.696144 4.000000 0.000000 466.953647 2.262176
371 C A 1.331047 1.830311 4.000000 4.000000 52.673961 7.281031
372 A E -0.327333 -1.222047 3.000000 2.000000 120.342383 4.124129
373 A D -1.831712 2.421555 4.000000 2.000000 27.837082 0.000000
374 E B 1.632267 2.797105 4.000000 4.000000 42.543272 7.295354
375 B E 0.565722 4.379435 2.000000 0.000000 335.784744 0.000000
376 C D 0.335018 0.583830 1.000000 3.000000 68.437628 1.421225
377 C A -1.954110 1.171707 3.000000 3.000000 57.227999 3.725040
378 B D 0.261194 4.504250 5.000000 1.000000 359.296612 0.000000
379 E C -2.686383 1.037533 5.000000 3.000000 61.230378 9.536402
380 B E 0.677755 4.582430 3.000000 2.000000 338.123276 0.000000
381 D C -1.343698 2.625984 2.000000 4.000000 22.934752 1.905111
382 B E -0.213221 0.669929 3.000000 1.000000 86.276727 0.149902
383 D D -1.981477 3.186500 1.000000 1.000000 36.765459 3.257932
384 A D -2.780689 3.028101 1.000000 3.000000 26.068611 0.000000
385 B D 0.451440 2.919389 1.000000 5.000000 28.927421 0.000000
386 D E 0.794887 -3.304498 1.000000 4.000000 136.216798 10.587370
387 A E 1.213372 0.685518 3.000000 5.000000 85.083050 3.440460
388 A A 1.994968 3.314386 3.000000 2.000000 93.552047 11.127887
389 B C -0.496458 3.819414 3.000000 5.000000 84.634403 0.000000
390 C D -1.411840 4.396506 3.000000 3.000000 183.673072 0.000000
391 E B -0.229709 1.650849 1.000000 4.000000 50.332561 1.136298
392 A B 0.166972 0.135269 0.000000 1.000000 51.991544 1.808053
393 C B -2.232588 3.769168 5.000000 4.000000 50.735345 1.754156
394 C A -0.686270 1.696487 3.000000 2.000000 59.953289 1.409420
395 C B -1.999416 3.342324 2.000000 3.000000 27.838834 1.656361
396 A C -0.913050 2.257435 4.000000 2.000000 57.766439 0.000000
397 C B -0.310407 3.637704 2.000000 1.000000 126.653935 1.887632
398 C A -2.455253 4.599362 1.000000 0.000000 302.012139 1.424958
399 B C -0.673765 2.569975 4.000000 1.000000 67.256305 0.000000
400 B D 0.505686 1.770062 4.000000 4.000000 79.163433 0.746995
401 B A -0.727725 0.989453 1.000000 1.000000 47.596354 0.655776
402 A E -4.199358 4.125806 1.000000 4.000000 274.422025 0.000000
403 A D -1.217187 2.642567 5.000000 5.000000 58.800672 0.000000
404 B B -2.496128 3.035931 3.000000 3.000000 13.032051 1.208261
405 B A -1.509219 3.735048 4.000000 3.000000 81.271767 1.141152
406 A D -2.231169 2.955508 4.000000 2.000000 20.539233 0.000000
407 E B -1.877108 2.566817 1.000000 5.000000 16.064962 4.972337
408 E D -1.788345 2.384301 4.000000 2.000000 29.525202 4.821993
409 B D -1.928143 4.400434 3.000000 3.000000 165.423698 0.000000
410 B D 0.565722 3.500486 2.000000 0.000000 144.521473 0.000000
411 E D 0.179744 4.316009 2.000000 2.000000 242.602154 0.000000
412 D D 0.081193 1.808352 1.000000 4.000000 43.900244 0.000000
413 C B -0.791785 4.888486 4.000000 5.000000 289.498903 1.068886
414 C C -1.733157 2.961151 2.000000 2.000000 23.354094 1.438451
415 C D 0.813917 4.127511 2.000000 0.000000 271.535238 0.000000
416 C B -1.411840 4.448579 3.000000 3.000000 195.515442 0.000000
417 C A -1.788390 3.007724 1.000000 5.000000 10.696907 1.516154
418 E A -2.355738 2.581629 4.000000 5.000000 20.733791 6.752388
419 B A 0.756120 0.742238 3.000000 5.000000 101.485102 4.196158
420 D D 1.486985 3.609817 1.000000 2.000000 122.013519 1.851139
421 A D -2.786555 1.976390 3.000000 3.000000 25.607283 0.613526
422 C A 0.328692 2.674319 2.000000 2.000000 49.338889 5.328976
423 C E 0.259636 4.986198 2.000000 4.000000 384.324621 0.000000
424 A C 0.010097 3.593798 2.000000 5.000000 64.525052 0.131841
425 A D -0.922436 2.230385 5.000000 2.000000 72.708944 0.000000
426 A C -2.254384 2.752866 1.000000 3.000000 10.802311 0.000000
427 A B -1.878524 2.767644 3.000000 4.000000 17.356750 0.000000
428 C D 0.461315 4.770151 3.000000 1.000000 434.809359 0.000000
429 B A -1.732018 3.199103 3.000000 4.000000 24.106869 0.000000
430 D B 0.505686 1.770062 1.000000 4.000000 40.318111 3.402088
431 E D -0.320074 4.155883 4.000000 0.000000 266.507874 0.000000
432 C A 0.451440 4.854557 1.000000 2.000000 414.496841 8.422517
433 A E 0.634387 2.135787 3.000000 2.000000 53.184773 0.000000
434 C E -1.189576 3.823884 4.000000 0.000000 163.369633 0.000000
435 A C -2.780689 3.142294 1.000000 3.000000 29.393952 0.000000
436 D A 2.342946 -3.259898 3.000000 4.000000 104.418971 3.953965
437 C D -0.418952 2.831451 2.000000 2.000000 47.877098 0.000000
438 B B -1.383131 4.688594 5.000000 0.000000 375.297302 0.000000
439 B C -1.428408 2.998434 4.000000 1.000000 55.427292 0.000000
440 B B -1.121206 2.562233 4.000000 3.000000 48.397597 0.000000
441 C B -0.229709 1.542949 1.000000 4.000000 54.021224 1.082348
442 B D -0.191565 0.632029 3.000000 1.000000 87.205960 0.155319
443 A D -4.053371 4.557617 0.000000 3.000000 371.946570 0.000000
444 B E -0.259633 3.747099 3.000000 1.000000 153.121826 0.000000
445 B C 0.443995 2.815780 4.000000 1.000000 87.684349 1.628041
446 A E -1.364785 3.086956 4.000000 3.000000 45.520719 0.000000
447 C A 0.111191 0.844046 1.000000 4.000000 74.538782 2.388631
448 A C 0.261194 4.504250 5.000000 1.000000 359.296612 0.657519
449 D B -1.926425 4.926465 1.000000 1.000000 386.857749 1.352809
450 A D -1.431088 4.842372 1.000000 2.000000 334.641691 0.000000
451 A A -2.457588 4.125806 1.000000 4.000000 93.374591 0.000000
452 A B -0.273372 2.849329 1.000000 3.000000 34.709030 1.604548
453 E E 0.862051 4.466593 2.000000 0.000000 371.696102 0.000000
454 A E -1.008175 2.205581 4.000000 2.000000 55.961941 0.000000
455 B B -0.526784 3.555981 4.000000 5.000000 74.222086 1.197638
456 B C -1.325803 3.836983 3.000000 3.000000 92.099236 0.000000
457 B D -3.196039 2.428874 0.000000 1.000000 54.224629 2.865185
458 C C -0.866057 3.543175 4.000000 0.000000 136.425154 0.000000
459 D C 1.558205 2.816357 1.000000 2.000000 43.223133 4.970527
460 A D -1.831712 3.155425 4.000000 2.000000 39.191520 0.000000
461 E D 0.179744 4.284738 2.000000 2.000000 234.938563 0.000000
462 C E 0.081981 1.990220 3.000000 3.000000 59.958768 0.000000
463 B E -1.121206 4.048395 1.000000 3.000000 118.309236 0.000000
464 E E -2.231169 2.955508 4.000000 1.000000 26.546954 5.911375
465 B D -1.469490 3.389774 2.000000 4.000000 32.175604 0.000000
466 C A -1.809171 4.303789 0.000000 3.000000 149.690908 1.219069
467 E D -0.913050 2.257435 4.000000 3.000000 58.400511 1.666502
468 A C -0.736632 2.138138 4.000000 2.000000 63.598448 0.000000
469 C B -1.241112 2.700607 4.000000 5.000000 44.064849 0.591895
470 A E -1.217235 3.531556 3.000000 5.000000 43.996537 0.000000
471 A C -2.254384 2.752866 3.000000 3.000000 11.461869 0.000000
472 C D -0.194937 3.900083 2.000000 2.000000 147.845068 0.000000
473 C D -2.780689 3.708911 1.000000 3.000000 65.428323 3.047640
474 C D 0.049845 2.230379 5.000000 2.000000 87.912147 0.000000
475 C D -2.066048 4.985163 1.000000 3.000000 331.413944 0.163446
476 A C -4.253072 3.179239 3.000000 3.000000 161.230540 0.510565
477 E B -1.987993 2.914827 3.000000 5.000000 14.791779 5.040147
478 D C -1.565794 2.731690 3.000000 5.000000 25.784489 2.465693
479 A C -1.634769 3.593798 2.000000 1.000000 81.574439 0.000000
480 C E 0.104866 2.374427 0.000000 2.000000 26.102404 0.000000
481 A E -2.372006 2.767644 3.000000 4.000000 10.874332 0.000000
482 A C -0.245112 2.569975 4.000000 1.000000 75.603416 0.000000
483 C B 0.518998 2.776365 2.000000 3.000000 44.959680 3.945177
484 B D 0.372775 3.609240 4.000000 1.000000 157.232268 0.000000
485 A C -2.780689 2.534806 1.000000 2.000000 20.799889 0.050711
486 E A 0.418513 2.781897 1.000000 2.000000 43.629949 5.732910
487 D B -1.413196 4.691785 2.000000 4.000000 224.868852 0.047804
488 A B -1.878524 4.806079 4.000000 4.000000 244.416844 0.000000
489 A B -1.189576 3.823884 4.000000 0.000000 163.369633 0.000000
490 B B -1.928143 4.400434 3.000000 4.000000 141.552344 0.000000
491 E A -3.636402 3.199103 3.000000 4.000000 65.451290 10.937406
492 D A -0.320074 4.493434 4.000000 0.000000 358.572725 5.656570
493 E E -0.659791 4.928402 1.000000 3.000000 359.730431 0.000000
494 A C -0.202102 4.097842 5.000000 0.000000 269.951853 0.000000
495 A E 0.648613 1.997107 3.000000 2.000000 53.731105 0.000000
496 B C 1.194397 3.522109 1.000000 1.000000 126.560389 3.702664
497 D D 0.285125 2.844912 2.000000 0.000000 76.430548 0.000000
498 A A -0.837365 4.899293 3.000000 3.000000 351.549612 4.612022
499 A B -0.795844 2.191500 1.000000 4.000000 31.404470 0.000000
500 B D -1.179977 2.998434 4.000000 1.000000 64.605504 0.000000
501 A D -1.634769 2.357043 2.000000 1.000000 19.671829 0.000000
502 A A -1.650989 3.524645 3.000000 4.000000 40.333491 0.452838
503 A E -2.079117 3.086956 4.000000 1.000000 36.513835 0.000000
504 A A -1.989116 2.537609 3.000000 3.000000 16.581193 0.000000
505 B E 0.634387 2.123890 3.000000 2.000000 53.220015 0.000000
506 A D -0.821102 2.201373 5.000000 2.000000 76.006811 0.000000
507 A D 0.285125 2.874762 2.000000 0.000000 78.335737 0.000000
508 A C -2.372006 2.765896 4.000000 2.000000 14.218394 0.000000
509 D C -0.242564 2.281078 4.000000 2.000000 69.599946 0.000000
510 B C 0.104866 2.592319 0.000000 2.000000 29.517999 0.666517
511 C C -1.217187 2.642567 5.000000 5.000000 58.800672 0.596104
512 A D -1.509219 3.686895 1.000000 4.000000 48.086692 0.000000
513 A B -0.502241 2.549587 3.000000 4.000000 48.417278 0.768072
514 A C -1.146064 2.752866 1.000000 3.000000 20.657633 0.000000
515 D C 0.081193 0.847474 4.000000 4.000000 120.694295 1.031711
516 A D -0.254898 2.773647 2.000000 4.000000 38.708320 0.000000
517 A B 0.158244 2.033990 3.000000 2.000000 58.264285 2.491727
518 C E -3.393798 3.130670 4.000000 1.000000 43.218556 5.005375
519 C A 0.050671 1.983998 3.000000 3.000000 60.214588 3.632012
520 A A -4.000404 2.963357 2.000000 3.000000 130.313942 0.536946
521 A A 0.651395 3.504030 3.000000 2.000000 115.459768 7.334223
522 A C 0.451440 2.175213 1.000000 1.000000 36.118991 1.810517
523 A E -1.640860 3.532812 2.000000 4.000000 36.574448 0.000000
524 C C -2.254384 2.752866 3.000000 3.000000 11.461869 2.819497
525 C D -2.229192 3.658310 4.000000 3.000000 49.755668 1.857373
526 B E -1.371083 3.921727 3.000000 3.000000 101.389394 0.000000
527 B B -0.418952 2.831451 2.000000 3.000000 41.680774 1.158868
528 C C -0.795844 1.492173 1.000000 4.000000 54.638523 0.798475
529 A E -2.461049 3.605695 2.000000 1.000000 69.615157 0.000000
530 B D -0.893090 4.153365 3.000000 3.000000 155.383989 0.000000
531 D C -2.780689 3.464666 1.000000 3.000000 45.449539 5.377402
532 E E -1.008175 2.207329 3.000000 4.000000 47.927079 2.073327
533 E C -0.496458 3.819414 3.000000 5.000000 84.634403 0.000000
534 B B 0.526413 2.808068 1.000000 1.000000 54.611896 3.983274
535 C A -0.782673 2.140046 4.000000 2.000000 62.565629 1.448006
536 C B 0.418513 2.798780 1.000000 2.000000 44.286027 3.654928
537 D E -1.903068 2.581629 3.000000 5.000000 22.831375 3.627574
538 B C -2.546728 1.812315 4.000000 3.000000 31.063063 2.507777
539 B C -1.294544 3.752108 1.000000 1.000000 108.193517 0.000000
540 B E -2.709638 1.879472 3.000000 3.000000 27.498299 2.684985
541 D C -1.904575 2.379164 4.000000 3.000000 27.495410 3.834561
542 E C -1.243045 2.822557 1.000000 2.000000 24.347899 2.338862
543 C D 1.667655 2.236601 5.000000 2.000000 52.917338 3.766363
544 A A -2.014044 3.281522 4.000000 2.000000 39.690551 0.000000
545 C C -0.529566 2.025145 4.000000 5.000000 80.957635 0.000000
546 B D -0.479298 2.569975 4.000000 5.000000 62.609091 0.000000
547 B D -0.777335 3.388518 3.000000 5.000000 48.797324 0.000000
548 E D -1.920418 2.998434 4.000000 1.000000 37.546098 4.703134
549 B D -1.570474 2.379164 4.000000 2.000000 36.576432 0.476547
550 A D -1.634769 3.593798 2.000000 1.000000 81.574439 0.000000
551 A B -1.863615 2.205581 4.000000 4.000000 37.668317 0.000000
552 A A -1.865837 2.858681 4.000000 2.000000 28.714041 0.000000
553 C C -1.509219 3.735048 1.000000 4.000000 52.465782 0.160695
554 A E -2.786555 2.844767 3.000000 3.000000 12.684719 0.000000
555 B D 0.720707 1.991490 2.000000 4.000000 41.854780 1.170632
556 A D -2.857339 2.764514 1.000000 3.000000 25.482375 0.000000
557 D D 0.081193 1.808352 1.000000 2.000000 37.305569 0.000000
558 B D -0.290909 2.920826 1.000000 5.000000 27.494780 0.000000
559 A E -1.358767 3.086956 4.000000 1.000000 62.406800 0.000000
560 A C -3.196039 3.130670 3.000000 2.000000 35.668288 0.000000
561 A B 0.187634 2.581629 4.000000 5.000000 64.532898 2.853716
562 B D -2.510353 3.592049 1.000000 4.000000 37.668511 0.673480
563 A E -2.388744 3.157271 3.000000 5.000000 10.354623 0.000000
564 C D -0.526784 3.327287 3.000000 5.000000 51.668627 0.000000
565 C C -1.469468 2.998434 3.000000 1.000000 45.203391 0.807870
566 B E 0.081981 1.990220 3.000000 3.000000 59.958768 0.000000
567 A E 0.446750 3.281522 4.000000 2.000000 104.554133 0.000000
568 A B -1.430166 2.295532 2.000000 4.000000 28.057565 0.000000
569 E B -1.840272 2.534495 4.000000 2.000000 26.977820 4.866523
570 A C -3.253031 2.421555 4.000000 3.000000 24.730416 0.518218
571 B B -1.345286 2.219988 3.000000 4.000000 40.544636 0.297941
572 A D -1.052774 2.780626 2.000000 3.000000 29.720056 0.000000
573 E C -2.372006 2.475598 4.000000 2.000000 13.661614 6.919425
574 A E -1.146064 2.752866 1.000000 3.000000 20.657633 0.000000
575 B D -0.736632 2.434592 1.000000 2.000000 27.600318 0.000000
576 A A -1.123360 3.251600 3.000000 2.000000 59.825822 1.694418
577 A B -1.799120 3.155425 4.000000 3.000000 32.986146 0.000000
578 B A -0.418952 2.831451 2.000000 2.000000 47.877098 3.282457
579 A D -1.634769 2.357043 2.000000 2.000000 18.830060 0.000000
580 A C -1.541584 3.168540 3.000000 2.000000 42.169438 0.000000
581 D E 0.463140 1.478502 3.000000 3.000000 68.918931 0.000000
582 C A 0.418513 2.750626 1.000000 4.000000 30.537350 5.693821
583 C D -1.890016 3.160746 3.000000 3.000000 24.751593 1.591789
584 A B -2.728010 3.142294 1.000000 3.000000 27.452742 0.000000
585 A C 0.634387 2.007471 0.000000 2.000000 23.330020 2.401294
586 A A -1.178649 2.642567 5.000000 5.000000 59.985271 0.767260
587 A D 0.104866 3.079991 1.000000 2.000000 56.542006 0.000000
588 A E -0.933346 2.918384 3.000000 4.000000 39.656973 0.000000
589 B E -0.571589 2.893333 4.000000 5.000000 56.607428 0.000000
590 B E -1.362309 2.076322 4.000000 2.000000 47.923118 0.467141
591 C E -0.032365 3.018944 3.000000 5.000000 50.093798 0.000000
592 C A -1.908461 2.335516 0.000000 1.000000 10.298800 2.458522
593 A C -1.175608 3.428780 1.000000 4.000000 35.777290 0.000000
594 A A -1.507273 2.040481 3.000000 3.000000 37.466995 0.000000
595 A C -1.826748 2.447135 3.000000 2.000000 20.367889 0.000000
596 B A 0.080460 1.808352 2.000000 4.000000 55.275707 3.501819
597 B B -0.550984 2.555254 4.000000 4.000000 60.996672 0.624676
598 E C -2.254384 3.083904 1.000000 3.000000 16.449809 5.870034
599 D C -3.168656 2.543023 4.000000 3.000000 19.569716 7.462944
600 D B 0.842732 2.811322 4.000000 2.000000 74.497739 4.933856
601 C E -1.529163 3.532812 2.000000 4.000000 39.050336 0.407804
602 A C -0.709111 1.972450 3.000000 4.000000 60.516079 0.000000
603 C B -1.506817 3.536087 3.000000 4.000000 45.168862 0.354251
604 A C -4.409398 2.911923 4.000000 2.000000 162.643788 0.895126
605 C A 0.513265 2.573623 2.000000 2.000000 46.495433 5.756823
606 A A -1.840929 2.618628 4.000000 2.000000 26.971708 0.000000
607 A B -1.322815 1.745812 2.000000 5.000000 58.114315 0.000000
608 E D -1.964891 3.104057 3.000000 4.000000 16.931638 4.764286
609 B D -2.231169 3.347996 4.000000 2.000000 37.581481 0.498757
610 C D 0.072746 1.784057 1.000000 2.000000 37.705008 0.000000
611 A E -1.831712 1.628437 4.000000 2.000000 45.275987 0.245347
612 A B -1.002134 3.358741 2.000000 3.000000 51.095568 0.000000
613 A B -2.456866 2.418530 1.000000 3.000000 14.700529 0.000000
614 A B -1.706544 3.156554 1.000000 4.000000 15.962392 0.000000
615 B E -2.556494 3.142294 1.000000 4.000000 18.907304 1.192448
616 C B -2.101044 1.980463 0.000000 2.000000 14.903127 3.246887
617 A D -1.188823 3.251163 1.000000 3.000000 34.649975 0.000000
618 A B -2.254384 2.753384 1.000000 3.000000 10.805037 0.000000
619 C C -0.254898 2.773647 2.000000 4.000000 38.708320 0.000000
620 B E -2.387241 2.537292 3.000000 2.000000 10.585936 1.543569
621 B D -4.806101 2.844767 3.000000 3.000000 300.013778 4.864385
622 B C -0.279821 2.927269 1.000000 3.000000 36.773542 0.000000
623 B D -2.608169 3.818756 4.000000 2.000000 73.982278 0.593497
624 D B -1.232956 2.189307 3.000000 4.000000 43.942582 2.009562
625 A D -1.619201 2.357043 2.000000 1.000000 20.004260 0.000000
626 A E 0.104866 3.222886 1.000000 2.000000 66.327916 0.000000
627 A B -2.372006 2.627860 4.000000 2.000000 13.332336 0.000000
628 A A -1.217235 3.194572 2.000000 5.000000 24.999796 1.341511
629 A D -1.747010 3.132056 1.000000 3.000000 20.046222 0.000000
630 A D -1.916967 2.365083 1.000000 2.000000 11.026447 0.000000
631 E A -2.017278 2.278798 4.000000 4.000000 31.312582 5.785993
632 C E -2.586991 3.157271 3.000000 4.000000 12.630330 3.163459
633 D E -1.881388 2.398185 4.000000 1.000000 27.258145 3.745980
634 B D -1.469490 2.997286 2.000000 4.000000 20.377334 0.000000
635 D A 0.454141 3.176727 1.000000 2.000000 65.929561 6.333331
636 A C -1.551876 2.917407 3.000000 2.000000 32.258286 0.000000
637 A D -3.797677 2.867602 4.000000 2.000000 63.324415 0.480656
638 D D -1.146064 2.857152 4.000000 3.000000 48.051031 1.081041
639 A C -3.196039 3.736985 3.000000 2.000000 80.338482 0.000000
640 D B -0.536683 1.808352 1.000000 2.000000 35.649613 0.595824
641 A B 0.375676 2.047452 3.000000 3.000000 56.582235 3.150754
642 A C -2.763461 2.766828 1.000000 3.000000 21.595806 0.000000
643 E C -2.643092 3.175631 3.000000 3.000000 17.310346 7.235965
644 A E -2.511305 3.975717 3.000000 3.000000 80.451886 0.000000
645 A A -2.308090 1.631089 3.000000 3.000000 35.768792 0.599978
646 A E 0.859911 2.919389 1.000000 5.000000 26.840831 0.000000
647 A E -2.192096 2.725440 3.000000 5.000000 15.270713 0.000000
648 E D -2.418865 2.153453 1.000000 3.000000 18.745514 7.417292
649 D E -0.800910 2.920577 1.000000 4.000000 24.808567 0.000000
650 B D -0.752199 2.434592 1.000000 2.000000 27.377551 0.000000
651 D A -0.669955 2.921009 1.000000 3.000000 31.370993 2.641398
652 A E -1.561785 4.669648 4.000000 2.000000 282.220917 0.000000
653 E B -1.716864 3.998147 1.000000 4.000000 78.367978 2.940093
654 A B -2.254384 2.752480 3.000000 3.000000 11.461397 0.000000
655 B D -2.448658 3.129971 1.000000 3.000000 20.032825 1.043016
656 D D -1.188823 3.042326 2.000000 3.000000 31.968590 1.024144
657 B A -1.567902 2.400940 1.000000 2.000000 14.621440 0.450912
658 A B -2.372589 2.627860 4.000000 2.000000 13.322064 0.000000
659 A C -1.826026 2.917407 3.000000 2.000000 24.763244 0.000000
660 A D 2.728765 2.727094 1.000000 3.000000 46.755066 6.459202
661 E D -2.348156 2.658957 4.000000 1.000000 16.303606 6.646628
662 E D 0.529856 2.934237 1.000000 5.000000 28.904242 0.000000
663 E E -1.799120 4.329422 4.000000 3.000000 158.600819 2.917279
664 B B -2.614214 2.820123 1.000000 2.000000 18.837582 1.601198
665 A B -4.153936 2.860649 2.000000 3.000000 157.735499 0.754803
666 E D -2.388744 3.138549 3.000000 5.000000 10.237345 6.319240
667 A D 0.110181 1.943070 2.000000 5.000000 56.238327 0.000000
668 A A -1.860252 3.003605 3.000000 2.000000 26.424970 0.000000
669 B B -3.416523 3.142294 1.000000 3.000000 73.197271 2.482490
670 A D -1.756665 2.407155 4.000000 2.000000 30.314235 0.000000
671 A C -2.192096 2.810550 3.000000 5.000000 13.587510 0.000000
672 C E -2.849864 3.001841 2.000000 2.000000 24.427389 3.910352
673 A A -2.372006 2.350726 3.000000 4.000000 19.146501 0.000000
674 A D -3.070155 2.417464 1.000000 3.000000 38.412919 0.385153
675 A D -2.147172 1.739975 1.000000 4.000000 36.633004 0.370404
676 C D -1.469490 3.222335 2.000000 4.000000 25.346443 0.584017
677 A E -0.544451 2.418530 1.000000 3.000000 28.454519 0.000000
678 A C -1.832334 2.766281 4.000000 2.000000 28.337787 0.000000
679 C C -2.511305 3.181324 3.000000 3.000000 17.047710 2.969112
680 A D -0.983392 2.738361 1.000000 3.000000 23.150165 0.000000
681 B C -0.736632 2.436938 0.000000 2.000000 20.567921 0.000000
682 A D -1.457665 2.776483 4.000000 2.000000 41.064924 0.000000
683 D B -1.430166 2.295532 2.000000 4.000000 28.057565 2.494966
684 A B -2.676877 3.130853 1.000000 5.000000 20.882789 0.000000
685 A E -3.896405 2.938745 2.000000 2.000000 112.976174 0.483558
686 C E -2.857339 2.764514 1.000000 3.000000 25.482375 4.164498
687 A A -0.492962 2.979094 2.000000 1.000000 61.794645 3.244982
688 A A -1.891665 2.752866 1.000000 3.000000 10.918636 0.000000
689 A E -1.542323 3.801918 3.000000 4.000000 65.727859 0.000000
690 E C 0.296582 2.081763 2.000000 3.000000 44.128780 1.369304
691 C D -1.842273 1.018454 1.000000 2.000000 39.783809 3.626659
692 A B -1.865837 2.738154 4.000000 4.000000 24.427851 0.000000
693 A B -2.254384 3.261211 1.000000 3.000000 23.236794 0.000000
694 A A -0.795844 2.191500 1.000000 4.000000 31.404470 1.351844
695 A B -1.826748 2.447135 3.000000 2.000000 20.367889 0.000000
696 B D 0.070695 2.005953 0.000000 4.000000 29.543271 0.000000
697 A D -1.848910 3.033198 3.000000 3.000000 22.023006 0.000000
698 E C -1.271948 3.134922 4.000000 2.000000 58.288560 2.134885
699 A C -1.052774 3.923004 2.000000 3.000000 105.996047 0.000000
700 A E -2.728010 2.775670 1.000000 3.000000 20.354196 0.000000
701 B B -2.237246 2.759566 3.000000 2.000000 13.424395 1.096304
702 D E -2.728010 2.775670 1.000000 2.000000 21.306866 5.908359
703 A E -2.360523 1.913637 4.000000 2.000000 23.603681 0.356755
704 A E 0.170793 2.919389 1.000000 5.000000 29.282532 0.000000
705 A B -2.438583 2.996462 1.000000 3.000000 16.148046 0.000000
706 A C -2.448452 2.606829 4.000000 2.000000 12.075600 0.000000
707 A D -1.878268 2.180519 3.000000 4.000000 30.591477 0.000000
708 A E -1.840929 2.599989 4.000000 2.000000 26.932636 0.000000
709 E C -2.247622 2.753872 3.000000 2.000000 13.211809 6.174711
710 A C -1.685358 3.230832 1.000000 3.000000 24.946944 0.000000
711 A B -2.372006 2.767644 1.000000 4.000000 12.450559 0.000000
712 A E -2.254384 3.302204 2.000000 2.000000 31.771854 0.000000
713 A D -1.848910 2.808989 3.000000 3.000000 18.771741 0.000000
714 A A -1.986414 2.766828 1.000000 3.000000 10.530020 0.000000
715 C B -1.870440 1.437616 5.000000 4.000000 80.453081 3.270874
716 A E -3.730349 2.753392 1.000000 3.000000 104.808158 0.544369
717 A D -1.587617 2.357043 2.000000 2.000000 19.750588 0.000000
718 A D 0.087012 3.028101 1.000000 2.000000 53.345700 0.000000
719 B B -1.706544 2.570518 1.000000 4.000000 13.509630 0.489298
720 D B -1.002753 2.997340 3.000000 2.000000 50.822192 0.510918
721 A D -1.916967 2.172407 1.000000 3.000000 16.158532 0.000000
722 C D -1.602604 2.357043 2.000000 2.000000 19.455469 1.748816
723 A A -1.855942 2.629388 3.000000 2.000000 19.680812 0.000000
724 E B -2.980373 2.973288 3.000000 3.000000 18.895962 8.703112
725 B E -1.338063 2.752866 1.000000 3.000000 17.573596 0.000000
726 A B -1.204434 2.440435 1.000000 3.000000 19.727137 0.000000
727 A E -2.192096 1.477583 3.000000 5.000000 66.506690 0.666489
728 A B -2.388744 3.144021 3.000000 5.000000 10.268601 0.000000
729 D D -2.192096 2.810550 3.000000 5.000000 13.587510 4.265737
730 A C -2.864065 2.585263 1.000000 3.000000 25.743472 0.062786
731 A A -2.372006 2.371757 3.000000 4.000000 18.548423 0.000000
732 B D -1.732274 3.575863 3.000000 4.000000 41.420867 0.000000
733 A D -1.664418 2.447135 3.000000 2.000000 24.412905 0.000000
734 C C -2.378767 4.766586 4.000000 3.000000 245.544700 1.085640
735 D D -0.702992 3.777487 1.000000 3.000000 90.827194 0.000000
736 A E -2.676877 3.130853 3.000000 5.000000 11.696692 0.000000
737 A B -2.943292 3.261211 3.000000 4.000000 21.414385 0.000000
738 B D -2.046349 2.222920 2.000000 1.000000 12.537640 1.346604
739 A C -2.318674 2.537609 3.000000 3.000000 11.952721 0.000000
740 C E -0.796307 2.920577 1.000000 3.000000 29.342035 0.000000
741 A B -2.718765 2.434733 1.000000 3.000000 21.195739 0.104341
742 D D -0.799351 1.519416 1.000000 1.000000 35.663576 1.378637
743 D E -2.762836 2.165628 0.000000 3.000000 33.874224 6.622880
744 E B -1.171108 3.841869 0.000000 2.000000 102.564870 1.049784
745 B E -1.681375 2.617524 1.000000 4.000000 13.108246 0.404538
746 D E -1.806793 3.179239 3.000000 2.000000 35.031066 2.741141
747 A D -2.889503 3.036187 1.000000 3.000000 30.997905 0.000000
748 A A -1.666402 3.313256 4.000000 2.000000 53.496437 0.142365
749 E D -1.017654 2.498386 1.000000 3.000000 22.063425 1.817815
750 A B -2.372589 3.294803 4.000000 2.000000 31.256338 0.000000
751 B A -1.747010 3.009044 1.000000 4.000000 12.590685 0.111471
752 C D -1.888130 1.790154 3.000000 3.000000 36.852662 2.958139
753 C E -2.388744 3.157271 4.000000 2.000000 24.105585 2.717403
754 A B -0.626554 2.456092 3.000000 2.000000 49.815332 0.348384
755 D B -1.338063 2.994828 0.000000 3.000000 18.397442 1.519360
756 A B -1.989116 2.744776 3.000000 3.000000 15.580421 0.000000
757 A A -1.204434 1.858710 1.000000 3.000000 31.181206 0.000000
758 E B -2.254384 2.752480 3.000000 3.000000 11.461397 6.201458
759 A C -1.356132 3.869218 1.000000 4.000000 69.652343 0.000000
760 D D -1.619201 3.110020 2.000000 1.000000 40.677610 2.247583
761 A D -1.990921 3.296558 2.000000 1.000000 45.078860 0.000000
762 A C -1.772448 2.866011 2.000000 2.000000 19.930983 0.000000
763 A B -2.197081 2.756314 1.000000 3.000000 10.500594 0.000000
764 A B -2.511305 2.551669 3.000000 3.000000 11.020655 0.000000
765 A C -2.192096 3.053069 1.000000 5.000000 10.753447 0.000000
766 D C -0.736632 2.436938 0.000000 2.000000 20.567921 0.272957
767 C D -1.634769 2.783439 2.000000 3.000000 17.710654 1.394790
768 A E -0.998056 2.752866 3.000000 3.000000 40.070266 0.000000
769 D B -2.943204 2.727467 1.000000 3.000000 29.525529 6.602146
770 A B -1.695541 2.982447 1.000000 4.000000 12.744423 0.000000
771 A D -2.062936 2.953283 4.000000 2.000000 24.859717 0.000000
772 D D -2.115578 3.274098 3.000000 3.000000 24.552926 3.572635
773 A B -1.916663 2.767456 4.000000 3.000000 23.216899 0.000000
774 A B -2.806081 2.826804 3.000000 3.000000 12.927179 0.000000
775 B E -2.865871 0.120934 3.000000 2.000000 57.382926 4.677872
776 A D -2.134258 3.102707 3.000000 3.000000 18.014306 0.000000
777 D A -1.848134 2.745120 1.000000 3.000000 11.177112 3.299283
778 A E -3.036798 2.127119 3.000000 5.000000 45.902986 0.650480
779 A A -1.753091 2.752866 1.000000 3.000000 12.058743 0.000000
780 B D -1.480478 2.755324 2.000000 4.000000 19.332360 0.000000
781 E E -2.728010 2.769384 1.000000 3.000000 20.316644 7.960652
782 A B -1.945672 3.255946 3.000000 4.000000 20.887126 0.000000
783 A E -2.099333 2.767644 1.000000 4.000000 10.223715 0.000000
784 E C -1.118195 2.752866 1.000000 3.000000 21.112465 1.940367
785 C B -2.676877 2.609880 1.000000 5.000000 25.914218 3.913093
786 A B -1.293572 2.771298 1.000000 3.000000 18.452373 0.000000
787 C B -2.408821 2.356132 4.000000 2.000000 14.126175 3.563715
788 B C -1.378992 2.722511 3.000000 5.000000 30.083172 0.000000
789 A D -2.483503 3.165179 3.000000 4.000000 12.466653 0.000000
790 C D -1.916967 2.365083 3.000000 2.000000 18.867057 2.448093
791 B C -2.469726 3.783937 4.000000 2.000000 71.611791 0.420652
792 C C -2.254384 2.340496 1.000000 2.000000 10.781600 3.231866
793 A B -2.253975 2.627860 4.000000 2.000000 15.676728 0.000000
794 B D -2.383009 2.756219 3.000000 4.000000 10.937499 1.318294
795 A E -2.684984 3.133079 3.000000 5.000000 11.818763 0.000000
796 A C -2.763461 2.440800 1.000000 2.000000 20.120670 0.131796
797 E B -2.857819 3.004313 1.000000 4.000000 27.429203 8.212510
798 B B -2.530828 3.186766 3.000000 5.000000 10.740483 1.109476
799 A D -2.273309 2.844767 3.000000 3.000000 11.646163 0.000000
800 C B -2.254384 2.752866 3.000000 3.000000 11.461869 2.819497
801 B C -2.786555 2.844767 3.000000 3.000000 12.684719 1.835066
802 D C -1.744308 1.711605 4.000000 1.000000 40.811441 4.021319
803 A E -2.197081 2.756314 1.000000 3.000000 10.500594 0.000000
804 E C -2.192096 2.487622 3.000000 3.000000 13.921850 6.232738
805 A E -1.634769 2.357043 2.000000 3.000000 19.988291 0.000000
806 E B -2.372006 1.599288 4.000000 2.000000 32.245488 7.795735
807 A C -1.239033 2.974420 1.000000 3.000000 23.004383 0.000000
808 A D -2.456866 2.419168 1.000000 2.000000 12.483482 0.000000
809 D B -2.523324 2.748872 3.000000 3.000000 10.014552 5.321102
810 A A -2.671926 4.291152 3.000000 5.000000 92.330106 0.000000
811 B C -2.187822 2.752480 3.000000 4.000000 12.508533 1.029253
812 A C -1.634769 2.385444 2.000000 2.000000 18.658970 0.000000
813 A E -2.150814 2.314905 4.000000 2.000000 19.985380 0.000000
814 C C -2.486904 3.640527 3.000000 3.000000 43.933854 2.455006
815 A D -2.446021 2.627276 3.000000 2.000000 10.360317 0.000000
816 D E -2.373803 2.705881 3.000000 5.000000 14.645255 4.915528
817 A C -2.111583 3.149255 3.000000 3.000000 19.812436 0.000000
818 A C -2.318674 2.760084 3.000000 5.000000 13.637985 0.000000
819 E E -1.695541 2.018243 1.000000 4.000000 27.559621 4.840037
820 A C -2.372006 2.327713 4.000000 2.000000 15.095248 0.000000
821 C B -1.680432 2.261987 3.000000 4.000000 31.893981 2.018986
822 E B -1.997762 2.753384 3.000000 4.000000 15.261144 5.238224
823 B E -3.093572 2.753227 1.000000 3.000000 38.602247 2.387132
824 C A -1.753091 2.877903 1.000000 3.000000 13.438481 1.566551
825 A C -1.618606 2.843024 1.000000 3.000000 14.506466 0.000000
826 B E -1.855942 2.629388 3.000000 2.000000 19.680812 0.654526
827 A C -4.200733 3.232340 3.000000 4.000000 151.159895 0.418210
828 A D -0.142271 2.755324 2.000000 4.000000 39.395883 0.000000
829 A C -2.689465 2.756058 3.000000 5.000000 15.361861 0.000000
830 A A -2.629982 2.291362 1.000000 1.000000 15.020134 0.181125
831 A B -3.148775 3.717905 1.000000 3.000000 86.187302 0.000000
832 A B -2.121713 3.254107 1.000000 5.000000 12.724749 0.000000
833 A D -3.542869 1.467568 1.000000 3.000000 100.094031 1.689584
834 C E -1.977097 2.869514 3.000000 3.000000 16.515479 2.078953
835 B D -2.694298 2.993880 2.000000 3.000000 16.686973 1.547566
836 A E -2.372006 2.767644 3.000000 3.000000 10.450022 0.000000
837 A B -2.786555 2.816367 2.000000 3.000000 16.684015 0.000000
838 A C -2.431896 2.959672 3.000000 3.000000 11.778882 0.000000
839 A B -1.916967 3.253765 1.000000 5.000000 12.794072 0.000000
840 A B -2.251452 2.415106 4.000000 4.000000 22.179716 0.000000
841 A A -2.190299 2.370285 3.000000 4.000000 19.972782 0.000000
842 A B -3.236771 2.769798 1.000000 4.000000 51.467779 0.157780
843 A A -2.356004 3.144021 3.000000 3.000000 16.488301 0.000000
844 D B -2.357072 2.980049 3.000000 3.000000 12.536871 4.591166
845 A E -3.379126 3.157271 3.000000 5.000000 41.257844 0.000000
846 C A -1.165088 2.755371 1.000000 3.000000 20.372191 1.315027
847 B B -1.878524 2.852692 1.000000 3.000000 11.968388 0.465095
848 A C -2.510481 3.236455 3.000000 3.000000 19.076725 0.000000
849 A C -1.706544 2.772329 1.000000 4.000000 11.730653 0.000000
850 D C -1.970727 2.537609 3.000000 2.000000 16.869012 3.874574
851 A C -2.610982 2.756058 3.000000 5.000000 14.389379 0.000000
852 A E -0.983072 2.767589 1.000000 3.000000 23.477202 0.000000
853 A D -3.227927 4.016056 3.000000 3.000000 101.967726 0.000000
854 A B -2.253975 2.630368 4.000000 2.000000 15.682601 0.000000
855 E E -2.155973 2.743033 3.000000 3.000000 12.723678 5.841866
856 E B -2.374288 2.779317 1.000000 3.000000 12.129359 6.624262
857 A E -2.448452 2.997699 4.000000 2.000000 17.454994 0.000000
858 A D -2.318409 2.760012 3.000000 3.000000 10.837726 0.000000
859 A B -2.454069 2.982447 1.000000 4.000000 14.214049 0.000000
860 B A -2.305177 2.600088 4.000000 2.000000 14.558970 1.357677
861 A A -1.056019 2.974448 1.000000 5.000000 19.096472 1.550002
862 A E -2.325350 2.736014 1.000000 5.000000 14.691105 0.000000
863 C D -2.587909 2.826804 3.000000 3.000000 10.436997 3.495991
864 A D -2.192096 2.725084 3.000000 5.000000 15.278622 0.000000
865 B B -1.954241 2.989625 3.000000 3.000000 18.736606 0.441736
866 A B -2.446021 2.225159 3.000000 2.000000 12.861077 0.109356
867 D D -2.777060 2.187150 1.000000 3.000000 27.366075 6.644030
868 A A -2.783494 2.840876 3.000000 3.000000 12.606432 0.000000
869 C C -2.254384 2.752866 1.000000 2.000000 12.450082 2.819497
870 D D -1.916967 3.257135 1.000000 5.000000 12.867369 2.993767
871 A E -1.706544 2.772329 1.000000 5.000000 12.772121 0.000000
872 A A -1.759237 3.282570 1.000000 3.000000 26.516008 0.000000
873 A A -2.846510 2.753384 2.000000 3.000000 18.227199 0.000000
874 D C -1.843928 1.408462 1.000000 3.000000 38.423700 4.623321
875 C C -1.627954 1.903784 1.000000 4.000000 32.011308 2.259112
876 E B -1.409812 3.145455 2.000000 3.000000 30.358319 2.641339
877 A C -2.192096 2.924287 4.000000 5.000000 15.565271 0.000000
878 D D -1.916967 1.084740 1.000000 2.000000 37.490332 5.166163
879 C E -2.483503 3.175011 3.000000 4.000000 12.668542 2.912869
880 A B -2.436301 2.984789 1.000000 4.000000 13.911166 0.000000
881 A C -2.372006 2.210381 4.000000 2.000000 16.888311 0.068623
882 D B -2.254649 2.513091 3.000000 5.000000 20.607576 4.750856
883 A D -0.907728 2.419168 1.000000 2.000000 25.006361 0.000000
884 B D -1.891665 2.752866 1.000000 3.000000 10.918636 0.584632
885 B B -2.121713 3.324078 3.000000 3.000000 26.806334 0.358491
886 A E -2.330636 3.525939 3.000000 3.000000 36.028177 0.000000
887 B B -2.197081 2.064649 1.000000 3.000000 18.621862 1.730973
888 B A -2.372006 2.868750 4.000000 4.000000 12.284779 1.189260
889 B B -2.711753 1.964426 3.000000 5.000000 44.356207 2.603203
890 E A -1.358865 2.551669 3.000000 3.000000 31.199870 3.157066
891 B D -2.455788 2.403604 3.000000 3.000000 13.137066 1.780078
892 A E -2.434957 2.963564 3.000000 3.000000 11.827973 0.000000
893 B E -2.339164 3.083903 3.000000 4.000000 11.569436 0.924842
894 C C -2.456866 2.602862 1.000000 3.000000 13.151589 3.425087
895 A C -2.160651 2.945211 3.000000 3.000000 14.213082 0.000000
896 A B -2.684984 3.133079 3.000000 4.000000 13.081159 0.000000
897 A B -2.567212 2.627860 4.000000 2.000000 10.725383 0.000000
898 A B -1.751643 3.826347 3.000000 5.000000 49.116384 0.000000
899 A C -2.372006 2.327713 1.000000 4.000000 19.635034 0.000000
900 A C -2.372006 2.767644 4.000000 2.000000 14.237598 0.000000
901 B C -1.588488 2.959679 1.000000 4.000000 13.673116 0.000000
902 A B -2.196963 2.756628 1.000000 3.000000 10.501841 0.000000
903 A C -2.161177 1.492733 3.000000 3.000000 42.379925 0.628149
904 B C -2.119835 3.307205 1.000000 2.000000 33.852353 0.372548
905 D E -3.229589 3.121262 3.000000 3.000000 33.004437 7.067504
906 A B -2.610982 2.844316 3.000000 5.000000 12.750618 0.000000
907 D E -1.190151 2.427362 3.000000 3.000000 36.675030 1.643090
908 E D -2.115497 3.253765 1.000000 3.000000 22.582817 5.179350
909 D E -2.839509 3.272131 1.000000 4.000000 32.278656 5.746396
910 A C -2.446021 2.595725 3.000000 2.000000 10.262586 0.000000
911 A D -1.440387 3.109867 1.000000 4.000000 18.272587 0.000000
912 A E -2.792799 2.161818 1.000000 4.000000 35.739701 0.432781
913 A C -2.373531 2.606829 4.000000 4.000000 15.585920 0.000000
914 E B -1.314953 2.634713 1.000000 3.000000 17.342295 2.796363
915 A C -2.411596 3.095542 3.000000 3.000000 14.720162 0.000000
916 A B -3.872254 2.826804 3.000000 4.000000 91.352573 0.577386
917 A E -1.891665 2.726701 1.000000 3.000000 10.777991 0.000000
918 A E -2.318409 2.846369 2.000000 3.000000 10.662741 0.000000
919 A A -2.569920 2.766828 4.000000 3.000000 10.402540 0.000000
920 A D -2.388744 3.169911 3.000000 5.000000 10.450434 0.000000
921 A E -2.372006 2.767644 1.000000 3.000000 12.026250 0.000000
922 A C -3.201768 2.741641 4.000000 2.000000 19.056911 0.159684
923 A D -2.552707 2.431040 1.000000 2.000000 14.205317 0.000000
924 A C -2.501765 1.899170 2.000000 3.000000 25.195338 0.477153
925 A C -2.997670 2.772322 3.000000 3.000000 17.705757 0.000000
926 A C -2.192213 3.601187 3.000000 5.000000 24.612352 0.000000
927 A A -2.782968 2.840876 3.000000 3.000000 12.597432 0.000000
928 A A -2.374466 2.574763 4.000000 5.000000 20.729273 0.000000
929 D E -3.422812 2.148838 3.000000 4.000000 56.754168 8.619599
930 A C -2.396579 2.766386 3.000000 4.000000 10.793196 0.000000
931 A B -3.473457 3.124271 1.000000 4.000000 77.145338 0.000000
932 A E -1.930412 2.752480 3.000000 5.000000 18.189631 0.000000
933 A E -1.706544 2.932795 1.000000 5.000000 11.344904 0.000000
934 C D -1.916967 2.365083 1.000000 2.000000 11.026447 2.448093
935 C B -2.446009 2.743560 1.000000 3.000000 12.987457 3.259961
936 A B -1.390183 2.844767 3.000000 3.000000 30.729105 0.000000
937 A E -3.006677 2.767644 3.000000 2.000000 18.310088 0.000000
938 A A -2.948482 3.293436 1.000000 3.000000 43.269797 0.000000
939 A B -2.437725 2.765896 4.000000 2.000000 13.138274 0.000000
940 D B -2.436301 2.984789 1.000000 3.000000 15.856490 4.824116
941 E B -2.676877 3.130853 4.000000 4.000000 11.354372 7.407436
942 A B -2.611180 3.159244 3.000000 4.000000 12.831428 0.000000
943 A E -2.139751 4.491067 3.000000 5.000000 131.664191 0.000000
944 A B -1.983706 3.048839 1.000000 2.000000 20.967711 0.000000
945 D B -2.372006 2.615221 4.000000 2.000000 13.310288 5.000798
946 E B -3.394457 3.181541 3.000000 3.000000 45.519318 10.047672
947 A C -1.506381 2.767644 3.000000 5.000000 26.423354 0.000000
948 A B -2.007770 3.053069 1.000000 5.000000 10.105350 0.000000
949 E C -2.263923 2.533030 3.000000 3.000000 12.518518 6.456683
950 A A -2.449463 2.875923 4.000000 2.000000 14.581591 0.000000
951 B C -4.293235 2.606829 4.000000 2.000000 134.095884 4.333024
952 E C -1.917529 1.789684 1.000000 2.000000 19.720154 5.901051
953 A C -2.786555 1.498609 1.000000 3.000000 45.823085 1.091308
954 A E -2.352146 3.350091 1.000000 3.000000 28.528851 0.000000
955 A E -2.849327 3.052255 1.000000 5.000000 27.680752 0.000000
956 A E -2.413997 2.488612 3.000000 2.000000 10.516624 0.000000
957 A A -2.373362 2.840876 3.000000 3.000000 10.763073 0.000000
958 A E -2.676877 3.130853 1.000000 5.000000 20.882789 0.000000
959 D B -2.388744 3.149942 3.000000 3.000000 16.438786 4.516290
960 A B -2.684984 3.133079 3.000000 5.000000 11.818763 0.000000
961 D E -2.372006 2.862219 1.000000 5.000000 13.607739 4.753800
962 A D -1.577388 2.535056 3.000000 3.000000 25.837619 0.000000
963 A B -2.197081 3.652100 1.000000 3.000000 49.897103 0.000000
964 A C -2.855363 3.150335 3.000000 2.000000 24.726065 0.000000
965 A D -2.437514 2.627276 3.000000 3.000000 10.472133 0.000000
966 A C -0.697074 2.772329 1.000000 4.000000 24.978360 0.000000
967 D E -2.542360 3.574780 1.000000 4.000000 37.181248 4.552300
968 E D -2.388744 2.383416 3.000000 5.000000 24.578800 7.074374
969 A A -2.387609 2.767644 1.000000 4.000000 12.685592 0.000000
970 A C -2.316401 3.254107 1.000000 2.000000 30.880742 0.000000
971 A E -2.274133 2.844144 1.000000 3.000000 11.696164 0.000000
972 E E -2.485567 2.563247 3.000000 4.000000 13.735436 7.257631
973 A D -1.632016 2.971763 1.000000 3.000000 16.699765 0.000000
974 E C -1.753467 3.054827 3.000000 5.000000 18.574578 4.020676
975 A D -2.431896 2.959672 2.000000 3.000000 12.526466 0.000000
976 B D -1.986414 2.766828 1.000000 3.000000 10.530020 0.712793
977 A D -2.785245 3.272291 3.000000 3.000000 22.662243 0.000000
978 B A -2.254384 2.488917 3.000000 3.000000 13.164494 1.392659
979 A D -1.782583 2.660302 1.000000 5.000000 14.258780 0.000000
980 D C -0.846883 2.933609 1.000000 5.000000 21.793363 0.107039
981 A A -1.912625 2.752343 1.000000 3.000000 10.786795 0.000000
982 B E -2.537549 2.767644 3.000000 4.000000 10.813121 1.538681
983 A E -1.891665 3.038978 3.000000 3.000000 21.169948 0.000000
984 A B -2.254384 2.760714 1.000000 5.000000 13.376759 0.000000
985 A D -3.060158 2.896094 3.000000 3.000000 20.738957 0.000000
986 D C -2.479990 2.749741 4.000000 3.000000 11.216370 5.190231
987 A E -2.318674 2.770196 3.000000 3.000000 10.854802 0.000000
988 C E -1.706544 2.988553 0.000000 5.000000 10.060413 1.351171
989 A B -2.248206 1.764438 4.000000 5.000000 57.757397 0.421716
990 E C -2.326915 2.846369 2.000000 2.000000 13.218346 6.379564
991 D D -1.753892 2.188910 1.000000 3.000000 16.861725 3.572767
992 A A -2.458119 2.158338 3.000000 4.000000 25.076592 0.185252
993 A A -2.456866 3.205663 1.000000 2.000000 29.613825 0.000000
994 A B -2.471901 2.587503 3.000000 3.000000 10.694634 0.000000
995 C B -2.446021 1.779373 3.000000 5.000000 50.968215 4.224173
996 E D -1.490013 3.528635 3.000000 3.000000 56.106966 2.558915
997 A B -2.509240 2.629408 3.000000 3.000000 10.360090 0.000000
998 A A -2.320883 2.770695 3.000000 4.000000 11.125229 0.000000
999 E D -2.249392 2.672428 1.000000 3.000000 10.547664 6.262791
1000 A C -2.569920 2.766828 4.000000 3.000000 10.402540 0.000000
1001 A C -0.960528 2.105554 1.000000 3.000000 28.107692 0.000000
1002 A C -2.269943 2.844767 4.000000 3.000000 14.687307 0.000000
1003 A C -2.274133 3.761230 1.000000 3.000000 60.970412 0.000000
1004 A A -2.446021 3.275594 3.000000 2.000000 28.415191 0.000000
1005 A C -2.388744 3.498822 3.000000 5.000000 18.181657 0.000000
1006 D E -2.159774 3.015889 1.000000 3.000000 14.210477 3.963434
1007 A C -2.254384 2.778380 1.000000 3.000000 10.956910 0.000000
1008 A C -2.474253 2.766828 4.000000 3.000000 11.267654 0.000000
1009 D A -2.856690 2.488612 1.000000 2.000000 23.757531 6.581457
1010 A C -2.254384 2.752519 1.000000 3.000000 10.800501 0.000000
1011 B E -1.630598 1.941916 1.000000 3.000000 23.933404 1.003981
1012 A D -2.575988 3.130853 3.000000 5.000000 10.638819 0.000000
1013 A A -3.210042 2.117757 3.000000 2.000000 29.137381 0.789774
1014 B C -2.372006 2.836069 2.000000 4.000000 10.321947 1.221941
1015 E A -1.711290 2.810869 1.000000 4.000000 11.625136 4.106470
1016 A C -2.437514 2.625907 2.000000 3.000000 10.615821 0.000000
1017 A D -2.556183 3.359072 3.000000 5.000000 13.780866 0.000000
1018 A D -1.758015 2.760012 3.000000 3.000000 20.657531 0.000000
1019 A D -2.847861 2.737201 3.000000 3.000000 13.539757 0.000000
1020 A D -2.318674 2.623244 3.000000 3.000000 11.192215 0.000000
1021 A D -2.448452 2.766424 4.000000 1.000000 16.394762 0.000000
1022 E D -1.745361 2.183376 1.000000 3.000000 17.047494 4.861727
1023 B B -2.318674 2.300086 3.000000 3.000000 15.866009 1.677926
1024 A E -2.006409 3.655273 3.000000 3.000000 52.121013 0.000000
1025 C A -1.472114 2.930319 1.000000 4.000000 14.862197 1.128494
1026 A D -2.596683 2.963564 3.000000 3.000000 11.905551 0.000000
1027 A E -2.254384 2.844229 3.000000 3.000000 11.850108 0.000000
1028 A D -1.986414 2.766828 1.000000 3.000000 10.530020 0.000000
1029 A D -2.388744 3.157271 3.000000 5.000000 10.354623 0.000000
1030 A B -2.007770 3.003225 1.000000 5.000000 10.001315 0.000000
1031 C C -2.375895 3.492849 1.000000 3.000000 37.841830 2.352914
1032 C E -2.567568 2.587503 3.000000 3.000000 10.793441 3.689524
1033 D E -2.192096 3.053069 3.000000 5.000000 11.320032 4.023218
1034 A C -2.197081 4.613686 3.000000 3.000000 208.694876 0.000000
1035 A B -1.732190 2.725099 1.000000 3.000000 12.105738 0.000000
1036 A D -2.770818 2.766828 4.000000 3.000000 10.210704 0.000000
1037 A D -2.373362 2.840876 1.000000 3.000000 12.657966 0.000000
1038 B A -2.684984 3.133079 3.000000 5.000000 11.818763 1.394398
1039 D E -2.372006 2.871527 1.000000 3.000000 13.007110 4.744491
1040 A E -2.094587 2.932795 1.000000 5.000000 10.345802 0.000000
1041 A B -2.318409 2.914101 3.000000 3.000000 11.882632 0.000000
1042 A E -2.372024 2.789979 3.000000 4.000000 10.686293 0.000000
1043 A A -2.313484 2.752866 1.000000 3.000000 11.291299 0.000000
1044 A C -2.529422 3.573365 3.000000 3.000000 38.396034 0.000000
1045 A B -2.478423 1.765595 3.000000 2.000000 22.489066 0.593222
1046 A D -2.529422 2.611100 3.000000 4.000000 12.929590 0.000000
1047 C C -2.638425 2.627398 5.000000 2.000000 12.061933 3.809058
1048 E D -2.396579 2.093487 3.000000 4.000000 27.463700 7.393686
1049 A C -1.956301 2.752866 3.000000 3.000000 16.243345 0.000000
1050 B A -2.057026 3.008398 3.000000 3.000000 17.072241 0.577141
1051 A B -2.221120 2.846712 2.000000 3.000000 10.827429 0.000000
1052 A A -2.373362 1.729169 3.000000 3.000000 31.896638 0.550853
1053 E B -2.270050 2.752348 3.000000 3.000000 11.291232 6.260341
1054 A B -2.537541 2.241446 3.000000 2.000000 12.392600 0.161710
1055 B E -2.145437 2.753384 1.000000 3.000000 10.316763 0.964771
1056 A E -2.386598 2.747055 3.000000 5.000000 13.697016 0.000000
1057 A E -2.396579 2.766386 3.000000 4.000000 10.793196 0.000000
1058 E B -2.269586 2.771751 4.000000 3.000000 14.485464 6.239196
1059 E D -2.388744 3.144021 3.000000 5.000000 10.268601 6.313769
1060 A D -2.318674 2.623244 3.000000 4.000000 13.066748 0.000000
1061 C B -2.007770 2.981922 1.000000 5.000000 10.013606 2.035561
1062 A C -1.892374 2.752491 1.000000 3.000000 10.911755 0.000000
1063 A C -2.377141 2.767733 4.000000 3.000000 12.581248 0.000000
1064 A A -2.707885 3.355611 3.000000 3.000000 25.468599 0.000000
1065 A C -2.436425 3.284139 3.000000 3.000000 21.265306 0.000000
1066 A D -1.639593 2.810712 3.000000 2.000000 27.367055 0.000000
1067 A A -3.503151 3.159358 1.000000 5.000000 81.361046 0.000000
1068 A A -2.310840 3.529019 1.000000 3.000000 39.944993 0.000000
1069 D D -2.328300 3.113514 3.000000 2.000000 21.544410 4.371387
1070 A E -2.992615 2.828446 3.000000 5.000000 21.721799 0.000000
1071 A D -2.191505 3.025840 1.000000 3.000000 14.544554 0.000000
1072 A A -2.320883 0.936817 3.000000 4.000000 72.566699 1.303845
1073 A C -1.877668 3.782074 1.000000 5.000000 39.540647 0.000000
1074 A C -2.275133 1.968719 3.000000 3.000000 24.996315 0.237631
1075 A A -2.253684 2.752812 3.000000 3.000000 11.469616 0.000000
1076 C D -2.318409 2.651835 2.000000 3.000000 10.082621 3.064585
1077 A A -2.770818 2.766828 4.000000 3.000000 10.210704 0.000000
1078 A A -1.474532 2.935752 2.000000 3.000000 22.949312 0.246094
1079 A E -1.117835 3.123998 3.000000 3.000000 44.664718 0.000000
1080 A E -2.256795 2.767644 1.000000 4.000000 11.097261 0.000000
1081 A C -2.353163 3.156577 3.000000 2.000000 23.131667 0.000000
1082 A B -2.576465 2.635882 3.000000 3.000000 10.470232 0.000000
1083 D D -2.254384 2.752866 1.000000 4.000000 11.154541 4.510285
1084 A C -2.111391 2.932795 1.000000 5.000000 10.412905 0.000000
1085 A B -2.014073 2.608806 3.000000 3.000000 15.494192 0.000000
1086 A D -2.436805 2.346620 2.000000 3.000000 13.806615 0.000000
1087 B E -0.856778 2.933572 1.000000 4.000000 24.163859 0.000000
1088 A C -1.986414 2.766828 0.000000 3.000000 10.955360 0.000000
1089 D D -1.918056 2.190859 1.000000 2.000000 12.527713 4.063310
1090 A E -2.729075 2.607127 4.000000 4.000000 13.735503 0.000000
1091 A B -2.392667 2.764742 3.000000 3.000000 10.323577 0.000000
1092 A E -1.894309 2.726701 1.000000 3.000000 10.761314 0.000000
1093 B C -2.605071 2.637360 3.000000 5.000000 17.198920 1.770247
1094 A B -1.688553 2.932795 1.000000 5.000000 11.486259 0.000000
1095 A E -2.285285 1.764458 1.000000 5.000000 48.093416 0.449506
1096 D B -1.557108 2.755428 1.000000 3.000000 14.384144 2.415897
1097 D C -2.254384 2.752866 4.000000 3.000000 14.791648 4.510285
1098 A B -1.145567 2.659158 0.000000 3.000000 14.971539 0.000000
1099 A E -2.902228 3.229894 3.000000 4.000000 19.378329 0.000000
1100 A B -2.104147 2.786960 1.000000 3.000000 10.485534 0.000000
1101 A C -2.897818 2.766380 3.000000 4.000000 16.231636 0.000000
1102 A D -2.373362 2.840876 3.000000 3.000000 10.763073 0.000000
1103 E B -2.007770 3.649363 1.000000 5.000000 29.039885 4.379774
1104 A A -1.892374 2.115007 1.000000 3.000000 17.552318 0.000000
1105 A D -2.655473 2.623327 1.000000 5.000000 24.847918 0.000000
1106 E C -2.254384 2.670887 1.000000 3.000000 10.581787 6.283052
1107 D E -3.016947 2.457470 4.000000 3.000000 16.343494 7.093370
1108 C D -2.194392 2.756628 1.000000 3.000000 10.490868 2.680753
1109 C D -2.192096 3.065741 1.000000 5.000000 10.801399 2.366475
1110 A B -2.567212 2.949376 4.000000 2.000000 14.755393 0.000000
1111 E B -2.392449 2.789979 3.000000 3.000000 10.389698 6.681704
1112 D A -2.431259 2.756478 1.000000 5.000000 16.140760 5.037299
1113 A C -1.879700 2.932795 1.000000 3.000000 13.248947 0.000000
1114 E E -2.372608 2.766386 3.000000 4.000000 10.883227 6.630896
1115 A E -2.380201 2.488612 1.000000 5.000000 21.488690 0.000000
1116 D A -1.327121 2.635882 3.000000 3.000000 31.571725 2.158970
1117 A A -2.197081 2.886464 1.000000 3.000000 11.796564 0.000000
1118 A D -1.643153 2.548437 1.000000 4.000000 14.387470 0.000000
1119 A C -2.444451 2.595725 3.000000 2.000000 10.270032 0.000000
1120 A B -1.912625 2.752343 1.000000 3.000000 10.786795 0.000000
1121 A E -2.569920 3.469842 4.000000 5.000000 16.105840 0.000000
1122 D B -2.254384 3.037937 1.000000 3.000000 15.154147 4.225214
1123 A B -2.575988 3.130853 3.000000 5.000000 10.638819 0.000000
1124 B D -2.446021 2.625999 3.000000 3.000000 10.455535 1.543032
1125 A A -1.988730 2.951277 0.000000 3.000000 13.784309 0.000000
1126 A B -1.977523 2.766834 0.000000 3.000000 10.918387 0.000000
1127 A E -2.495976 3.016965 3.000000 3.000000 12.640502 0.000000
1128 C B -1.891665 2.726701 1.000000 3.000000 10.777991 2.029545
1129 B C -1.986414 2.766828 1.000000 3.000000 10.530020 0.712793
1130 A A -0.482891 3.365890 3.000000 5.000000 53.964227 3.758690
1131 E B -2.104147 2.786960 1.000000 3.000000 10.485534 5.603592
1132 A D -2.101991 2.359775 3.000000 3.000000 17.288138 0.000000
1133 B B -2.851772 3.054493 2.000000 5.000000 20.429901 1.723164
1134 B C -2.318409 2.747340 3.000000 3.000000 10.822910 1.230273
1135 A E -2.318409 2.604550 2.000000 3.000000 10.286351 0.000000
1136 C D -1.767906 2.752519 1.000000 4.000000 11.295550 1.725269
1137 A B -2.414816 3.143856 4.000000 3.000000 17.146266 0.000000
1138 A E -2.316246 2.846712 2.000000 5.000000 11.514925 0.000000
1139 A E -2.395977 1.479015 3.000000 4.000000 51.714748 0.817968
1140 A C -2.145187 3.912357 3.000000 2.000000 94.166296 0.000000
1141 A B -3.567304 3.054194 4.000000 3.000000 43.985526 0.121284
1142 A C -2.231818 2.726701 1.000000 3.000000 10.542094 0.000000
1143 C E -2.430831 2.329956 3.000000 3.000000 14.587837 3.639414
1144 A C -2.571490 2.766828 4.000000 3.000000 10.392190 0.000000
1145 C B -2.463866 3.290850 3.000000 3.000000 21.459483 2.752847
1146 C A -2.309211 3.343200 4.000000 3.000000 26.713568 2.352525
1147 D B -2.509240 2.624905 3.000000 3.000000 10.389510 5.402814
1148 E E -2.437514 2.502947 2.000000 2.000000 10.227360 7.137731
1149 A D -1.889349 2.752866 1.000000 3.000000 10.933607 0.000000
1150 B E -2.375817 2.162763 3.000000 3.000000 18.703278 1.900961
1151 B B -1.912625 2.752343 1.000000 3.000000 10.786795 0.616595
1152 A C -2.392082 2.754430 1.000000 3.000000 12.217964 0.000000
1153 A B -2.392667 2.764742 3.000000 5.000000 13.319062 0.000000
1154 A B -2.560474 2.469502 3.000000 2.000000 10.214127 0.000000
1155 A E -1.912625 3.265765 1.000000 3.000000 24.087787 0.000000
1156 A E -2.576465 2.639928 3.000000 3.000000 10.446083 0.000000
1157 A A -2.575988 2.855870 3.000000 5.000000 12.258044 0.000000
1158 A E -2.317031 2.627276 3.000000 2.000000 11.351065 0.000000
1159 A B -3.237778 2.760721 4.000000 2.000000 20.670378 0.167613
1160 C C -2.254384 2.752543 0.000000 3.000000 13.470204 2.819820
1161 C E -2.366507 2.721838 3.000000 3.000000 10.461176 3.102803
1162 D E -2.739008 3.604997 1.000000 3.000000 54.504814 5.112027
1163 A D -2.192096 3.053069 1.000000 5.000000 10.753447 0.000000
1164 A E -2.969585 3.732169 3.000000 3.000000 58.122385 0.000000
1165 A C -2.488137 2.766828 2.000000 3.000000 10.945061 0.000000
1166 A A -2.373362 3.127519 1.000000 3.000000 18.897419 0.000000
1167 B C -2.444451 2.595725 3.000000 2.000000 10.270032 1.570951
1168 E D -2.569920 2.842917 5.000000 3.000000 12.672959 7.294282
1169 C D -3.127716 3.223184 3.000000 3.000000 31.159392 4.314177
1170 D A -1.866838 2.766828 4.000000 3.000000 24.669881 3.333687
1171 A A -2.844327 2.766828 4.000000 3.000000 10.770206 0.000000
1172 A E -2.111391 2.764157 1.000000 5.000000 12.212680 0.000000
1173 A E -1.899375 2.756262 3.000000 3.000000 17.435740 0.000000
1174 A C -2.231818 2.722074 4.000000 3.000000 15.307464 0.000000
1175 D C -2.380948 2.779575 3.000000 4.000000 10.733073 4.863268
1176 D B -1.938806 2.616636 1.000000 3.000000 10.398335 3.699783
1177 C E -2.251045 3.147560 4.000000 4.000000 15.929705 2.417291
1178 A D -2.388744 3.140044 3.000000 3.000000 16.130178 0.000000
1179 C B -2.046562 2.756802 1.000000 5.000000 12.095671 2.347962
1180 D A -1.710849 2.287897 1.000000 3.000000 15.366254 3.344650
1181 E B -2.375351 3.259137 3.000000 4.000000 15.057042 6.148429
1182 A D -2.929796 2.731318 3.000000 3.000000 15.579956 0.000000
1183 A D -3.205224 2.604550 2.000000 3.000000 35.815772 0.299368
1184 A B -2.219161 2.465795 1.000000 3.000000 11.449821 0.000000
1185 A C -1.891665 2.726676 1.000000 3.000000 10.777882 0.000000
1186 A E -1.230610 2.488612 3.000000 2.000000 35.896430 0.000000
1187 A A -2.104147 2.630649 3.000000 3.000000 13.804832 0.000000
1188 A A -3.060701 3.169911 3.000000 5.000000 22.516192 0.000000
1189 A C -2.571490 2.037060 4.000000 4.000000 31.376501 0.391557
1190 A E -1.935791 2.625907 1.000000 3.000000 10.394518 0.000000
1191 A B -2.254384 2.752866 3.000000 3.000000 11.461869 0.000000
1192 D A -2.094587 3.928837 1.000000 5.000000 51.942681 2.854923
1193 A E -2.318409 2.770280 2.000000 3.000000 10.147880 0.000000
1194 A D -2.433832 2.658749 3.000000 5.000000 15.767161 0.000000
1195 A A -2.006548 2.766828 1.000000 3.000000 10.463753 0.000000
1196 A B -2.099333 2.596260 1.000000 4.000000 11.846266 0.000000
1197 A C -2.351487 2.852149 1.000000 5.000000 13.389360 0.000000
1198 A D -2.197920 2.840928 1.000000 3.000000 11.213330 0.000000
1199 A C -2.569920 2.938304 1.000000 3.000000 17.597270 0.000000
1200 B E -1.161647 2.785645 3.000000 5.000000 33.829008 0.000000
1201 B D -2.635434 3.169022 3.000000 5.000000 11.408048 1.284129
1202 A E -2.321178 2.766799 4.000000 3.000000 13.516814 0.000000
1203 A D -2.568636 2.441205 4.000000 2.000000 11.294405 0.000000
1204 E B -1.895732 2.587503 3.000000 3.000000 17.985271 5.021493
1205 C B -2.466902 3.320456 3.000000 5.000000 12.593880 2.730075
1206 A D -2.318409 2.770280 2.000000 3.000000 10.147880 0.000000
1207 C A -2.364707 2.192065 2.000000 3.000000 16.598046 3.628527
1208 D C -2.272991 2.627276 3.000000 3.000000 11.592214 4.691696
1209 D E -2.569920 2.791023 4.000000 3.000000 10.413759 5.418736
1210 A B -2.373362 2.836998 3.000000 3.000000 10.736955 0.000000
1211 A B -1.983996 3.818573 0.000000 4.000000 56.606462 0.000000
1212 D B -2.509240 4.222956 3.000000 3.000000 118.895512 3.804764
1213 A C -2.318409 2.604550 2.000000 3.000000 10.286351 0.000000
1214 A D -2.100281 2.932215 2.000000 5.000000 10.683528 0.000000
1215 D D -2.769746 2.628206 4.000000 3.000000 10.833344 6.181032
1216 A E -2.317618 2.691104 1.000000 4.000000 12.285678 0.000000
1217 A A -2.009866 3.002051 1.000000 5.000000 10.001738 0.000000
1218 A B -2.413997 3.112210 3.000000 2.000000 20.708680 0.000000
1219 C D -3.368256 2.826902 3.000000 3.000000 36.892126 5.251673
1220 C E -1.934048 2.549891 1.000000 3.000000 10.690200 2.301717
1221 A A -2.754687 2.686436 4.000000 3.000000 10.364653 0.000000
1222 A E -2.543555 1.732111 3.000000 3.000000 31.279142 0.675555
1223 A B -2.575988 3.200611 1.000000 5.000000 18.490876 0.000000
1224 A A -2.218326 2.854820 4.000000 3.000000 15.815119 0.000000
1225 A A -1.991237 1.750497 3.000000 2.000000 29.355126 0.242931
1226 A E -2.388744 3.131742 3.000000 5.000000 10.201913 0.000000
1227 A D -2.874572 2.767673 1.000000 4.000000 27.722787 0.000000
1228 A C -3.274913 2.577410 4.000000 3.000000 23.569285 0.378775
1229 A D -2.241845 2.137220 3.000000 3.000000 20.525238 0.044164
1230 B E -2.470318 2.756314 1.000000 3.000000 13.471187 1.449163
1231 A C -2.388744 3.157271 3.000000 5.000000 10.354623 0.000000
1232 D E -2.569128 2.834089 3.000000 2.000000 12.328962 5.373296
1233 A D -2.186786 2.726701 0.000000 3.000000 12.337840 0.000000
1234 A A -1.542924 2.293609 3.000000 4.000000 33.921170 0.000000
1235 D B -1.823195 4.397343 3.000000 3.000000 168.220823 1.572243
1236 B A -2.090638 2.425366 1.000000 5.000000 20.334353 1.210591
1237 A E -3.669796 3.097125 1.000000 3.000000 102.330954 0.155221
1238 A C -2.053307 3.068280 1.000000 3.000000 15.655336 0.000000
1239 C B -2.366849 2.421082 4.000000 2.000000 14.163538 3.404328
1240 C B -2.104938 2.784179 2.000000 3.000000 11.034555 2.451931
1241 A B -1.450254 3.205074 1.000000 5.000000 16.182391 0.000000
1242 B E -2.388744 2.520422 3.000000 5.000000 19.816882 1.562694
1243 C E -2.446021 2.661249 1.000000 2.000000 13.108391 3.342298
1244 B D -1.571255 3.129086 1.000000 5.000000 13.454016 0.000000
1245 A E -1.910440 2.766828 1.000000 3.000000 10.895220 0.000000
1246 A E -2.303314 2.767644 3.000000 3.000000 10.986638 0.000000
1247 A A -1.573832 2.766828 3.000000 3.000000 25.278877 0.000000
1248 E A -2.571490 2.766828 2.000000 3.000000 11.909741 7.376258
1249 A A -2.750233 3.133410 0.000000 3.000000 36.340342 0.000000
1250 D D -2.437514 3.063163 3.000000 3.000000 13.784820 4.749378
1251 A D -3.876079 2.477461 3.000000 3.000000 89.772741 0.929598
1252 A E -2.317818 2.846369 3.000000 3.000000 11.225163 0.000000
1253 A A -2.137799 2.915700 3.000000 5.000000 12.697673 0.000000
1254 D B -2.785965 2.377751 1.000000 5.000000 36.931154 6.480144
1255 D B -3.333671 2.469502 3.000000 1.000000 31.057996 8.031512
1256 D E -3.188714 3.147245 1.000000 3.000000 52.827144 6.918897
1257 E D -2.094587 2.932795 1.000000 5.000000 10.345802 5.421905
1258 B B -2.197081 2.756314 1.000000 3.000000 10.500594 1.039308
1259 D C -2.573345 3.001927 2.000000 3.000000 14.705952 5.218106
1260 C A -3.206396 2.627276 3.000000 2.000000 25.366719 5.087115
1261 A A -1.751180 3.131742 3.000000 5.000000 18.965566 0.000000
1262 A D -0.707196 2.464092 2.000000 3.000000 35.491999 0.000000
1263 A A -2.111391 3.127741 1.000000 5.000000 10.793800 0.000000
1264 C B -2.196963 2.179534 1.000000 3.000000 15.985872 3.263634
1265 C B -2.388744 2.582008 3.000000 5.000000 17.915965 3.292666
1266 D C -2.104147 2.790256 3.000000 3.000000 13.640907 4.022185
1267 E B -2.318409 2.597183 2.000000 3.000000 10.329159 6.596850
1268 A E -2.009866 2.763169 1.000000 5.000000 11.928889 0.000000
1269 C E -1.806245 3.169545 4.000000 2.000000 40.705826 1.394505
1270 A D -2.363620 2.766663 3.000000 4.000000 10.921102 0.000000
1271 A B -1.996665 2.766800 1.000000 3.000000 10.494424 0.000000
1272 B A -1.870978 2.583520 1.000000 3.000000 10.877489 0.722947
1273 A B -2.099333 2.767644 1.000000 5.000000 12.102680 0.000000
1274 D B -0.822435 2.660424 3.000000 3.000000 43.647650 0.306881
1275 A C -2.708405 2.935948 1.000000 3.000000 21.532702 0.000000
1276 A C -1.987458 2.696589 2.000000 2.000000 13.480758 0.000000
1277 B D -2.372597 2.854025 3.000000 3.000000 10.864356 1.204870
1278 A C -2.100281 2.612240 2.000000 2.000000 11.477185 0.000000
1279 B C -2.026980 2.766828 4.000000 5.000000 21.644044 0.773642
1280 B A -2.754687 2.967560 4.000000 3.000000 11.415102 1.664471
1281 A A -2.006842 3.987987 3.000000 5.000000 58.540782 0.000000
1282 D A -2.575988 2.655739 3.000000 5.000000 16.450671 5.572226
1283 D E -2.314984 2.766679 4.000000 3.000000 13.627794 4.678273
1284 A D -1.130531 2.627276 3.000000 3.000000 36.551261 0.000000
1285 B B -2.576465 1.543254 3.000000 3.000000 37.656351 2.821444
1286 D B -2.329781 3.282144 4.000000 3.000000 23.516132 4.207199
1287 A D -1.998040 2.770280 2.000000 3.000000 11.989077 0.000000
1288 A D -2.807508 2.459400 4.000000 3.000000 13.210200 0.146230
1289 A D -2.471901 3.162766 3.000000 3.000000 16.481480 0.000000
1290 A B -3.706713 3.484797 1.000000 5.000000 116.605989 0.000000
1291 C C -2.392667 2.959225 3.000000 3.000000 11.961238 2.924276
1292 C A -3.451636 3.005711 4.000000 3.000000 34.540966 5.260469
1293 A E -3.611110 2.628226 3.000000 5.000000 68.182946 0.580106
1294 A E -1.994819 3.754624 1.000000 3.000000 60.982462 0.000000
1295 E E -2.186830 2.756342 1.000000 3.000000 10.458640 5.944272
1296 D C -2.444451 2.093896 3.000000 2.000000 15.110138 5.739457
1297 E D -2.388744 3.144021 3.000000 5.000000 10.268601 6.313769
1298 C B -2.532371 2.648954 1.000000 5.000000 20.578562 3.548881
1299 A C -2.563884 2.957412 3.000000 3.000000 11.679941 0.000000
1300 B D -2.770818 2.779169 4.000000 3.000000 10.210698 1.877058
1301 A A -3.074085 3.480131 4.000000 3.000000 34.884823 0.000000
1302 E B -1.226916 2.488952 4.000000 3.000000 46.069753 2.611984
1303 B A -1.934898 2.684844 2.000000 3.000000 12.543857 0.717504
1304 A B -2.318409 2.770280 2.000000 3.000000 10.147880 0.000000
1305 B B -2.009866 3.002051 1.000000 2.000000 19.016420 0.512747
1306 A D -2.130408 2.627276 3.000000 3.000000 13.415770 0.000000
1307 E E -2.273466 2.767981 1.000000 4.000000 11.251505 6.257515
1308 E A -2.100281 2.709702 2.000000 5.000000 13.862685 5.666352
1309 C D -1.986414 2.766828 1.000000 3.000000 10.530020 2.202604
1310 B B -1.229417 3.262794 3.000000 3.000000 47.361508 0.000000
1311 A C -2.471901 2.241861 3.000000 5.000000 30.186249 0.112064
1312 A C -2.390083 2.628098 3.000000 2.000000 10.701912 0.000000
1313 A B -2.560474 3.513861 3.000000 2.000000 44.631070 0.000000
1314 A B -1.674476 2.062998 3.000000 5.000000 46.606049 0.000000
1315 A D -1.658439 2.932795 3.000000 3.000000 24.775732 0.000000
1316 A B -2.230911 3.418131 1.000000 3.000000 31.772916 0.000000
1317 E D -2.651163 1.625973 4.000000 3.000000 36.883798 8.815887
1318 B E -2.236361 1.404042 1.000000 3.000000 38.074131 2.450501
1319 A E -3.231197 3.165423 3.000000 5.000000 31.260403 0.000000
1320 B B -4.223092 2.650273 3.000000 3.000000 146.736357 4.184365
1321 B B -2.099291 2.888268 1.000000 2.000000 15.117357 0.760668
1322 C E -2.471593 3.263559 2.000000 3.000000 21.990762 2.797526
1323 A E -1.935791 2.804299 1.000000 2.000000 13.919434 0.000000
1324 B B -2.030383 3.012909 1.000000 5.000000 10.020555 0.532666
1325 A D -1.589292 2.766828 4.000000 3.000000 33.295327 0.000000
1326 C A -2.676461 2.766828 1.000000 3.000000 18.586926 3.755208
1327 A B -1.689252 2.768421 4.000000 3.000000 30.117388 0.000000
1328 A C -2.939645 2.604550 2.000000 3.000000 21.873187 0.100184
1329 A B -1.565303 2.406959 3.000000 5.000000 34.846528 0.000000
1330 A C -2.418496 2.932795 1.000000 5.000000 13.843068 0.000000
1331 C E -2.357260 2.932259 2.000000 5.000000 10.815321 2.871577
1332 B E -2.085541 3.430097 1.000000 3.000000 32.510403 0.198213
1333 A E -2.697232 4.629722 3.000000 3.000000 207.145528 0.000000
1334 C B -1.304144 2.748047 3.000000 3.000000 32.269619 0.686277
1335 A C -2.509240 2.701904 2.000000 3.000000 11.040043 0.000000
1336 C E -2.162826 3.157271 3.000000 3.000000 19.228037 2.209088
1337 A D -2.444681 3.169089 4.000000 5.000000 11.088210 0.000000
1338 C C -3.676941 2.756314 1.000000 3.000000 97.213780 6.016804
1339 A A -2.229516 3.152354 1.000000 4.000000 14.178001 0.000000
1340 A C -2.372006 2.726583 1.000000 5.000000 15.585477 0.000000
1341 E D -2.319315 2.658042 2.000000 3.000000 10.065969 6.539391
1342 D A -1.883668 3.331331 3.000000 5.000000 19.398583 2.819674
1343 B D -3.060126 2.768980 3.000000 5.000000 25.543764 2.321210
1344 A E -2.593379 3.567649 2.000000 4.000000 32.355126 0.000000
1345 B D -2.901600 2.766828 4.000000 3.000000 11.467503 2.085571
1346 E C -2.772650 2.595725 3.000000 3.000000 12.717825 8.301711
1347 C C -2.437514 2.625907 2.000000 3.000000 10.615821 3.358499
1348 A A -2.444451 2.595010 3.000000 3.000000 10.689228 0.000000
1349 C B -2.016441 3.064284 1.000000 3.000000 15.649998 1.972708
1350 A D -2.496469 3.052788 1.000000 5.000000 15.253210 0.000000
1351 A D -2.318409 2.770280 2.000000 4.000000 10.435790 0.000000
1352 A C -2.437514 3.241766 1.000000 5.000000 15.914716 0.000000
1353 C B -2.722063 2.910270 1.000000 3.000000 21.580626 3.714372
1354 D E -2.388744 3.157261 3.000000 5.000000 10.354556 4.508970
1355 A E -2.770818 2.997384 4.000000 5.000000 11.073970 0.000000
1356 A D -2.770818 3.217110 4.000000 3.000000 17.451334 0.000000
1357 A B -3.847347 3.579371 1.000000 3.000000 155.255049 0.000000
1358 A E -1.793088 2.768308 1.000000 3.000000 11.790990 0.000000
1359 A E -2.936914 3.625140 3.000000 3.000000 47.655613 0.000000
1360 A C -2.336819 2.791392 3.000000 4.000000 10.856299 0.000000
1361 C E -2.824130 3.178458 3.000000 3.000000 19.831825 3.675834
1362 A E -2.575988 3.602841 3.000000 5.000000 23.124487 0.000000
1363 A D -2.044049 2.766828 1.000000 3.000000 10.376705 0.000000
1364 A D -2.318409 2.761179 2.000000 3.000000 10.112003 0.000000
1365 A E -3.069090 2.770280 1.000000 3.000000 37.087603 0.031537
1366 E D -3.055231 2.469502 3.000000 2.000000 18.777537 9.487616
1367 A B -2.031359 2.944203 1.000000 5.000000 10.136779 0.000000
1368 A E -2.250593 2.924464 2.000000 3.000000 11.695042 0.000000
1369 A D -1.588421 3.303681 1.000000 5.000000 16.786250 0.000000
1370 A C -1.996665 2.766800 1.000000 3.000000 10.494424 0.000000
1371 A D -1.866053 2.786960 1.000000 3.000000 11.346164 0.000000
1372 C D -2.462256 1.952698 1.000000 3.000000 24.347885 4.087377
1373 C E -2.576465 2.639928 3.000000 3.000000 10.446083 3.657118
1374 D D -3.428007 3.467546 3.000000 5.000000 51.220007 7.316476
1375 A E -2.099333 2.839126 1.000000 3.000000 10.984785 0.000000
1376 D E -2.094587 2.932795 2.000000 3.000000 12.732424 3.850965
1377 D B -2.846868 2.530759 2.000000 3.000000 19.025139 6.509844
1378 E B -2.388744 3.144030 3.000000 5.000000 10.268658 6.313759
1379 D B -3.296232 3.130853 3.000000 3.000000 37.228080 7.257843
1380 A D -2.576465 2.628721 3.000000 4.000000 12.847750 0.000000
1381 A E -1.982833 2.993865 4.000000 5.000000 19.452976 0.000000
1382 A E -2.209049 2.421675 3.000000 2.000000 13.003361 0.000000
1383 A E -2.513133 2.629408 3.000000 3.000000 10.362218 0.000000
1384 A B -1.660741 2.765411 4.000000 2.000000 33.986502 0.000000
1385 C D -2.633788 2.686436 4.000000 4.000000 12.149383 3.739587
1386 C D -2.388744 3.789032 3.000000 5.000000 34.926391 2.085641
1387 A D -2.512285 2.444265 4.000000 3.000000 13.912928 0.000000
1388 A A -2.721762 2.319233 1.000000 3.000000 22.927005 0.222088
1389 A C -2.221955 2.726701 2.000000 3.000000 10.158384 0.000000
1390 A B -2.446021 2.627276 3.000000 2.000000 10.360317 0.000000
1391 B C -2.392884 3.022516 3.000000 3.000000 13.100360 1.066810
1392 C C -2.079466 2.604550 2.000000 3.000000 11.235108 2.574249
1393 D D -2.196963 2.764379 1.000000 5.000000 12.767874 4.326511
1394 A A -2.381852 3.772183 3.000000 4.000000 44.391787 0.000000
1395 A B -2.446021 2.595725 3.000000 2.000000 10.262586 0.000000
1396 D E -2.101297 2.766828 1.000000 3.000000 10.340189 4.037063
1397 A C -2.260399 2.627370 3.000000 3.000000 11.723428 0.000000
1398 A B -1.951844 3.053069 1.000000 5.000000 10.155281 0.000000
1399 B C -2.739346 3.157271 2.000000 4.000000 18.592916 1.451747
1400 C D -2.448935 2.627126 2.000000 3.000000 10.689254 3.382978
1401 A D -2.017615 3.003271 4.000000 5.000000 18.561236 0.000000
1402 C E -1.769505 2.595810 3.000000 2.000000 21.651235 1.885576
1403 A B -2.626602 2.767644 1.000000 4.000000 18.045794 0.000000
1404 D C -2.576364 2.635882 3.000000 3.000000 10.469820 5.593210
1405 A E -2.446021 2.138615 3.000000 2.000000 14.277203 0.195900
1406 A B -2.569920 3.048559 4.000000 3.000000 13.091826 0.000000
1407 A D -1.191189 2.770280 2.000000 3.000000 26.722173 0.000000
1408 A C -2.212604 2.726701 2.000000 3.000000 10.192058 0.000000
1409 A D -2.455506 3.488626 2.000000 3.000000 34.536044 0.000000
1410 A B -2.190425 3.045000 1.000000 5.000000 10.717241 0.000000
1411 C C -2.388144 2.766828 1.000000 3.000000 12.232478 3.106497
1412 B E -2.094587 2.932795 1.000000 5.000000 10.345802 0.709085
1413 A B -1.417028 3.159023 1.000000 3.000000 26.050620 0.000000
1414 C C -2.188826 3.263345 1.000000 5.000000 13.244891 2.161514
1415 D E -2.513133 2.629408 3.000000 5.000000 16.759615 5.409992
1416 E A -2.388744 3.196156 2.000000 5.000000 11.497442 6.261633
1417 A C -1.996509 2.766800 1.000000 3.000000 10.494936 0.000000
1418 A B -1.677439 2.764742 3.000000 3.000000 22.640204 0.000000
1419 A E -2.221594 2.042640 3.000000 2.000000 18.287296 0.123556
1420 A E -2.318409 2.769946 2.000000 3.000000 10.146469 0.000000
1421 A E -2.187598 3.086929 3.000000 5.000000 11.387870 0.000000
1422 C A -2.010313 0.768979 1.000000 3.000000 55.997970 4.254226
1423 B E -2.754687 2.681586 4.000000 3.000000 10.390693 1.950445
1424 B A -2.381968 2.489903 3.000000 3.000000 12.097393 1.583049
1425 A B -3.894225 2.766782 1.000000 3.000000 131.039130 0.653887
1426 A C -1.938300 2.604465 2.000000 3.000000 12.708815 0.000000
1427 E B -2.099177 2.756314 1.000000 3.000000 10.274614 5.615600
1428 B B -2.388845 3.157271 3.000000 5.000000 10.354375 0.925996
1429 A A -2.576465 2.639928 3.000000 3.000000 10.446083 0.000000
1430 D B -2.388744 3.157271 3.000000 5.000000 10.354623 4.508960
1431 D C -1.996665 2.595435 1.000000 4.000000 11.763202 3.894560
1432 E D -2.446865 2.627276 3.000000 3.000000 10.444917 7.048468
1433 E B -2.507540 3.563389 3.000000 5.000000 20.901818 6.339885
1434 B E -1.958383 2.764697 1.000000 3.000000 10.629485 0.672877
1435 C B -1.831255 3.311066 1.000000 5.000000 14.657539 1.309258
1436 A C -2.104147 3.142423 1.000000 3.000000 18.001382 0.000000
1437 A B -1.765356 2.469502 3.000000 2.000000 21.766452 0.000000
1438 B C -2.571490 3.822770 4.000000 4.000000 46.696229 0.534465
1439 E E -2.318409 2.770280 2.000000 3.000000 10.147880 6.423752
1440 A D -2.031359 2.917857 1.000000 3.000000 12.199861 0.000000
1441 A A -2.446021 2.643602 3.000000 2.000000 10.433843 0.000000
1442 A C -3.426267 2.601122 1.000000 3.000000 66.638877 0.468578
1443 C A -2.009866 3.002051 1.000000 5.000000 10.001738 2.020147
1444 C A -2.372006 2.767644 3.000000 3.000000 10.450022 3.069370
1445 E A -3.113903 2.595783 2.000000 3.000000 30.315634 9.581354
1446 E A -2.358363 2.629408 3.000000 3.000000 10.851675 6.714453
1447 B B -2.537424 2.766828 4.000000 3.000000 10.645371 1.539308
1448 A A -2.153196 2.632126 3.000000 2.000000 13.598965 0.000000
1449 A A -3.149845 2.213765 4.000000 5.000000 42.112415 0.648619
1450 A C -2.194850 2.934720 0.000000 2.000000 18.915222 0.000000
1451 D B -2.311332 2.878162 2.000000 3.000000 10.994305 4.555834
1452 B E -2.007770 3.053069 1.000000 5.000000 10.105350 0.458586
1453 A C -2.006548 2.766828 1.000000 3.000000 10.463753 0.000000
1454 C A -2.446021 1.368875 3.000000 2.000000 33.621294 4.634672
1455 A C -2.095360 2.928398 2.000000 5.000000 10.734091 0.000000
1456 E A -2.569920 2.580718 4.000000 2.000000 10.672023 7.556481
1457 D E -1.933165 2.474962 1.000000 3.000000 11.273226 3.824534
1458 A B -2.560040 2.801397 3.000000 2.000000 11.784553 0.000000
1459 A A -2.546552 2.933502 1.000000 5.000000 16.734504 0.000000
1460 B E -2.446021 2.833883 3.000000 2.000000 12.545338 1.335148
1461 A C -2.294264 2.764742 3.000000 3.000000 11.066203 0.000000
1462 A E -2.044049 2.775408 1.000000 3.000000 10.436225 0.000000
1463 C B -2.285871 1.904043 3.000000 3.000000 26.898900 3.739167
1464 A A -2.284425 2.763733 3.000000 2.000000 12.868407 0.000000
1465 A B -2.010648 3.117688 1.000000 5.000000 10.528873 0.000000
1466 D E -1.628462 2.629408 3.000000 3.000000 23.910164 2.755979
1467 C B -2.754687 2.686436 2.000000 3.000000 15.463594 4.011609
1468 A C -2.509240 3.350415 3.000000 3.000000 24.227201 0.000000
1469 E D -2.318409 2.770465 2.000000 3.000000 10.148664 6.423567
1470 A A -1.245656 3.131742 2.000000 3.000000 33.688763 1.177709
1471 A E -2.104124 2.768354 1.000000 3.000000 10.351512 0.000000
1472 D A -2.388744 3.157271 3.000000 2.000000 22.832321 4.508960
1473 A C -1.989377 2.631052 2.000000 3.000000 11.996330 0.000000
1474 A A -2.853566 2.747206 4.000000 4.000000 12.498931 0.000000
1475 E E -2.965220 2.604550 2.000000 3.000000 22.936184 9.015025
1476 A B -2.031359 4.141672 1.000000 5.000000 77.576433 0.000000
1477 A B -2.318409 1.955700 2.000000 3.000000 22.653500 0.283106
1478 A B -2.576465 2.639928 3.000000 3.000000 10.446083 0.000000
1479 C D -3.563336 2.765576 1.000000 3.000000 82.458430 5.751930
1480 E A -2.658523 2.673978 3.000000 2.000000 10.791861 7.795485
1481 A E -2.010396 3.104315 1.000000 4.000000 12.666417 0.000000
1482 E E -1.951844 2.854610 1.000000 5.000000 10.757575 4.964805
1483 D B -2.111391 2.595018 3.000000 2.000000 14.178640 4.239155
1484 A C -2.756166 2.238202 2.000000 5.000000 35.896337 0.328923
1485 E B -2.393783 4.654338 2.000000 3.000000 219.292541 4.822349
1486 E A -2.446021 2.587146 3.000000 2.000000 10.245919 7.085432
1487 C B -2.437514 3.300310 3.000000 5.000000 12.174120 2.684096
1488 A A -2.372006 2.596045 3.000000 3.000000 11.004699 0.000000
1489 E C -2.317626 2.769946 2.000000 3.000000 10.145985 6.421152
1490 E A -2.318409 3.590543 4.000000 3.000000 42.134967 5.603489
1491 A D -2.770818 2.618176 4.000000 3.000000 10.926391 0.000000
1492 C B -2.569920 2.766644 4.000000 3.000000 10.402598 3.515676
1493 A A -2.689588 2.766828 4.000000 5.000000 14.138166 0.000000
1494 A C -2.200669 2.786250 1.000000 4.000000 10.587276 0.000000
1495 A D -2.446021 2.627276 4.000000 5.000000 18.400384 0.000000
1496 A B -1.970460 2.362917 1.000000 3.000000 12.493078 0.000000
1497 D C -2.318409 2.766736 2.000000 3.000000 10.133272 4.688490
1498 A C -2.318409 2.770280 2.000000 4.000000 10.435790 0.000000
1499 A B -2.089479 2.770626 3.000000 3.000000 13.816887 0.000000
1500 A E -2.506491 2.689386 2.000000 3.000000 11.019461 0.000000
