1 A A 0.020035 0.561637 1.000000 1.000000 0.254962 0.088748
2 A A 0.090057 0.496937 1.000000 1.000000 0.048963 0.055248
3 A A 0.999684 0.280998 1.000000 1.000000 -0.786649 0.000000
4 A A 0.073829 0.430770 1.000000 2.000000 -0.319550 0.068197
5 A A 0.160223 0.131807 1.000000 2.000000 -0.966625 0.078881
6 A A 0.442491 0.486214 1.000000 2.000000 0.265057 0.000000
7 A A 0.916895 0.238114 1.000000 2.000000 -0.770316 0.000000
8 A A 0.254607 0.750969 1.000000 3.000000 1.520607 0.000000
9 A A 0.560596 0.661890 1.000000 3.000000 1.237153 0.000000
10 A A 0.024425 0.200869 1.000000 4.000000 -0.992685 0.095094
11 A A 0.228015 0.582850 1.000000 4.000000 0.371095 0.000000
12 A A 0.396320 0.452405 1.000000 4.000000 0.003431 0.000000
13 A A 0.841276 0.835090 1.000000 4.000000 2.418788 0.000000
14 A A 0.208931 0.987879 2.000000 1.000000 3.867104 0.000000
15 A A 0.764221 0.325281 2.000000 1.000000 -0.287855 0.000000
16 A A 0.042639 0.220841 2.000000 2.000000 -0.923021 0.190583
17 A A 0.305023 0.136751 2.000000 2.000000 -0.765545 0.158288
18 A A 0.412361 0.104578 2.000000 2.000000 -0.786909 0.156876
19 A A 0.480263 0.352180 2.000000 2.000000 -0.034428 0.030861
20 A A 0.551221 0.946400 2.000000 2.000000 3.995314 0.000000
21 A A 0.804375 0.223398 2.000000 2.000000 -0.577844 0.020305
22 A A 0.009246 0.360765 2.000000 3.000000 -0.816908 0.196664
23 A A 0.218617 0.613063 2.000000 3.000000 0.667751 0.065974
24 A A 0.407447 0.712029 2.000000 3.000000 1.851574 0.000000
25 A A 0.888541 0.740876 2.000000 3.000000 1.870998 0.000000
26 A A 0.958493 0.034749 2.000000 3.000000 -1.026239 0.166694
27 A A 0.012885 0.927109 2.000000 4.000000 1.211111 0.188054
28 A A 0.271464 0.277988 2.000000 4.000000 -0.651903 0.124536
29 A A 0.872281 0.002470 2.000000 4.000000 -0.973435 0.197846
30 A A 0.992514 0.656839 2.000000 4.000000 1.185992 0.000000
31 A A 0.774834 0.157881 2.000000 5.000000 -0.614665 0.077668
32 A A 0.056581 0.973616 3.000000 1.000000 2.996157 0.244912
33 A A 0.258273 0.644008 3.000000 1.000000 1.697036 0.133670
34 A A 0.556009 0.850284 3.000000 1.000000 3.673111 0.000000
35 A A 0.168121 0.252389 3.000000 2.000000 -0.692321 0.257568
36 A A 0.220024 0.735498 3.000000 2.000000 1.835005 0.138173
37 A A 0.426638 0.234064 3.000000 2.000000 -0.237761 0.200139
38 A A 0.173292 0.483333 3.000000 3.000000 -0.134753 0.216242
39 A A 0.446190 0.877506 3.000000 3.000000 3.711985 0.000000
40 A A 0.891883 0.523608 3.000000 3.000000 0.740721 0.000000
41 A A 0.907338 0.555513 3.000000 3.000000 0.854035 0.000000
42 A A 0.983902 0.934231 3.000000 3.000000 3.128452 0.000000
43 A A 0.387890 0.175157 3.000000 4.000000 -0.632819 0.232058
44 A A 0.473518 0.760653 3.000000 4.000000 2.555726 0.000000
45 A A 0.548337 0.342043 3.000000 4.000000 0.119661 0.112445
46 A A 0.895942 0.470100 3.000000 4.000000 0.634169 0.000000
47 A A 0.911224 0.544970 3.000000 4.000000 1.004891 0.000000
48 A A 0.969145 0.765546 3.000000 4.000000 2.253501 0.000000
49 A A 0.335894 0.219098 3.000000 5.000000 -0.727818 0.226407
50 A A 0.831534 0.899022 3.000000 5.000000 4.187156 0.000000
51 A A 0.378366 0.592948 4.000000 1.000000 2.153168 0.175649
52 A A 0.619778 0.868361 4.000000 1.000000 4.304876 0.000000
53 A A 0.265032 0.693068 4.000000 2.000000 2.076896 0.216315
54 A A 0.464761 0.129824 4.000000 2.000000 -0.366263 0.339663
55 A A 0.656977 0.308999 4.000000 2.000000 0.386056 0.196995
56 A A 0.127264 0.859775 4.000000 3.000000 1.441684 0.290582
57 A A 0.165601 0.050044 4.000000 3.000000 -1.039780 0.391713
58 A A 0.215214 0.449809 4.000000 3.000000 -0.041311 0.303195
59 A A 0.609300 0.818053 4.000000 3.000000 4.075363 0.000000
60 A A 0.613910 0.007504 4.000000 3.000000 -0.689389 0.395393
61 A A 0.719084 0.786492 4.000000 3.000000 3.754565 0.000000
62 A A 0.873433 0.624809 4.000000 3.000000 1.726839 0.000000
63 A A 0.687001 0.933209 4.000000 4.000000 5.299992 0.000000
64 A A 0.838885 0.496109 4.000000 4.000000 1.331690 0.000000
65 A A 0.492447 0.113027 4.000000 5.000000 -0.700937 0.344340
66 A A 0.812596 0.885951 4.000000 5.000000 4.767790 0.000000
67 A A 0.241566 0.503342 5.000000 1.000000 1.327309 0.378410
68 A A 0.429629 0.714943 5.000000 1.000000 3.758824 0.192839
69 A A 0.309972 0.183794 5.000000 2.000000 -0.156459 0.443029
70 A A 0.693198 0.653140 5.000000 2.000000 2.999872 0.047245
71 A A 0.767616 0.092140 5.000000 2.000000 -0.373043 0.429272
72 A A 0.145514 0.465528 5.000000 3.000000 -0.446192 0.432259
73 A A 0.077981 0.061813 5.000000 5.000000 -0.082033 0.495180
74 A A 0.580832 0.455011 5.000000 5.000000 1.285017 0.235715
75 A A 0.818067 0.649523 5.000000 5.000000 3.207782 0.000000
76 A B 0.071428 0.721698 1.000000 2.000000 0.430655 0.122676
77 A B 0.675995 0.523130 1.000000 4.000000 0.191316 0.000000
78 A B 0.761896 0.619317 1.000000 4.000000 0.402976 0.000000
79 A B 0.048990 0.615973 1.000000 5.000000 0.006529 0.454735
80 A B 0.094184 0.775302 1.000000 5.000000 0.374084 0.390468
81 A B 0.316437 0.855217 2.000000 1.000000 1.227368 0.000000
82 A B 0.602517 0.824158 2.000000 1.000000 1.137930 0.000000
83 A B 0.941681 0.538885 2.000000 1.000000 0.036856 0.000000
84 A B 0.084970 0.088841 2.000000 2.000000 -0.413735 0.188677
85 A B 0.121768 0.849606 2.000000 2.000000 0.806944 0.044818
86 A B 0.703086 0.046861 2.000000 2.000000 -0.349479 0.150579
87 A B 0.188462 0.044467 2.000000 3.000000 -0.412804 0.287430
88 A B 0.435940 0.609437 2.000000 3.000000 0.485326 0.000000
89 A B 0.451828 0.336986 2.000000 3.000000 -0.060285 0.071611
90 A B 0.467903 0.640199 2.000000 3.000000 0.577546 0.000000
91 A B 0.544790 0.968448 2.000000 3.000000 1.665450 0.000000
92 A B 0.726001 0.952756 2.000000 3.000000 1.618210 0.000000
93 A B 0.739580 0.999942 2.000000 3.000000 1.789940 0.000000
94 A B 0.883249 0.289063 2.000000 3.000000 -0.176175 0.000000
95 A B 0.903609 0.079261 2.000000 3.000000 -0.376858 0.192569
96 A B 0.948577 0.941356 2.000000 3.000000 1.283706 0.000000
97 A B 0.299528 0.133367 2.000000 4.000000 -0.352632 0.340079
98 A B 0.668567 0.862028 2.000000 4.000000 1.313722 0.000000
99 A B 0.829509 0.383157 2.000000 4.000000 0.033803 0.000000
100 A B 0.119462 0.626814 3.000000 1.000000 0.365462 0.000000
101 A B 0.749709 0.120374 3.000000 1.000000 -0.275669 0.000000
102 A B 0.796881 0.688789 3.000000 1.000000 0.668374 0.000000
103 A B 0.924399 0.542164 3.000000 1.000000 0.054961 0.000000
104 A B 0.142097 0.603034 3.000000 2.000000 0.226551 0.071466
105 A B 0.156984 0.033015 3.000000 2.000000 -0.413737 0.192226
106 A B 0.285586 0.779094 3.000000 2.000000 1.015509 0.000000
107 A B 0.363169 0.167097 3.000000 2.000000 -0.193854 0.108974
108 A B 0.367818 0.737830 3.000000 2.000000 1.021278 0.000000
109 A B 0.642501 0.872072 3.000000 2.000000 1.556168 0.000000
110 A B 0.788539 0.113823 3.000000 2.000000 -0.271018 0.065369
111 A B 0.139971 0.148797 3.000000 3.000000 -0.407838 0.268759
112 A B 0.179280 0.203644 3.000000 3.000000 -0.356045 0.245236
113 A B 0.684324 0.883153 3.000000 3.000000 1.627295 0.000000
114 A B 0.716181 0.684033 3.000000 3.000000 0.941694 0.000000
115 A B 0.751850 0.905189 3.000000 3.000000 1.663478 0.000000
116 A B 0.291602 0.245389 3.000000 4.000000 -0.255568 0.292666
117 A B 0.381079 0.037401 3.000000 4.000000 -0.351670 0.378621
118 A B 0.423083 0.549288 3.000000 4.000000 0.385625 0.051408
119 A B 0.903284 0.821391 3.000000 4.000000 1.207638 0.000000
120 A B 0.927033 0.096677 3.000000 4.000000 -0.326907 0.265566
121 A B 0.323278 0.700157 3.000000 5.000000 0.449475 0.160482
122 A B 0.532231 0.839697 3.000000 5.000000 1.257847 0.000000
123 A B 0.759231 0.160837 3.000000 5.000000 -0.150761 0.316832
124 A B 0.415176 0.458722 4.000000 1.000000 0.511807 0.000000
125 A B 0.577063 0.816537 4.000000 1.000000 1.567464 0.000000
126 A B 0.287646 0.557239 4.000000 2.000000 0.524319 0.000000
127 A B 0.454928 0.053424 4.000000 2.000000 -0.236956 0.163544
128 A B 0.515921 0.018685 4.000000 2.000000 -0.280187 0.185540
129 A B 0.154271 0.918544 4.000000 3.000000 0.854203 0.087444
130 A B 0.182830 0.957332 4.000000 3.000000 1.104063 0.037456
131 A B 0.203929 0.094404 4.000000 3.000000 -0.385151 0.271122
132 A B 0.631322 0.314848 4.000000 3.000000 0.186817 0.001844
133 A B 0.965196 0.421545 4.000000 3.000000 0.021771 0.000000
134 A B 0.245561 0.333824 4.000000 4.000000 -0.221048 0.277038
135 A B 0.293726 0.771063 4.000000 4.000000 0.755048 0.060278
136 A B 0.746167 0.384666 4.000000 4.000000 0.361553 0.000000
137 A B 0.108218 0.359911 4.000000 5.000000 -0.420858 0.441577
138 A B 0.852037 0.194988 4.000000 5.000000 -0.043591 0.250794
139 A B 0.536305 0.434391 5.000000 1.000000 0.586585 0.000000
140 A B 0.795505 0.845418 5.000000 2.000000 1.616681 0.000000
141 A B 0.000396 0.891732 5.000000 3.000000 0.057368 0.299470
142 A B 0.032577 0.664142 5.000000 3.000000 -0.185633 0.267546
143 A B 0.663583 0.812241 5.000000 3.000000 1.884117 0.000000
144 A B 0.943831 0.344387 5.000000 3.000000 -0.025990 0.000000
145 A B 0.961256 0.536274 5.000000 3.000000 0.303301 0.000000
146 A B 0.970026 0.327859 5.000000 3.000000 -0.105629 0.000000
147 A B 0.489449 0.399603 5.000000 4.000000 0.344244 0.106622
148 A B 0.728137 0.102135 5.000000 4.000000 -0.024450 0.288448
149 A B 0.732612 0.014862 5.000000 4.000000 -0.141979 0.383668
150 A B 0.504640 0.803591 5.000000 5.000000 1.388504 0.000000
151 B A 0.419181 0.164873 1.000000 1.000000 0.601355 0.096333
152 B A 0.981105 0.794536 1.000000 1.000000 -1.125279 0.000000
153 B A 0.239838 0.227472 1.000000 2.000000 0.559885 0.118165
154 B A 0.364693 0.717330 1.000000 2.000000 -1.164620 0.000000
155 B A 0.977443 0.571376 1.000000 2.000000 -0.262600 0.000000
156 B A 0.349233 0.875511 1.000000 4.000000 -1.863099 0.000000
157 B A 0.351901 0.925468 1.000000 4.000000 -2.167097 0.000000
158 B A 0.644489 0.056868 1.000000 4.000000 0.728429 0.145024
159 B A 0.135093 0.290568 1.000000 5.000000 0.643802 0.141119
160 B A 0.392284 0.172137 1.000000 5.000000 0.651328 0.098710
161 B A 0.340686 0.377558 2.000000 2.000000 -0.004452 0.207057
162 B A 0.344379 0.462816 2.000000 2.000000 -0.296297 0.160924
163 B A 0.529180 0.072404 2.000000 2.000000 0.653183 0.342528
164 B A 0.706217 0.769151 2.000000 2.000000 -1.800482 0.000000
165 B A 0.067686 0.704787 2.000000 3.000000 -0.416582 0.328443
166 B A 0.337806 0.295757 2.000000 3.000000 0.291759 0.250137
167 B A 0.791427 0.971152 2.000000 3.000000 -3.063046 0.000000
168 B A 0.060144 0.487889 2.000000 4.000000 0.437745 0.355985
169 B A 0.082444 0.312382 2.000000 4.000000 0.692313 0.361369
170 B A 0.211102 0.150093 2.000000 4.000000 0.728757 0.352473
171 B A 0.279895 0.191165 2.000000 4.000000 0.613519 0.319741
172 B A 0.329370 0.395068 2.000000 4.000000 0.127964 0.204815
173 B A 0.384639 0.179271 2.000000 4.000000 0.549029 0.296568
174 B A 0.557366 0.371371 2.000000 4.000000 0.003044 0.089515
175 B A 0.833740 0.374331 2.000000 4.000000 -0.030256 0.000000
176 B A 0.931130 0.993762 2.000000 4.000000 -3.009929 0.000000
177 B A 0.447476 0.528716 2.000000 5.000000 -0.370019 0.045118
178 B A 0.113099 0.889913 3.000000 2.000000 -1.669198 0.449028
179 B A 0.572098 0.832572 3.000000 2.000000 -2.673713 0.000000
180 B A 0.753544 0.516452 3.000000 2.000000 -0.754000 0.016247
181 B A 0.988821 0.347154 3.000000 2.000000 0.433772 0.085091
182 B A 0.398266 0.367831 3.000000 3.000000 -0.128738 0.380258
183 B A 0.653514 0.588407 3.000000 3.000000 -1.267990 0.023201
184 B A 0.770170 0.028675 3.000000 3.000000 0.573481 0.566873
185 B A 0.806709 0.085182 3.000000 3.000000 0.523825 0.496924
186 B A 0.251607 0.478912 3.000000 4.000000 0.033365 0.419254
187 B A 0.854894 0.985257 3.000000 4.000000 -3.568446 0.000000
188 B A 0.029749 0.501652 3.000000 5.000000 0.717762 0.577615
189 B A 0.266701 0.566223 3.000000 5.000000 -0.079213 0.373481
190 B A 0.593642 0.732937 3.000000 5.000000 -1.877336 0.000000
191 B A 0.647743 0.274784 3.000000 5.000000 0.053460 0.333016
192 B A 0.710431 0.757205 3.000000 5.000000 -2.250530 0.000000
193 B A 0.059903 0.022581 4.000000 1.000000 0.765722 0.797971
194 B A 0.232545 0.010810 4.000000 1.000000 0.624711 0.796229
195 B A 0.494791 0.977655 4.000000 1.000000 -4.251923 0.074398
196 B A 0.708634 0.749760 4.000000 1.000000 -2.186878 0.003042
197 B A 0.921261 0.231216 4.000000 1.000000 0.638186 0.480485
198 B A 0.088634 0.438566 4.000000 2.000000 0.317267 0.741693
199 B A 0.461005 0.678352 4.000000 2.000000 -2.071009 0.330915
200 B A 0.592817 0.729717 4.000000 2.000000 -2.433326 0.151117
201 B A 0.627324 0.634207 4.000000 2.000000 -1.835733 0.203220
202 B A 0.844034 0.303251 4.000000 2.000000 0.092280 0.416068
203 B A 0.936989 0.466694 4.000000 2.000000 -0.052564 0.144069
204 B A 0.183571 0.181497 4.000000 3.000000 0.685977 0.750024
205 B A 0.196643 0.507078 4.000000 3.000000 -0.061229 0.650430
206 B A 0.301000 0.574320 4.000000 3.000000 -0.851986 0.540695
207 B A 0.499598 0.140960 4.000000 3.000000 0.295154 0.694365
208 B A 0.816433 0.356361 4.000000 3.000000 -0.331314 0.363583
209 B A 0.051170 0.633051 4.000000 4.000000 0.490346 0.751410
210 B A 0.105473 0.040302 4.000000 4.000000 0.652811 0.793624
211 B A 0.275245 0.680940 4.000000 4.000000 -0.857648 0.518862
212 B A 0.281244 0.746655 4.000000 4.000000 -1.207513 0.485012
213 B A 0.567742 0.604609 4.000000 4.000000 -1.561178 0.285107
214 B A 0.734928 0.864233 4.000000 4.000000 -3.448939 0.000000
215 B A 0.936236 0.416607 4.000000 4.000000 -0.335554 0.214937
216 B A 0.993996 0.510786 4.000000 4.000000 -0.516846 0.038421
217 B A 0.098580 0.074470 4.000000 5.000000 0.478139 0.788988
218 B A 0.952986 0.982077 4.000000 5.000000 -3.790264 0.000000
219 B A 0.046276 0.796991 5.000000 1.000000 -1.147363 0.944678
220 B A 0.541463 0.949901 5.000000 1.000000 -4.508893 0.228496
221 B A 0.862161 0.196825 5.000000 2.000000 0.332129 0.745457
222 B A 0.064015 0.780523 5.000000 3.000000 -0.145170 0.925052
223 B A 0.605487 0.064527 5.000000 4.000000 0.278111 0.941394
224 B A 0.576285 0.411438 5.000000 5.000000 -0.746665 0.644342
225 B A 0.587363 0.446262 5.000000 5.000000 -0.946124 0.606823
226 B B 0.130452 0.584518 1.000000 2.000000 -0.210454 0.175165
227 B B 0.199318 0.254536 1.000000 2.000000 0.359396 0.205786
228 B B 0.585533 0.723932 1.000000 2.000000 -0.826817 0.000000
229 B B 0.801453 0.569068 1.000000 2.000000 -0.300370 0.000000
230 B B 0.325276 0.598159 1.000000 3.000000 -0.356440 0.166520
231 B B 0.956239 0.920799 1.000000 3.000000 -1.403598 0.000000
232 B B 0.006437 0.708861 1.000000 4.000000 -0.264220 0.527858
233 B B 0.260629 0.801131 1.000000 4.000000 -0.869530 0.282776
234 B B 0.670432 0.270228 1.000000 4.000000 0.269131 0.315930
235 B B 0.149803 0.907035 2.000000 1.000000 -1.448095 0.000000
236 B B 0.353631 0.902338 2.000000 2.000000 -1.700053 0.000000
237 B B 0.509189 0.473888 2.000000 2.000000 -0.269978 0.000000
238 B B 0.694406 0.117750 2.000000 2.000000 0.375751 0.168547
239 B B 0.317503 0.261538 2.000000 3.000000 0.260011 0.300353
240 B B 0.625785 0.829111 2.000000 3.000000 -1.491486 0.000000
241 B B 0.680918 0.595982 2.000000 3.000000 -0.643427 0.000000
242 B B 0.821178 0.330627 2.000000 3.000000 0.092886 0.074195
243 B B 0.190095 0.248198 2.000000 4.000000 0.436247 0.476716
244 B B 0.200925 0.639107 2.000000 4.000000 -0.248112 0.379239
245 B B 0.223767 0.676601 2.000000 4.000000 -0.399368 0.351652
246 B B 0.404906 0.211415 2.000000 4.000000 0.323513 0.430610
247 B B 0.500632 0.955433 2.000000 4.000000 -1.922508 0.000000
248 B B 0.898516 0.268032 2.000000 4.000000 0.227789 0.244337
249 B B 0.102936 0.257540 2.000000 5.000000 0.515455 0.634854
250 B B 0.235220 0.964626 2.000000 5.000000 -1.227668 0.394387
251 B B 0.311975 0.153380 2.000000 5.000000 0.448274 0.609246
252 B B 0.372838 0.961456 2.000000 5.000000 -1.610237 0.236506
253 B B 0.437164 0.187826 2.000000 5.000000 0.377266 0.568134
254 B B 0.458799 0.915960 2.000000 5.000000 -1.582211 0.162376
255 B B 0.525580 0.216226 2.000000 5.000000 0.317706 0.530294
256 B B 0.018167 0.407263 3.000000 2.000000 0.325809 0.257788
257 B B 0.114867 0.285848 3.000000 2.000000 0.371555 0.227265
258 B B 0.486577 0.990849 3.000000 2.000000 -2.528137 0.000000
259 B B 0.538348 0.668355 3.000000 2.000000 -1.105009 0.000000
260 B B 0.779175 0.069265 3.000000 2.000000 0.376467 0.201904
261 B B 0.883410 0.697153 3.000000 2.000000 -0.781356 0.000000
262 B B 0.916096 0.390172 3.000000 2.000000 0.102945 0.000000
263 B B 0.563659 0.936978 3.000000 3.000000 -2.256609 0.000000
264 B B 0.639491 0.671850 3.000000 3.000000 -1.142191 0.000000
265 B B 0.677787 0.755676 3.000000 3.000000 -1.475350 0.000000
266 B B 0.374855 0.026135 3.000000 4.000000 0.446326 0.521577
267 B B 0.478558 0.910113 3.000000 4.000000 -1.924165 0.010683
268 B B 0.652803 0.107309 3.000000 4.000000 0.293504 0.449272
269 B B 0.722846 0.787466 3.000000 4.000000 -1.631947 0.000000
270 B B 0.857397 0.240299 3.000000 4.000000 0.140778 0.286096
271 B B 0.868389 0.298357 3.000000 4.000000 0.044802 0.222425
272 B B 0.432563 0.443329 3.000000 5.000000 -0.104810 0.436545
273 B B 0.697963 0.551159 3.000000 5.000000 -0.731912 0.205041
274 B B 0.247787 0.620308 4.000000 1.000000 -0.911409 0.000000
275 B B 0.356834 0.080663 4.000000 1.000000 0.228519 0.098793
276 B B 0.473309 0.124671 4.000000 1.000000 0.177006 0.062524
277 B B 0.522649 0.003428 4.000000 1.000000 0.369886 0.131184
278 B B 0.016035 0.387527 4.000000 2.000000 0.385016 0.259210
279 B B 0.034657 0.417816 4.000000 2.000000 0.331193 0.249291
280 B B 0.124163 0.895022 4.000000 2.000000 -1.162149 0.133312
281 B B 0.613094 0.145277 4.000000 2.000000 0.150334 0.159785
282 B B 0.039879 0.696605 4.000000 3.000000 0.054786 0.366664
283 B B 0.332498 0.304336 4.000000 3.000000 0.019470 0.278571
284 B B 0.512482 0.322146 4.000000 3.000000 -0.184280 0.201888
285 B B 0.622870 0.653580 4.000000 3.000000 -1.331024 0.000000
286 B B 0.863764 0.401364 4.000000 3.000000 -0.227765 0.000000
287 B B 0.599549 0.427983 4.000000 4.000000 -0.497279 0.225417
288 B B 0.635055 0.406433 4.000000 4.000000 -0.473767 0.223605
289 B B 0.824479 0.578263 4.000000 4.000000 -0.969310 0.000000
290 B B 0.975831 0.263728 4.000000 4.000000 0.175762 0.224509
291 B B 0.402500 0.532808 4.000000 5.000000 -0.345694 0.409320
292 B B 0.781713 0.809511 5.000000 1.000000 -1.627460 0.000000
293 B B 0.150570 0.518396 5.000000 2.000000 -0.120471 0.173001
294 B B 0.518011 0.843324 5.000000 2.000000 -2.463059 0.000000
295 B B 0.662947 0.317979 5.000000 2.000000 -0.385667 0.013702
296 B B 0.785215 0.791351 5.000000 2.000000 -1.822478 0.000000
297 B B 0.847470 0.364092 5.000000 2.000000 -0.139807 0.000000
298 B B 0.877135 0.426643 5.000000 2.000000 -0.184027 0.000000
299 B B 0.174101 0.209996 5.000000 3.000000 0.453482 0.356127
300 B B 0.740118 0.490940 5.000000 3.000000 -0.940882 0.000000
301 B A 0.487376 0.986551 3.000000 2.000000 -3.759685 0.000000
302 B A 0.481175 0.983391 3.000000 2.000000 -3.731159 0.000000
303 B A 0.488239 0.987662 3.000000 2.000000 -3.768784 0.000000
304 B A 0.481666 0.989225 3.000000 2.000000 -3.776262 0.000000
305 B A 0.487758 0.992711 3.000000 2.000000 -3.807353 0.000000
306 B A 0.487406 0.987993 3.000000 2.000000 -3.770784 0.000000
307 B A 0.487773 0.988907 3.000000 2.000000 -3.778050 0.000000
308 B A 0.479825 0.991676 3.000000 2.000000 -3.793765 0.000000
309 B A 0.476264 0.987273 3.000000 2.000000 -3.757178 0.000000
310 B A 0.484612 0.994732 3.000000 2.000000 -3.820820 0.000000
311 B A 0.481404 0.992244 3.000000 2.000000 -3.799315 0.000000
312 B A 0.479786 0.991244 3.000000 2.000000 -3.790406 0.000000
313 B A 0.487666 0.994759 3.000000 2.000000 -3.823114 0.000000
314 B A 0.484802 0.988776 3.000000 2.000000 -3.775040 0.000000
315 B A 0.485390 0.991658 3.000000 2.000000 -3.797629 0.000000
316 B A 0.491664 0.990037 3.000000 2.000000 -3.789236 0.000000
317 B A 0.484897 0.990610 3.000000 2.000000 -3.789215 0.000000
318 B A 0.479457 0.982035 3.000000 2.000000 -3.719529 0.000000
319 B A 0.483925 0.982807 3.000000 2.000000 -3.728649 0.000000
320 B A 0.483021 0.974709 3.000000 2.000000 -3.666289 0.000000
321 B A 0.478513 0.983687 3.000000 2.000000 -3.731450 0.000000
322 B A 0.479224 0.985284 3.000000 2.000000 -3.744213 0.000000
323 B A 0.483777 0.979364 3.000000 2.000000 -3.702249 0.000000
324 B A 0.467209 0.996915 3.000000 2.000000 -3.823674 0.000000
325 B A 0.464511 0.996897 3.000000 2.000000 -3.821015 0.000000
326 B A 0.457010 0.999906 3.000000 2.000000 -3.836713 0.000000
327 B A 0.455763 0.999266 3.000000 2.000000 -3.830432 0.000000
328 B A 0.448003 0.998322 3.000000 2.000000 -3.814326 0.000000
329 B A 0.458405 0.950130 3.000000 2.000000 -3.461448 0.000000
330 B A 0.449534 0.999000 3.000000 2.000000 -3.821365 0.000000
331 B A 0.447345 0.995163 3.000000 2.000000 -3.789232 0.000000
332 B A 0.451794 0.999758 3.000000 2.000000 -3.829825 0.000000
333 B A 0.443445 0.958250 3.000000 2.000000 -3.505468 0.000000
334 B A 0.453099 0.999154 3.000000 2.000000 -3.826639 0.000000
335 B A 0.451668 0.999568 3.000000 2.000000 -3.828218 0.000000
336 B A 0.448485 0.995476 3.000000 2.000000 -3.792995 0.000000
337 B A 0.457105 0.999895 3.000000 2.000000 -3.836725 0.000000
338 B A 0.451827 0.999988 3.000000 2.000000 -3.831643 0.000000
339 B A 0.444578 0.946162 3.000000 2.000000 -3.417374 0.000000
340 B A 0.421262 0.998724 3.000000 2.000000 -3.779344 0.000000
341 B A 0.454131 0.999241 3.000000 2.000000 -3.828455 0.000000
342 B A 0.460210 0.965481 3.000000 2.000000 -3.577685 0.000000
343 B A 0.431938 0.961348 3.000000 2.000000 -3.513534 0.000000
344 B A 0.452302 0.999954 3.000000 2.000000 -3.831913 0.000000
345 B A 0.460990 0.999441 3.000000 2.000000 -3.837225 0.000000
346 B A 0.455413 0.938238 3.000000 2.000000 -3.370901 0.000000
347 B A 0.423819 0.966071 3.000000 2.000000 -3.536699 0.000000
348 B A 0.452048 0.999601 3.000000 2.000000 -3.828904 0.000000
349 B A 0.459757 0.998316 3.000000 2.000000 -3.827288 0.000000
350 B A 0.450333 0.998329 3.000000 2.000000 -3.817126 0.000000
351 B A 0.435828 0.964139 3.000000 2.000000 -3.539656 0.000000
352 B A 0.457552 0.998400 3.000000 2.000000 -3.825652 0.000000
353 B A 0.458066 0.948412 3.000000 2.000000 -3.448403 0.000000
354 B A 0.406519 0.999999 3.000000 2.000000 -3.762354 0.000000
355 B A 0.458894 0.963560 3.000000 2.000000 -3.561984 0.000000
356 B A 0.424099 0.999974 3.000000 2.000000 -3.793584 0.000000
357 B A 0.511959 0.967658 3.000000 2.000000 -3.628628 0.000000
358 B A 0.443441 0.937417 3.000000 2.000000 -3.351928 0.000000
359 B A 0.459362 0.968735 3.000000 2.000000 -3.601325 0.000000
360 B A 0.417635 0.998896 3.000000 2.000000 -3.774495 0.000000
361 B A 0.458959 0.999888 3.000000 2.000000 -3.838613 0.000000
362 B A 0.433207 0.969120 3.000000 2.000000 -3.573315 0.000000
363 B A 0.458762 0.999776 3.000000 2.000000 -3.837544 0.000000
364 B A 0.459355 0.949320 3.000000 2.000000 -3.456362 0.000000
365 B A 0.439521 0.967786 3.000000 2.000000 -3.571764 0.000000
366 B A 0.508891 0.969105 3.000000 2.000000 -3.638291 0.000000
367 B A 0.462905 0.940451 3.000000 2.000000 -3.394240 0.000000
368 B A 0.414987 0.971120 3.000000 2.000000 -3.559864 0.000000
369 B A 0.441760 0.972931 3.000000 2.000000 -3.613259 0.000000
370 B A 0.460966 0.948903 3.000000 2.000000 -3.454802 0.000000
371 B A 0.503833 0.999243 3.000000 2.000000 -3.867307 0.000000
372 B A 0.510675 0.999069 3.000000 2.000000 -3.869181 0.000000
373 B A 0.540500 0.998629 3.000000 2.000000 -3.875009 0.000000
374 B A 0.546321 0.971221 3.000000 2.000000 -3.664969 0.000000
375 B A 0.507801 0.999115 3.000000 2.000000 -3.868238 0.000000
376 B A 0.527786 0.998954 3.000000 2.000000 -3.874514 0.000000
377 B A 0.540909 0.953022 3.000000 2.000000 -3.526736 0.000000
378 B A 0.525732 0.971811 3.000000 2.000000 -3.665006 0.000000
379 B A 0.509046 0.933356 3.000000 2.000000 -3.371480 0.000000
380 B A 0.512157 0.973096 3.000000 2.000000 -3.669994 0.000000
381 B A 0.506547 0.971199 3.000000 2.000000 -3.653130 0.000000
382 B A 0.541823 0.999474 3.000000 2.000000 -3.881832 0.000000
383 B A 0.560769 0.998622 3.000000 2.000000 -3.877045 0.000000
384 B A 0.553683 0.999636 3.000000 2.000000 -3.884597 0.000000
385 B A 0.529749 0.954680 3.000000 2.000000 -3.536742 0.000000
386 B A 0.547014 0.975316 3.000000 2.000000 -3.696280 0.000000
387 B A 0.558496 0.950414 3.000000 2.000000 -3.509145 0.000000
388 B A 0.548789 0.975202 3.000000 2.000000 -3.695628 0.000000
389 B A 0.528402 0.999133 3.000000 2.000000 -3.876083 0.000000
390 B A 0.560980 0.974633 3.000000 2.000000 -3.692125 0.000000
391 B A 0.531566 0.928346 3.000000 2.000000 -3.341985 0.000000
392 B A 0.570339 0.999667 3.000000 2.000000 -3.884969 0.000000
393 B A 0.570382 0.974953 3.000000 2.000000 -3.694397 0.000000
394 B A 0.531345 0.999083 3.000000 2.000000 -3.876496 0.000000
395 B A 0.534737 0.999517 3.000000 2.000000 -3.880720 0.000000
396 B A 0.542827 0.955327 3.000000 2.000000 -3.544340 0.000000
397 B A 0.531212 0.973595 3.000000 2.000000 -3.680106 0.000000
398 B A 0.557119 0.955308 3.000000 2.000000 -3.545734 0.000000
399 B A 0.522532 0.999657 3.000000 2.000000 -3.878343 0.000000
400 B A 0.523602 0.977510 3.000000 2.000000 -3.707812 0.000000
401 B A 0.573435 0.999599 3.000000 2.000000 -3.884195 0.000000
402 B A 0.574382 0.934993 3.000000 2.000000 -3.394397 0.000000
403 B A 0.580055 0.977478 3.000000 2.000000 -3.712701 0.000000
404 B A 0.546704 0.955375 3.000000 2.000000 -3.545272 0.000000
405 B A 0.511646 0.970684 3.000000 2.000000 -3.651444 0.000000
406 B A 0.528126 0.978351 3.000000 2.000000 -3.715599 0.000000
407 B A 0.558916 0.951868 3.000000 2.000000 -3.520032 0.000000
408 B A 0.507682 0.999762 3.000000 2.000000 -3.873214 0.000000
409 B A 0.545018 0.976792 3.000000 2.000000 -3.707277 0.000000
410 B A 0.507644 0.976900 3.000000 2.000000 -3.697027 0.000000
411 B A 0.527240 0.956534 3.000000 2.000000 -3.549976 0.000000
412 B A 0.588909 0.928436 3.000000 2.000000 -3.344194 0.000000
413 B A 0.561708 0.997969 3.000000 2.000000 -3.871977 0.000000
414 B A 0.562749 0.976504 3.000000 2.000000 -3.706437 0.000000
415 B A 0.577530 0.999292 3.000000 2.000000 -3.881349 0.000000
416 B A 0.601055 0.976712 3.000000 2.000000 -3.701645 0.000000
417 B A 0.573637 0.954558 3.000000 2.000000 -3.539899 0.000000
418 B A 0.544322 0.999499 3.000000 1.000000 -3.852353 0.000000
419 B A 0.547617 0.999872 3.000000 1.000000 -3.851830 0.000000
420 B A 0.556601 0.977536 3.000000 1.000000 -3.670392 0.000000
421 B A 0.540338 0.950053 3.000000 1.000000 -3.480098 0.000000
422 B A 0.582073 0.979817 3.000000 1.000000 -3.657032 0.000000
423 B A 0.534250 0.999241 3.000000 1.000000 -3.860273 0.000000
424 B A 0.528917 0.961345 3.000000 1.000000 -3.575137 0.000000
425 B A 0.551384 0.979994 3.000000 1.000000 -3.694777 0.000000
426 B A 0.578227 0.999954 3.000000 1.000000 -3.816410 0.000000
427 B A 0.519484 0.965211 3.000000 1.000000 -3.612250 0.000000
428 B A 0.536284 0.937558 3.000000 1.000000 -3.391295 0.000000
429 B A 0.562048 0.979771 3.000000 1.000000 -3.681296 0.000000
430 B A 0.507138 0.999357 3.000000 1.000000 -3.883689 0.000000
431 B A 0.510946 0.999959 3.000000 1.000000 -3.885607 0.000000
432 B A 0.508986 0.924728 3.000000 1.000000 -3.319261 0.000000
433 B A 0.537996 0.960662 3.000000 1.000000 -3.561726 0.000000
434 B A 0.592006 0.977861 3.000000 1.000000 -3.628693 0.000000
435 B A 0.512090 0.980635 3.000000 1.000000 -3.735418 0.000000
436 B A 0.552215 0.945304 3.000000 1.000000 -3.433002 0.000000
437 B A 0.525426 0.999843 3.000000 1.000000 -3.872978 0.000000
438 B A 0.525679 0.963454 3.000000 1.000000 -3.593837 0.000000
439 B A 0.571224 0.978930 3.000000 1.000000 -3.664037 0.000000
440 B A 0.542210 0.979309 3.000000 1.000000 -3.698970 0.000000
441 B A 0.505579 0.944621 3.000000 1.000000 -3.468188 0.000000
442 B A 0.558873 0.962730 3.000000 1.000000 -3.555902 0.000000
443 B A 0.524074 0.999259 3.000000 1.000000 -3.869608 0.000000
444 B A 0.523358 0.976829 3.000000 1.000000 -3.697335 0.000000
445 B A 0.606774 0.978575 3.000000 1.000000 -3.612218 0.000000
446 B A 0.511053 0.956652 3.000000 1.000000 -3.554219 0.000000
447 B A 0.533587 0.999696 3.000000 1.000000 -3.864433 0.000000
448 B A 0.504063 0.924967 3.000000 1.000000 -3.324360 0.000000
449 B A 0.531801 0.978142 3.000000 1.000000 -3.699963 0.000000
450 B A 0.571675 0.960475 3.000000 1.000000 -3.524256 0.000000
451 B A 0.526393 0.980238 3.000000 1.000000 -3.720803 0.000000
452 B A 0.503043 0.998550 3.000000 1.000000 -3.880236 0.000000
453 B A 0.499446 0.999866 3.000000 1.000000 -3.892831 0.000000
454 B A 0.592971 0.941743 3.000000 1.000000 -3.358282 0.000000
455 B A 0.501673 0.961916 3.000000 1.000000 -3.600322 0.000000
456 B A 0.503634 0.981757 3.000000 1.000000 -3.750035 0.000000
457 B A 0.502741 0.980035 3.000000 1.000000 -3.737427 0.000000
458 B A 0.562451 0.999642 3.000000 1.000000 -3.833547 0.000000
459 B A 0.503826 0.958319 3.000000 1.000000 -3.571803 0.000000
460 B A 0.523256 0.938532 3.000000 1.000000 -3.409791 0.000000
461 B A 0.549332 0.977568 3.000000 1.000000 -3.678431 0.000000
462 B A 0.579137 0.998781 3.000000 1.000000 -3.806152 0.000000
463 B A 0.517378 0.999948 3.000000 1.000000 -3.880540 0.000000
464 B A 0.522392 0.962907 3.000000 1.000000 -3.592472 0.000000
465 B A 0.563696 0.979644 3.000000 1.000000 -3.678423 0.000000
466 B A 0.547108 0.979833 3.000000 1.000000 -3.698022 0.000000
467 B A 0.602448 0.999762 3.000000 1.000000 -3.780408 0.000000
468 B A 0.517794 0.940499 3.000000 1.000000 -3.428700 0.000000
469 B A 0.538669 0.961494 3.000000 1.000000 -3.567345 0.000000
470 B A 0.581403 0.978938 3.000000 1.000000 -3.651239 0.000000
471 B A 0.500459 0.963041 3.000000 1.000000 -3.609592 0.000000
472 B A 0.564978 0.915640 3.000000 1.000000 -3.202721 0.000000
473 B A 0.526165 0.980226 3.000000 1.000000 -3.720907 0.000000
474 B A 0.545929 0.999006 3.000000 1.000000 -3.846869 0.000000
475 B A 0.517757 0.999926 3.000000 1.000000 -3.880066 0.000000
476 B A 0.520720 0.963754 3.000000 1.000000 -3.600234 0.000000
477 B A 0.556052 0.941172 3.000000 1.000000 -3.398442 0.000000
478 B A 0.589202 0.980120 3.000000 1.000000 -3.649724 0.000000
479 B A 0.534175 0.979720 3.000000 1.000000 -3.709834 0.000000
480 B A 0.499472 0.999176 3.000000 1.000000 -3.887445 0.000000
481 B A 0.612058 0.952085 3.000000 1.000000 -3.406398 0.000000
482 B A 0.500455 0.981361 3.000000 1.000000 -3.749079 0.000000
483 B A 0.568696 0.958038 3.000000 1.000000 -3.509564 0.000000
484 B A 0.541343 0.981141 3.000000 1.000000 -3.713832 0.000000
485 B A 0.525047 0.999823 3.000000 1.000000 -3.873150 0.000000
486 B A 0.553579 0.999204 3.000000 1.000000 -3.840223 0.000000
487 B A 0.495410 0.960871 3.000000 1.000000 -3.596313 0.000000
488 B A 0.583473 0.928216 3.000000 1.000000 -3.271977 0.000000
489 B A 0.520490 0.982525 3.000000 1.000000 -3.743322 0.000000
490 B A 0.542851 0.999693 3.000000 1.000000 -3.855364 0.000000
491 B A 0.496985 0.964830 3.000000 1.000000 -3.625273 0.000000
492 B A 0.564762 0.947912 3.000000 1.000000 -3.438742 0.000000
493 B A 0.520677 0.978100 3.000000 1.000000 -3.709274 0.000000
494 B A 0.539074 0.977553 3.000000 1.000000 -3.688639 0.000000
495 B A 0.569543 0.999853 3.000000 1.000000 -3.826654 0.000000
496 B A 0.596055 0.961047 3.000000 1.000000 -3.496702 0.000000
497 B A 0.506896 0.980244 3.000000 1.000000 -3.736194 0.000000
498 B A 0.546126 0.944603 3.000000 1.000000 -3.433978 0.000000
499 B A 0.523810 0.978551 3.000000 1.000000 -3.710109 0.000000
500 B A 0.497768 0.999733 3.000000 1.000000 -3.892851 0.000000
501 B A 0.493883 0.959748 3.000000 1.000000 -3.588729 0.000000
502 B A 0.500547 0.981711 3.000000 1.000000 -3.751711 0.000000
503 B A 0.518642 0.999469 3.000000 1.000000 -3.875786 0.000000
504 B A 0.491969 0.999659 3.000000 1.000000 -3.895682 0.000000
505 B A 0.494717 0.931350 3.000000 1.000000 -3.376919 0.000000
506 B A 0.496269 0.964501 3.000000 1.000000 -3.623215 0.000000
507 B A 0.513440 0.978014 3.000000 1.000000 -3.714335 0.000000
508 B A 0.491336 0.981628 3.000000 1.000000 -3.756559 0.000000
509 B A 0.539864 0.999635 3.000000 1.000000 -3.857902 0.000000
510 B A 0.511713 0.946505 3.000000 1.000000 -3.477877 0.000000
511 B A 0.486111 0.911900 3.000000 1.000000 -3.239793 0.000000
512 B A 0.550844 0.965034 3.000000 1.000000 -3.581860 0.000000
513 B A 0.515586 0.978003 3.000000 1.000000 -3.712605 0.000000
514 B A 0.477202 0.946174 3.000000 1.000000 -3.495130 0.000000
515 B A 0.535718 0.999109 3.000000 1.000000 -3.857849 0.000000
516 B A 0.577236 0.964968 3.000000 1.000000 -3.551111 0.000000
517 B A 0.613449 0.979301 3.000000 1.000000 -3.607015 0.000000
518 B A 0.497713 0.999513 3.000000 1.000000 -3.891166 0.000000
519 B A 0.558004 0.979188 3.000000 1.000000 -3.681418 0.000000
520 B A 0.502045 0.963578 3.000000 1.000000 -3.612631 0.000000
521 B A 0.529015 0.999344 3.000000 1.000000 -3.865912 0.000000
522 B A 0.477062 0.931645 3.000000 1.000000 -3.387691 0.000000
523 B A 0.496372 0.981487 3.000000 1.000000 -3.752583 0.000000
524 B A 0.538060 0.961766 3.000000 1.000000 -3.569973 0.000000
525 B A 0.588690 0.981519 3.000000 1.000000 -3.661051 0.000000
526 B A 0.518995 0.947217 3.000000 1.000000 -3.477625 0.000000
527 B A 0.560296 0.981528 3.000000 1.000000 -3.696694 0.000000
528 B A 0.477480 0.999171 3.000000 1.000000 -3.898751 0.000000
529 B A 0.489146 0.961952 3.000000 1.000000 -3.607948 0.000000
530 B A 0.474937 0.983532 3.000000 1.000000 -3.778671 0.000000
531 B A 0.477098 0.999489 3.000000 1.000000 -3.901379 0.000000
532 B A 0.473908 0.999500 3.000000 1.000000 -3.902626 0.000000
533 B A 0.480673 0.945712 3.000000 1.000000 -3.490261 0.000000
534 B A 0.473903 0.999967 3.000000 1.000000 -3.906265 0.000000
535 B A 0.479464 0.962650 3.000000 1.000000 -3.617779 0.000000
536 B A 0.479701 0.978365 3.000000 1.000000 -3.737183 0.000000
537 B A 0.473774 0.999856 3.000000 1.000000 -3.905445 0.000000
538 B A 0.477589 0.919979 3.000000 1.000000 -3.302168 0.000000
539 B A 0.476579 0.964774 3.000000 1.000000 -3.634987 0.000000
540 B A 0.469223 0.984927 3.000000 1.000000 -3.791248 0.000000
541 B A 0.496271 0.945470 3.000000 1.000000 -3.480429 0.000000
542 B A 0.468416 0.979157 3.000000 1.000000 -3.747180 0.000000
543 B A 0.497422 0.999071 3.000000 1.000000 -3.887905 0.000000
544 B A 0.498352 0.965257 3.000000 1.000000 -3.627671 0.000000
545 B A 0.474942 0.999915 3.000000 1.000000 -3.905502 0.000000
546 B A 0.477676 0.979854 3.000000 1.000000 -3.749411 0.000000
547 B A 0.469733 0.962086 3.000000 1.000000 -3.617008 0.000000
548 B A 0.494735 0.981052 3.000000 1.000000 -3.750217 0.000000
549 B A 0.431501 0.934656 3.000000 1.000000 -3.413754 0.000000
550 B A 0.472032 0.999915 3.000000 1.000000 -3.906483 0.000000
551 B A 0.469857 0.963025 3.000000 1.000000 -3.624062 0.000000
552 B A 0.488414 0.979377 3.000000 1.000000 -3.740854 0.000000
553 B A 0.470211 0.947106 3.000000 1.000000 -3.504524 0.000000
554 B A 0.468206 0.999383 3.000000 1.000000 -3.903461 0.000000
555 B A 0.428661 0.980055 3.000000 1.000000 -3.753186 0.000000
556 B A 0.439160 0.981060 3.000000 1.000000 -3.763617 0.000000
557 B A 0.470232 0.999957 3.000000 1.000000 -3.907367 0.000000
558 B A 0.416589 0.999674 3.000000 1.000000 -3.898456 0.000000
559 B A 0.423585 0.961045 3.000000 1.000000 -3.607110 0.000000
560 B A 0.405850 0.964175 3.000000 1.000000 -3.619762 0.013034
561 B A 0.427698 0.981750 3.000000 1.000000 -3.765798 0.000000
562 B A 0.468852 0.927131 3.000000 1.000000 -3.357404 0.000000
563 B A 0.440146 0.999566 3.000000 1.000000 -3.906604 0.000000
564 B A 0.464997 0.950091 3.000000 1.000000 -3.528219 0.000000
565 B A 0.383390 0.980389 3.000000 1.000000 -3.718468 0.036193
566 B A 0.434611 0.999563 3.000000 1.000000 -3.905405 0.000000
567 B A 0.391959 0.964601 3.000000 1.000000 -3.609757 0.032873
568 B A 0.416686 0.999997 3.000000 1.000000 -3.901020 0.000000
569 B A 0.399794 0.980083 3.000000 1.000000 -3.734803 0.012253
570 B A 0.410556 0.952330 3.000000 1.000000 -3.534641 0.013523
571 B A 0.412907 0.980139 3.000000 1.000000 -3.745809 0.000000
572 B A 0.436562 0.980480 3.000000 1.000000 -3.758682 0.000000
573 B A 0.415771 0.900864 3.000000 1.000000 -3.163109 0.038171
574 B A 0.436361 0.998967 3.000000 1.000000 -3.901198 0.000000
575 B A 0.433200 0.943509 3.000000 1.000000 -3.479516 0.000000
576 B A 0.438716 0.962270 3.000000 1.000000 -3.620818 0.000000
577 B A 0.395947 0.980761 3.000000 1.000000 -3.736141 0.017506
578 B A 0.427068 0.968584 3.000000 1.000000 -3.665373 0.000000
579 B A 0.373871 0.999525 3.000000 1.000000 -3.850873 0.039459
580 B A 0.437427 0.933805 3.000000 1.000000 -3.408779 0.000000
581 B A 0.413007 0.999862 3.000000 1.000000 -3.897587 0.000000
582 B A 0.420968 0.999810 3.000000 1.000000 -3.901996 0.000000
583 B A 0.404909 0.963150 3.000000 1.000000 -3.611301 0.015018
584 B A 0.384359 0.999691 3.000000 1.000000 -3.867509 0.023640
585 B A 0.409464 0.978044 3.000000 1.000000 -3.727430 0.000000
586 B A 0.427322 0.948173 3.000000 1.000000 -3.512377 0.000000
587 B A 0.395292 0.982349 3.000000 1.000000 -3.747554 0.017528
588 B A 0.442168 0.964896 3.000000 1.000000 -3.641099 0.000000
589 B A 0.442936 0.999869 3.000000 1.000000 -3.909354 0.000000
590 B A 0.417974 0.980887 3.000000 1.000000 -3.754637 0.000000
591 B A 0.443548 0.981723 3.000000 1.000000 -3.769275 0.000000
592 B A 0.408660 0.920872 3.000000 1.000000 -3.302394 0.035514
593 B A 0.442894 0.999659 3.000000 1.000000 -3.907714 0.000000
594 B A 0.380890 0.951696 3.000000 1.000000 -3.500031 0.056263
595 B A 0.423334 0.966016 3.000000 1.000000 -3.644433 0.000000
596 B A 0.439988 0.999929 3.000000 1.000000 -3.909403 0.000000
597 B A 0.426927 0.980206 3.000000 1.000000 -3.753697 0.000000
598 B A 0.440825 0.965049 3.000000 1.000000 -3.642093 0.000000
599 B A 0.446278 0.939751 3.000000 1.000000 -3.453444 0.000000
600 B A 0.394670 0.981589 3.000000 1.000000 -3.741107 0.018895
601 B A 0.416648 0.999110 3.000000 1.000000 -3.894115 0.000000
602 B A 0.367446 0.965106 3.000000 1.000000 -3.579286 0.068064
603 B A 0.407304 0.980247 3.000000 1.000000 -3.742569 0.001112
604 B A 0.423701 0.999502 3.000000 1.000000 -3.900956 0.000000
605 B A 0.417657 0.945452 3.000000 1.000000 -3.487893 0.007689
606 B A 0.391611 0.982232 3.000000 1.000000 -3.742624 0.023021
607 B A 0.430658 0.999756 3.000000 1.000000 -3.905718 0.000000
608 B A 0.420508 0.999985 3.000000 1.000000 -3.903107 0.000000
609 B A 0.433719 0.967815 3.000000 1.000000 -3.661652 0.000000
610 B A 0.407146 0.950085 3.000000 1.000000 -3.515497 0.019765
611 B A 0.440975 0.918786 3.000000 1.000000 -3.299582 0.000000
612 B A 0.420612 0.981852 3.000000 1.000000 -3.763437 0.000000
613 B A 0.363117 0.963352 3.000000 1.000000 -3.558633 0.075286
614 B A 0.382563 0.980655 5.000000 1.000000 -4.771639 0.437257
615 B A 0.384947 0.936235 5.000000 1.000000 -4.410398 0.459399
616 B A 0.375546 0.936201 5.000000 1.000000 -4.386140 0.472620
617 B A 0.356378 0.920420 5.000000 1.000000 -4.199409 0.507974
618 B A 0.374221 0.882584 5.000000 1.000000 -3.957783 0.504577
619 B A 0.352307 0.890191 5.000000 1.000000 -3.948029 0.529570
620 B A 0.342859 0.899716 5.000000 1.000000 -3.985592 0.537287
621 B A 0.331184 0.883666 5.000000 1.000000 -3.812288 0.561016
622 B A 0.323584 0.883222 5.000000 1.000000 -3.773493 0.571306
623 B A 0.345667 0.892782 5.000000 1.000000 -3.943090 0.537092
624 B A 0.340449 0.860520 5.000000 1.000000 -3.676884 0.560555
625 B A 0.341709 0.880932 5.000000 1.000000 -3.836377 0.548466
626 B A 0.356992 0.906419 5.000000 1.000000 -4.091019 0.514624
627 B A 0.358091 0.903050 5.000000 1.000000 -4.068375 0.514939
628 B A 0.355213 0.873651 5.000000 1.000000 -3.831231 0.534501
629 B A 0.359954 0.906304 5.000000 1.000000 -4.100173 0.510659
630 B A 0.354741 0.895490 5.000000 1.000000 -3.997787 0.523500
631 B A 0.309185 0.854774 5.000000 1.000000 -3.488455 0.603575
632 B A 0.352999 0.893097 5.000000 1.000000 -3.973018 0.527107
633 B A 0.355519 0.897645 5.000000 1.000000 -4.017287 0.521305
634 B A 0.353425 0.899901 5.000000 1.000000 -4.027438 0.522929
635 B A 0.355881 0.892954 5.000000 1.000000 -3.982080 0.523321
636 B A 0.353030 0.890483 5.000000 1.000000 -3.952891 0.528449
637 B A 0.353277 0.895988 5.000000 1.000000 -3.996452 0.525202
638 B A 0.343934 0.899063 5.000000 1.000000 -3.984859 0.536172
639 B A 0.356565 0.897468 5.000000 1.000000 -4.019538 0.519991
640 B A 0.353588 0.902852 5.000000 1.000000 -4.051064 0.521144
641 B A 0.361522 0.899443 5.000000 1.000000 -4.051545 0.512248
642 B A 0.352399 0.895777 5.000000 1.000000 -3.991647 0.526494
643 B A 0.352600 0.891680 5.000000 1.000000 -3.960604 0.528391
644 B A 0.359624 0.901717 5.000000 1.000000 -4.063099 0.513581
645 B A 0.364092 0.897488 5.000000 1.000000 -4.044456 0.509848
646 B A 0.307132 0.865424 5.000000 1.000000 -3.555890 0.601300
647 B A 0.364955 0.904291 5.000000 1.000000 -4.100465 0.504962
648 B A 0.328201 0.898726 5.000000 1.000000 -3.913884 0.557556
649 B A 0.364345 0.904861 5.000000 1.000000 -4.103045 0.505477
650 B A 0.366912 0.844581 5.000000 1.000000 -3.648326 0.535171
651 B A 0.336501 0.900357 5.000000 1.000000 -3.963900 0.545544
652 B A 0.364430 0.906433 5.000000 1.000000 -4.115672 0.504504
653 B A 0.321117 0.910424 5.000000 1.000000 -3.969791 0.561471
654 B A 0.296505 0.866629 5.000000 1.000000 -3.504871 0.614560
655 B A 0.369212 0.905929 5.000000 1.000000 -4.126228 0.498280
656 B A 0.368414 0.904507 5.000000 1.000000 -4.112671 0.500151
657 B A 0.374974 0.867930 5.000000 1.000000 -3.846927 0.511823
658 B A 0.365822 0.908856 5.000000 1.000000 -4.139115 0.501280
659 B A 0.370508 0.909476 5.000000 1.000000 -4.158017 0.494548
660 B A 0.367548 0.914640 5.000000 1.000000 -4.190173 0.495738
661 B A 0.373720 0.911775 5.000000 1.000000 -4.185298 0.488878
662 B A 0.373402 0.911870 5.000000 1.000000 -4.185178 0.489259
663 B A 0.372917 0.910769 5.000000 1.000000 -4.175098 0.490537
664 B A 0.376443 0.914616 5.000000 1.000000 -4.215247 0.483549
665 B A 0.380313 0.914035 5.000000 1.000000 -4.220575 0.478571
666 B A 0.378009 0.917911 5.000000 1.000000 -4.245636 0.479531
667 B A 0.385870 0.913776 5.000000 1.000000 -4.231708 0.471101
668 B A 0.380469 0.919763 5.000000 1.000000 -4.266702 0.475089
669 B A 0.381158 0.919224 5.000000 1.000000 -4.264102 0.474445
670 B A 0.383235 0.915760 5.000000 1.000000 -4.241436 0.473573
671 B A 0.379953 0.915313 5.000000 1.000000 -4.229857 0.478336
672 B A 0.386904 0.920079 5.000000 1.000000 -4.284458 0.466027
673 B A 0.384735 0.920559 5.000000 1.000000 -4.283370 0.468743
674 B A 0.384512 0.917985 5.000000 1.000000 -4.262227 0.470536
675 B A 0.384307 0.922442 5.000000 1.000000 -4.297485 0.468248
676 B A 0.386638 0.919431 5.000000 1.000000 -4.278670 0.466769
677 B A 0.384032 0.921219 5.000000 1.000000 -4.287018 0.469334
678 B A 0.388484 0.921471 5.000000 1.000000 -4.299116 0.463035
679 B A 0.391844 0.924757 5.000000 1.000000 -4.332659 0.456459
680 B A 0.385613 0.871388 5.000000 1.000000 -3.898749 0.495972
681 B A 0.390308 0.925616 5.000000 1.000000 -4.336393 0.458088
682 B A 0.390367 0.925109 5.000000 1.000000 -4.332434 0.458301
683 B A 0.387576 0.925973 5.000000 1.000000 -4.333363 0.461672
684 B A 0.394549 0.926662 5.000000 1.000000 -4.353426 0.451579
685 B A 0.390678 0.924008 5.000000 1.000000 -4.324211 0.458515
686 B A 0.390725 0.927196 5.000000 1.000000 -4.350026 0.456582
687 B A 0.390583 0.925079 5.000000 1.000000 -4.332646 0.458019
688 B A 0.387720 0.922685 5.000000 1.000000 -4.307200 0.463385
689 B A 0.389780 0.929772 5.000000 1.000000 -4.368852 0.456391
690 B A 0.395063 0.927818 5.000000 1.000000 -4.363771 0.450180
691 B A 0.391971 0.925399 5.000000 1.000000 -4.338094 0.455906
692 B A 0.392603 0.928631 5.000000 1.000000 -4.365501 0.453124
693 B A 0.397236 0.928414 5.000000 1.000000 -4.372683 0.446801
694 B A 0.397334 0.929846 5.000000 1.000000 -4.384475 0.445811
695 A A 0.397921 0.930277 5.000000 1.000000 5.852052 0.129824
696 B A 0.398396 0.929176 5.000000 1.000000 -4.380971 0.444730
697 B A 0.395341 0.930037 5.000000 1.000000 -4.382277 0.448477
698 B A 0.398271 0.932471 5.000000 1.000000 -4.407497 0.442936
699 B A 0.397611 0.932659 5.000000 1.000000 -4.407826 0.443747
700 B A 0.397535 0.931968 5.000000 1.000000 -4.402069 0.444265
701 B A 0.401094 0.933192 5.000000 1.000000 -4.418314 0.438553
702 B A 0.400230 0.927379 5.000000 1.000000 -4.369632 0.443253
703 B A 0.408366 0.933157 5.000000 1.000000 -4.429369 0.428396
704 B A 0.398663 0.933017 5.000000 1.000000 -4.412642 0.442061
705 B A 0.402163 0.937019 5.000000 1.000000 -4.451313 0.434749
706 B A 0.406899 0.936413 5.000000 1.000000 -4.453813 0.428462
707 B A 0.408426 0.935500 5.000000 1.000000 -4.448578 0.426876
708 B A 0.404054 0.937659 5.000000 1.000000 -4.459622 0.431702
709 B A 0.405762 0.935301 5.000000 1.000000 -4.443021 0.430736
710 B A 0.404986 0.938144 5.000000 1.000000 -4.465058 0.430098
711 B A 0.411969 0.937071 5.000000 1.000000 -4.466236 0.420935
712 B A 0.408940 0.934297 5.000000 1.000000 -4.439473 0.426893
713 A A 0.407938 0.936606 5.000000 1.000000 5.942552 0.117923
714 B A 0.404885 0.936548 5.000000 1.000000 -4.451851 0.431209
715 B A 0.409385 0.938249 5.000000 1.000000 -4.472412 0.423843
716 B A 0.406393 0.938821 5.000000 1.000000 -4.472753 0.427705
717 B A 0.412651 0.936723 5.000000 1.000000 -4.464267 0.420190
718 B A 0.413787 0.941040 5.000000 1.000000 -4.501092 0.415914
719 B A 0.404958 0.934265 5.000000 1.000000 -4.433335 0.432493
720 B A 0.406199 0.939968 5.000000 1.000000 -4.481859 0.427279
721 B A 0.407484 0.941929 5.000000 1.000000 -4.499863 0.424268
722 B A 0.413955 0.942626 5.000000 1.000000 -4.514339 0.414693
723 B A 0.407063 0.940395 5.000000 1.000000 -4.486653 0.425800
724 B A 0.412456 0.942562 5.000000 1.000000 -4.511923 0.416852
725 B A 0.411660 0.942040 5.000000 1.000000 -4.506593 0.418300
726 B A 0.413986 0.876240 5.000000 1.000000 -3.982578 0.455874
727 B A 0.414641 0.944925 5.000000 1.000000 -4.534105 0.412294
728 B A 0.415054 0.943893 5.000000 1.000000 -4.526098 0.412351
729 B A 0.414833 0.941465 5.000000 1.000000 -4.505857 0.414175
730 B A 0.416477 0.945976 5.000000 1.000000 -4.544937 0.409034
731 A A 0.420568 0.944387 5.000000 1.000000 6.048296 0.102821
732 B A 0.413611 0.944772 5.000000 1.000000 -4.531576 0.413848
733 B A 0.422289 0.945367 5.000000 1.000000 -4.545975 0.401174
734 B A 0.421622 0.946852 5.000000 1.000000 -4.557614 0.401180
735 B A 0.424318 0.945859 5.000000 1.000000 -4.551881 0.397982
736 B A 0.422269 0.946326 5.000000 1.000000 -4.553884 0.400594
737 B A 0.420819 0.946376 5.000000 1.000000 -4.552892 0.402621
738 B A 0.420083 0.942409 5.000000 1.000000 -4.519428 0.406165
739 B A 0.427941 0.948018 5.000000 1.000000 -4.572679 0.391456
740 B A 0.424958 0.951355 5.000000 1.000000 -4.597953 0.393571
741 B A 0.426472 0.947528 5.000000 1.000000 -4.567487 0.393859
742 B A 0.427109 0.949258 5.000000 1.000000 -4.582315 0.391845
743 B A 0.428144 0.948726 5.000000 1.000000 -4.578700 0.390713
744 B A 0.429940 0.944803 5.000000 1.000000 -4.547511 0.390686
745 B A 0.427903 0.950059 5.000000 1.000000 -4.589570 0.390201
746 B A 0.430366 0.948462 5.000000 1.000000 -4.578084 0.387721
747 B A 0.433266 0.950107 5.000000 1.000000 -4.593540 0.382527
748 B A 0.430492 0.949088 5.000000 1.000000 -4.583360 0.387138
749 B A 0.430422 0.948272 5.000000 1.000000 -4.576544 0.387764
750 B A 0.432894 0.951366 5.000000 1.000000 -4.603790 0.382238
751 B A 0.434175 0.948266 5.000000 1.000000 -4.578773 0.382430
752 B A 0.437178 0.951191 5.000000 1.000000 -4.604572 0.376241
753 B A 0.443461 0.950221 5.000000 1.000000 -4.598739 0.367921
754 B A 0.438779 0.952783 5.000000 1.000000 -4.618504 0.372909
755 B A 0.442239 0.951991 5.000000 1.000000 -4.613130 0.368489
756 A A 0.440604 0.954605 5.000000 1.000000 6.179179 0.079398
757 B A 0.439866 0.954315 5.000000 1.000000 -4.631701 0.370343
758 B A 0.447984 0.954389 5.000000 1.000000 -4.634348 0.358674
759 B A 0.443768 0.956490 5.000000 1.000000 -4.651087 0.363311
760 B A 0.446765 0.954019 5.000000 1.000000 -4.631084 0.360666
761 B A 0.451327 0.957709 5.000000 1.000000 -4.662384 0.351639
762 B A 0.446296 0.957806 5.000000 1.000000 -4.662651 0.358802
763 B A 0.448163 0.957246 5.000000 1.000000 -4.658251 0.356497
764 B A 0.448530 0.954042 5.000000 1.000000 -4.631518 0.358125
765 B A 0.453076 0.957519 5.000000 1.000000 -4.660808 0.349257
766 B A 0.451611 0.956509 5.000000 1.000000 -4.652349 0.352045
767 B A 0.451025 0.958810 5.000000 1.000000 -4.671591 0.351329
768 B A 0.456390 0.959732 5.000000 1.000000 -4.679159 0.342982
769 B A 0.452404 0.952089 5.000000 1.000000 -4.615445 0.353907
770 A A 0.453453 0.961443 5.000000 1.000000 6.258279 0.064030
771 B A 0.453976 0.958338 5.000000 1.000000 -4.667648 0.347407
772 B A 0.456144 0.957672 5.000000 1.000000 -4.661913 0.344746
773 B A 0.453945 0.958708 5.000000 1.000000 -4.670748 0.347199
774 B A 0.454333 0.960441 5.000000 1.000000 -4.685266 0.345460
775 B A 0.452643 0.960334 5.000000 1.000000 -4.684410 0.347967
776 B A 0.455657 0.961759 5.000000 1.000000 -4.696251 0.342652
777 B A 0.459806 0.961217 5.000000 1.000000 -4.691115 0.337040
778 B A 0.451980 0.963225 5.000000 1.000000 -4.708684 0.346962
779 B A 0.455368 0.961078 5.000000 1.000000 -4.690552 0.343533
780 B A 0.459853 0.961932 5.000000 1.000000 -4.697115 0.336479
781 B A 0.453661 0.964893 5.000000 1.000000 -4.722717 0.343399
782 B A 0.459114 0.963842 5.000000 1.000000 -4.713317 0.336230
783 B A 0.458874 0.961161 5.000000 1.000000 -4.690812 0.338422
784 B A 0.457986 0.970287 5.000000 1.000000 -4.767892 0.333433
785 B A 0.462108 0.966660 5.000000 1.000000 -4.736427 0.329949
786 B A 0.459823 0.962373 5.000000 1.000000 -4.700832 0.336218
787 B A 0.461628 0.960339 5.000000 1.000000 -4.683340 0.335021
788 B A 0.460799 0.963242 5.000000 1.000000 -4.707936 0.334208
789 B A 0.462560 0.964806 5.000000 1.000000 -4.720681 0.330578
790 A A 0.464237 0.965998 5.000000 1.000000 6.306990 0.051549
791 B A 0.462167 0.966581 5.000000 1.000000 -4.735752 0.329917
792 B A 0.463718 0.969065 5.000000 1.000000 -4.756302 0.325941
793 B A 0.463779 0.963894 5.000000 1.000000 -4.712654 0.329449
794 B A 0.467102 0.968933 5.000000 1.000000 -4.754046 0.321115
795 B A 0.466242 0.967259 5.000000 1.000000 -4.740216 0.323535
796 B A 0.468632 0.966542 5.000000 1.000000 -4.733228 0.320572
797 B A 0.466077 0.969217 5.000000 1.000000 -4.756822 0.322405
798 B A 0.466629 0.968502 5.000000 1.000000 -4.750582 0.322103
799 B A 0.474604 0.969339 5.000000 1.000000 -4.753923 0.309922
800 B A 0.466890 0.965313 5.000000 1.000000 -4.723560 0.323957
801 B A 0.470280 0.970102 5.000000 1.000000 -4.762600 0.315671
802 B A 0.474343 0.972385 5.000000 1.000000 -4.779877 0.308134
803 B A 0.473511 0.968641 5.000000 1.000000 -4.748624 0.312007
804 B A 0.469008 0.968965 5.000000 1.000000 -4.753547 0.318321
805 B A 0.476296 0.972605 5.000000 1.000000 -4.780609 0.305128
806 B A 0.466538 0.970605 5.000000 1.000000 -4.768401 0.320764
807 B A 0.481181 0.971286 5.000000 1.000000 -4.766196 0.298953
808 B A 0.477022 0.974093 5.000000 1.000000 -4.792789 0.303004
809 A A 0.481133 0.976233 5.000000 1.000000 6.410977 0.030302
810 B A 0.482102 0.973542 5.000000 1.000000 -4.784661 0.295980
811 B A 0.481400 0.970975 5.000000 1.000000 -4.763401 0.298859
812 B A 0.491884 0.973837 5.000000 1.000000 -4.778919 0.281478
813 B A 0.482071 0.974077 5.000000 1.000000 -4.789231 0.295639
814 B A 0.484324 0.973482 5.000000 1.000000 -4.782461 0.292779
815 B A 0.485285 0.975226 5.000000 1.000000 -4.796510 0.290106
816 B A 0.482182 0.970932 5.000000 1.000000 -4.762461 0.297752
817 B A 0.484191 0.976780 5.000000 1.000000 -4.810603 0.290577
818 B A 0.487151 0.976600 5.000000 1.000000 -4.806656 0.286372
819 B A 0.490547 0.975500 5.000000 1.000000 -4.794294 0.282208
820 B A 0.493104 0.977289 5.000000 1.000000 -4.807094 0.277143
821 B A 0.488585 0.973807 5.000000 1.000000 -4.781674 0.286319
822 B A 0.491435 0.975955 5.000000 1.000000 -4.797341 0.280571
823 B A 0.491280 0.977188 5.000000 1.000000 -4.807979 0.279890
824 B A 0.498921 0.978031 5.000000 1.000000 -4.807410 0.268059
825 B A 0.490611 0.977864 5.000000 1.000000 -4.814352 0.280374
826 B A 0.493471 0.977649 5.000000 1.000000 -4.809802 0.276337
827 B A 0.492293 0.976111 5.000000 1.000000 -4.797851 0.279201
828 B A 0.494348 0.978362 5.000000 1.000000 -4.815007 0.274523
829 A A 0.495503 0.977343 5.000000 1.000000 6.406882 0.015724
830 B A 0.492975 0.978704 5.000000 1.000000 -4.819275 0.276286
831 B A 0.495889 0.976748 5.000000 1.000000 -4.799701 0.273463
832 B A 0.492342 0.975409 5.000000 1.000000 -4.791838 0.279647
833 B A 0.497471 0.974575 5.000000 1.000000 -4.779574 0.272766
834 B A 0.494784 0.977652 5.000000 1.000000 -4.808520 0.274410
835 B A 0.497480 0.980112 5.000000 1.000000 -4.826703 0.268620
836 B A 0.495207 0.980487 5.000000 1.000000 -4.832265 0.271684
837 B A 0.500455 0.980715 5.000000 1.000000 -4.828603 0.263794
838 B A 0.499282 0.978680 5.000000 1.000000 -4.812546 0.267045
839 B A 0.504301 0.979334 5.000000 1.000000 -4.812371 0.259182
840 B A 0.510639 0.981549 5.000000 1.000000 -4.823326 0.248174
841 B A 0.505512 0.981200 5.000000 1.000000 -4.826830 0.255988
842 B A 0.502441 0.980102 5.000000 1.000000 -4.821111 0.261335
843 B A 0.513041 0.981842 5.000000 1.000000 -4.822619 0.244413
844 B A 0.509984 0.983606 5.000000 1.000000 -4.841754 0.247565
845 B A 0.521848 0.983449 5.000000 1.000000 -4.823719 0.230184
846 B A 0.516085 0.983396 5.000000 1.000000 -4.831687 0.238727
847 B A 0.513041 0.980796 5.000000 1.000000 -4.813701 0.245217
848 A A 0.514775 0.990498 5.000000 1.000000 6.525814 0.000000
849 B A 0.509576 0.983602 5.000000 1.000000 -4.842247 0.248170
850 B A 0.511865 0.983351 5.000000 1.000000 -4.837091 0.244985
851 B A 0.517462 0.981350 5.000000 1.000000 -4.812259 0.238283
852 B A 0.516349 0.981363 5.000000 1.000000 -4.813957 0.239912
853 B A 0.527948 0.982566 5.000000 1.000000 -4.806670 0.221885
854 B A 0.516569 0.982385 5.000000 1.000000 -4.822363 0.238795
855 B A 0.513945 0.981699 5.000000 1.000000 -4.820172 0.243191
856 B A 0.513125 0.982584 5.000000 1.000000 -4.828840 0.243718
857 B A 0.514738 0.981690 5.000000 1.000000 -4.818999 0.242030
858 B A 0.519373 0.983592 5.000000 1.000000 -4.828628 0.233723
859 B A 0.517316 0.981979 5.000000 1.000000 -4.817835 0.238011
860 B A 0.518082 0.981684 5.000000 1.000000 -4.814216 0.237111
861 B A 0.523178 0.983951 5.000000 1.000000 -4.825987 0.227828
862 B A 0.513898 0.984565 5.000000 1.000000 -4.844720 0.241052
863 B A 0.536481 0.984828 5.000000 1.000000 -4.811614 0.207488
864 B A 0.519820 0.983486 5.000000 1.000000 -4.827065 0.233147
865 B A 0.525408 0.985890 5.000000 1.000000 -4.839099 0.223008
866 B A 0.524907 0.987768 5.000000 1.000000 -4.855951 0.222270
867 B A 0.534459 0.986078 5.000000 1.000000 -4.825795 0.209472
868 A A 0.532399 0.983732 5.000000 1.000000 6.412369 0.000000
869 B A 0.538555 0.987831 5.000000 1.000000 -4.833589 0.201999
870 B A 0.544596 0.984700 5.000000 1.000000 -4.795772 0.195605
871 B A 0.537942 0.986836 5.000000 1.000000 -4.826179 0.203710
872 B A 0.538024 0.983709 5.000000 1.000000 -4.799354 0.206111
873 B A 0.549976 0.984055 5.000000 1.000000 -4.779932 0.188190
874 B A 0.532022 0.986247 5.000000 1.000000 -4.831388 0.212942
875 B A 0.540213 0.986773 5.000000 1.000000 -4.821558 0.200399
876 B A 0.543398 0.982681 5.000000 1.000000 -4.780824 0.199020
877 B A 0.532246 0.987814 5.000000 1.000000 -4.844406 0.211360
878 B A 0.556129 0.987428 5.000000 1.000000 -4.796221 0.176294
879 B A 0.533250 0.988061 5.000000 1.000000 -4.844818 0.209675
880 B A 0.532477 0.988351 5.000000 1.000000 -4.848618 0.210589
881 B A 0.532667 0.999611 5.000000 1.000000 -4.945079 0.201311
882 B A 0.551572 0.998821 5.000000 1.000000 -4.903062 0.173617
883 B A 0.557836 0.999204 5.000000 1.000000 -4.893403 0.163912
884 B A 0.565890 0.997906 5.000000 1.000000 -4.864662 0.152942
885 B A 0.565862 0.996820 5.000000 1.000000 -4.855425 0.153907
886 B A 0.577818 0.998547 5.000000 1.000000 -4.842081 0.134532
887 A A 0.585728 0.998393 5.000000 1.000000 6.427679 0.000000
888 B A 0.565772 0.998511 5.000000 1.000000 -4.870114 0.152606
889 B A 0.605853 0.998527 5.000000 1.000000 -4.765620 0.092559
890 B A 0.577025 0.998832 5.000000 1.000000 -4.846456 0.135473
891 B A 0.584385 0.984001 5.000000 1.000000 -4.702130 0.137447
892 B A 0.610637 0.995338 5.000000 1.000000 -4.724064 0.088315
893 B A 0.568386 0.998761 5.000000 1.000000 -4.866316 0.148478
894 B A 0.579305 0.997946 5.000000 1.000000 -4.833271 0.132828
895 B A 0.624110 0.997369 5.000000 1.000000 -4.697322 0.066299
896 B A 0.596832 0.999533 5.000000 1.000000 -4.800403 0.105169
897 B A 0.572778 0.996241 5.000000 1.000000 -4.834525 0.144063
898 B A 0.586526 0.989457 5.000000 1.000000 -4.742752 0.129487
899 B A 0.629458 0.992365 5.000000 1.000000 -4.636785 0.063022
900 B A 0.573507 0.996050 5.000000 1.000000 -4.831164 0.143138
901 B A 0.570592 0.999126 5.000000 1.000000 -4.864343 0.144860
902 B A 0.567982 0.989907 5.000000 1.000000 -4.791618 0.156626
903 B A 0.603180 0.999939 5.000000 1.000000 -4.785546 0.095286
904 B A 0.566810 0.998863 5.000000 1.000000 -4.870793 0.150752
905 B A 0.579355 0.999145 5.000000 1.000000 -4.843388 0.131711
906 B A 0.596202 0.999350 5.000000 1.000000 -4.800622 0.106279
907 A A 0.574998 0.999233 5.000000 1.000000 6.473081 0.000000
908 B A 0.622044 0.998012 5.000000 1.000000 -4.709747 0.068789
909 B A 0.569307 0.999796 5.000000 1.000000 -4.873074 0.146214
910 B A 0.591354 0.999962 5.000000 1.000000 -4.819200 0.113002
911 B A 0.571727 0.996618 5.000000 1.000000 -4.840222 0.145311
912 B A 0.566200 0.999629 5.000000 1.000000 -4.878743 0.151015
913 B A 0.566454 0.997601 5.000000 1.000000 -4.860781 0.152357
914 B A 0.612418 0.991566 5.000000 1.000000 -4.686749 0.089121
915 B A 0.563629 0.998169 5.000000 1.000000 -4.871969 0.156104
916 B A 0.569982 0.998418 5.000000 1.000000 -4.859697 0.146380
917 B A 0.643264 0.998526 5.000000 1.000000 -4.636766 0.036527
918 B A 0.596476 0.999826 5.000000 1.000000 -4.803896 0.105443
919 B A 0.563772 0.999784 5.000000 1.000000 -4.885508 0.154525
920 B A 0.565031 0.999005 5.000000 1.000000 -4.876016 0.153297
921 B A 0.560631 0.998599 5.000000 1.000000 -4.882220 0.160231
922 B A 0.568970 0.997370 5.000000 1.000000 -4.853068 0.148789
923 B A 0.568784 0.999925 5.000000 1.000000 -4.875382 0.146889
924 B A 0.562189 0.999846 5.000000 1.000000 -4.889526 0.156846
925 B A 0.563170 0.994460 5.000000 1.000000 -4.841220 0.159925
926 A A 0.604473 0.997515 5.000000 1.000000 6.348211 0.000000
927 B A 0.557403 0.999904 5.000000 1.000000 -4.900335 0.163976
928 B A 0.562210 0.998935 5.000000 1.000000 -4.881663 0.157583
929 B A 0.563171 0.999729 5.000000 1.000000 -4.886363 0.155473
930 B A 0.561631 0.999628 5.000000 1.000000 -4.888883 0.157866
931 B A 0.562434 0.999235 5.000000 1.000000 -4.883743 0.156995
932 B A 0.596811 0.999779 5.000000 1.000000 -4.802552 0.104982
933 B A 0.563340 0.997150 5.000000 1.000000 -4.863870 0.157399
934 B A 0.618272 0.997438 5.000000 1.000000 -4.717445 0.074967
935 B A 0.562744 0.997913 5.000000 1.000000 -4.871725 0.157645
936 B A 0.561173 0.999988 5.000000 1.000000 -4.892974 0.158250
937 B A 0.593598 0.999467 5.000000 1.000000 -4.808848 0.110078
938 B A 0.561407 0.999709 5.000000 1.000000 -4.890063 0.158134
939 B A 0.557960 0.998707 5.000000 1.000000 -4.888868 0.164143
940 B A 0.588660 0.999902 5.000000 1.000000 -4.825921 0.117097
941 B A 0.561306 0.999588 5.000000 1.000000 -4.889246 0.158388
942 B A 0.561243 0.999989 5.000000 1.000000 -4.892822 0.158144
943 B A 0.553654 0.999463 5.000000 1.000000 -4.904348 0.169965
944 B A 0.556667 0.966568 5.000000 1.000000 -4.618834 0.192914
945 B A 0.603037 0.999380 5.000000 1.000000 -4.781225 0.096005
946 B A 0.556163 0.968695 5.000000 1.000000 -4.637708 0.191871
947 A A 0.586277 0.999221 5.000000 1.000000 6.435197 0.000000
948 B A 0.628056 0.999517 5.000000 1.000000 -4.701689 0.058372
949 B A 0.552228 0.999711 5.000000 1.000000 -4.909391 0.171897
950 B A 0.551593 0.967587 5.000000 1.000000 -4.637553 0.199428
951 B A 0.591226 0.968071 5.000000 1.000000 -4.551006 0.141477
952 B A 0.555092 0.966929 5.000000 1.000000 -4.625063 0.194898
953 B A 0.612642 0.969475 5.000000 1.000000 -4.501893 0.109088
954 B A 0.587789 0.999308 5.000000 1.000000 -4.823167 0.118926
955 B A 0.559940 0.999517 5.000000 1.000000 -4.891593 0.160495
956 B A 0.551897 0.999862 5.000000 1.000000 -4.911358 0.172270
957 B A 0.555467 0.967426 5.000000 1.000000 -4.628470 0.193941
958 B A 0.590424 0.968926 5.000000 1.000000 -4.560219 0.141885
959 B A 0.558147 0.971849 5.000000 1.000000 -4.660138 0.186348
960 B A 0.586870 0.999766 5.000000 1.000000 -4.829491 0.119901
961 B A 0.550758 0.976373 5.000000 1.000000 -4.713235 0.193382
962 B A 0.610115 0.968225 5.000000 1.000000 -4.499217 0.113908
963 B A 0.551119 0.978277 5.000000 1.000000 -4.728635 0.191279
964 A A 0.581999 0.999070 5.000000 1.000000 6.448157 0.000000
965 B A 0.556203 0.999959 5.000000 1.000000 -4.903330 0.165729
966 B A 0.551451 0.999931 5.000000 1.000000 -4.912858 0.172880
967 B A 0.552212 0.967084 5.000000 1.000000 -4.632111 0.198946
968 B A 0.587012 0.979659 5.000000 1.000000 -4.658846 0.137393
969 B A 0.550480 0.999741 5.000000 1.000000 -4.913168 0.174494
970 B A 0.551737 0.967475 5.000000 1.000000 -4.636333 0.199313
971 B A 0.552099 0.999757 5.000000 1.000000 -4.910052 0.172053
972 B A 0.549433 0.978162 5.000000 1.000000 -4.730970 0.193849
973 B A 0.603228 0.999951 5.000000 1.000000 -4.785506 0.095202
974 B A 0.554208 0.963410 5.000000 1.000000 -4.597357 0.199105
975 B A 0.551064 0.977590 5.000000 1.000000 -4.722931 0.191928
976 B A 0.582039 0.978936 5.000000 1.000000 -4.665357 0.145332
977 B A 0.548018 0.999769 5.000000 1.000000 -4.918289 0.178163
978 B A 0.546155 0.963384 5.000000 1.000000 -4.612738 0.210765
979 B A 0.548262 0.978873 5.000000 1.000000 -4.739267 0.194981
980 B A 0.581178 0.999992 5.000000 1.000000 -4.846070 0.128239
981 B A 0.602058 0.978961 5.000000 1.000000 -4.612086 0.115913
982 B A 0.549938 0.962910 5.000000 1.000000 -4.601567 0.205688
983 B A 0.585168 0.978519 5.000000 1.000000 -4.653987 0.141104
984 A A 0.551477 0.962582 5.000000 1.000000 6.127775 0.000000
985 B A 0.619536 0.979741 5.000000 1.000000 -4.565223 0.089523
986 B A 0.579392 0.999852 5.000000 1.000000 -4.849347 0.131041
987 B A 0.547590 0.980336 5.000000 1.000000 -4.752968 0.194766
988 B A 0.550681 0.961449 5.000000 1.000000 -4.587902 0.205823
989 B A 0.576430 0.961293 5.000000 1.000000 -4.531431 0.168822
990 B A 0.601838 0.981448 5.000000 1.000000 -4.633518 0.113991
991 B A 0.548237 0.978471 5.000000 1.000000 -4.735908 0.195349
992 B A 0.573497 0.999333 5.000000 1.000000 -4.859268 0.140328
993 B A 0.593638 0.999866 5.000000 1.000000 -4.812133 0.109662
994 B A 0.644190 0.999665 5.000000 1.000000 -4.642620 0.034040
995 B A 0.542500 0.963451 5.000000 1.000000 -4.620053 0.215991
996 B A 0.556463 0.981478 5.000000 1.000000 -4.744964 0.180765
997 B A 0.574847 0.960361 5.000000 1.000000 -4.527381 0.171910
998 B A 0.539307 0.979699 5.000000 1.000000 -4.762941 0.207462
999 B A 0.614445 0.978917 5.000000 1.000000 -4.574608 0.097763
1000 B A 0.567430 0.959167 5.000000 1.000000 -4.534219 0.183610
1001 B A 0.589745 0.999740 5.000000 1.000000 -4.821646 0.115613
1002 B A 0.548338 0.980081 5.000000 1.000000 -4.749364 0.193876
1003 A A 0.561055 0.960035 5.000000 1.000000 6.073527 0.000000
1004 B A 0.580892 0.980784 5.000000 1.000000 -4.683756 0.145406
1005 B A 0.542288 0.980459 5.000000 1.000000 -4.763990 0.202464
1006 B A 0.602759 0.982272 5.000000 1.000000 -4.637772 0.111890
1007 B A 0.565423 0.958394 5.000000 1.000000 -4.532173 0.187153
1008 B A 0.540128 0.999617 5.000000 1.000000 -4.931932 0.190118
1009 B A 0.539469 0.960757 5.000000 1.000000 -4.602915 0.222552
1010 B A 0.580939 0.980471 5.000000 1.000000 -4.681008 0.145609
1011 B A 0.539708 0.981063 5.000000 1.000000 -4.773816 0.205768
1012 B A 0.541014 0.959285 5.000000 1.000000 -4.587850 0.221521
1013 B A 0.567138 0.999591 5.000000 1.000000 -4.876285 0.149640
1014 B A 0.593968 0.980056 5.000000 1.000000 -4.643791 0.126818
1015 B A 0.542378 0.960252 5.000000 1.000000 -4.593484 0.218770
1016 B A 0.557278 0.981786 5.000000 1.000000 -4.745879 0.179309
1017 B A 0.628066 0.979044 5.000000 1.000000 -4.530867 0.077644
1018 B A 0.578263 0.766322 5.000000 1.000000 -3.031403 0.335296
1019 B A 0.556548 0.998471 5.000000 1.000000 -4.889820 0.166454
1020 B A 0.539309 0.957407 5.000000 1.000000 -4.575191 0.225492
1021 A A 0.602907 0.980171 5.000000 1.000000 6.159675 0.000000
1022 B A 0.535486 0.980075 5.000000 1.000000 -4.772867 0.212775
1023 B A 0.558599 0.959274 5.000000 1.000000 -4.553910 0.196226
1024 B A 0.586025 0.998072 5.000000 1.000000 -4.817252 0.122657
1025 B A 0.536948 0.999386 5.000000 1.000000 -4.935680 0.195072
1026 B A 0.535838 0.964058 5.000000 1.000000 -4.636923 0.225131
1027 B A 0.536656 0.979848 5.000000 1.000000 -4.768898 0.211238
1028 B A 0.554106 0.729657 5.000000 1.000000 -2.819355 0.393539
1029 B A 0.577966 0.999388 5.000000 1.000000 -4.848910 0.133581
1030 B A 0.537511 0.980436 5.000000 1.000000 -4.772400 0.209508
1031 B A 0.551880 0.998922 5.000000 1.000000 -4.903309 0.173073
1032 B A 0.536704 0.999533 5.000000 1.000000 -4.937376 0.195320
1033 B A 0.533587 0.999391 5.000000 1.000000 -4.941608 0.200107
1034 B A 0.537045 0.957498 5.000000 1.000000 -4.579898 0.228671
1035 B A 0.530429 0.963298 5.000000 1.000000 -4.639591 0.233558
1036 B A 0.538068 0.999821 5.000000 1.000000 -4.937427 0.193042
1037 B A 0.532715 0.980412 5.000000 1.000000 -4.780463 0.216581
1038 B A 0.530546 0.960863 5.000000 1.000000 -4.618967 0.235326
1039 B A 0.535160 0.999455 5.000000 1.000000 -4.939429 0.197698
1040 B A 0.532190 0.980254 5.000000 1.000000 -4.780005 0.217477
1041 A A 0.531609 0.999837 5.000000 1.000000 6.598434 0.000000
1042 B A 0.545306 0.964486 5.000000 1.000000 -4.623562 0.211091
1043 B A 0.529933 0.978466 5.000000 1.000000 -4.768545 0.222217
1044 B A 0.546184 0.953781 5.000000 1.000000 -4.532525 0.218590
1045 B A 0.528789 0.976037 5.000000 1.000000 -4.749783 0.225823
1046 B A 0.547517 0.979861 5.000000 1.000000 -4.749080 0.195264
1047 B A 0.527686 0.999499 5.000000 1.000000 -4.952412 0.208868
1048 B A 0.527959 0.999723 5.000000 1.000000 -4.953903 0.208281
1049 B A 0.522751 0.954565 5.000000 1.000000 -4.578462 0.251500
1050 B A 0.525680 0.978623 5.000000 1.000000 -4.776698 0.228337
1051 B A 0.526197 0.615876 5.000000 1.000000 -2.118897 0.513892
1052 B A 0.532000 0.981205 5.000000 1.000000 -4.788415 0.216998
1053 B A 0.542998 0.956143 5.000000 1.000000 -4.558044 0.221224
1054 B A 0.525296 0.646854 5.000000 1.000000 -2.313536 0.490315
1055 B A 0.547747 0.999356 5.000000 1.000000 -4.915259 0.178909
1056 B A 0.542172 0.979771 5.000000 1.000000 -4.758357 0.203193
1057 B A 0.519205 0.963614 5.000000 1.000000 -4.659523 0.249531
1058 B A 0.542603 0.980720 5.000000 1.000000 -4.765628 0.201788
1059 B A 0.521220 0.999851 5.000000 1.000000 -4.965598 0.218286
1060 A A 0.522050 0.954124 5.000000 1.000000 6.101103 0.001900
1061 B A 0.523999 0.999676 5.000000 1.000000 -4.959812 0.214256
1062 B A 0.525454 0.979961 5.000000 1.000000 -4.788437 0.227613
1063 B A 0.522630 0.966060 5.000000 1.000000 -4.675061 0.242662
1064 B A 0.524347 0.978164 5.000000 1.000000 -4.774875 0.230654
1065 B A 0.540689 0.819390 5.000000 1.000000 -3.482453 0.335448
1066 B A 0.520612 0.950808 5.000000 1.000000 -4.550296 0.257497
1067 B A 0.542407 0.999844 5.000000 1.000000 -4.929675 0.186517
1068 B A 0.517833 0.981201 5.000000 1.000000 -4.810461 0.237853
1069 B B 0.539638 0.968019 5.000000 1.000000 -3.109054 0.000000
1070 B A 0.516028 0.977219 5.000000 1.000000 -4.779118 0.243591
1071 B A 0.545283 0.952787 5.000000 1.000000 -4.525924 0.220692
1072 B A 0.533046 0.982026 5.000000 1.000000 -4.793649 0.214803
1073 B A 0.544161 0.999419 5.000000 1.000000 -4.922708 0.184233
1074 B A 0.517434 0.964206 5.000000 1.000000 -4.667047 0.251631
1075 B A 0.542765 0.999408 5.000000 1.000000 -4.925248 0.186335
1076 B A 0.515572 0.981398 5.000000 1.000000 -4.815350 0.241029
1077 B A 0.534793 0.999784 5.000000 1.000000 -4.942905 0.197984
1078 B A 0.513665 0.955554 5.000000 1.000000 -4.599664 0.263748
1079 B A 0.532039 0.546742 5.000000 1.000000 -1.702722 0.563668
1080 A A 0.531543 0.977806 5.000000 1.000000 6.347042 0.000000
1081 B A 0.514978 0.999677 5.000000 1.000000 -4.973190 0.227783
1082 B A 0.514531 0.965702 5.000000 1.000000 -4.683696 0.254674
1083 B A 0.514674 0.978471 5.000000 1.000000 -4.791655 0.244609
1084 B A 0.510678 0.951599 5.000000 1.000000 -4.570579 0.271059
1085 B A 0.533461 0.999666 5.000000 1.000000 -4.944197 0.200075
1086 B A 0.511421 0.980856 5.000000 1.000000 -4.816382 0.247554
1087 B A 0.536731 0.949698 5.000000 1.000000 -4.515479 0.235401
1088 B B 0.529203 0.980302 5.000000 1.000000 -3.190235 0.000000
1089 B A 0.531817 0.999894 5.000000 1.000000 -4.948968 0.202359
1090 B A 0.514938 0.965254 5.000000 1.000000 -4.679355 0.254431
1091 B A 0.511384 0.980135 5.000000 1.000000 -4.810281 0.248161
1092 B A 0.534043 0.981280 5.000000 1.000000 -4.785596 0.213932
1093 B A 0.514262 0.953332 5.000000 1.000000 -4.580290 0.264607
1094 B A 0.538469 0.999473 5.000000 1.000000 -4.933701 0.192722
1095 B A 0.509126 0.999842 5.000000 1.000000 -4.982517 0.236432
1096 B A 0.507693 0.999756 5.000000 1.000000 -4.983610 0.238646
1097 B A 0.508041 0.965453 5.000000 1.000000 -4.690115 0.264265
1098 B A 0.509897 0.978399 5.000000 1.000000 -4.797436 0.251676
1099 B A 0.503355 0.947744 5.000000 1.000000 -4.547460 0.284422
1100 B A 0.506211 0.981484 5.000000 1.000000 -4.828400 0.254743
1101 A A 0.524361 0.999653 5.000000 1.000000 6.612060 0.000000
1102 B A 0.504101 0.968658 5.000000 1.000000 -4.721985 0.267548
1103 B A 0.506290 0.981755 5.000000 1.000000 -4.830615 0.254421
1104 B A 0.526947 0.948047 5.000000 1.000000 -4.517775 0.250644
1105 B A 0.534179 0.964917 5.000000 1.000000 -4.646962 0.226842
1106 B A 0.527561 0.981596 5.000000 1.000000 -4.799024 0.223222
1107 B A 0.503553 0.999590 5.000000 1.000000 -4.987253 0.244981
1108 B B 0.501462 0.965153 5.000000 1.000000 -3.130298 0.000000
1109 B A 0.511503 0.999789 5.000000 1.000000 -4.978927 0.232907
1110 B A 0.503650 0.477983 5.000000 1.000000 -1.356145 0.638896
1111 B A 0.507158 0.979841 5.000000 1.000000 -4.813210 0.254598
1112 B A 0.501912 0.981019 5.000000 1.000000 -4.829546 0.261422
1113 B A 0.521069 0.952054 5.000000 1.000000 -4.560005 0.255871
1114 B A 0.503664 0.981309 5.000000 1.000000 -4.829979 0.258626
1115 B A 0.527135 0.965436 5.000000 1.000000 -4.662847 0.236627
1116 B A 0.500417 0.999486 5.000000 1.000000 -4.989982 0.249760
1117 B A 0.500137 0.946771 5.000000 1.000000 -4.543016 0.289727
1118 A A 0.504121 0.982456 5.000000 1.000000 6.452310 0.004723
1119 B A 0.494267 0.961242 5.000000 1.000000 -4.670171 0.287334
1120 B A 0.520558 0.999292 5.000000 1.000000 -4.961763 0.219715
1121 B A 0.508839 0.981513 5.000000 1.000000 -4.825346 0.250852
1122 B A 0.494916 0.964179 5.000000 1.000000 -4.694244 0.284219
1123 B A 0.515108 0.980119 5.000000 1.000000 -4.805087 0.242699
1124 B A 0.522378 0.999167 5.000000 1.000000 -4.957921 0.217086
1125 B A 0.494413 0.946424 5.000000 1.000000 -4.546127 0.298113
1126 B B 0.522747 0.981806 5.000000 1.000000 -3.205562 0.000000
1127 B A 0.500768 0.999316 5.000000 1.000000 -4.988117 0.249363
1128 B A 0.492489 0.999427 5.000000 1.000000 -4.997766 0.261689
1129 B A 0.490492 0.964691 5.000000 1.000000 -4.702816 0.290240
1130 B A 0.488866 0.947511 5.000000 1.000000 -4.560366 0.305191
1131 B A 0.492742 0.999912 5.000000 1.000000 -5.001726 0.260952
1132 B A 0.486020 0.999704 5.000000 1.000000 -5.005949 0.271186
1133 B A 0.492458 0.973399 5.000000 1.000000 -4.774651 0.280963
1134 B A 0.488597 0.999916 5.000000 1.000000 -5.005591 0.267166
1135 B A 0.491036 0.963432 5.000000 1.000000 -4.691707 0.290380
1136 B A 0.482960 0.979162 5.000000 1.000000 -4.831842 0.290655
1137 B A 0.485297 0.945693 5.000000 1.000000 -4.548266 0.311588
1138 B A 0.483862 0.980802 5.000000 1.000000 -4.845144 0.288140
1139 A A 0.497662 0.967101 5.000000 1.000000 6.288075 0.018711
1140 B A 0.486672 0.999426 5.000000 1.000000 -5.003005 0.270411
1141 B A 0.485748 0.982032 5.000000 1.000000 -4.854148 0.284470
1142 B A 0.484989 0.963012 5.000000 1.000000 -4.693394 0.299425
1143 B A 0.485658 0.981349 5.000000 1.000000 -4.848381 0.285101
1144 B A 0.507233 0.999318 5.000000 1.000000 -4.980398 0.239669
1145 B B 0.496278 0.964034 5.000000 1.000000 -3.127758 0.000000
1146 B A 0.480615 0.981443 5.000000 1.000000 -4.853018 0.292455
1147 B A 0.500081 0.946529 5.000000 1.000000 -4.541060 0.289989
1148 B A 0.478667 0.981025 5.000000 1.000000 -4.850767 0.295624
1149 B A 0.508497 0.946746 5.000000 1.000000 -4.532950 0.277874
1150 B A 0.501765 0.999933 5.000000 1.000000 -4.992318 0.247403
1151 B A 0.484216 0.966350 5.000000 1.000000 -4.722158 0.298117
1152 B A 0.478428 0.999364 5.000000 1.000000 -5.008602 0.282814
1153 B A 0.476143 0.981176 5.000000 1.000000 -4.853646 0.299229
1154 B A 0.498718 0.965642 5.000000 1.000000 -4.702612 0.277626
1155 B A 0.475938 0.979186 1.000000 1.000000 -2.768496 0.000000
1156 B A 0.478892 0.999977 5.000000 1.000000 -5.013607 0.281679
1157 B A 0.483461 0.944894 5.000000 1.000000 -4.543074 0.314771
1158 A A 0.479755 0.981659 5.000000 1.000000 6.473941 0.029044
1159 B A 0.479918 0.964163 5.000000 1.000000 -4.706872 0.305922
1160 B A 0.500809 0.702369 5.000000 1.000000 -2.704450 0.472371
1161 B A 0.479639 0.980951 5.000000 1.000000 -4.849485 0.294246
1162 B A 0.504693 0.982157 5.000000 1.000000 -4.835992 0.256469
1163 B A 0.474476 0.999980 5.000000 1.000000 -5.016314 0.288301
1164 B A 0.473314 0.945169 5.000000 1.000000 -4.552025 0.328957
1165 B B 0.479034 0.967766 5.000000 1.000000 -3.158590 0.000000
1166 B A 0.471233 0.999614 5.000000 1.000000 -5.014814 0.293423
1167 B A 0.474571 0.966258 5.000000 1.000000 -4.727903 0.312163
1168 B A 0.474330 0.999420 5.000000 1.000000 -5.011546 0.288919
1169 B A 0.468166 0.981914 5.000000 1.000000 -4.863951 0.310452
1170 B A 0.472381 0.499334 5.000000 1.000000 -1.496025 0.646186
1171 B A 0.472726 0.948548 5.000000 1.000000 -4.580436 0.327395
1172 B A 0.472096 0.983666 5.000000 1.000000 -4.877152 0.303423
1173 B A 0.493861 0.999868 5.000000 1.000000 -5.000248 0.259306
1174 B A 0.474668 0.663525 5.000000 1.000000 -2.470007 0.527569
1175 B A 0.488779 0.999955 5.000000 1.000000 -5.005770 0.266864
1176 A A 0.476091 0.999833 5.000000 1.000000 6.685491 0.023988
1177 B A 0.491970 0.964628 5.000000 1.000000 -4.700909 0.288148
1178 B A 0.469810 0.962701 5.000000 1.000000 -4.700338 0.321571
1179 B A 0.488009 0.979998 5.000000 1.000000 -4.834868 0.282628
1180 B A 0.466962 0.999736 5.000000 1.000000 -5.017654 0.299741
1181 B A 0.469742 0.745716 5.000000 1.000000 -3.026985 0.474559
1182 B A 0.465463 0.948096 5.000000 1.000000 -4.579864 0.338044
1183 B B 0.463864 0.980551 5.000000 1.000000 -3.235873 0.000000
1184 B A 0.491352 0.999823 5.000000 1.000000 -5.002279 0.263102
1185 B A 0.465176 0.999939 5.000000 1.000000 -5.020016 0.302279
1186 B A 0.462229 0.962001 5.000000 1.000000 -4.697156 0.333003
1187 B A 0.463715 0.980176 5.000000 1.000000 -4.850658 0.318216
1188 B A 0.460993 0.942680 5.000000 1.000000 -4.536218 0.348147
1189 B A 0.480029 0.967125 5.000000 1.000000 -4.731795 0.303628
1190 B A 0.459226 0.982432 5.000000 1.000000 -4.870930 0.323262
1191 B A 0.488952 0.586810 5.000000 1.000000 -1.981489 0.569617
1192 B A 0.484719 0.446632 5.000000 1.000000 -1.210860 0.675263
1193 B A 0.454085 0.979872 5.000000 1.000000 -4.849589 0.332582
1194 B A 0.478319 0.966572 5.000000 1.000000 -4.728272 0.306506
1195 A A 0.493643 0.999645 5.000000 1.000000 6.664706 0.006532
1196 B A 0.468249 0.943593 5.000000 1.000000 -4.541389 0.337245
1197 B A 0.491531 0.999794 5.000000 1.000000 -5.001856 0.262855
1198 B A 0.487115 0.980158 5.000000 1.000000 -4.837002 0.283825
1199 B A 0.452305 0.963911 5.000000 1.000000 -4.714465 0.346028
1200 B A 0.467887 0.979215 5.000000 1.000000 -4.841032 0.312757
1201 B A 0.491310 0.951528 5.000000 1.000000 -4.591628 0.298758
1202 B B 0.458235 0.999428 5.000000 1.000000 -3.344763 0.000000
1203 B A 0.491424 0.999862 5.000000 1.000000 -5.002553 0.262965
1204 B A 0.452538 0.980935 5.000000 1.000000 -4.858647 0.334135
1205 B A 0.472604 0.967169 5.000000 1.000000 -4.736657 0.314368
1206 B A 0.488399 0.980993 5.000000 1.000000 -4.843025 0.281326
1207 B A 0.491740 0.939675 5.000000 1.000000 -4.492744 0.306886
1208 B A 0.449812 0.960910 5.000000 1.000000 -4.689129 0.351657
1209 B A 0.472826 0.980599 5.000000 1.000000 -4.850572 0.304521
1210 B A 0.492782 0.962180 5.000000 1.000000 -4.679510 0.288783
1211 B A 0.448173 0.999901 5.000000 1.000000 -5.021065 0.327807
1212 B A 0.445551 0.999931 5.000000 1.000000 -5.020786 0.331720
1213 B A 0.448373 0.981151 5.000000 1.000000 -4.860152 0.340118
1214 B A 0.447006 0.945614 5.000000 1.000000 -4.561204 0.365957
1215 B A 0.446824 0.229936 5.000000 1.000000 -0.291702 0.845888
1216 A A 0.446550 0.999986 5.000000 1.000000 6.695318 0.053456
1217 B A 0.443851 0.999948 5.000000 1.000000 -5.020473 0.334258
1218 B A 0.440844 0.966838 5.000000 1.000000 -4.737009 0.360663
1219 B A 0.448972 0.981520 5.000000 1.000000 -4.863376 0.338988
1220 B A 0.441799 0.999914 5.000000 1.000000 -5.019494 0.337359
1221 B A 0.448591 0.960982 5.000000 1.000000 -4.689609 0.353369
1222 B B 0.436596 0.979975 5.000000 1.000000 -3.230898 0.000000
1223 B A 0.441979 0.939211 5.000000 1.000000 -4.507159 0.377334
1224 B A 0.462382 0.781869 5.000000 1.000000 -3.287831 0.457717
1225 B A 0.441896 0.981842 5.000000 1.000000 -4.864484 0.349192
1226 B A 0.465808 0.964813 5.000000 1.000000 -4.719736 0.325874
1227 B A 0.460184 0.999746 5.000000 1.000000 -5.019592 0.309899
1228 B A 0.439694 0.978521 5.000000 1.000000 -4.835406 0.354625
1229 B A 0.459025 0.949081 5.000000 1.000000 -4.589778 0.346522
1230 B A 0.438908 0.982525 5.000000 1.000000 -4.869143 0.353143
1231 B A 0.462693 0.964227 5.000000 3.000000 -4.340435 0.330789
1232 B A 0.464067 0.981759 5.000000 1.000000 -4.864060 0.316597
1233 B A 0.442550 0.981112 5.000000 1.000000 -4.858484 0.348713
1234 A A 0.461652 0.950160 5.000000 1.000000 6.130917 0.061357
1235 B A 0.468052 0.980741 5.000000 1.000000 -4.853979 0.311444
1236 B A 0.436559 0.964076 5.000000 1.000000 -4.711966 0.368687
1237 B A 0.443906 0.982838 5.000000 1.000000 -4.873600 0.345569
1238 B A 0.462484 0.999704 5.000000 1.000000 -5.018739 0.306480
1239 B A 0.431758 0.937187 5.000000 1.000000 -4.485907 0.393044
1240 B A 0.459836 0.963399 5.000000 1.000000 -4.709463 0.335491
1241 B A 0.468314 0.982608 5.000000 1.000000 -4.869819 0.309746
1242 B B 0.436744 0.966577 5.000000 1.000000 -3.155392 0.000000
1243 B A 0.450843 0.999715 5.000000 1.000000 -5.019789 0.323928
1244 B A 0.439322 0.981898 5.000000 1.000000 -4.863981 0.352945
1245 B A 0.448025 0.999598 5.000000 1.000000 -5.018424 0.328232
1246 B A 0.434605 0.333955 5.000000 1.000000 -0.709693 0.782292
1247 B A 0.441482 0.949972 5.000000 1.000000 -4.596096 0.370906
1248 B A 0.446764 0.999689 5.000000 1.000000 -5.018972 0.330062
1249 B A 0.429087 0.964716 5.000000 1.000000 -4.712772 0.379079
1250 B A 0.431618 0.529762 5.000000 1.000000 -1.676703 0.657018
1251 B A 0.449206 0.999639 5.000000 1.000000 -5.018954 0.326435
1252 B A 0.447016 0.982114 5.000000 1.000000 -4.868145 0.341468
1253 A A 0.432550 0.935314 5.000000 1.000000 5.961330 0.095430
1254 B A 0.446117 0.999723 5.000000 1.000000 -5.019119 0.331010
1255 B A 0.447685 0.963986 5.000000 1.000000 -4.714727 0.352657
1256 B A 0.429076 0.979974 5.000000 1.000000 -4.841592 0.369275
1257 B A 0.446218 0.948252 5.000000 1.000000 -4.582972 0.365310
1258 B A 0.427254 0.999759 5.000000 1.000000 -5.009405 0.359273
1259 B A 0.431159 0.981469 5.000000 1.000000 -4.855802 0.365246
1260 B B 0.435427 0.963537 5.000000 1.000000 -3.137910 0.000000
1261 B A 0.432785 0.981156 5.000000 1.000000 -4.854213 0.363056
1262 B A 0.423038 0.963846 5.000000 1.000000 -4.700402 0.388385
1263 B A 0.450597 0.981821 1.000000 1.000000 -2.788369 0.000000
1264 B A 0.423446 0.934997 5.000000 1.000000 -4.461736 0.406119
1265 B A 0.452281 0.982414 5.000000 1.000000 -4.871261 0.333509
1266 B A 0.452039 0.960786 5.000000 1.000000 -4.688199 0.348530
1267 B A 0.424982 0.980766 5.000000 5.000000 -3.301968 0.374788
1268 B A 0.457370 0.948288 5.000000 1.000000 -4.583448 0.349422
1269 B A 0.430909 0.981118 5.000000 1.000000 -4.852642 0.365841
1270 B A 0.455482 0.963992 5.000000 1.000000 -4.715046 0.341379
1271 B A 0.454409 0.999035 5.000000 1.000000 -5.014030 0.319044
1272 A A 0.428140 0.999450 5.000000 1.000000 6.676633 0.072095
1273 B A 0.449007 0.967125 5.000000 1.000000 -4.741326 0.348632
1274 B A 0.420512 0.999783 5.000000 1.000000 -5.003080 0.369368
1275 B A 0.426009 0.980416 5.000000 1.000000 -4.842859 0.373501
1276 B A 0.430007 0.947021 4.000000 1.000000 -4.021366 0.189161
1277 B A 0.413825 0.999343 5.000000 1.000000 -4.991177 0.379670
1278 B A 0.441562 0.965710 5.000000 1.000000 -4.727766 0.360368
1279 B A 0.430476 0.999736 5.000000 1.000000 -5.011756 0.354457
1280 B B 0.418553 0.999666 5.000000 1.000000 -3.333241 0.000000
1281 B A 0.419461 0.999904 5.000000 1.000000 -5.002957 0.370868
1282 B A 0.416276 0.978694 5.000000 1.000000 -4.818175 0.388890
1283 B A 0.436748 0.939160 5.000000 1.000000 -4.504796 0.384736
1284 B A 0.424894 0.962867 5.000000 1.000000 -4.693886 0.386326
1285 B A 0.449018 0.999996 5.000000 1.000000 -5.022013 0.326476
1286 B A 0.449868 0.976846 5.000000 1.000000 -4.823699 0.340822
1287 B A 0.450591 0.949472 5.000000 1.000000 -4.593604 0.358265
1288 B A 0.458509 0.561326 5.000000 1.000000 -1.851209 0.613940
1289 B A 0.442701 0.977338 5.000000 1.000000 -4.826430 0.350998
1290 B A 0.453023 0.999969 5.000000 1.000000 -5.022108 0.320486
1291 A A 0.438855 0.999970 5.000000 1.000000 6.691698 0.061158
1292 B A 0.458590 0.963503 5.000000 3.000000 -4.318684 0.337221
1293 B A 0.425516 0.979785 5.000000 1.000000 -4.837069 0.374629
1294 B A 0.447182 0.982298 5.000000 1.000000 -4.869741 0.341101
1295 B A 0.457597 0.950843 5.000000 1.000000 -4.604683 0.347346
1296 B A 0.433655 0.980545 5.000000 1.000000 -4.849559 0.362172
1297 B A 0.420142 0.929599 5.000000 1.000000 -4.414525 0.414155
1298 B B 0.462275 0.282658 5.000000 1.000000 -0.322591 0.000000
1299 B A 0.444258 0.965966 5.000000 1.000000 -4.730705 0.356293
1300 B A 0.462278 0.978588 5.000000 1.000000 -4.837508 0.321431
1301 B A 0.415290 0.981592 5.000000 1.000000 -4.841522 0.388532
1302 B A 0.436572 0.964108 5.000000 1.000000 -4.712240 0.368646
1303 B A 0.452573 0.999972 5.000000 1.000000 -5.022121 0.321160
1304 B A 0.413867 0.166375 5.000000 1.000000 -0.086059 0.896714
1305 B A 0.436553 0.951637 5.000000 1.000000 -4.607988 0.376841
1306 B A 0.460561 0.799829 5.000000 1.000000 -3.419495 0.447444
1307 B A 0.436610 0.980416 5.000000 1.000000 -4.850103 0.357912
1308 B A 0.463333 0.934514 5.000000 1.000000 -4.468156 0.350513
1309 B A 0.445725 0.980947 5.000000 1.000000 -4.857936 0.344151
1310 B A 0.418640 0.999461 5.000000 1.000000 -4.998202 0.372378
1311 A A 0.460927 0.960933 5.000000 1.000000 6.251323 0.057080
1312 B A 0.410793 0.981586 5.000000 1.000000 -4.835459 0.395156
1313 B A 0.440908 0.980987 5.000000 1.000000 -4.856846 0.351212
1314 B A 0.464641 0.999676 5.000000 1.000000 -5.017906 0.303265
1315 B A 0.426243 0.951962 5.000000 1.000000 -4.604065 0.391349
1316 B A 0.449209 0.964768 5.000000 1.000000 -4.721492 0.349926
1317 B B 0.464186 0.981864 5.000000 1.000000 -3.243278 0.000000
1318 B A 0.428936 0.934830 5.000000 1.000000 -4.464713 0.398527
1319 B A 0.410784 0.999235 5.000000 1.000000 -4.986009 0.384295
1320 B A 0.445087 0.963714 5.000000 1.000000 -4.711957 0.356595
1321 B A 0.459959 0.982149 5.000000 1.000000 -4.868387 0.322377
1322 B A 0.467273 0.982034 4.000000 1.000000 -4.303054 0.111683
1323 B A 0.433895 0.949682 5.000000 1.000000 -4.590374 0.381907
1324 B A 0.411537 0.965394 5.000000 1.000000 -4.700131 0.404057
1325 B A 0.444308 0.981826 5.000000 1.000000 -4.865076 0.345651
1326 B A 0.465759 0.983215 5.000000 1.000000 -4.875959 0.313089
1327 B A 0.426154 0.999958 5.000000 1.000000 -5.010158 0.360797
1328 B A 0.405874 0.964054 5.000000 1.000000 -4.680604 0.413073
1329 A A 0.421377 0.999823 5.000000 1.000000 6.672469 0.078697
1330 B A 0.422980 0.934297 5.000000 1.000000 -4.455586 0.407217
1331 B A 0.432603 0.123887 5.000000 1.000000 0.049925 0.919609
1332 B A 0.443221 0.999506 5.000000 1.000000 -5.016460 0.335497
1333 B A 0.451358 0.965098 5.000000 1.000000 -4.724430 0.346592
1334 B A 0.447036 0.980750 4.000000 1.000000 -4.295092 0.142354
1335 B A 0.411184 0.950326 5.000000 1.000000 -4.574277 0.413862
1336 B A 0.446724 0.999459 5.000000 1.000000 -5.016971 0.330277
1337 B A 0.465220 0.979427 5.000000 1.000000 -4.843809 0.316526
1338 B B 0.449440 0.965796 5.000000 1.000000 -3.153448 0.000000
1339 B A 0.464559 0.981699 5.000000 1.000000 -4.863400 0.315914
1340 B A 0.450330 0.947663 5.000000 1.000000 -4.578551 0.359859
1341 B A 0.467516 0.963717 5.000000 1.000000 -4.709862 0.324171
1342 B A 0.437082 0.628051 1.000000 1.000000 -0.787067 0.000000
1343 B A 0.468465 0.982518 5.000000 1.000000 -4.868992 0.309586
1344 B A 0.444488 0.715386 5.000000 1.000000 -2.824762 0.523029
1345 B A 0.464929 0.982628 5.000000 1.000000 -4.871219 0.314722
1346 B A 0.437469 0.368196 5.000000 1.000000 -0.860213 0.758388
1347 B A 0.447184 0.951455 5.000000 1.000000 -4.609770 0.361787
1348 A A 0.468727 0.999224 5.000000 1.000000 6.683390 0.031637
1349 B A 0.405261 0.999111 5.000000 1.000000 -4.976318 0.392649
1350 B A 0.428473 0.688308 5.000000 1.000000 -2.640651 0.557617
1351 B A 0.452022 0.966045 5.000000 3.000000 -4.313027 0.344990
1352 B A 0.408145 0.934132 5.000000 1.000000 -4.437005 0.428108
1353 B A 0.468439 0.980101 5.000000 1.000000 -4.848368 0.311323
1354 B A 0.430054 0.982685 5.000000 1.000000 -4.865363 0.366089
1355 B A 0.452572 0.964409 5.000000 1.000000 -4.718652 0.345303
1356 B B 0.464749 0.999901 5.000000 1.000000 -3.346547 0.000000
1357 B A 0.433348 0.982028 5.000000 1.000000 -4.861987 0.361661
1358 B A 0.446654 0.999404 5.000000 1.000000 -5.016484 0.330419
1359 B A 0.403675 0.948384 5.000000 1.000000 -4.547064 0.425742
1360 B A 0.427147 0.999201 5.000000 1.000000 -5.004504 0.359791
1361 B A 0.402742 0.964496 5.000000 1.000000 -4.679167 0.417336
1362 B A 0.448637 0.999269 5.000000 1.000000 -5.015681 0.327537
1363 B A 0.450833 0.999861 5.000000 1.000000 -5.021054 0.323844
1364 B A 0.443455 0.999870 5.000000 5.000000 -3.586691 0.334904
1365 B A 0.450790 0.930529 5.000000 1.000000 -4.437192 0.370790
1366 B A 0.419012 0.828981 5.000000 1.000000 -3.626213 0.478971
1367 A A 0.448894 0.962086 5.000000 1.000000 6.265211 0.068125
1368 B A 0.419985 0.978301 5.000000 1.000000 -4.819085 0.383692
1369 B A 0.442776 0.980793 5.000000 1.000000 -4.855836 0.348592
1370 B A 0.461623 0.966694 5.000000 1.000000 -4.736839 0.330627
1371 B A 0.440954 0.999832 5.000000 1.000000 -5.018474 0.338680
1372 B A 0.401840 0.950007 5.000000 1.000000 -4.557386 0.427374
1373 B A 0.422564 0.980948 5.000000 1.000000 -4.844188 0.378231
1374 B B 0.436836 0.966937 5.000000 1.000000 -3.157440 0.000000
1375 B A 0.418528 0.999792 5.000000 1.000000 -5.000918 0.372339
1376 B A 0.437059 0.936861 5.000000 1.000000 -4.486014 0.385804
1377 B A 0.469730 0.980256 5.000000 1.000000 -4.849139 0.309316
1378 B A 0.407366 0.981333 5.000000 1.000000 -4.828218 0.400357
1379 B A 0.449044 0.951185 5.000000 1.000000 -4.607749 0.359315
1380 B A 0.468754 0.999714 5.000000 1.000000 -5.016772 0.297070
1381 B A 0.436060 0.967164 5.000000 1.000000 -4.737685 0.367387
1382 B A 0.454178 0.098759 5.000000 1.000000 0.135028 0.932719
1383 B A 0.427916 0.982336 5.000000 1.000000 -4.860759 0.369465
1384 B A 0.404611 0.980743 5.000000 1.000000 -4.818804 0.404771
1385 B A 0.465074 0.957228 5.000000 1.000000 -4.656244 0.332227
1386 A A 0.448172 0.929185 5.000000 1.000000 5.901352 0.083565
1387 B A 0.421557 0.982567 5.000000 1.000000 -4.856924 0.378688
1388 B A 0.470335 0.967080 5.000000 1.000000 -4.737022 0.317722
1389 B A 0.441325 0.999892 5.000000 1.000000 -5.019132 0.338084
1390 B A 0.401374 0.999543 5.000000 1.000000 -4.973229 0.398215
1391 B A 0.422345 0.950387 5.000000 1.000000 -4.587565 0.397914
1392 B A 0.436144 0.460703 5.000000 1.000000 -1.307143 0.698601
1393 B B 0.465299 0.967824 5.000000 1.000000 -3.163546 0.000000
1394 B A 0.444107 0.999717 5.000000 1.000000 -5.018550 0.334028
1395 B A 0.399741 0.980660 5.000000 1.000000 -4.809559 0.411985
1396 B A 0.414748 0.981383 5.000000 1.000000 -4.839064 0.389459
1397 B A 0.433272 0.954422 5.000000 1.000000 -4.629438 0.379713
1398 B A 0.416813 0.981870 5.000000 1.000000 -4.845742 0.386116
1399 B A 0.443235 0.931615 5.000000 1.000000 -4.445059 0.380614
1400 B A 0.439257 0.999969 5.000000 1.000000 -5.018946 0.341135
1401 B A 0.396336 0.966518 5.000000 1.000000 -4.684330 0.425402
1402 B A 0.423976 0.982197 4.000000 1.000000 -4.298101 0.175358
1403 B A 0.452193 0.058581 5.000000 1.000000 0.240622 0.960265
1404 B A 0.399694 0.949943 5.000000 1.000000 -4.553110 0.430470
1405 B A 0.428858 0.967152 5.000000 1.000000 -4.733066 0.377844
1406 A A 0.456216 0.981511 5.000000 1.000000 6.484589 0.052219
1407 B A 0.435414 0.981643 5.000000 1.000000 -4.859913 0.358869
1408 B A 0.468967 0.999435 5.000000 3.000000 -4.655030 0.296948
1409 B A 0.415034 0.195870 5.000000 1.000000 -0.182655 0.878061
1410 B A 0.449772 0.947511 5.000000 1.000000 -4.577255 0.360755
1411 B A 0.433772 0.999438 5.000000 1.000000 -5.011433 0.349708
1412 B B 0.470025 0.999532 5.000000 1.000000 -3.343102 0.000000
1413 B A 0.450529 0.965601 5.000000 1.000000 -4.728620 0.347453
1414 B A 0.419107 0.966394 5.000000 1.000000 -4.717771 0.392467
1415 B A 0.467824 0.980602 5.000000 1.000000 -4.852887 0.311876
1416 B A 0.399846 0.979971 5.000000 1.000000 -4.803937 0.412244
1417 B A 0.440647 0.999796 5.000000 1.000000 -5.018039 0.339165
1418 B A 0.425008 0.929368 5.000000 1.000000 -4.417053 0.407517
1419 B A 0.400504 0.999794 5.000000 1.000000 -4.973783 0.399367
1420 B A 0.438782 0.999864 5.000000 1.000000 -5.017825 0.341917
1421 B A 0.408629 0.951180 5.000000 1.000000 -4.577767 0.416980
1422 B A 0.421022 0.967822 5.000000 1.000000 -4.731780 0.388789
1423 B A 0.387444 0.981081 5.000000 1.000000 -4.787240 0.429830
1424 A A 0.439161 0.967121 5.000000 1.000000 6.318326 0.075279
1425 B A 0.435374 0.981778 5.000000 1.000000 -4.861044 0.358839
1426 B A 0.412810 0.999718 5.000000 1.000000 -4.993022 0.380960
1427 B A 0.450742 0.944076 5.000000 1.000000 -4.548817 0.361697
1428 B A 0.430682 0.999918 4.000000 1.000000 -4.446288 0.154029
1429 B A 0.411813 0.964084 5.000000 1.000000 -4.689546 0.404467
1430 B A 0.452999 0.980724 5.000000 1.000000 -4.856858 0.333599
1431 B B 0.394549 0.950921 5.000000 1.000000 -3.034291 0.000000
1432 B A 0.435422 0.981658 5.000000 1.000000 -4.860047 0.358847
1433 B A 0.456782 0.981509 5.000000 1.000000 -4.863380 0.327496
1434 B A 0.420801 0.951726 5.000000 1.000000 -4.597165 0.399269
1435 B A 0.440049 0.999959 5.000000 1.000000 -5.019197 0.339955
1436 B A 0.399080 0.999869 5.000000 1.000000 -4.971735 0.401458
1437 B A 0.431713 0.966115 5.000000 1.000000 -4.726343 0.374374
1438 B A 0.469620 0.982394 5.000000 1.000000 -4.867434 0.307972
1439 B A 0.426210 0.929690 5.000000 1.000000 -4.420648 0.405635
1440 B A 0.452763 0.966754 5.000000 1.000000 -4.738409 0.343435
1441 B A 0.409698 0.980709 5.000000 1.000000 -4.826449 0.397308
1442 B A 0.466111 0.962800 5.000000 1.000000 -4.702673 0.326842
1443 A A 0.437955 0.980357 5.000000 1.000000 6.467004 0.070648
1444 B A 0.389457 0.949794 5.000000 1.000000 -4.531482 0.445144
1445 B A 0.468448 0.981287 5.000000 1.000000 -4.858479 0.310478
1446 B A 0.418690 0.931491 5.000000 1.000000 -4.428481 0.414991
1447 B A 0.444875 0.982720 5.000000 1.000000 -4.872848 0.344219
1448 B A 0.472729 0.962893 5.000000 1.000000 -4.700538 0.317219
1449 B A 0.436250 0.999109 5.000000 1.000000 -5.010042 0.346208
1450 B B 0.456841 0.981407 5.000000 1.000000 -3.241667 0.000000
1451 B A 0.418419 0.395039 5.000000 1.000000 -0.984732 0.752062
1452 B A 0.449419 0.999880 5.000000 1.000000 -5.021069 0.325953
1453 B A 0.392419 0.966047 5.000000 1.000000 -4.672425 0.431357
1454 B A 0.432725 0.999595 2.000000 1.000000 -3.393575 0.000000
1455 B A 0.411352 0.999758 5.000000 1.000000 -4.991324 0.383121
1456 B A 0.443970 0.945323 5.000000 1.000000 -4.558209 0.370458
1457 B A 0.417903 0.965150 5.000000 1.000000 -4.706013 0.394991
1458 B A 0.450249 0.601715 5.000000 1.000000 -2.093573 0.593618
1459 B A 0.391549 0.309647 5.000000 1.000000 -0.600624 0.818137
1460 B A 0.434429 0.980339 5.000000 1.000000 -4.848267 0.361168
1461 B A 0.453994 0.999999 5.000000 4.000000 -4.190120 0.319010
1462 B A 0.415269 0.981961 5.000000 1.000000 -4.844619 0.388333
1463 A A 0.473659 0.949396 5.000000 1.000000 6.115998 0.050309
1464 B A 0.437227 0.964815 5.000000 1.000000 -4.718496 0.367235
1465 B A 0.453248 0.999998 5.000000 1.000000 -5.022361 0.320129
1466 B A 0.471780 0.978803 5.000000 1.000000 -4.835783 0.307331
1467 B A 0.473986 0.921673 5.000000 3.000000 -4.040372 0.344711
1468 B A 0.455024 0.963701 1.000000 1.000000 -2.665900 0.000000
1469 B B 0.456748 0.999989 5.000000 1.000000 -3.348107 0.000000
1470 B A 0.999541 0.980540 5.000000 1.000000 -1.362149 0.000000
1471 B A 0.471291 0.418601 5.000000 1.000000 -1.081387 0.704075
1472 B A 0.430135 0.941269 5.000000 1.000000 -4.518470 0.392691
1473 B A 0.453616 0.981161 5.000000 1.000000 -4.860581 0.332395
1474 B A 0.417680 0.964407 5.000000 1.000000 -4.699538 0.395780
1475 B A 0.475872 0.981058 5.000000 1.000000 -4.852799 0.299713
1476 B A 0.444465 0.949852 5.000000 1.000000 -4.595919 0.366735
1477 B A 0.403162 0.966903 5.000000 1.000000 -4.699993 0.415272
1478 B A 0.454175 0.984136 5.000000 5.000000 -3.550105 0.329545
1479 B A 0.430319 1.000000 4.000000 1.000000 -4.446771 0.154522
1480 A A 0.474761 0.982377 5.000000 1.000000 6.486283 0.033605
1481 B A 0.427285 0.948927 5.000000 1.000000 -4.579715 0.391806
1482 B A 0.446465 0.981520 5.000000 1.000000 -4.862975 0.342678
1483 B A 0.404941 0.999912 5.000000 1.000000 -4.982659 0.392642
1484 B A 0.453125 0.966798 5.000000 1.000000 -4.738780 0.342880
1485 B A 0.473303 0.923326 5.000000 1.000000 -4.372191 0.344481
1486 B A 0.423313 0.980772 5.000000 1.000000 -4.843423 0.377239
1487 B B 0.384894 0.963497 5.000000 1.000000 -3.089425 0.000000
1488 B A 0.459008 0.981391 5.000000 1.000000 -4.862078 0.324300
1489 B A 0.476552 0.999356 5.000000 1.000000 -5.009707 0.285633
1490 B A 0.435650 0.940099 5.000000 1.000000 -4.512017 0.385668
1491 B A 0.412808 0.999999 5.000000 1.000000 -4.995439 0.380788
1492 B A 0.442619 0.960398 5.000000 1.000000 -4.683479 0.362364
1493 B A 0.458643 0.982074 5.000000 1.000000 -4.867967 0.324368
1494 B A 0.477018 0.963295 5.000000 1.000000 -4.701462 0.310736
1495 B A 0.429871 0.352058 5.000000 1.000000 -0.789487 0.772991
1496 B A 0.400336 0.999773 5.000000 1.000000 -4.973288 0.399632
1497 B A 0.458648 0.763769 5.000000 1.000000 -3.159134 0.474548
1498 B A 0.442104 0.982011 5.000000 1.000000 -4.865995 0.348774
1499 B A 0.475682 0.999866 5.000000 1.000000 -5.014646 0.286573
1500 A A 0.417039 0.999615 5.000000 1.000000 6.663499 0.083122
