1 A A 0.008127 0.279756 1.000000 2.000000 -0.795727 0.097726
2 A A 0.122503 0.513044 1.000000 3.000000 -0.030908 0.037150
3 A A 0.281768 0.534758 1.000000 3.000000 0.327146 0.000000
4 A A 0.803609 0.006225 1.000000 3.000000 -1.007008 0.094997
5 A A 0.610659 0.488844 1.000000 4.000000 0.280795 0.000000
6 A A 0.064564 0.217218 1.000000 5.000000 -1.000410 0.085976
7 A A 0.668270 0.962173 1.000000 5.000000 3.530557 0.000000
8 A A 0.112647 0.106100 2.000000 1.000000 -0.976270 0.188048
9 A A 0.109611 0.638101 2.000000 2.000000 0.625278 0.130057
10 A A 0.238449 0.050022 2.000000 2.000000 -0.959995 0.188072
11 A A 0.409515 0.280763 2.000000 2.000000 -0.312690 0.085023
12 A A 0.521907 0.933585 2.000000 2.000000 3.871260 0.000000
13 A A 0.659555 0.625706 2.000000 2.000000 1.428319 0.000000
14 A A 0.874608 0.407688 2.000000 2.000000 -0.101858 0.000000
15 A A 0.895200 0.802588 2.000000 2.000000 2.066645 0.000000
16 A A 0.069823 0.418361 2.000000 3.000000 -0.591784 0.170789
17 A A 0.500801 0.572491 2.000000 3.000000 1.046349 0.000000
18 A A 0.695006 0.033011 2.000000 3.000000 -0.878314 0.177057
19 A A 0.890763 0.378255 2.000000 3.000000 -0.136619 0.000000
20 A A 0.175237 0.810119 2.000000 4.000000 1.363844 0.058037
21 A A 0.311827 0.355759 2.000000 4.000000 -0.345590 0.089065
22 A A 0.485101 0.778038 2.000000 4.000000 2.319381 0.000000
23 A A 0.922973 0.021927 2.000000 4.000000 -0.993388 0.179762
24 A A 0.791627 0.928813 2.000000 5.000000 3.890073 0.000000
25 A A 0.632315 0.019640 3.000000 1.000000 -0.845345 0.287581
26 A A 0.226429 0.591282 3.000000 2.000000 0.946810 0.166117
27 A A 0.246556 0.264701 3.000000 2.000000 -0.426429 0.234736
28 A A 0.387100 0.700263 3.000000 2.000000 2.314225 0.028928
29 A A 0.986725 0.557654 3.000000 2.000000 0.224104 0.000000
30 A A 0.996435 0.049833 3.000000 2.000000 -1.044036 0.250345
31 A A 0.136920 0.088717 3.000000 3.000000 -1.050735 0.287853
32 A A 0.563058 0.292727 3.000000 3.000000 -0.015281 0.135178
33 A A 0.844224 0.341203 3.000000 3.000000 0.025219 0.011948
34 A A 0.018924 0.074154 3.000000 4.000000 -0.763218 0.298597
35 A A 0.076066 0.357837 3.000000 4.000000 -0.962002 0.272781
36 A A 0.213950 0.849992 3.000000 4.000000 1.737851 0.118144
37 A A 0.339809 0.744844 3.000000 4.000000 1.891170 0.046895
38 A A 0.634806 0.372321 3.000000 4.000000 0.396053 0.063649
39 A A 0.258831 0.804532 3.000000 5.000000 1.317140 0.091762
40 A A 0.624614 0.172508 3.000000 5.000000 -0.473889 0.192249
41 A A 0.732172 0.293710 3.000000 5.000000 0.110861 0.084953
42 A A 0.942233 0.463339 3.000000 5.000000 0.624717 0.000000
43 A A 0.189544 0.238806 4.000000 1.000000 -0.419873 0.354736
44 A A 0.358625 0.007482 4.000000 2.000000 -0.702951 0.397317
45 A A 0.488003 0.284328 4.000000 2.000000 0.255180 0.261247
46 A A 0.752613 0.024645 4.000000 2.000000 -0.672175 0.381452
47 A A 0.769900 0.941012 4.000000 2.000000 4.681420 0.000000
48 A A 0.876858 0.230510 4.000000 2.000000 -0.508651 0.197876
49 A A 0.010548 0.365718 4.000000 3.000000 -0.947042 0.396142
50 A A 0.149972 0.918232 4.000000 3.000000 2.086071 0.262291
51 A A 0.241745 0.243772 4.000000 3.000000 -0.588086 0.341069
52 A A 0.304332 0.910625 4.000000 3.000000 3.658521 0.122867
53 A A 0.713238 0.375602 4.000000 3.000000 0.797635 0.132107
54 A A 0.944665 0.183236 4.000000 3.000000 -0.691116 0.226904
55 A A 0.264391 0.958813 4.000000 4.000000 3.018502 0.146499
56 A A 0.360217 0.813649 4.000000 4.000000 2.753601 0.106910
57 A A 0.470241 0.724682 4.000000 4.000000 2.659542 0.059225
58 A A 0.662009 0.348050 4.000000 4.000000 0.670547 0.169588
59 A A 0.713437 0.886101 4.000000 4.000000 4.829340 0.000000
60 A A 0.794161 0.410150 4.000000 4.000000 0.963842 0.074275
61 A A 0.908107 0.775292 4.000000 4.000000 3.016270 0.000000
62 A A 0.983904 0.542972 4.000000 4.000000 0.919462 0.000000
63 A A 0.851579 0.078433 4.000000 5.000000 -0.500032 0.333208
64 A A 0.556571 0.120638 5.000000 1.000000 -0.196954 0.432857
65 A A 0.721988 0.435147 5.000000 2.000000 1.333280 0.185829
66 A A 0.824710 0.390382 5.000000 2.000000 0.555876 0.178048
67 A A 0.461929 0.716527 5.000000 3.000000 3.365399 0.169016
68 A A 0.051588 0.055738 5.000000 4.000000 -0.396156 0.497125
69 A A 0.228316 0.736584 5.000000 4.000000 1.000998 0.331826
70 A A 0.292189 0.072564 5.000000 4.000000 -0.826677 0.478798
71 A A 0.383943 0.697959 5.000000 4.000000 2.302431 0.232024
72 A A 0.650094 0.564436 5.000000 5.000000 2.383380 0.133063
73 A A 0.665084 0.695886 5.000000 5.000000 3.526333 0.037177
74 A B 0.530631 0.794045 1.000000 1.000000 0.859539 0.000000
75 A B 0.809383 0.097829 1.000000 1.000000 -0.382572 0.000000
76 A B 0.900275 0.402261 1.000000 1.000000 -0.136634 0.000000
77 A B 0.143577 0.992582 1.000000 2.000000 1.296537 0.000000
78 A B 0.674423 0.132028 1.000000 2.000000 -0.346876 0.066436
79 A B 0.036799 0.461544 1.000000 3.000000 -0.139794 0.274523
80 A B 0.884793 0.185971 1.000000 3.000000 -0.329021 0.053181
81 A B 0.745105 0.967377 1.000000 4.000000 1.440611 0.000000
82 A B 0.771771 0.203820 1.000000 4.000000 -0.283133 0.164046
83 A B 0.810393 0.211283 1.000000 5.000000 -0.276969 0.243166
84 A B 0.289766 0.044329 2.000000 1.000000 -0.356422 0.080732
85 A B 0.457511 0.686119 2.000000 1.000000 0.750677 0.000000
86 A B 0.609611 0.041110 2.000000 1.000000 -0.368864 0.062408
87 A B 0.697353 0.606057 2.000000 1.000000 0.465438 0.000000
88 A B 0.087679 0.060499 2.000000 2.000000 -0.418005 0.192043
89 A B 0.861146 0.748336 2.000000 2.000000 0.726675 0.000000
90 A B 0.034499 0.865617 2.000000 3.000000 0.537190 0.255205
91 A B 0.167156 0.666997 2.000000 3.000000 0.302688 0.132761
92 A B 0.451080 0.828655 2.000000 3.000000 1.123163 0.000000
93 A B 0.510520 0.227721 2.000000 3.000000 -0.205171 0.125616
94 A B 0.597029 0.874788 2.000000 3.000000 1.342441 0.000000
95 A B 0.853499 0.517595 2.000000 3.000000 0.236888 0.000000
96 A B 0.867799 0.820406 2.000000 3.000000 1.015033 0.000000
97 A B 0.968218 0.257369 2.000000 3.000000 -0.267836 0.000000
98 A B 0.105510 0.430738 2.000000 4.000000 -0.256370 0.331830
99 A B 0.439744 0.677272 2.000000 4.000000 0.606047 0.000000
100 A B 0.765607 0.722679 2.000000 4.000000 0.863218 0.000000
101 A B 0.031083 0.998743 3.000000 1.000000 1.204710 0.053434
102 A B 0.041621 0.369723 3.000000 1.000000 -0.200145 0.076918
103 A B 0.233545 0.134218 3.000000 1.000000 -0.278475 0.052981
104 A B 0.454111 0.275628 3.000000 1.000000 -0.014302 0.000000
105 A B 0.199338 0.081517 3.000000 2.000000 -0.374866 0.175626
106 A B 0.435522 0.148935 3.000000 2.000000 -0.205476 0.102703
107 A B 0.506477 0.680046 3.000000 2.000000 0.916063 0.000000
108 A B 0.814577 0.729017 3.000000 2.000000 0.867925 0.000000
109 A B 0.963014 0.206842 3.000000 2.000000 -0.342021 0.000000
110 A B 0.976291 0.894182 3.000000 2.000000 0.948589 0.000000
111 A B 0.044584 0.888806 3.000000 3.000000 0.472977 0.240560
112 A B 0.223041 0.115271 3.000000 3.000000 -0.368472 0.261435
113 A B 0.246919 0.473555 3.000000 3.000000 0.068259 0.124605
114 A B 0.276831 0.688911 3.000000 3.000000 0.605136 0.013932
115 A B 0.426414 0.574807 3.000000 3.000000 0.534797 0.000000
116 A B 0.735285 0.236368 3.000000 3.000000 -0.069919 0.039304
117 A B 0.181873 0.472121 3.000000 4.000000 -0.159562 0.271201
118 A B 0.184813 0.495292 3.000000 4.000000 -0.122349 0.262696
119 A B 0.316136 0.642615 3.000000 4.000000 0.440928 0.095269
120 A B 0.325131 0.772979 3.000000 4.000000 0.802587 0.023021
121 A B 0.543002 0.788815 3.000000 4.000000 1.193766 0.000000
122 A B 0.647960 0.251593 3.000000 4.000000 -0.047975 0.155467
123 A B 0.797007 0.593996 3.000000 4.000000 0.672485 0.000000
124 A B 0.023393 0.331161 3.000000 5.000000 -0.390804 0.488380
125 A B 0.250865 0.441516 4.000000 2.000000 0.181965 0.033858
126 A B 0.306982 0.268914 4.000000 2.000000 -0.021280 0.076173
127 A B 0.394982 0.318601 4.000000 2.000000 0.146813 0.011238
128 A B 0.760227 0.508728 4.000000 2.000000 0.511466 0.000000
129 A B 0.096313 0.970501 4.000000 3.000000 0.751844 0.159793
130 A B 0.468521 0.085150 4.000000 3.000000 -0.230090 0.240158
131 A B 0.672585 0.445053 4.000000 3.000000 0.486766 0.000000
132 A B 0.351728 0.930637 4.000000 4.000000 1.468738 0.000000
133 A B 0.687295 0.769833 4.000000 4.000000 1.487123 0.000000
134 A B 0.529400 0.380964 4.000000 5.000000 0.146075 0.197476
135 A B 0.543620 0.492765 4.000000 5.000000 0.411017 0.098184
136 A B 0.576123 0.481210 4.000000 5.000000 0.432737 0.084146
137 A B 0.754679 0.420737 4.000000 5.000000 0.457844 0.023718
138 A B 0.204345 0.670285 5.000000 1.000000 0.864592 0.000000
139 A B 0.376863 0.223845 5.000000 1.000000 0.142193 0.000000
140 A B 0.061512 0.892289 5.000000 2.000000 0.616140 0.117670
141 A B 0.348323 0.297482 5.000000 2.000000 0.181281 0.044570
142 A B 0.883124 0.996451 5.000000 2.000000 1.781848 0.000000
143 A B 0.997056 0.947674 5.000000 2.000000 1.002678 0.000000
144 A B 0.466445 0.944495 5.000000 3.000000 2.237443 0.000000
145 A B 0.655940 0.561977 5.000000 3.000000 1.001912 0.000000
146 A B 0.816811 0.645286 5.000000 3.000000 1.054481 0.000000
147 A B 0.097419 0.600037 5.000000 4.000000 -0.286536 0.312317
148 A B 0.054940 0.619273 5.000000 5.000000 -0.401597 0.448965
149 A B 0.432287 0.100561 5.000000 5.000000 -0.280899 0.434793
150 A B 0.645680 0.964693 5.000000 5.000000 2.438220 0.000000
151 B A 0.483158 0.706729 1.000000 1.000000 -1.157410 0.000000
152 B A 0.914583 0.450523 1.000000 1.000000 0.137639 0.000000
153 B A 0.866007 0.159710 1.000000 2.000000 0.662756 0.000000
154 B A 0.588649 0.139931 1.000000 3.000000 0.649390 0.076445
155 B A 0.976847 0.897277 1.000000 3.000000 -1.930742 0.000000
156 B A 0.021066 0.901844 1.000000 4.000000 -1.305569 0.171503
157 B A 0.406406 0.247888 1.000000 4.000000 0.506777 0.048886
158 B A 0.838881 0.141828 1.000000 5.000000 0.635790 0.021534
159 B A 0.547861 0.883322 2.000000 1.000000 -2.547339 0.000000
160 B A 0.123497 0.345529 2.000000 2.000000 0.416998 0.335992
161 B A 0.412976 0.123483 2.000000 2.000000 0.561663 0.323506
162 B A 0.509742 0.064902 2.000000 2.000000 0.661432 0.350375
163 B A 0.558550 0.413569 2.000000 2.000000 -0.181538 0.053502
164 B A 0.629468 0.614053 2.000000 2.000000 -1.022539 0.000000
165 B A 0.836351 0.647607 2.000000 2.000000 -0.928193 0.000000
166 B A 0.937824 0.578833 2.000000 2.000000 -0.377236 0.000000
167 B A 0.046801 0.845072 2.000000 3.000000 -0.955830 0.340675
168 B A 0.202910 0.176086 2.000000 3.000000 0.670228 0.346406
169 B A 0.232113 0.222226 2.000000 3.000000 0.570886 0.322628
170 B A 0.743140 0.925322 2.000000 3.000000 -2.825941 0.000000
171 B A 0.932826 0.397089 2.000000 3.000000 0.114085 0.000000
172 B A 0.118625 0.863308 2.000000 4.000000 -1.048304 0.246385
173 B A 0.177445 0.197778 2.000000 4.000000 0.722939 0.347358
174 B A 0.206919 0.544161 2.000000 4.000000 -0.051730 0.231104
175 B A 0.392377 0.690896 2.000000 4.000000 -1.126379 0.000000
176 B A 0.269822 0.937149 3.000000 1.000000 -3.094492 0.220704
177 B A 0.270724 0.499037 3.000000 1.000000 -0.634652 0.397348
178 B A 0.927467 0.622276 3.000000 1.000000 -0.382874 0.000000
179 B A 0.474847 0.193065 3.000000 2.000000 0.285799 0.462485
180 B A 0.801514 0.179006 3.000000 2.000000 0.407942 0.384786
181 B A 0.953648 0.394177 3.000000 2.000000 0.243075 0.036142
182 B A 0.013647 0.093163 3.000000 3.000000 0.694202 0.598093
183 B A 0.196428 0.424723 3.000000 3.000000 0.191278 0.474859
184 B A 0.217644 0.751511 3.000000 3.000000 -1.160983 0.354657
185 B A 0.285756 0.459023 3.000000 3.000000 -0.205516 0.403247
186 B A 0.613581 0.952091 3.000000 3.000000 -3.542520 0.000000
187 B A 0.619364 0.870372 3.000000 3.000000 -2.956114 0.000000
188 B A 0.773608 0.108108 3.000000 3.000000 0.451275 0.474550
189 B A 0.957691 0.437928 3.000000 3.000000 -0.044589 0.000000
190 B A 0.164384 0.194061 3.000000 4.000000 0.759910 0.552149
191 B A 0.192675 0.388943 3.000000 4.000000 0.453631 0.487591
192 B A 0.490736 0.300135 3.000000 4.000000 0.100311 0.379069
193 B A 0.498708 0.879673 3.000000 4.000000 -2.730886 0.000000
194 B A 0.536149 0.384358 3.000000 4.000000 -0.224225 0.290891
195 B A 0.680912 0.913511 3.000000 4.000000 -3.300009 0.000000
196 B A 0.843250 0.582512 3.000000 4.000000 -1.108250 0.000000
197 B A 0.402485 0.010606 3.000000 5.000000 0.709793 0.593597
198 B A 0.719263 0.666555 4.000000 1.000000 -1.664828 0.080858
199 B A 0.029499 0.781832 4.000000 2.000000 -0.560189 0.765405
200 B A 0.057202 0.853582 4.000000 2.000000 -1.052255 0.726760
201 B A 0.073029 0.676622 4.000000 2.000000 -0.372462 0.725880
202 B A 0.211053 0.585113 4.000000 2.000000 -0.731092 0.614766
203 B A 0.621313 0.160911 4.000000 2.000000 0.181551 0.650036
204 B A 0.781562 0.921317 4.000000 2.000000 -3.306326 0.000000
205 B A 0.827730 0.761254 4.000000 2.000000 -1.995750 0.000000
206 B A 0.153008 0.150933 4.000000 3.000000 0.760352 0.765359
207 B A 0.262132 0.038050 4.000000 3.000000 0.665771 0.785039
208 B A 0.319479 0.807385 4.000000 3.000000 -2.179294 0.413086
209 B A 0.577903 0.547318 4.000000 3.000000 -1.355813 0.325555
210 B A 0.590699 0.335367 4.000000 3.000000 -0.396048 0.502849
211 B A 0.897659 0.551582 4.000000 3.000000 -0.825933 0.057301
212 B A 0.980118 0.819489 4.000000 3.000000 -1.771923 0.000000
213 B A 0.297582 0.586748 4.000000 4.000000 -0.583094 0.538091
214 B A 0.415857 0.853073 4.000000 4.000000 -2.593518 0.267866
215 B A 0.677109 0.823833 4.000000 4.000000 -3.153143 0.000000
216 B A 0.935164 0.837111 4.000000 4.000000 -2.521320 0.000000
217 B A 0.002581 0.144513 4.000000 5.000000 0.082340 0.799440
218 B A 0.079865 0.503264 4.000000 5.000000 0.756384 0.739710
219 B A 0.383004 0.028545 4.000000 5.000000 0.666351 0.783601
220 B A 0.449447 0.612023 4.000000 5.000000 -1.032502 0.387392
221 B A 0.820496 0.710323 5.000000 1.000000 -1.558682 0.125774
222 B A 0.293774 0.656516 5.000000 2.000000 -1.759308 0.710699
223 B A 0.684550 0.187345 5.000000 2.000000 -0.090364 0.807630
224 B A 0.889156 0.327048 5.000000 2.000000 0.110019 0.563805
225 B A 0.911677 0.304326 5.000000 2.000000 0.271919 0.583830
226 B A 0.858930 0.272284 5.000000 3.000000 -0.078346 0.649190
227 B A 0.737931 0.403843 5.000000 4.000000 -1.091220 0.552988
228 B B 0.006326 0.976396 1.000000 1.000000 -1.462239 0.125921
229 B B 0.083115 0.112707 1.000000 1.000000 0.495404 0.122092
230 B B 0.302724 0.315199 1.000000 1.000000 0.214495 0.018831
231 B B 0.090566 0.361951 1.000000 2.000000 0.264301 0.227330
232 B B 0.369074 0.127823 1.000000 2.000000 0.438432 0.210055
233 B B 0.356024 0.982623 1.000000 3.000000 -1.757290 0.000000
234 B B 0.372978 0.059239 1.000000 3.000000 0.487311 0.373486
235 B B 0.343661 0.868197 1.000000 4.000000 -1.208309 0.175294
236 B B 0.516141 0.737821 1.000000 4.000000 -0.837391 0.076350
237 B B 0.602855 0.599265 1.000000 4.000000 -0.429225 0.099810
238 B B 0.783807 0.336973 1.000000 4.000000 0.163248 0.216388
239 B B 0.904739 0.835643 1.000000 4.000000 -1.168515 0.000000
240 B B 0.441703 0.731216 1.000000 5.000000 -0.736527 0.279090
241 B B 0.564577 0.166461 2.000000 1.000000 0.337632 0.020557
242 B B 0.703978 0.537260 2.000000 1.000000 -0.377237 0.000000
243 B B 0.776990 0.467998 2.000000 1.000000 -0.133273 0.000000
244 B B 0.161482 0.840372 2.000000 2.000000 -1.068822 0.103821
245 B B 0.523472 0.515197 2.000000 2.000000 -0.382687 0.000000
246 B B 0.848532 0.119217 2.000000 2.000000 0.431134 0.145275
247 B B 0.335342 0.663147 2.000000 3.000000 -0.681700 0.133143
248 B B 0.552981 0.255676 2.000000 3.000000 0.204756 0.230339
249 B B 0.638770 0.985509 2.000000 3.000000 -2.198664 0.000000
250 B B 0.729230 0.069334 2.000000 3.000000 0.409517 0.339327
251 B B 0.140353 0.799239 2.000000 4.000000 -0.554958 0.398722
252 B B 0.320518 0.659324 2.000000 4.000000 -0.545454 0.279743
253 B B 0.330083 0.483656 2.000000 4.000000 -0.098319 0.341757
254 B B 0.364196 0.169750 2.000000 4.000000 0.382152 0.459147
255 B B 0.419207 0.635690 2.000000 4.000000 -0.604431 0.213551
256 B B 0.596039 0.741730 2.000000 4.000000 -1.113813 0.002813
257 B B 0.691669 0.308492 2.000000 4.000000 0.073994 0.277284
258 B B 0.831775 0.856917 2.000000 4.000000 -1.553089 0.000000
259 B B 0.130270 0.313151 2.000000 5.000000 0.476674 0.617714
260 B B 0.158348 0.094673 2.000000 5.000000 0.521223 0.648677
261 B B 0.569045 0.909043 2.000000 5.000000 -1.713584 0.045924
262 B B 0.642736 0.505234 2.000000 5.000000 -0.348409 0.276988
263 B B 0.872093 0.978595 2.000000 5.000000 -2.112593 0.000000
264 B B 0.329849 0.427239 3.000000 1.000000 -0.308374 0.000000
265 B B 0.101886 0.013428 3.000000 2.000000 0.524932 0.265025
266 B B 0.947989 0.785950 3.000000 2.000000 -0.885172 0.000000
267 B B 0.154012 0.528068 3.000000 3.000000 0.021720 0.302405
268 B B 0.708262 0.955015 3.000000 3.000000 -2.367470 0.000000
269 B B 0.757112 0.454060 3.000000 3.000000 -0.395495 0.000000
270 B B 0.255213 0.524716 3.000000 4.000000 -0.083714 0.372636
271 B B 0.973265 0.448242 3.000000 4.000000 -0.137639 0.009823
272 B B 0.274273 0.214564 3.000000 5.000000 0.429152 0.596048
273 B B 0.445119 0.607018 3.000000 5.000000 -0.558000 0.342433
274 B B 0.747783 0.002074 3.000000 5.000000 0.381823 0.664805
275 B B 0.951919 0.832144 3.000000 5.000000 -1.581419 0.000000
276 B B 0.700307 0.906047 4.000000 1.000000 -2.170906 0.000000
277 B B 0.925269 0.035362 4.000000 1.000000 0.521471 0.094070
278 B B 0.085625 0.759169 4.000000 2.000000 -0.524877 0.188662
279 B B 0.127080 0.754512 4.000000 2.000000 -0.679647 0.151606
280 B B 0.399465 0.201844 4.000000 2.000000 0.062070 0.169911
281 B B 0.420141 0.154064 4.000000 2.000000 0.142367 0.188992
282 B B 0.479729 0.523266 4.000000 2.000000 -0.812775 0.000000
283 B B 0.494339 0.242333 4.000000 2.000000 -0.032361 0.122913
284 B B 0.583413 0.288898 4.000000 2.000000 -0.144563 0.064411
285 B B 0.917082 0.628534 4.000000 2.000000 -0.520663 0.000000
286 B B 0.373792 0.790812 4.000000 3.000000 -1.563864 0.045280
287 B B 0.964478 0.555758 4.000000 3.000000 -0.362394 0.000000
288 B B 0.114715 0.325797 4.000000 4.000000 0.506316 0.488485
289 B B 0.170819 0.567327 4.000000 4.000000 0.115205 0.417041
290 B B 0.788292 0.321931 4.000000 4.000000 -0.253542 0.228803
291 B B 0.340367 0.532505 4.000000 5.000000 -0.183590 0.449170
292 B B 0.605818 0.633284 4.000000 5.000000 -1.117911 0.206281
293 B B 0.134157 0.261843 5.000000 1.000000 0.244988 0.091180
294 B B 0.429739 0.719337 5.000000 1.000000 -1.899319 0.000000
295 B B 0.537193 0.650926 5.000000 1.000000 -1.549392 0.000000
296 B B 0.991694 0.706206 5.000000 1.000000 -0.139491 0.000000
297 B B 0.519909 0.350660 5.000000 3.000000 -0.434402 0.181227
298 B B 0.573165 0.479161 5.000000 4.000000 -0.824128 0.203767
299 B B 0.582748 0.988625 5.000000 4.000000 -3.151580 0.000000
300 B B 0.725584 0.764410 5.000000 5.000000 -2.167758 0.001095
301 B A 0.675041 0.918880 5.000000 3.000000 -4.354533 0.069578
302 B A 0.668744 0.929227 5.000000 3.000000 -4.442694 0.067878
303 B A 0.664271 0.933568 5.000000 3.000000 -4.480265 0.069787
304 B A 0.669395 0.921467 5.000000 3.000000 -4.379138 0.074762
305 B A 0.663962 0.929108 5.000000 3.000000 -4.443841 0.074661
306 B A 0.669375 0.924789 5.000000 3.000000 -4.406156 0.071455
307 B A 0.663043 0.927110 5.000000 3.000000 -4.427835 0.077930
308 B A 0.667697 0.927439 5.000000 3.000000 -4.428629 0.071128
309 B A 0.667639 0.927408 5.000000 3.000000 -4.428400 0.071239
310 B A 0.665092 0.923521 5.000000 3.000000 -4.397839 0.078661
311 B A 0.667718 0.939858 5.000000 3.000000 -4.530477 0.058659
312 B A 0.674626 0.942435 5.000000 3.000000 -4.547363 0.046314
313 B A 0.670006 0.926934 5.000000 3.000000 -4.423285 0.068423
314 B A 0.677430 0.927002 5.000000 3.000000 -4.418592 0.058032
315 B A 0.668906 0.928667 5.000000 3.000000 -4.438041 0.068213
316 B A 0.667516 0.922697 5.000000 3.000000 -4.390090 0.076127
317 B A 0.668644 0.934654 5.000000 3.000000 -4.487192 0.062574
318 B A 0.663689 0.937576 5.000000 3.000000 -4.513413 0.066611
319 B A 0.666720 0.931398 5.000000 3.000000 -4.461459 0.068527
320 B A 0.669969 0.923342 5.000000 3.000000 -4.394054 0.072084
321 B A 0.671654 0.926220 5.000000 3.000000 -4.416479 0.066850
322 B A 0.655466 0.927120 5.000000 3.000000 -4.429404 0.088457
323 B A 0.659774 0.919972 5.000000 3.000000 -4.370576 0.089539
324 B A 0.663251 0.935291 5.000000 3.000000 -4.494778 0.069501
325 B A 0.664683 0.935574 5.000000 3.000000 -4.496581 0.067209
326 B A 0.658106 0.935411 5.000000 3.000000 -4.497058 0.076601
327 B A 0.664861 0.939498 5.000000 3.000000 -4.528800 0.063048
328 B A 0.663812 0.934893 5.000000 3.000000 -4.491306 0.069111
329 B A 0.654997 0.945431 5.000000 3.000000 -4.580166 0.071119
330 B A 0.649865 0.945343 5.000000 3.000000 -4.579367 0.078482
331 B A 0.647756 0.943928 5.000000 3.000000 -4.567362 0.082847
332 B A 0.644260 0.944331 5.000000 3.000000 -4.569933 0.087408
333 B A 0.642532 0.956328 5.000000 3.000000 -4.669384 0.078293
334 B A 0.640381 0.948172 5.000000 3.000000 -4.600556 0.089213
335 B A 0.644602 0.949846 5.000000 3.000000 -4.615857 0.081592
336 B A 0.632539 0.952745 5.000000 3.000000 -4.634740 0.096028
337 B A 0.638218 0.954368 5.000000 3.000000 -4.651323 0.086358
338 B A 0.633917 0.956858 5.000000 3.000000 -4.669968 0.090147
339 B A 0.635739 0.960029 5.000000 3.000000 -4.697564 0.084509
340 B A 0.632385 0.961929 5.000000 3.000000 -4.711636 0.087536
341 B A 0.631954 0.957710 5.000000 3.000000 -4.675935 0.092157
342 B A 0.630751 0.954468 5.000000 3.000000 -4.648005 0.096952
343 B A 0.630853 0.957294 5.000000 3.000000 -4.671737 0.094132
344 B A 0.632009 0.960983 5.000000 3.000000 -4.703442 0.088975
345 B A 0.632224 0.959730 5.000000 3.000000 -4.693047 0.089854
346 B A 0.627673 0.965436 5.000000 3.000000 -4.737976 0.091033
347 B A 0.630790 0.960732 5.000000 3.000000 -4.700556 0.090969
348 B A 0.629240 0.961895 5.000000 3.000000 -4.709272 0.092106
349 B A 0.623793 0.961711 5.000000 3.000000 -4.703496 0.100137
350 B A 0.629202 0.961951 5.000000 3.000000 -4.709721 0.092107
351 B A 0.630220 0.963218 5.000000 3.000000 -4.721087 0.089441
352 B A 0.626281 0.963437 5.000000 3.000000 -4.720057 0.094927
353 B A 0.628617 0.964085 5.000000 3.000000 -4.727277 0.090939
354 B A 0.628163 0.965315 5.000000 3.000000 -4.737319 0.090437
355 B A 0.621914 0.967043 5.000000 3.000000 -4.746809 0.097873
356 B A 0.625446 0.967325 5.000000 3.000000 -4.752195 0.092486
357 B A 0.618645 0.967698 5.000000 3.000000 -4.749266 0.102007
358 B A 0.622593 0.971925 5.000000 3.000000 -4.788726 0.092330
359 B A 0.621728 0.971339 5.000000 3.000000 -4.782988 0.094137
360 B A 0.623352 0.968525 5.000000 3.000000 -4.760595 0.094402
361 B A 0.617292 0.967693 5.000000 3.000000 -4.747871 0.103976
362 B A 0.609949 0.999433 5.000000 3.000000 -5.011258 0.085596
363 B A 0.613100 0.975453 5.000000 3.000000 -4.809170 0.102925
364 B A 0.607524 0.999567 5.000000 3.000000 -5.009436 0.089108
365 B A 0.613194 0.976308 5.000000 3.000000 -4.816545 0.102001
366 B A 0.612721 0.993198 5.000000 3.000000 -4.960638 0.087171
367 B A 0.610268 0.997892 5.000000 3.000000 -4.998312 0.086527
368 B A 0.608903 0.998804 5.000000 3.000000 -5.004549 0.087737
369 B A 0.610131 0.991775 5.000000 3.000000 -4.945368 0.092331
370 B A 0.606196 0.997870 5.000000 3.000000 -4.993059 0.092642
371 B A 0.608694 0.990513 5.000000 3.000000 -4.932772 0.095620
372 B A 0.605237 0.999676 5.000000 3.000000 -5.007435 0.092439
373 B A 0.605657 0.996832 5.000000 3.000000 -4.983388 0.094392
374 B A 0.603200 0.999635 5.000000 3.000000 -5.004355 0.095530
375 B A 0.596948 0.997810 5.000000 3.000000 -4.979623 0.106538
376 B A 0.609946 0.998032 5.000000 3.000000 -4.999137 0.086881
377 B A 0.602369 0.998413 5.000000 3.000000 -4.992637 0.097881
378 B A 0.600158 0.999758 5.000000 3.000000 -5.001174 0.099981
379 B A 0.603872 0.997756 5.000000 3.000000 -4.989007 0.096225
380 B A 0.601584 0.999836 5.000000 3.000000 -5.003861 0.097772
381 B A 0.601749 0.998923 5.000000 3.000000 -4.996195 0.098349
382 B A 0.603314 0.996259 5.000000 3.000000 -4.975323 0.098414
383 B A 0.597137 0.997948 5.000000 3.000000 -4.981090 0.106133
384 B A 0.602202 0.999033 5.000000 3.000000 -4.997775 0.097570
385 B A 0.599229 0.997422 5.000000 3.000000 -4.979628 0.103474
386 B A 0.594369 0.998079 5.000000 3.000000 -4.978003 0.110160
387 B A 0.593701 0.999641 5.000000 3.000000 -4.990466 0.109769
388 B A 0.592675 0.999452 5.000000 3.000000 -4.987206 0.111475
389 B A 0.597431 0.999633 5.000000 3.000000 -4.996102 0.104183
390 B A 0.595212 0.997643 5.000000 3.000000 -4.975541 0.109286
391 B A 0.588013 0.997060 5.000000 3.000000 -4.958893 0.120574
392 B A 0.592811 0.997996 5.000000 3.000000 -4.974835 0.112565
393 B A 0.594052 0.998172 5.000000 3.000000 -4.978311 0.110550
394 B A 0.563869 0.991686 5.000000 3.000000 -4.866481 0.161228
395 B A 0.587582 0.997937 5.000000 3.000000 -4.965734 0.120446
396 B A 0.574645 0.996846 5.000000 3.000000 -4.932766 0.140751
397 B A 0.591664 0.993081 5.000000 3.000000 -4.930611 0.118644
398 B A 0.560784 0.997146 5.000000 3.000000 -4.906713 0.161225
399 B A 0.593663 0.999313 5.000000 3.000000 -4.987572 0.110117
400 B A 0.592796 0.998527 5.000000 3.000000 -4.979404 0.112116
401 B A 0.576006 0.982655 5.000000 3.000000 -4.813729 0.150978
402 B A 0.594717 0.983240 5.000000 3.000000 -4.851011 0.122876
403 B A 0.549871 0.995482 5.000000 3.000000 -4.867602 0.178920
404 B A 0.586324 0.998377 5.000000 3.000000 -4.967392 0.121942
405 B A 0.567059 0.998291 5.000000 3.000000 -4.929956 0.150865
406 B A 0.597039 0.999563 5.000000 3.000000 -4.994914 0.104833
407 B A 0.576734 0.982198 5.000000 3.000000 -4.811217 0.150299
408 B A 0.600147 0.999576 5.000000 3.000000 -4.999582 0.100161
409 B A 0.559256 0.977495 5.000000 3.000000 -4.735615 0.179995
410 B A 0.598954 0.979154 5.000000 3.000000 -4.822472 0.120298
411 B A 0.574510 0.999588 5.000000 3.000000 -4.956154 0.138590
412 B A 0.603242 0.979125 5.000000 3.000000 -4.828221 0.114026
413 B A 0.545950 0.999519 5.000000 3.000000 -4.892857 0.181468
414 B A 0.600040 0.979573 5.000000 3.000000 -4.827596 0.118326
415 B A 0.575373 0.980538 5.000000 3.000000 -4.794489 0.153737
416 B A 0.553719 0.999956 5.000000 3.000000 -4.915031 0.169457
417 B A 0.602992 0.978857 5.000000 3.000000 -4.825606 0.114635
418 B A 0.581420 0.999452 5.000000 3.000000 -4.967993 0.128348
419 B A 0.602026 0.979842 5.000000 3.000000 -4.832673 0.115164
420 B A 0.568369 0.978587 5.000000 3.000000 -4.764085 0.165702
421 B A 0.604030 0.982455 5.000000 3.000000 -4.857703 0.109852
422 B A 0.581752 0.999232 5.000000 3.000000 -4.966695 0.128043
423 B A 0.603559 0.980811 5.000000 3.000000 -4.843036 0.112033
424 B A 0.538153 0.980055 5.000000 3.000000 -4.707659 0.208871
425 B A 0.584422 0.979239 5.000000 3.000000 -4.799969 0.141568
426 B A 0.563261 0.999622 5.000000 3.000000 -4.933402 0.155428
427 B A 0.599032 0.999287 5.000000 3.000000 -4.995474 0.102093
428 B A 0.605150 0.982700 5.000000 3.000000 -4.861277 0.107979
429 B A 0.609710 0.999828 5.000000 3.000000 -5.014390 0.085593
430 B A 0.611110 0.977437 5.000000 3.000000 -4.823776 0.104017
431 B A 0.571516 0.976487 5.000000 3.000000 -4.752573 0.162883
432 B A 0.585135 0.999855 5.000000 3.000000 -4.978101 0.122425
433 B A 0.552868 0.975987 5.000000 3.000000 -4.708592 0.190612
434 B A 0.609330 0.999353 5.000000 3.000000 -5.009822 0.086596
435 B A 0.610473 0.977175 5.000000 3.000000 -4.820791 0.105191
436 B A 0.576416 0.981229 5.000000 3.000000 -4.802352 0.151607
437 B A 0.605385 0.978813 5.000000 3.000000 -4.828415 0.111161
438 B A 0.612062 0.998162 5.000000 3.000000 -5.002749 0.083594
439 B A 0.609630 0.999002 5.000000 3.000000 -5.007144 0.086468
440 B A 0.614000 0.971367 5.000000 3.000000 -4.775485 0.105371
441 B A 0.559001 0.977976 5.000000 3.000000 -4.739135 0.179965
442 B A 0.580546 0.999063 5.000000 3.000000 -4.963040 0.129997
443 B A 0.609899 0.975189 5.000000 3.000000 -4.803214 0.107850
444 B A 0.533874 0.999657 5.000000 3.000000 -4.863498 0.199464
445 B A 0.583692 0.963472 5.000000 3.000000 -4.665290 0.156443
446 B A 0.616221 0.976865 5.000000 3.000000 -4.824565 0.097053
447 B A 0.559937 0.999849 5.000000 3.000000 -4.928130 0.160221
448 B A 0.588419 0.955505 5.000000 3.000000 -4.606496 0.156644
449 B A 0.610354 0.999919 5.000000 3.000000 -5.015954 0.084544
450 B A 0.608303 0.979173 5.000000 3.000000 -4.835187 0.106549
451 B A 0.615311 0.977487 5.000000 3.000000 -4.828898 0.097813
452 B A 0.640647 0.956814 5.000000 3.000000 -4.672798 0.080530
453 B A 0.568987 0.977703 5.000000 3.000000 -4.757830 0.165550
454 B A 0.611845 0.998674 5.000000 3.000000 -5.006923 0.083449
455 B A 0.615080 0.956129 5.000000 3.000000 -4.648253 0.117855
456 B A 0.644676 0.976218 5.000000 3.000000 -4.837767 0.055983
457 B A 0.615382 0.979657 5.000000 3.000000 -4.847472 0.095705
458 B A 0.582606 0.999910 5.000000 3.000000 -4.974097 0.126170
459 B A 0.612953 0.958503 5.000000 3.000000 -4.665829 0.118723
460 B A 0.645145 0.999489 5.000000 3.000000 -5.037421 0.032777
461 B A 0.643607 0.980343 5.000000 3.000000 -4.872608 0.053567
462 B A 0.643567 0.955985 5.000000 3.000000 -4.666824 0.077140
463 B A 0.570998 0.999734 5.000000 3.000000 -4.950460 0.143731
464 B A 0.621008 0.978462 5.000000 3.000000 -4.842868 0.088551
465 B A 0.543593 0.999802 5.000000 3.000000 -4.889504 0.184772
466 B A 0.641186 0.968867 5.000000 3.000000 -4.774419 0.068164
467 B A 0.587008 0.952721 5.000000 3.000000 -4.580904 0.161117
468 B A 0.619009 0.979451 5.000000 3.000000 -4.849412 0.090566
469 B A 0.590651 0.980309 5.000000 3.000000 -4.819567 0.131470
470 B A 0.563806 0.963630 5.000000 3.000000 -4.628444 0.185049
471 B A 0.618826 0.980389 5.000000 3.000000 -4.857236 0.089965
472 B A 0.645035 0.952556 5.000000 3.000000 -4.638560 0.078353
473 B A 0.596051 0.981622 5.000000 3.000000 -4.839223 0.122355
474 B A 0.578281 0.998671 5.000000 3.000000 -4.955453 0.133730
475 B A 0.613760 0.999318 5.000000 3.000000 -5.014666 0.079987
476 B A 0.646061 0.971187 5.000000 3.000000 -4.795398 0.058831
477 B A 0.620816 0.953402 5.000000 3.000000 -4.631164 0.112169
478 B A 0.610012 0.981808 5.000000 3.000000 -4.859755 0.101628
479 B A 0.642533 0.998913 5.000000 3.000000 -5.031781 0.037248
480 B A 0.637575 0.964365 5.000000 3.000000 -4.734951 0.077717
481 B A 0.627870 0.980895 5.000000 3.000000 -4.869322 0.076188
482 B A 0.643757 0.999017 5.000000 3.000000 -5.033017 0.035313
483 B A 0.647641 0.999684 5.000000 3.000000 -5.039530 0.028845
484 B A 0.643348 0.950948 5.000000 3.000000 -4.624690 0.082314
485 B A 0.651805 0.999733 5.000000 3.000000 -5.040205 0.022554
486 B A 0.648889 0.968053 5.000000 3.000000 -4.769342 0.057760
487 B A 0.694573 0.976030 5.000000 3.000000 -4.804206 0.000000
488 B A 0.699402 0.981051 5.000000 3.000000 -4.838338 0.000000
489 B A 0.689580 0.999681 5.000000 3.000000 -5.013267 0.000000
490 B A 0.690723 0.950390 5.000000 3.000000 -4.595758 0.015315
491 B A 0.685572 0.963495 5.000000 3.000000 -4.711581 0.009182
492 B A 0.704614 0.980826 5.000000 3.000000 -4.826353 0.000000
493 B A 0.647156 0.999831 5.000000 3.000000 -5.040741 0.029430
494 B A 0.684558 0.948207 5.000000 3.000000 -4.585560 0.026346
495 B A 0.648784 0.979211 5.000000 3.000000 -4.863949 0.047055
496 B A 0.650516 0.999667 5.000000 3.000000 -5.039621 0.024551
497 B A 0.648051 0.965189 5.000000 3.000000 -4.745079 0.061763
498 B A 0.716496 0.980283 5.000000 3.000000 -4.794327 0.000000
499 B A 0.689349 0.963799 5.000000 3.000000 -4.709241 0.003409
500 B A 0.649442 0.980303 5.000000 3.000000 -4.873314 0.045025
501 B A 0.645287 0.946815 5.000000 3.000000 -4.590813 0.083550
502 B A 0.654866 0.985871 5.000000 3.000000 -4.920813 0.031579
503 B A 0.631150 0.964340 5.000000 3.000000 -4.731155 0.087035
504 B A 0.686229 0.998630 5.000000 3.000000 -5.008829 0.000000
505 B A 0.653154 0.999431 5.000000 3.000000 -5.037546 0.020827
506 B A 0.715526 0.999987 5.000000 3.000000 -4.963946 0.000000
507 B A 0.686945 0.966856 5.000000 3.000000 -4.738034 0.003734
508 B A 0.695218 0.979091 5.000000 3.000000 -4.829011 0.000000
509 B A 0.680063 0.946806 5.000000 3.000000 -4.578751 0.034169
510 B A 0.654898 0.981466 5.000000 3.000000 -4.883188 0.035860
511 B A 0.655048 0.981094 5.000000 3.000000 -4.880004 0.036004
512 B A 0.712495 0.960283 5.000000 3.000000 -4.637050 0.000000
513 B A 0.684066 0.981803 5.000000 3.000000 -4.867744 0.000000
514 B A 0.650525 0.999813 5.000000 3.000000 -5.040885 0.024394
515 B A 0.654781 0.998635 5.000000 3.000000 -5.030537 0.019169
516 B A 0.699119 0.947669 5.000000 3.000000 -4.560074 0.006199
517 B A 0.681773 0.964478 5.000000 3.000000 -4.724151 0.013667
518 B A 0.652099 0.999632 5.000000 3.000000 -5.039329 0.022211
519 B A 0.657264 0.981037 5.000000 3.000000 -4.879200 0.032799
520 B A 0.659392 0.965246 5.000000 3.000000 -4.745029 0.045287
521 B A 0.724098 0.999221 5.000000 3.000000 -4.933663 0.000000
522 B A 0.690417 0.999149 5.000000 3.000000 -5.007476 0.000000
523 B A 0.712237 0.945620 5.000000 3.000000 -4.516698 0.000000
524 B A 0.685906 0.980118 5.000000 3.000000 -4.851200 0.000000
525 B A 0.677884 0.964608 5.000000 3.000000 -4.729104 0.019162
526 B A 0.695391 0.980455 5.000000 3.000000 -4.840262 0.000000
527 B A 0.734975 0.999859 5.000000 3.000000 -4.904071 0.000000
528 B A 0.653960 0.944789 5.000000 3.000000 -4.574899 0.073219
529 B A 0.653566 0.999769 5.000000 3.000000 -5.040443 0.019877
530 B A 0.680878 0.969177 5.000000 3.000000 -4.764559 0.010163
531 B A 0.653151 0.999844 5.000000 3.000000 -5.041124 0.020426
532 B A 0.703894 0.981956 5.000000 3.000000 -4.837362 0.000000
533 B A 0.658447 0.962736 5.000000 3.000000 -4.724128 0.049134
534 B A 0.679543 0.999538 5.000000 3.000000 -5.024445 0.000000
535 B A 0.683137 0.979751 5.000000 3.000000 -4.851415 0.000000
536 B A 0.672888 0.949460 5.000000 3.000000 -4.606764 0.041679
537 B A 0.705083 0.979056 5.000000 3.000000 -4.810445 0.000000
538 B A 0.734868 0.999982 5.000000 3.000000 -4.905483 0.000000
539 B A 0.646869 0.899921 5.000000 3.000000 -4.208753 0.126803
540 B A 0.672285 0.963879 5.000000 3.000000 -4.727514 0.027998
541 B A 0.697678 0.981132 5.000000 3.000000 -4.842101 0.000000
542 B A 0.657521 0.945983 5.000000 3.000000 -4.584460 0.066995
543 B A 0.649553 0.981071 5.000000 3.000000 -4.879869 0.044113
544 B A 0.683855 0.966270 5.000000 3.000000 -4.736874 0.008817
545 B A 0.711824 0.981655 5.000000 3.000000 -4.817428 0.000000
546 B A 0.657704 0.999381 5.000000 3.000000 -5.036507 0.014055
547 B A 0.670162 0.945476 5.000000 3.000000 -4.575527 0.049567
548 B A 0.639004 0.999784 5.000000 3.000000 -5.038085 0.041701
549 B A 0.658107 0.966245 5.000000 3.000000 -4.753716 0.046162
550 B A 0.690816 0.999253 5.000000 3.000000 -5.007774 0.000000
551 B A 0.641488 0.966691 5.000000 3.000000 -4.756147 0.069819
552 B A 0.672723 0.982426 5.000000 3.000000 -4.883962 0.008649
553 B A 0.638708 0.981578 5.000000 3.000000 -4.881453 0.059587
554 B A 0.716470 0.946091 5.000000 3.000000 -4.510411 0.000000
555 B A 0.658471 0.998931 5.000000 3.000000 -5.032447 0.013350
556 B A 0.657908 0.980349 5.000000 3.000000 -4.873214 0.032531
557 B A 0.636861 0.962344 5.000000 3.000000 -4.717594 0.080680
558 B A 0.657215 0.999627 5.000000 3.000000 -5.038732 0.014546
559 B A 0.639078 0.999874 5.000000 3.000000 -5.038894 0.041503
560 B A 0.656341 0.967262 5.000000 3.000000 -4.762577 0.047720
561 B A 0.644290 0.980528 5.000000 3.000000 -4.874368 0.052383
562 B A 0.633799 0.951144 5.000000 3.000000 -4.622133 0.095748
563 B A 0.664967 0.999426 5.000000 3.000000 -5.034413 0.003121
564 B A 0.667554 0.979058 5.000000 3.000000 -4.858650 0.019638
565 B A 0.668845 0.999527 5.000000 3.000000 -5.033168 0.000000
566 B A 0.673496 0.959137 5.000000 3.000000 -4.686922 0.031037
567 B A 0.658864 0.978760 5.000000 3.000000 -4.859482 0.032695
568 B A 0.676440 0.999869 5.000000 3.000000 -5.030316 0.000000
569 B A 0.656835 0.964912 5.000000 3.000000 -4.742713 0.049318
570 B A 0.674287 0.945504 5.000000 3.000000 -4.572964 0.043689
571 B A 0.639368 0.982574 5.000000 3.000000 -4.890225 0.057661
572 B A 0.662127 0.981659 5.000000 3.000000 -4.883204 0.025026
573 B A 0.640017 0.965019 5.000000 3.000000 -4.741504 0.073557
574 B A 0.679008 0.999049 5.000000 3.000000 -5.020784 0.000000
575 B A 0.703669 0.942543 5.000000 3.000000 -4.509577 0.005142
576 B A 0.678756 0.980289 5.000000 3.000000 -4.860622 0.001934
577 B A 0.699784 0.998994 5.000000 3.000000 -4.990452 0.000000
578 B A 0.659009 0.999779 5.000000 3.000000 -5.039638 0.011706
579 B A 0.677706 0.905951 5.000000 3.000000 -4.248331 0.079047
580 B A 0.659984 0.961320 5.000000 3.000000 -4.711891 0.048316
581 B A 0.722786 0.981866 5.000000 3.000000 -4.790559 0.000000
582 B A 0.680273 0.963025 5.000000 3.000000 -4.713536 0.017320
583 B A 0.655781 0.981614 5.000000 3.000000 -4.884343 0.034415
584 B A 0.698754 0.939462 5.000000 3.000000 -4.493273 0.015320
585 B A 0.676187 0.981440 5.000000 3.000000 -4.872768 0.004545
586 B A 0.652552 0.998922 5.000000 3.000000 -5.033178 0.022228
587 B A 0.654637 0.963355 5.000000 3.000000 -4.729861 0.054028
588 B A 0.696079 0.981804 5.000000 3.000000 -4.850541 0.000000
589 B A 0.668763 0.941698 5.000000 3.000000 -4.545098 0.055341
590 B A 0.643856 0.999454 5.000000 3.000000 -5.036819 0.034743
591 B A 0.637467 0.962082 5.000000 3.000000 -4.715680 0.080056
592 B A 0.645609 0.981087 5.000000 3.000000 -4.879433 0.049903
593 B A 0.653092 0.999609 5.000000 3.000000 -5.039095 0.020745
594 B A 0.635699 0.965132 5.000000 3.000000 -4.740490 0.079700
595 B A 0.653552 0.980153 5.000000 3.000000 -4.872097 0.039129
596 B A 0.635127 0.943190 5.000000 3.000000 -4.556730 0.101431
597 B A 0.649818 0.982562 5.000000 3.000000 -4.892606 0.042271
598 B A 0.660921 0.999714 5.000000 3.000000 -5.038520 0.008901
599 B A 0.634459 0.964394 5.000000 3.000000 -4.733605 0.082197
600 B A 0.658291 0.999228 5.000000 3.000000 -5.035060 0.013325
601 B A 0.657256 0.981633 5.000000 3.000000 -4.884282 0.032223
602 B A 0.635601 0.959612 5.000000 3.000000 -4.693992 0.085104
603 B A 0.663091 0.999869 5.000000 3.000000 -5.039063 0.005493
604 B A 0.666790 0.981489 5.000000 3.000000 -4.879727 0.018330
605 B A 0.701296 0.999768 5.000000 3.000000 -4.994206 0.000000
606 B A 0.666792 0.965159 5.000000 3.000000 -4.741569 0.034660
607 B A 0.659964 0.939455 5.000000 3.000000 -4.529997 0.069991
608 B A 0.633994 0.980156 5.000000 3.000000 -4.866992 0.067881
609 B A 0.678955 0.951504 5.000000 3.000000 -4.618742 0.030957
610 B A 0.690008 0.980245 5.000000 3.000000 -4.846765 0.000000
611 B A 0.653139 0.999942 5.000000 3.000000 -5.041968 0.020348
612 B A 0.635321 0.966677 5.000000 3.000000 -4.753325 0.078775
613 B A 0.632016 0.979926 5.000000 3.000000 -4.863865 0.071006
614 B A 0.711000 0.916690 5.000000 3.000000 -4.284880 0.022351
615 B A 0.652483 0.999537 5.000000 3.000000 -5.038494 0.021729
616 B A 0.672325 0.999980 5.000000 3.000000 -5.034693 0.000000
617 B A 0.687750 0.950049 5.000000 3.000000 -4.596928 0.019905
618 B A 0.655343 0.967930 5.000000 3.000000 -4.768337 0.048510
619 B A 0.723852 0.981466 5.000000 3.000000 -4.784117 0.000000
620 B A 0.666041 0.981684 5.000000 3.000000 -4.881767 0.019238
621 B A 0.628254 0.960011 5.000000 3.000000 -4.692729 0.095303
622 B A 0.697738 0.999714 5.000000 3.000000 -5.000374 0.000000
623 B A 0.648794 0.967817 5.000000 3.000000 -4.767338 0.058129
624 B A 0.678167 0.939328 5.000000 3.000000 -4.518841 0.044469
625 B A 0.658402 0.999795 5.000000 3.000000 -5.039928 0.012600
626 B A 0.688428 0.999706 5.000000 3.000000 -5.015113 0.000000
627 B A 0.630957 0.977154 5.000000 3.000000 -4.839573 0.075186
628 B A 0.664294 0.951340 5.000000 3.000000 -4.627103 0.052045
629 B A 0.704861 0.980666 5.000000 3.000000 -4.824489 0.000000
630 B A 0.648571 0.999725 5.000000 3.000000 -5.039996 0.027410
631 B A 0.628015 0.969915 5.000000 3.000000 -4.776082 0.086318
632 B A 0.648796 0.980998 5.000000 3.000000 -4.879171 0.045300
633 B A 0.630836 0.960693 5.000000 3.000000 -4.700256 0.090940
634 B A 0.672536 0.936578 5.000000 3.000000 -4.500649 0.055176
635 B A 0.648306 0.978996 5.000000 3.000000 -4.862057 0.047967
636 B A 0.684770 0.980772 5.000000 3.000000 -4.858143 0.000000
637 B A 0.629344 0.951318 5.000000 3.000000 -4.620724 0.101941
638 B A 0.656181 0.982885 5.000000 3.000000 -4.895137 0.032574
639 B A 0.741413 0.964372 5.000000 3.000000 -4.584052 0.000000
640 B A 0.646444 0.914311 5.000000 3.000000 -4.324486 0.113423
641 B A 0.685972 0.982136 5.000000 3.000000 -4.868234 0.000000
642 B A 0.670145 0.963424 5.000000 3.000000 -4.725109 0.031549
643 B A 0.629141 0.997985 5.000000 3.000000 -5.017077 0.058189
644 B A 0.708821 0.998498 5.000000 3.000000 -4.967468 0.000000
645 B A 0.653040 0.998986 5.000000 3.000000 -5.033714 0.021433
646 B A 0.629269 0.999669 5.000000 3.000000 -5.031735 0.056410
647 B A 0.671509 0.936611 5.000000 3.000000 -4.501590 0.056586
648 B A 0.649507 0.964957 5.000000 3.000000 -4.743294 0.059881
649 B A 0.690617 0.976861 5.000000 3.000000 -4.817261 0.000000
650 B A 0.629602 0.999374 5.000000 3.000000 -5.029409 0.056189
651 B A 0.668827 0.946464 5.000000 3.000000 -4.584473 0.050469
652 B A 0.654170 0.983155 5.000000 3.000000 -4.897657 0.035275
653 B A 0.696368 0.960868 5.000000 3.000000 -4.674148 0.000000
654 B A 0.629284 0.979700 5.000000 3.000000 -4.860135 0.075236
655 B A 0.675109 0.980358 5.000000 3.000000 -4.864493 0.007228
656 B A 0.720521 0.999328 5.000000 3.000000 -4.944889 0.000000
657 B A 0.652891 0.956757 5.000000 3.000000 -4.674590 0.063014
658 B A 0.643839 0.999740 5.000000 3.000000 -5.039292 0.034492
659 B A 0.630857 0.968896 5.000000 3.000000 -4.769430 0.083148
660 B A 0.638811 0.928571 5.000000 3.000000 -4.438068 0.110228
661 B A 0.645251 0.999919 5.000000 3.000000 -5.041165 0.032201
662 B A 0.626591 0.949580 5.000000 3.000000 -4.604194 0.107502
663 B A 0.644533 0.979845 5.000000 3.000000 -4.868602 0.052687
664 B A 0.629557 0.980853 5.000000 3.000000 -4.870163 0.073746
665 B A 0.646216 0.965636 5.000000 3.000000 -4.748536 0.063986
666 B A 0.664053 0.999947 5.000000 3.000000 -5.039327 0.003973
667 B A 0.681207 0.980472 5.000000 3.000000 -4.859665 0.000000
668 B A 0.663924 0.948548 5.000000 3.000000 -4.604041 0.055354
669 B A 0.624762 0.981756 5.000000 3.000000 -4.874251 0.079955
670 B A 0.643858 0.967507 5.000000 3.000000 -4.763762 0.065595
671 B A 0.686810 0.999696 5.000000 3.000000 -5.017237 0.000000
672 B A 0.666617 0.934882 5.000000 3.000000 -4.490071 0.065187
673 B A 0.627662 0.981129 5.000000 3.000000 -4.871163 0.076274
674 B A 0.646225 0.999397 5.000000 3.000000 -5.036837 0.031246
675 B A 0.696989 0.963285 5.000000 3.000000 -4.693272 0.000000
676 B A 0.667509 0.907099 5.000000 3.000000 -4.264058 0.091754
677 B A 0.626232 0.982202 5.000000 3.000000 -4.879242 0.077370
678 B A 0.645788 0.953698 5.000000 3.000000 -4.648270 0.076169
679 B A 0.706063 0.999964 5.000000 3.000000 -4.986120 0.000000
680 B A 0.680129 0.966263 5.000000 3.000000 -4.740835 0.014224
681 B A 0.653197 0.982662 5.000000 3.000000 -4.893508 0.037193
682 B A 0.669050 0.949979 5.000000 3.000000 -4.613507 0.046625
683 B A 0.620482 0.999551 5.000000 3.000000 -5.023557 0.069694
684 B A 0.648114 0.979305 5.000000 3.000000 -4.864671 0.047947
685 B A 0.685899 0.964357 5.000000 3.000000 -4.718393 0.007823
686 B A 0.625137 0.931309 5.000000 3.000000 -4.451840 0.126706
687 B A 0.721176 0.981662 5.000000 3.000000 -4.793385 0.000000
688 B A 0.659615 0.999621 5.000000 3.000000 -5.038111 0.010952
689 B A 0.698962 0.965015 5.000000 3.000000 -4.704309 0.000000
690 B A 0.669157 0.982079 5.000000 3.000000 -4.883414 0.014252
691 B A 0.663111 0.944842 5.000000 3.000000 -4.573605 0.060197
692 B A 0.686390 0.999380 5.000000 3.000000 -5.015068 0.000000
693 B A 0.757302 0.981415 5.000000 3.000000 -4.660631 0.000000
694 A A 0.643444 0.964088 5.000000 3.000000 6.313086 0.000000
695 B A 0.663117 0.980246 5.000000 3.000000 -4.870810 0.024974
696 B A 0.627716 0.965747 5.000000 3.000000 -4.740628 0.090678
697 B A 0.673652 0.979998 5.000000 3.000000 -4.862609 0.009734
698 B A 0.696175 0.947951 5.000000 3.000000 -4.567354 0.010091
699 B A 0.646622 0.999685 5.000000 3.000000 -5.039388 0.030374
700 B A 0.623428 0.982554 5.000000 3.000000 -4.879950 0.081173
701 B A 0.650615 0.999906 5.000000 3.000000 -5.041693 0.024169
702 B A 0.726950 0.999807 5.000000 3.000000 -4.930001 0.000000
703 B A 0.678426 0.959998 5.000000 3.000000 -4.689999 0.023069
704 B A 0.644134 0.999958 5.000000 3.000000 -5.041250 0.033840
705 B A 0.655784 0.919835 5.000000 3.000000 -4.370020 0.095180
706 B A 0.710857 0.999927 5.000000 3.000000 -4.974978 0.000000
707 B A 0.623025 0.965002 5.000000 3.000000 -4.730555 0.098169
708 B A 0.680884 0.999897 5.000000 3.000000 -5.026120 0.000000
709 B A 0.663296 0.941172 5.000000 3.000000 -4.543201 0.063587
710 B A 0.643082 0.980012 5.000000 3.000000 -4.869644 0.054658
711 B A 0.694481 0.979002 5.000000 3.000000 -4.829453 0.000000
712 B A 0.620873 0.961395 5.000000 3.000000 -4.698244 0.104643
713 B A 0.663303 0.978915 5.000000 3.000000 -4.859416 0.026025
714 B A 0.643550 0.943921 5.000000 3.000000 -4.566332 0.088810
715 B A 0.679652 0.999920 5.000000 3.000000 -5.027626 0.000000
716 A A 0.624148 0.979628 5.000000 3.000000 6.474103 0.000000
717 B A 0.657433 0.966271 5.000000 3.000000 -4.754062 0.047112
718 B A 0.707655 0.981912 5.000000 3.000000 -4.829085 0.000000
719 B A 0.637762 0.957295 5.000000 3.000000 -4.675623 0.084210
720 B A 0.677047 0.984568 5.000000 3.000000 -4.898621 0.000102
721 B A 0.656807 0.999864 5.000000 3.000000 -5.040859 0.014924
722 B A 0.637507 0.927186 5.000000 3.000000 -4.426119 0.113369
723 B A 0.689339 0.964525 5.000000 3.000000 -4.715325 0.002672
724 B A 0.650751 0.981648 5.000000 3.000000 -4.884858 0.041788
725 B A 0.624453 0.947855 5.000000 3.000000 -4.588102 0.112164
726 B A 0.659205 0.982597 5.000000 3.000000 -4.892086 0.028401
727 B A 0.676477 0.998945 5.000000 3.000000 -5.022314 0.000000
728 B A 0.619639 0.999883 5.000000 3.000000 -5.025633 0.070650
729 B A 0.643373 0.968028 5.000000 3.000000 -4.768025 0.065796
730 B A 0.691895 0.951252 5.000000 3.000000 -4.601216 0.012750
731 A A 0.667043 0.980885 5.000000 3.000000 6.499277 0.000000
732 B A 0.713210 0.965034 5.000000 3.000000 -4.674835 0.000000
733 B A 0.641879 0.933320 5.000000 3.000000 -4.478264 0.101383
734 B A 0.625152 0.980477 5.000000 3.000000 -4.863649 0.080579
735 B A 0.650879 0.999443 5.000000 3.000000 -5.037688 0.024226
736 B A 0.673099 0.999730 5.000000 3.000000 -5.031943 0.000000
737 B A 0.736146 0.965182 5.000000 3.000000 -4.609414 0.000000
738 B A 0.620765 0.999669 5.000000 3.000000 -5.024839 0.069160
739 B A 0.662139 0.978643 5.000000 3.000000 -4.857541 0.028003
740 B A 0.640375 0.947313 5.000000 3.000000 -4.593409 0.090047
741 B A 0.699456 0.999787 5.000000 3.000000 -4.997866 0.000000
742 B A 0.685356 0.965930 5.000000 3.000000 -4.732239 0.006992
743 B A 0.658053 0.908898 5.000000 3.000000 -4.281320 0.102845
744 B A 0.624201 0.980544 5.000000 3.000000 -4.863440 0.081915
745 B A 0.673664 0.980101 5.000000 3.000000 -4.863475 0.009611
746 B A 0.642343 0.953038 5.000000 3.000000 -4.641813 0.081735
747 B A 0.622395 0.999578 5.000000 3.000000 -5.025524 0.066802
748 B A 0.661541 0.966533 5.000000 3.000000 -4.755272 0.040899
749 B A 0.706165 0.934500 5.000000 3.000000 -4.438928 0.010134
750 A A 0.640964 0.889903 5.000000 3.000000 5.502714 0.000000
751 B A 0.687322 0.982412 5.000000 3.000000 -4.868835 0.000000
752 B A 0.668244 0.980345 5.000000 3.000000 -4.869202 0.017335
753 B A 0.619031 0.961099 5.000000 3.000000 -4.694004 0.107575
754 B A 0.646134 0.982097 5.000000 3.000000 -4.888164 0.048150
755 B A 0.678875 0.999614 5.000000 3.000000 -5.025785 0.000000
756 B A 0.656786 0.999559 5.000000 3.000000 -5.038228 0.015255
757 B A 0.638157 0.953075 5.000000 3.000000 -4.640497 0.087682
758 B A 0.619114 0.967657 5.000000 3.000000 -4.749373 0.101365
759 B A 0.687412 0.982608 5.000000 3.000000 -4.870378 0.000000
760 B A 0.725698 0.947323 5.000000 3.000000 -4.495619 0.000000
761 B A 0.656375 0.999824 5.000000 3.000000 -5.040588 0.015610
762 B A 0.670786 0.978959 5.000000 3.000000 -4.855844 0.014992
763 B A 0.705006 0.964442 5.000000 3.000000 -4.688030 0.000000
764 B A 0.638007 0.981750 5.000000 3.000000 -4.882618 0.060455
765 B A 0.663078 0.929854 5.000000 3.000000 -4.450250 0.075151
766 B A 0.619209 0.981975 5.000000 3.000000 -4.871149 0.087929
767 B A 0.691009 0.964138 5.000000 3.000000 -4.709737 0.000658
768 B A 0.657183 0.998908 5.000000 3.000000 -5.032526 0.015302
769 B A 0.647177 0.999788 5.000000 3.000000 -5.040370 0.029441
770 A A 0.622550 0.948588 5.000000 3.000000 6.123430 0.000000
771 B A 0.634216 0.980407 5.000000 3.000000 -4.869259 0.067315
772 B A 0.641690 0.965803 5.000000 3.000000 -4.748720 0.070381
773 B A 0.615039 0.967679 5.000000 3.000000 -4.745398 0.107260
774 B A 0.671689 0.983515 5.000000 3.000000 -4.893985 0.009076
775 B A 0.645090 0.939191 5.000000 3.000000 -4.527620 0.091206
776 B A 0.683081 0.982817 5.000000 3.000000 -4.877511 0.000000
777 B A 0.652484 0.998910 5.000000 3.000000 -5.033076 0.022341
778 B A 0.613283 0.917107 5.000000 3.000000 -4.324356 0.156331
779 B A 0.708728 0.954729 5.000000 3.000000 -4.599559 0.000000
780 B A 0.637171 0.981352 5.000000 3.000000 -4.878839 0.062067
781 B A 0.669481 0.982402 5.000000 3.000000 -4.885970 0.013450
782 B A 0.654306 0.961192 5.000000 3.000000 -4.711714 0.056630
783 B A 0.688644 0.999108 5.000000 3.000000 -5.009673 0.000000
784 B A 0.632557 0.968943 5.000000 3.000000 -4.770903 0.080632
785 B A 0.611998 0.984175 5.000000 3.000000 -4.882327 0.096530
786 B A 0.679784 0.939945 5.000000 3.000000 -4.522433 0.041561
787 B A 0.653195 0.981264 5.000000 3.000000 -4.881580 0.038566
788 A A 0.635070 0.999562 5.000000 3.000000 6.712455 0.000000
789 B A 0.672572 0.999635 5.000000 3.000000 -5.031524 0.000000
790 B A 0.619731 0.999991 5.000000 3.000000 -5.026659 0.070411
791 B A 0.695591 0.999927 5.000000 3.000000 -5.005948 0.000000
792 B A 0.651600 0.963975 5.000000 3.000000 -4.735153 0.057811
793 B A 0.749237 0.947041 5.000000 3.000000 -4.412466 0.000000
794 B A 0.662395 0.968256 5.000000 3.000000 -4.769507 0.037948
795 B A 0.720195 0.980430 5.000000 3.000000 -4.785742 0.000000
796 B A 0.636145 0.954993 5.000000 3.000000 -4.655564 0.088728
797 B A 0.676526 0.980118 5.000000 3.000000 -4.861238 0.005388
798 B A 0.611298 0.999227 5.000000 3.000000 -5.011076 0.083762
799 B A 0.649515 0.933462 5.000000 3.000000 -4.481231 0.090554
800 B A 0.700369 0.966496 5.000000 3.000000 -4.714151 0.000000
801 B A 0.633427 0.999704 5.000000 3.000000 -5.034666 0.050141
802 B A 0.669678 0.980377 5.000000 3.000000 -4.868615 0.015194
803 B A 0.616951 0.963130 5.000000 3.000000 -4.709024 0.108693
804 B A 0.653975 0.981860 5.000000 3.000000 -4.886627 0.036832
805 B A 0.687835 0.949642 5.000000 3.000000 -4.593443 0.020205
806 B A 0.636622 0.983604 5.000000 3.000000 -4.897819 0.060724
807 A A 0.666592 0.969429 5.000000 3.000000 6.370170 0.000000
808 B A 0.649117 0.913466 5.000000 3.000000 -4.318138 0.110581
809 B A 0.619166 0.982621 5.000000 3.000000 -4.876629 0.087392
810 B A 0.707562 0.950731 5.000000 3.000000 -4.569040 0.000000
811 B A 0.675271 0.999710 5.000000 3.000000 -5.029977 0.000000
812 B A 0.637852 0.966644 5.000000 3.000000 -4.754293 0.075136
813 B A 0.604460 0.981290 5.000000 3.000000 -4.848322 0.110275
814 B A 0.659653 0.934036 5.000000 3.000000 -4.485470 0.075790
815 B A 0.687955 0.999858 5.000000 3.000000 -5.017080 0.000000
816 B A 0.633273 0.981855 5.000000 3.000000 -4.881087 0.067327
817 B A 0.663537 0.964341 5.000000 3.000000 -4.736128 0.040186
818 B A 0.647285 0.999542 5.000000 3.000000 -5.038259 0.029517
819 B A 0.616047 0.999813 5.000000 3.000000 -5.021418 0.076103
820 B A 0.680371 0.999793 5.000000 3.000000 -5.025774 0.000000
821 B A 0.715212 0.964170 5.000000 3.000000 -4.662773 0.000000
822 B A 0.657136 0.947341 5.000000 3.000000 -4.595784 0.066203
823 B A 0.632396 0.981246 5.000000 3.000000 -4.875364 0.069196
824 B A 0.695656 0.999656 5.000000 3.000000 -5.003509 0.000000
825 B A 0.671442 0.965167 5.000000 3.000000 -4.738909 0.027920
826 A A 0.597981 0.979801 5.000000 3.000000 6.435421 0.000000
827 B A 0.646093 0.927143 5.000000 3.000000 -4.428828 0.101469
828 B A 0.619059 0.952189 5.000000 3.000000 -4.619361 0.115808
829 B A 0.734882 0.976992 5.000000 3.000000 -4.711829 0.000000
830 B A 0.660391 0.982525 5.000000 3.000000 -4.891146 0.026725
831 B A 0.636691 0.965962 5.000000 3.000000 -4.747991 0.077471
832 B A 0.683308 0.999571 5.000000 3.000000 -5.020557 0.000000
833 B A 0.655787 0.980727 5.000000 3.000000 -4.876788 0.035277
834 B A 0.624635 0.953890 5.000000 3.000000 -4.638601 0.106250
835 B A 0.698674 0.978650 5.000000 3.000000 -4.819362 0.000000
836 B A 0.670941 0.999619 5.000000 3.000000 -5.032582 0.000000
837 B A 0.595975 0.999994 5.000000 3.000000 -4.997041 0.106042
838 B A 0.644464 0.936266 5.000000 3.000000 -4.503322 0.094916
839 B A 0.618076 0.965800 5.000000 3.000000 -4.732673 0.104592
840 B A 0.676380 0.980419 5.000000 3.000000 -4.863928 0.005296
841 B A 0.641666 0.999771 5.000000 3.000000 -5.038935 0.037722
842 B A 0.605318 0.954329 5.000000 3.000000 -4.621615 0.133491
843 B A 0.632814 0.980568 5.000000 3.000000 -4.869827 0.069224
844 B A 0.639980 0.981192 5.000000 3.000000 -4.878668 0.058085
845 A A 0.605167 0.951760 5.000000 3.000000 6.133269 0.000000
846 B A 0.625220 0.968377 5.000000 3.000000 -4.760910 0.091826
847 B A 0.648705 0.999329 5.000000 3.000000 -5.036577 0.027596
848 B A 0.666526 0.999931 5.000000 3.000000 -5.037982 0.000280
849 B A 0.692651 0.929230 5.000000 3.000000 -4.419376 0.034552
850 B A 0.646615 0.980450 5.000000 3.000000 -4.874197 0.049039
851 B A 0.626797 0.965950 5.000000 3.000000 -4.741651 0.091818
852 B A 0.670451 0.999974 5.000000 3.000000 -5.035974 0.000000
853 B A 0.610886 0.945959 5.000000 3.000000 -4.558696 0.133191
854 B A 0.588145 0.980189 5.000000 3.000000 -4.814419 0.135260
855 B A 0.652183 0.981513 5.000000 3.000000 -4.883735 0.039811
856 B A 0.684136 0.962947 5.000000 3.000000 -4.708701 0.011820
857 B A 0.720301 0.906931 5.000000 3.000000 -4.185002 0.020106
858 B A 0.632822 0.982098 5.000000 3.000000 -4.882895 0.067760
859 B A 0.661250 0.964076 5.000000 3.000000 -4.734684 0.043758
860 B A 0.619326 0.979783 5.000000 3.000000 -4.852547 0.089793
861 B A 0.702053 0.945665 5.000000 3.000000 -4.538277 0.004140
862 B A 0.643329 0.980822 5.000000 3.000000 -4.876624 0.053512
863 B A 0.672885 0.962786 5.000000 3.000000 -4.717919 0.028233
864 A A 0.655724 0.980425 5.000000 3.000000 6.498962 0.000000
865 B A 0.633684 0.999242 5.000000 3.000000 -5.030819 0.050194
866 B A 0.683752 0.999477 5.000000 3.000000 -5.019216 0.000000
867 B A 0.606000 0.999488 5.000000 3.000000 -5.006802 0.091465
868 B A 0.659294 0.936802 5.000000 3.000000 -4.508289 0.073558
869 B A 0.636763 0.999898 5.000000 3.000000 -5.038088 0.044954
870 B A 0.698114 0.965394 5.000000 3.000000 -4.708961 0.000000
871 B A 0.618224 0.999956 5.000000 3.000000 -5.024885 0.072705
872 B A 0.669756 0.950189 5.000000 3.000000 -4.614844 0.045407
873 B A 0.646630 0.879321 5.000000 3.000000 -4.045222 0.147106
874 B A 0.677813 0.981218 5.000000 3.000000 -4.869409 0.002377
875 B A 0.597010 0.965074 5.000000 3.000000 -4.700285 0.135761
876 B A 0.655191 0.982631 5.000000 3.000000 -4.893089 0.034283
877 B A 0.622792 0.922930 5.000000 3.000000 -4.381239 0.137810
878 B A 0.641211 0.967142 5.000000 3.000000 -4.759857 0.069787
879 B A 0.707986 0.981615 5.000000 3.000000 -4.825854 0.000000
880 B A 0.679660 0.999613 5.000000 3.000000 -5.024972 0.000000
881 B A 0.588960 0.950985 5.000000 3.000000 -4.569658 0.159861
882 A A 0.661703 0.999794 5.000000 3.000000 6.718585 0.000000
883 B A 0.634844 0.981069 5.000000 3.000000 -4.875249 0.065761
884 B A 0.692247 0.967471 5.000000 3.000000 -4.735833 0.000000
885 B A 0.619028 0.941726 5.000000 3.000000 -4.532304 0.125568
886 B A 0.657749 0.982442 5.000000 3.000000 -4.891086 0.030700
887 B A 0.641556 0.964859 5.000000 3.000000 -4.740714 0.071484
888 B A 0.726374 0.983014 5.000000 3.000000 -4.789646 0.000000
889 B A 0.672108 0.947122 5.000000 3.000000 -4.587914 0.045148
890 B A 0.611406 0.978923 5.000000 3.000000 -4.836776 0.102222
891 B A 0.660382 0.999721 5.000000 3.000000 -5.038751 0.009703
892 B A 0.632310 0.966445 5.000000 3.000000 -4.749649 0.083360
893 B A 0.696954 0.999663 5.000000 3.000000 -5.001329 0.000000
894 B A 0.653931 0.982456 5.000000 3.000000 -4.891713 0.036312
895 B A 0.678026 0.999734 5.000000 3.000000 -5.027652 0.000000
896 B A 0.617965 0.959068 5.000000 3.000000 -4.675886 0.110994
897 B A 0.646506 0.930989 5.000000 3.000000 -4.460429 0.097166
898 B A 0.684881 0.999854 5.000000 3.000000 -5.021078 0.000000
899 B A 0.632886 0.966177 5.000000 3.000000 -4.747730 0.082781
900 B A 0.670608 0.978542 5.000000 3.000000 -4.852426 0.015672
901 A A 0.647847 0.953483 5.000000 3.000000 6.195814 0.000000
902 B A 0.600868 0.999790 5.000000 3.000000 -5.002459 0.098887
903 B A 0.708446 0.982421 5.000000 3.000000 -4.831648 0.000000
904 B A 0.624171 0.968127 5.000000 3.000000 -4.757926 0.093585
905 B A 0.662386 0.916743 5.000000 3.000000 -4.343736 0.089144
906 B A 0.593653 0.947466 5.000000 3.000000 -4.547811 0.156300
907 B A 0.687235 0.981972 5.000000 3.000000 -4.865214 0.000000
908 B A 0.643917 0.982296 5.000000 3.000000 -4.889355 0.051225
909 B A 0.663015 0.999858 5.000000 3.000000 -5.039000 0.005619
910 B A 0.712891 0.965251 5.000000 3.000000 -4.677401 0.000000
911 B A 0.746195 0.999831 5.000000 3.000000 -4.861937 0.000000
912 B A 0.676577 0.980260 5.000000 3.000000 -4.862404 0.005168
913 B A 0.700122 0.949910 5.000000 3.000000 -4.576781 0.002421
914 B A 0.662318 0.981237 5.000000 3.000000 -4.879545 0.025163
915 B A 0.690042 0.965192 5.000000 3.000000 -4.719932 0.000966
916 B A 0.665316 0.940508 5.000000 3.000000 -4.536940 0.061398
917 B A 0.652242 0.999969 5.000000 3.000000 -5.042241 0.021668
918 B A 0.675429 0.981941 5.000000 3.000000 -4.877689 0.005153
919 B A 0.707709 0.961029 5.000000 3.000000 -4.653985 0.000000
920 A A 0.687721 0.981940 5.000000 3.000000 6.485727 0.000000
921 B A 0.664439 0.982252 5.000000 3.000000 -4.887348 0.021031
922 B A 0.722708 0.962834 5.000000 3.000000 -4.631873 0.000000
923 B A 0.652239 0.923081 5.000000 3.000000 -4.396488 0.096896
924 B A 0.626726 0.999674 5.000000 3.000000 -5.029924 0.060217
925 B A 0.676731 0.981266 5.000000 3.000000 -4.870810 0.003921
926 B A 0.652348 0.999658 5.000000 3.000000 -5.039544 0.021812
927 B A 0.609336 0.949891 5.000000 3.000000 -4.589582 0.131797
928 B A 0.638037 0.968622 5.000000 3.000000 -4.771089 0.072975
929 B A 0.650293 0.999758 5.000000 3.000000 -5.040398 0.024796
930 B A 0.618697 0.982573 5.000000 3.000000 -4.875761 0.088127
931 B A 0.793122 0.937591 5.000000 3.000000 -4.120878 0.000000
932 B A 0.640304 0.898524 5.000000 3.000000 -4.195466 0.137007
933 B A 0.623408 0.999868 5.000000 3.000000 -5.028916 0.065011
934 B A 0.647899 0.964870 5.000000 3.000000 -4.742366 0.062293
935 B A 0.591691 0.813040 5.000000 3.000000 -3.486125 0.278398
936 B A 0.614321 0.981897 5.000000 3.000000 -4.865451 0.095200
937 B A 0.653765 0.952869 5.000000 3.000000 -4.642095 0.065571
938 B A 0.635459 0.999938 5.000000 3.000000 -5.037797 0.046870
939 B A 0.679339 0.999916 5.000000 3.000000 -5.027910 0.000000
940 B A 0.652515 0.970043 5.000000 3.000000 -4.786341 0.050548
941 A A 0.605655 0.981195 5.000000 3.000000 6.465443 0.000000
942 B A 0.631772 0.966445 5.000000 3.000000 -4.749315 0.084140
943 B A 0.508404 0.941146 5.000000 3.000000 -4.304619 0.282277
944 B A 0.691523 0.981821 5.000000 3.000000 -4.857915 0.000000
945 B A 0.659587 0.982446 5.000000 3.000000 -4.890697 0.027987
946 B A 0.626552 0.953187 5.000000 3.000000 -4.634265 0.104169
947 B A 0.669912 0.999379 5.000000 3.000000 -5.031206 0.000000
948 B A 0.579853 0.969508 5.000000 3.000000 -4.709320 0.156742
949 B A 0.647482 0.999568 5.000000 3.000000 -5.038504 0.029197
950 B A 0.609738 0.964995 5.000000 3.000000 -4.716708 0.117409
951 B A 0.687890 0.999996 5.000000 3.000000 -5.018360 0.000000
952 B A 0.635140 0.933990 5.000000 3.000000 -4.480742 0.110178
953 B A 0.670358 0.982036 5.000000 3.000000 -4.882296 0.012526
954 B A 0.653543 0.956996 5.000000 3.000000 -4.676578 0.061843
955 B A 0.699924 0.981247 5.000000 3.000000 -4.839036 0.000000
956 B A 0.628174 0.980792 5.000000 3.000000 -4.868662 0.075838
957 B A 0.646951 0.964589 5.000000 3.000000 -4.739852 0.063937
958 B A 0.669535 0.999789 5.000000 3.000000 -5.034986 0.000000
959 A A 0.599927 0.981190 5.000000 3.000000 6.454976 0.000000
960 B A 0.619555 0.949563 5.000000 3.000000 -4.597935 0.117540
961 B A 0.687615 0.923614 5.000000 3.000000 -4.380501 0.047364
962 B A 0.765586 0.980685 5.000000 3.000000 -4.616160 0.000000
963 B A 0.649960 0.999980 5.000000 3.000000 -5.042304 0.025080
964 B A 0.635639 0.999839 5.000000 3.000000 -5.037030 0.046694
965 B A 0.659510 0.962973 5.000000 3.000000 -4.725890 0.047365
966 B A 0.732354 0.983202 5.000000 3.000000 -4.772289 0.000000
967 B A 0.613490 0.949662 5.000000 3.000000 -4.592480 0.126088
968 B A 0.582175 0.967106 5.000000 3.000000 -4.693225 0.155463
969 B A 0.468816 0.981638 5.000000 3.000000 -4.506338 0.309689
970 B A 0.644749 0.982045 5.000000 3.000000 -4.887419 0.050241
971 B A 0.667817 0.962835 5.000000 3.000000 -4.721517 0.035503
972 B A 0.682108 0.934782 5.000000 3.000000 -4.477747 0.043567
973 B A 0.711613 0.982336 5.000000 3.000000 -4.823679 0.000000
974 B A 0.635216 0.999455 5.000000 3.000000 -5.033493 0.047694
975 B A 0.651303 0.967059 5.000000 3.000000 -4.761125 0.055227
976 B A 0.620118 0.697262 5.000000 3.000000 -2.702427 0.351423
977 B A 0.674379 0.950119 5.000000 3.000000 -4.611131 0.038890
978 A A 0.591775 0.981939 5.000000 3.000000 6.447045 0.000000
979 B A 0.655640 0.999680 5.000000 3.000000 -5.039456 0.016855
980 B A 0.701367 0.982170 5.000000 3.000000 -4.844138 0.000000
981 B A 0.679869 0.999420 5.000000 3.000000 -5.023086 0.000000
982 B A 0.664533 0.965055 5.000000 3.000000 -4.741731 0.038034
983 B A 0.692365 0.943742 5.000000 3.000000 -4.538543 0.019879
984 B A 0.653580 0.983859 5.000000 3.000000 -4.903709 0.035454
985 B A 0.630933 0.966708 5.000000 3.000000 -4.750993 0.085108
986 B A 0.664513 0.999543 5.000000 3.000000 -5.035629 0.003687
987 B A 0.711323 0.912232 5.000000 3.000000 -4.248506 0.026662
988 B A 0.642652 0.965894 5.000000 3.000000 -4.749805 0.068899
989 B A 0.677850 0.999896 5.000000 3.000000 -5.029226 0.000000
990 B A 0.603409 0.999906 5.000000 3.000000 -5.006984 0.094971
991 B A 0.655796 0.933887 5.000000 3.000000 -4.484826 0.081340
992 B A 0.630038 0.999952 5.000000 3.000000 -5.034714 0.054988
993 B A 0.693692 0.979767 5.000000 3.000000 -4.837182 0.000000
994 B A 0.670458 0.953174 5.000000 3.000000 -4.639238 0.041405
995 B A 0.611739 0.980775 5.000000 3.000000 -4.852964 0.100032
996 B A 0.645736 0.967229 5.000000 3.000000 -4.761873 0.063139
997 A A 0.627397 0.999849 5.000000 3.000000 6.709266 0.000000
998 B A 0.661285 0.981118 5.000000 3.000000 -4.878879 0.026802
999 B A 0.686645 0.951892 5.000000 3.000000 -4.613587 0.019583
1000 B A 0.646498 0.980775 5.000000 3.000000 -4.876951 0.048896
1001 B A 0.624075 0.999683 5.000000 3.000000 -5.027882 0.064185
1002 B A 0.670458 0.961940 5.000000 3.000000 -4.712465 0.032590
1003 B A 0.710369 0.979906 5.000000 3.000000 -4.806078 0.000000
1004 B A 0.649567 0.999964 5.000000 3.000000 -5.042143 0.025685
1005 B A 0.600136 0.940294 5.000000 3.000000 -4.497882 0.153544
1006 B A 0.616346 0.965404 5.000000 3.000000 -4.727562 0.107466
1007 B A 0.637112 0.981551 5.000000 3.000000 -4.880505 0.061963
1008 B A 0.647279 0.981344 5.000000 3.000000 -4.881928 0.047195
1009 B A 0.623620 0.999794 5.000000 3.000000 -5.028456 0.064764
1010 B A 0.654293 0.956386 5.000000 3.000000 -4.671441 0.061366
1011 B A 0.585653 0.921777 5.000000 3.000000 -4.323610 0.190239
1012 B A 0.637991 0.968439 5.000000 3.000000 -4.769516 0.073218
1013 B A 0.610802 0.981828 5.000000 3.000000 -4.860864 0.100446
1014 B A 0.676647 0.948990 5.000000 3.000000 -4.599942 0.036804
1015 B A 0.651998 0.982585 5.000000 3.000000 -4.892876 0.039035
1016 A A 0.692047 0.965038 5.000000 3.000000 6.287674 0.000000
1017 B A 0.630647 0.999989 5.000000 3.000000 -5.035433 0.054040
1018 B A 0.669003 0.979922 5.000000 3.000000 -4.865160 0.016643
1019 B A 0.601891 0.948861 5.000000 3.000000 -4.571412 0.143334
1020 B A 0.652854 0.980336 5.000000 3.000000 -4.873684 0.039975
1021 B A 0.732979 0.999928 5.000000 3.000000 -4.911496 0.000000
1022 B A 0.628225 0.999923 5.000000 3.000000 -5.033199 0.057735
1023 B A 0.683277 0.928461 5.000000 3.000000 -4.424887 0.048406
1024 B A 0.660290 0.964860 5.000000 3.000000 -4.741556 0.044369
1025 B A 0.636907 0.981029 5.000000 3.000000 -4.875958 0.062763
1026 B A 0.616603 0.999925 5.000000 3.000000 -5.022970 0.075165
1027 B A 0.675180 0.962771 5.000000 3.000000 -4.716035 0.024934
1028 B A 0.699701 0.981724 5.000000 3.000000 -4.843482 0.000000
1029 B A 0.815881 0.965159 5.000000 3.000000 -4.194895 0.000000
1030 B A 0.647609 0.999995 5.000000 3.000000 -5.042219 0.028591
1031 B A 0.584264 0.944698 5.000000 3.000000 -4.509538 0.172071
1032 B A 0.638133 0.982188 5.000000 3.000000 -4.886414 0.059850
1033 B A 0.611493 0.894157 5.000000 3.000000 -4.137617 0.179844
1034 B A 0.657653 0.982141 5.000000 3.000000 -4.888541 0.031137
1035 B A 0.635409 0.961876 5.000000 3.000000 -4.712916 0.083223
1036 B A 0.675195 0.942853 5.000000 3.000000 -4.550368 0.045086
1037 A A 0.615292 0.982251 5.000000 3.000000 6.492689 0.000000
1038 B A 0.651333 0.968721 5.000000 3.000000 -4.775151 0.053560
1039 B A 0.665990 0.980148 5.000000 3.000000 -4.868722 0.020847
1040 B A 0.694578 0.982183 5.000000 3.000000 -4.856228 0.000000
1041 B A 0.597686 0.725165 5.000000 3.000000 -2.865856 0.349869
1042 B A 0.634527 0.999621 5.000000 3.000000 -5.034563 0.048570
1043 B A 0.645920 0.933004 5.000000 3.000000 -4.476845 0.096031
1044 B A 0.716698 0.999991 5.000000 3.000000 -4.960936 0.000000
1045 B A 0.679828 0.953896 5.000000 3.000000 -4.637785 0.027272
1046 B A 0.622020 0.966597 5.000000 3.000000 -4.743128 0.098136
1047 B A 0.658684 0.982212 5.000000 3.000000 -4.888926 0.029549
1048 B A 0.577506 0.999296 5.000000 3.000000 -4.959390 0.134350
1049 B A 0.639160 0.953752 5.000000 3.000000 -4.646588 0.085600
1050 B A 0.686392 0.982205 5.000000 3.000000 -4.868287 0.000000
1051 B A 0.663482 0.967751 5.000000 3.000000 -4.764849 0.036872
1052 B A 0.609032 0.999514 5.000000 3.000000 -5.010852 0.086896
1053 B A 0.647923 0.999796 5.000000 3.000000 -5.040532 0.028315
1054 B A 0.625912 0.936628 5.000000 3.000000 -4.496255 0.120631
1055 A A 0.670970 0.964822 5.000000 3.000000 6.315100 0.000000
1056 B A 0.699696 0.983415 5.000000 3.000000 -4.857814 0.000000
1057 B A 0.651455 0.916052 5.000000 3.000000 -4.339331 0.104850
1058 B A 0.627697 0.983778 5.000000 3.000000 -4.893828 0.073729
1059 B A 0.677424 0.954767 5.000000 3.000000 -4.647264 0.029828
1060 B A 0.604453 0.982358 5.000000 3.000000 -4.857439 0.109316
1061 B A 0.648311 0.970827 5.000000 3.000000 -4.792719 0.055903
1062 B A 0.665889 0.951673 5.000000 3.000000 -4.629195 0.049437
1063 B B 0.718741 0.999308 5.000000 3.000000 -3.299756 0.000000
1064 B A 0.634478 0.771635 5.000000 3.000000 -3.229754 0.265622
1065 B A 0.694082 0.999836 5.000000 3.000000 -5.007680 0.000000
1066 B A 0.655740 0.967114 5.000000 3.000000 -4.761408 0.048737
1067 B A 0.619217 0.999193 5.000000 3.000000 -5.019250 0.071924
1068 B A 0.681557 0.979049 5.000000 3.000000 -4.847224 0.000000
1069 B A 0.641181 0.949229 5.000000 3.000000 -4.609654 0.087059
1070 B A 0.597191 0.999895 5.000000 3.000000 -4.998018 0.104307
1071 B A 0.663651 0.860580 5.000000 3.000000 -3.898858 0.143313
1072 B A 0.625014 0.969509 5.000000 3.000000 -4.770314 0.091065
1073 B A 0.647707 0.981859 5.000000 3.000000 -4.886388 0.046065
1074 A A 0.698311 0.932017 5.000000 3.000000 5.910968 0.000000
1075 B A 0.674216 0.409659 5.000000 3.000000 -1.074064 0.585701
1076 B A 0.639470 0.961791 5.000000 3.000000 -4.714110 0.077445
1077 B A 0.615219 0.979920 5.000000 3.000000 -4.849534 0.095702
1078 B A 0.660904 0.984878 5.000000 3.000000 -4.911077 0.023636
1079 B A 0.579254 0.381983 5.000000 3.000000 -0.867997 0.668103
1080 B A 0.683688 0.281806 5.000000 3.000000 -0.515358 0.710999
1081 B A 0.650780 0.999865 5.000000 3.000000 -5.041336 0.023962
1082 B B 0.605547 0.999388 5.000000 3.000000 -3.336898 0.000000
1083 B A 0.633649 0.999748 5.000000 3.000000 -5.035176 0.049766
1084 B A 0.624867 0.965065 5.000000 3.000000 -4.732648 0.095444
1085 B A 0.647172 0.951211 5.000000 3.000000 -4.627795 0.076604
1086 B A 0.675341 0.981152 5.000000 3.000000 -4.871048 0.006082
1087 B A 0.598340 0.999752 5.000000 3.000000 -4.998484 0.102712
1088 B A 0.660682 0.933022 5.000000 3.000000 -4.476903 0.075353
1089 B A 0.707928 0.969458 5.000000 3.000000 -4.723797 0.000000
1090 B A 0.642310 0.999781 5.000000 3.000000 -5.039220 0.036747
1091 B A 0.621714 0.967320 5.000000 3.000000 -4.748960 0.097906
1092 A A 0.683326 0.949543 5.000000 3.000000 6.130690 0.000000
1093 B A 0.662470 0.981069 5.000000 3.000000 -4.878059 0.025107
1094 B A 0.636143 0.981615 5.000000 3.000000 -4.880582 0.063329
1095 B A 0.488867 0.908072 5.000000 3.000000 -3.981780 0.334110
1096 B A 0.566125 0.965569 5.000000 3.000000 -4.649526 0.180051
1097 B A 0.724558 0.977387 5.000000 3.000000 -4.747821 0.000000
1098 B A 0.615319 0.941906 5.000000 3.000000 -4.530016 0.130641
1099 B A 0.651171 0.982825 5.000000 3.000000 -4.894921 0.040019
1100 B A 0.694608 0.999294 5.000000 3.000000 -5.002161 0.000000
1101 B B 0.668028 0.955243 4.000000 3.000000 -2.736438 0.000000
1102 B A 0.590570 0.982092 5.000000 3.000000 -4.834649 0.130009
1103 B A 0.632850 0.999592 5.000000 3.000000 -5.033361 0.051113
1104 B A 0.649981 0.965616 5.000000 3.000000 -4.748887 0.058551
1105 B A 0.680051 0.982077 5.000000 3.000000 -4.874514 0.000000
1106 B A 0.616146 0.949075 5.000000 3.000000 -4.590452 0.122846
1107 B A 0.671389 0.981093 5.000000 3.000000 -4.873574 0.011958
1108 B A 0.640913 0.999574 1.000000 3.000000 -2.913432 0.000000
1109 B A 0.702211 0.586127 5.000000 3.000000 -2.001213 0.382622
1110 B A 0.660921 0.929997 5.000000 3.000000 -4.452050 0.078018
1111 A A 0.630659 0.964234 5.000000 3.000000 6.306592 0.000000
1112 B A 0.604363 0.967757 5.000000 3.000000 -4.733242 0.122685
1113 B A 0.689594 0.999943 5.000000 3.000000 -5.015498 0.000000
1114 B A 0.650950 0.982683 5.000000 3.000000 -4.893699 0.040484
1115 B A 0.854432 0.982397 5.000000 3.000000 -4.041986 0.000000
1116 B A 0.664621 0.952073 5.000000 3.000000 -4.633074 0.050849
1117 B A 0.626390 0.967493 5.000000 3.000000 -4.754363 0.090958
1118 B A 0.644508 0.999611 5.000000 3.000000 -5.038339 0.033614
1119 B A 0.744276 0.981311 5.000000 3.000000 -4.713826 0.000000
1120 B B 0.681062 0.999961 5.000000 3.000000 -3.350982 0.000000
1121 B A 0.590340 0.949019 5.000000 3.000000 -4.555519 0.159635
1122 B A 0.615071 0.968322 5.000000 3.000000 -4.750869 0.106619
1123 B A 0.657459 0.927096 5.000000 3.000000 -4.429001 0.085709
1124 B A 0.884846 0.968605 5.000000 3.000000 -3.679831 0.000000
1125 B A 0.633623 0.980017 5.000000 3.000000 -4.865597 0.068558
1126 B A 0.715816 0.798641 5.000000 3.000000 -3.374150 0.142480
1127 B A 0.676377 0.999585 5.000000 3.000000 -5.027922 0.000000
1128 B A 0.650440 0.981931 5.000000 3.000000 -4.887257 0.041970
1129 B A 0.690755 0.955118 5.000000 3.000000 -4.634911 0.010371
1130 A A 0.619519 0.999460 5.000000 3.000000 6.695802 0.000000
1131 B A 0.668017 0.999833 5.000000 3.000000 -5.036300 0.000000
1132 B A 0.638084 0.966434 5.000000 3.000000 -4.752631 0.075001
1133 B A 0.598198 0.680525 5.000000 3.000000 -2.566276 0.389367
1134 B A 0.657914 0.943408 5.000000 3.000000 -4.563070 0.068977
1135 B A 0.699352 0.981901 5.000000 3.000000 -4.845625 0.000000
1136 B A 0.634129 0.982948 5.000000 3.000000 -4.890913 0.065026
1137 B A 0.667375 0.962454 5.000000 3.000000 -4.718548 0.036523
1138 B A 0.612437 0.981129 5.000000 3.000000 -4.856783 0.098681
1139 B B 0.646023 0.622186 4.000000 3.000000 -1.216737 0.000000
1140 B A 0.682279 0.938738 5.000000 3.000000 -4.510009 0.039279
1141 B A 0.650636 0.999846 5.000000 3.000000 -5.041171 0.024196
1142 B A 0.712743 0.983952 5.000000 3.000000 -4.834631 0.000000
1143 B A 0.672361 0.965241 5.000000 3.000000 -4.738893 0.026515
1144 B A 0.625344 0.983136 5.000000 3.000000 -4.886521 0.077802
1145 B A 0.654491 0.999461 5.000000 3.000000 -5.037706 0.018792
1146 B A 0.689605 0.922662 5.000000 3.000000 -4.370255 0.045592
1147 B A 0.640956 0.952599 5.000000 3.000000 -4.637672 0.084139
1148 B A 0.663398 0.980771 5.000000 3.000000 -4.875168 0.024037
1149 A A 0.572881 0.965345 5.000000 3.000000 6.214842 0.000000
1150 B A 0.619264 0.482612 5.000000 3.000000 -1.414095 0.551704
1151 B A 0.598324 0.984012 5.000000 3.000000 -4.863026 0.116864
1152 B A 0.676518 0.999326 5.000000 3.000000 -5.025562 0.000000
1153 B A 0.638661 0.949936 5.000000 3.000000 -4.614530 0.089970
1154 B A 0.525278 0.999500 5.000000 3.000000 -4.838998 0.212477
1155 B A 0.704424 0.968329 5.000000 3.000000 -4.721677 0.000000
1156 B A 0.736097 0.999745 5.000000 3.000000 -4.899175 0.000000
1157 B B 0.654430 0.966402 5.000000 3.000000 -3.170349 0.000000
1158 B A 0.627732 0.999767 5.000000 3.000000 -5.031485 0.058622
1159 B A 0.668664 0.553319 5.000000 3.000000 -1.829884 0.445024
1160 B A 0.606862 0.936585 5.000000 3.000000 -4.476200 0.147434
1161 B A 0.687566 0.980545 5.000000 3.000000 -4.852674 0.000000
1162 B A 0.645896 0.912737 5.000000 3.000000 -4.311620 0.115700
1163 B A 0.659937 0.980405 5.000000 3.000000 -4.873215 0.029491
1164 B A 0.629119 0.964435 5.000000 3.000000 -4.730584 0.089883
1165 B A 0.694247 0.999952 5.000000 3.000000 -5.008402 0.000000
1166 B A 0.764340 0.947875 5.000000 3.000000 -4.354108 0.000000
1167 B A 0.648075 0.227886 5.000000 3.000000 -0.298735 0.778469
1168 A A 0.673024 0.981312 5.000000 3.000000 6.499010 0.000000
1169 B A 0.612784 0.983097 5.000000 3.000000 -4.874000 0.096361
1170 B A 0.635619 0.965542 5.000000 3.000000 -4.743904 0.079425
1171 B A 0.585283 0.981885 4.000000 3.000000 -4.270381 0.000000
1172 B A 0.659374 0.949153 5.000000 3.000000 -4.610431 0.061230
1173 B A 0.715036 0.982658 5.000000 3.000000 -4.818058 0.000000
1174 B A 0.683369 0.965176 5.000000 3.000000 -4.728251 0.010644
1175 B A 0.624454 0.999621 5.000000 3.000000 -5.027660 0.063675
1176 B A 0.651122 0.980946 5.000000 3.000000 -4.878890 0.041927
1177 B B 0.671186 0.932454 5.000000 3.000000 -2.978465 0.000000
1178 B A 0.609562 0.956955 5.000000 3.000000 -4.648901 0.125016
1179 B A 0.639749 0.881247 5.000000 3.000000 -4.058025 0.154335
1180 B A 0.698031 0.999825 5.000000 3.000000 -5.000808 0.000000
1181 B A 0.661920 0.967964 5.000000 3.000000 -4.767204 0.038927
1182 B A 0.628104 0.999458 5.000000 3.000000 -5.029084 0.058354
1183 B A 0.681006 0.979086 5.000000 3.000000 -4.848126 0.000000
1184 B A 0.647917 0.951588 5.000000 3.000000 -4.631059 0.075175
1185 B A 0.593686 0.999802 5.000000 3.000000 -4.991836 0.109648
1186 B A 0.662102 0.354483 5.000000 3.000000 -0.817395 0.647944
1187 A A 0.630283 0.999681 1.000000 3.000000 3.883910 0.000000
1188 B A 0.610637 0.966272 5.000000 3.000000 -4.728558 0.114937
1189 B A 0.683350 0.980621 5.000000 3.000000 -4.858547 0.000000
1190 B A 0.645599 0.937700 5.000000 3.000000 -4.515434 0.091933
1191 B A 0.554699 0.981314 5.000000 3.000000 -4.757878 0.183500
1192 B A 0.699220 0.747816 5.000000 3.000000 -3.042327 0.215668
1193 B A 0.727711 0.963132 5.000000 3.000000 -4.619715 0.000000
1194 B A 0.668980 0.980401 5.000000 3.000000 -4.869243 0.016197
1195 B B 0.640381 0.966893 5.000000 3.000000 -3.171631 0.000000
1196 B A 0.615666 0.999813 5.000000 3.000000 -5.021016 0.076674
1197 B A 0.658385 0.999906 5.000000 3.000000 -5.040895 0.012515
1198 B A 0.705381 0.945301 5.000000 3.000000 -4.528841 0.000000
1199 B A 0.675401 0.981745 5.000000 3.000000 -4.876043 0.005392
1200 B A 0.661510 0.999811 5.000000 3.000000 -5.039156 0.007922
1201 B A 0.687774 0.914442 5.000000 3.000000 -4.306218 0.056606
1202 B A 0.628686 0.967619 5.000000 3.000000 -4.757146 0.087507
1203 B A 0.652486 0.999710 5.000000 3.000000 -5.039988 0.021555
1204 B A 0.668107 0.982019 5.000000 3.000000 -4.883523 0.015860
1205 B A 0.644923 0.954571 5.000000 3.000000 -4.655364 0.076563
1206 B A 0.687188 0.983280 5.000000 3.000000 -4.876383 0.000000
1207 B A 0.710214 0.967895 5.000000 3.000000 -4.705661 0.000000
1208 A A 0.627247 0.999914 5.000000 3.000000 6.709865 0.000000
1209 B A 0.658886 0.999843 5.000000 3.000000 -5.040223 0.011826
1210 B A 0.595638 0.938324 5.000000 3.000000 -4.475089 0.161648
1211 B A 0.656458 0.981770 3.000000 3.000000 -3.781956 0.000000
1212 B A 0.673160 0.957836 5.000000 3.000000 -4.676291 0.032835
1213 B A 0.640092 0.981576 5.000000 3.000000 -4.881984 0.057553
1214 B B 0.615681 0.968755 5.000000 3.000000 -3.170118 0.000000
1215 B A 0.576911 0.983412 5.000000 3.000000 -4.821903 0.148988
1216 B A 0.691366 0.951858 5.000000 3.000000 -4.607000 0.012877
1217 B A 0.655054 0.979998 5.000000 3.000000 -4.870662 0.037072
1218 B A 0.633526 0.052782 5.000000 3.000000 0.250753 0.949842
1219 B A 0.673895 0.999485 5.000000 3.000000 -5.029195 0.000000
1220 B A 0.608109 0.999398 5.000000 3.000000 -5.008708 0.088385
1221 B A 0.729272 0.828708 5.000000 3.000000 -3.561621 0.093470
1222 B A 0.649193 0.966485 5.000000 3.000000 -4.756143 0.058846
1223 B A 0.699834 0.938351 5.000000 3.000000 -4.482301 0.014965
1224 B A 0.666051 0.979114 5.000000 3.000000 -4.859897 0.021790
1225 A A 0.627397 0.953032 5.000000 3.000000 6.178158 0.000000
1226 B A 0.642745 0.982434 5.000000 3.000000 -4.890209 0.052818
1227 B A 0.681195 0.981763 5.000000 3.000000 -4.870646 0.000000
1228 B A 0.657144 0.927657 5.000000 3.000000 -4.433625 0.085594
1229 B A 0.603664 0.964400 5.000000 3.000000 -4.703989 0.126739
1230 B A 0.629653 0.455346 5.000000 3.000000 -1.281338 0.569935
1231 B A 0.673744 0.999093 5.000000 3.000000 -5.025941 0.000000
1232 B A 0.646193 0.967365 5.000000 3.000000 -4.763114 0.062343
1233 B B 0.707848 1.000000 5.000000 3.000000 -3.321677 0.000000
1234 B A 0.613474 0.999457 5.000000 3.000000 -5.015553 0.080289
1235 B A 0.664782 0.999970 4.000000 3.000000 -4.466326 0.000000
1236 B A 0.685030 0.949737 5.000000 3.000000 -4.597682 0.024102
1237 B A 0.635361 0.513964 5.000000 3.000000 -1.597112 0.510171
1238 B A 0.586523 0.967726 5.000000 3.000000 -4.705994 0.148609
1239 B A 0.655415 0.649390 5.000000 3.000000 -2.410275 0.361569
1240 B A 0.620460 0.980452 5.000000 3.000000 -4.859333 0.087503
1241 B A 0.692314 0.980996 5.000000 3.000000 -4.849731 0.000000
1242 B A 0.645246 0.951344 5.000000 3.000000 -4.628498 0.079224
1243 B A 0.240348 0.913101 5.000000 3.000000 -2.376461 0.670807
1244 A A 0.668842 0.982714 5.000000 3.000000 6.518683 0.000000
1245 B A 0.631259 0.999820 5.000000 3.000000 -5.034368 0.053281
1246 B A 0.655915 0.960154 5.000000 3.000000 -4.702859 0.055331
1247 B A 0.710249 0.999781 5.000000 3.000000 -4.975157 0.000000
1248 B A 0.605165 0.968282 5.000000 3.000000 -4.738736 0.121045
1249 B A 0.670970 0.938173 5.000000 3.000000 -4.514775 0.055771
1250 B A 0.638663 0.982519 5.000000 3.000000 -4.889469 0.058753
1251 B A 0.684451 0.982500 5.000000 3.000000 -4.873203 0.000000
1252 B B 0.618931 0.954291 5.000000 3.000000 -3.091206 0.000000
1253 B A 0.659035 0.967486 5.000000 3.000000 -4.763977 0.043590
1254 B A 0.641832 0.977965 5.000000 3.000000 -4.851818 0.058466
1255 B A 0.683222 0.999189 5.000000 3.000000 -5.017368 0.000000
1256 B A 0.741263 0.999726 5.000000 3.000000 -4.880187 0.000000
1257 B A 0.594546 0.936572 5.000000 3.000000 -4.458993 0.164748
1258 B A 0.629164 0.982981 5.000000 3.000000 -4.888073 0.072315
1259 B A 0.660375 0.964487 5.000000 3.000000 -4.738393 0.044615
1260 B A 0.701721 0.981180 5.000000 3.000000 -4.835081 0.000000
1261 B A 0.571671 0.950572 5.000000 3.000000 -4.535244 0.184879
1262 B A 0.648134 0.084074 3.000000 3.000000 0.487243 0.518264
1263 B A 0.615836 0.901670 5.000000 3.000000 -4.202481 0.167078
1264 A A 0.675689 0.980506 5.000000 3.000000 6.487021 0.000000
1265 B A 0.642931 0.962214 5.000000 3.000000 -4.718896 0.072044
1266 B A 0.666310 0.999524 5.000000 3.000000 -5.034584 0.001010
1267 B A 0.626640 0.978764 5.000000 3.000000 -4.850211 0.080002
1268 B A 0.692555 0.926666 5.000000 3.000000 -4.398677 0.037350
1269 B A 0.653935 0.999632 5.000000 3.000000 -5.039233 0.019459
1270 B A 0.438165 0.966161 4.000000 3.000000 -3.813856 0.164993
1271 B B 0.676125 0.981661 5.000000 3.000000 -3.249803 0.000000
1272 B A 0.716256 0.950747 5.000000 3.000000 -4.549170 0.000000
1273 B A 0.785047 0.984416 5.000000 3.000000 -4.544466 0.000000
1274 B A 0.602738 0.966027 5.000000 3.000000 -4.716460 0.126608
1275 B A 0.630223 0.999915 5.000000 3.000000 -5.034519 0.054745
1276 B A 0.653788 0.981439 5.000000 3.000000 -4.883046 0.037520
1277 B A 0.614950 0.947539 5.000000 3.000000 -4.576391 0.125966
1278 B A 0.671340 0.982654 5.000000 3.000000 -4.886899 0.010457
1279 B A 0.641690 0.967332 5.000000 3.000000 -4.761629 0.068908
1280 B A 0.694258 0.982612 5.000000 3.000000 -4.860385 0.000000
1281 B A 0.587136 0.999591 5.000000 3.000000 -4.979271 0.119656
1282 B A 0.658166 0.999373 5.000000 3.000000 -5.036340 0.013370
1283 A A 0.629535 0.933231 5.000000 3.000000 5.961327 0.000000
1284 B A 0.672634 0.435729 5.000000 3.000000 -1.201179 0.560371
1285 B A 0.643697 0.964281 5.000000 3.000000 -4.736514 0.068943
1286 B A 0.611770 0.999460 5.000000 3.000000 -5.013645 0.082840
1287 B A 0.689992 0.949292 5.000000 3.000000 -4.587688 0.017494
1288 B A 0.657730 0.982160 5.000000 3.000000 -4.888685 0.031006
1289 B B 0.629788 0.965054 5.000000 3.000000 -3.157513 0.000000
1290 B A 0.711631 0.981422 5.000000 3.000000 -4.815920 0.000000
1291 B A 0.671993 0.982232 5.000000 3.000000 -4.882840 0.009920
1292 B A 0.643752 0.954693 5.000000 3.000000 -4.656076 0.078121
1293 B A 0.600315 0.999434 5.000000 3.000000 -4.998595 0.100036
1294 B A 0.652942 0.999813 5.000000 3.000000 -5.040862 0.020770
1295 B A 0.624442 0.967910 5.000000 3.000000 -4.756319 0.093395
1296 B A 0.548847 0.926965 5.000000 3.000000 -4.293075 0.236857
1297 B A 0.836934 0.982378 5.000000 3.000000 -4.179621 0.000000
1298 B A 0.642553 0.999262 5.000000 3.000000 -5.034807 0.036881
1299 B A 0.614966 0.964137 5.000000 3.000000 -4.715424 0.110632
1300 B A 0.680134 0.947779 4.000000 3.000000 -4.039354 0.000000
1301 B A 0.659001 0.983564 5.000000 3.000000 -4.900384 0.027745
1302 A A 0.406994 0.967638 5.000000 3.000000 5.484942 0.106177
1303 B A 0.630532 0.981897 5.000000 3.000000 -4.879733 0.071325
1304 B A 0.587334 0.999674 5.000000 3.000000 -4.980332 0.119286
1305 B A 0.650304 0.941207 5.000000 3.000000 -4.545153 0.081894
1306 B A 0.687283 0.967442 5.000000 3.000000 -4.742516 0.002640
1307 B A 0.665443 0.999517 5.000000 3.000000 -5.034963 0.002317
1308 B B 0.605307 0.982210 5.000000 3.000000 -3.238198 0.000000
1309 B A 0.728916 0.999922 1.000000 3.000000 -2.899702 0.000000
1310 B A 0.637180 0.965397 5.000000 3.000000 -4.743463 0.077303
1311 B A 0.696134 0.999651 5.000000 3.000000 -5.002647 0.000000
1312 B A 0.618961 0.951484 5.000000 3.000000 -4.613382 0.116602
1313 B A 0.655783 0.982087 5.000000 3.000000 -4.888376 0.033946
1314 B A 0.457019 0.915452 5.000000 3.000000 -3.930706 0.372432
1315 B A 0.676049 0.967728 5.000000 3.000000 -4.756936 0.018652
1316 B A 0.642565 0.982562 5.000000 3.000000 -4.891249 0.052960
1317 B A 0.621859 0.940833 5.000000 3.000000 -4.527561 0.122403
1318 B A 0.569505 0.999389 5.000000 3.000000 -4.944462 0.146265
1319 B A 0.671745 0.966775 5.000000 3.000000 -4.752218 0.025861
1320 A A 0.652053 0.980431 5.000000 3.000000 6.499346 0.000000
1321 B A 0.695462 0.954536 5.000000 3.000000 -4.622978 0.004235
1322 B A 0.640800 0.999906 3.000000 3.000000 -3.920336 0.000000
1323 B A 0.664036 0.981437 5.000000 3.000000 -4.880578 0.022436
1324 B A 0.601847 0.981008 5.000000 3.000000 -4.842379 0.114375
1325 B A 0.625387 0.954393 5.000000 3.000000 -4.643425 0.104703
1326 B A 0.681509 0.999541 5.000000 3.000000 -5.022362 0.000000
1327 B B 0.718891 0.967028 5.000000 3.000000 -3.118083 0.000000
1328 B A 0.751939 0.930894 5.000000 3.000000 -4.271642 0.000000
1329 B A 0.640494 0.981166 5.000000 3.000000 -4.878639 0.057354
1330 B A 0.661386 0.981693 5.000000 3.000000 -4.883747 0.026084
1331 B A 0.614028 0.710590 5.000000 3.000000 -2.786088 0.345517
1332 B A 0.639125 0.950975 5.000000 3.000000 -4.623389 0.088312
1333 B A 0.703255 0.897174 5.000000 3.000000 -4.144982 0.053586
1334 B A 0.677232 0.966737 5.000000 3.000000 -4.747566 0.017943
1335 B A 0.590829 0.981492 5.000000 3.000000 -4.829943 0.130159
1336 B A 0.650931 0.999803 5.000000 3.000000 -5.040810 0.023795
1337 B A 0.619456 0.966425 5.000000 3.000000 -4.739296 0.102013
1338 B A 0.661698 0.934678 5.000000 3.000000 -4.490223 0.072288
1339 A A 0.631918 0.253808 5.000000 3.000000 0.510520 0.339614
1340 B A 0.685695 0.982228 5.000000 3.000000 -4.869364 0.000000
1341 B A 0.649146 0.999408 5.000000 3.000000 -5.037297 0.026858
1342 B A 0.670860 0.953377 5.000000 3.000000 -4.640676 0.040627
1343 B A 0.605796 0.982903 5.000000 3.000000 -4.863861 0.106841
1344 B A 0.630133 0.981461 5.000000 3.000000 -4.875749 0.072323
1345 B A 0.655805 0.967088 5.000000 3.000000 -4.761184 0.048668
1346 B B 0.707274 0.981959 5.000000 3.000000 -3.220209 0.000000
1347 B A 0.640387 0.948824 5.000000 3.000000 -4.605988 0.088578
1348 B A 0.682596 0.998763 5.000000 3.000000 -5.014431 0.000000
1349 B A 0.618544 0.965864 5.000000 3.000000 -4.733674 0.103855
1350 B A 0.665041 0.982870 5.000000 3.000000 -4.892352 0.019527
1351 B A 0.585107 0.999839 5.000000 3.000000 -4.977910 0.122482
1352 B A 0.642917 0.923931 5.000000 3.000000 -4.401710 0.108984
1353 B A 0.667057 0.967038 5.000000 3.000000 -4.757246 0.032395
1354 B A 0.695414 0.981472 5.000000 3.000000 -4.848835 0.000000
1355 B A 0.604327 0.598294 5.000000 3.000000 -2.054586 0.457652
1356 B A 0.627277 0.947810 5.000000 3.000000 -4.589982 0.108190
1357 A A 0.651361 0.982503 5.000000 3.000000 6.522899 0.000000
1358 B A 0.682941 0.999193 4.000000 3.000000 -4.449414 0.000000
1359 B A 0.634486 0.999881 5.000000 3.000000 -5.036792 0.048384
1360 B A 0.805700 0.957929 5.000000 3.000000 -4.204846 0.000000
1361 B A 0.721320 0.999868 5.000000 3.000000 -4.947243 0.000000
1362 B A 0.662500 0.999542 5.000000 3.000000 -5.036469 0.006705
1363 B A 0.616527 0.967162 5.000000 3.000000 -4.742596 0.105578
1364 B A 0.650848 0.999969 5.000000 3.000000 -5.042244 0.023758
1365 B B 0.693493 0.936963 5.000000 3.000000 -2.987494 0.000000
1366 B A 0.669635 0.999716 5.000000 3.000000 -5.034298 0.000000
1367 B A 0.646722 0.971839 5.000000 3.000000 -4.801038 0.057236
1368 B A 0.678359 0.999994 5.000000 1.000000 -4.492056 0.000000
1369 B A 0.633304 0.966677 5.000000 3.000000 -4.752204 0.081699
1370 B A 0.600894 0.999902 5.000000 3.000000 -5.003463 0.098748
1371 B A 0.658048 0.979626 5.000000 3.000000 -4.867030 0.033038
1372 B A 0.708672 0.953753 5.000000 3.000000 -4.591607 0.000000
1373 B A 0.624990 0.981259 5.000000 3.000000 -4.870196 0.080084
1374 B A 0.506243 0.942140 5.000000 3.000000 -4.306431 0.284573
1375 B A 0.646203 0.969057 5.000000 3.000000 -4.777410 0.060689
1376 B A 0.681527 0.980456 5.000000 3.000000 -4.859187 0.000000
1377 A A 0.664526 0.982415 5.000000 3.000000 6.518272 0.000000
1378 B A 0.639503 0.919976 5.000000 3.000000 -4.368190 0.117509
1379 B A 0.997843 0.954793 2.000000 5.000000 -2.742155 0.000000
1380 B A 0.570697 0.982626 5.000000 3.000000 -4.803131 0.158828
1381 B A 0.613220 0.999644 5.000000 3.000000 -5.016891 0.080498
1382 B A 0.698845 0.999789 5.000000 3.000000 -4.999017 0.000000
1383 B A 0.653315 0.966009 5.000000 3.000000 -4.752269 0.053338
1384 B B 0.675536 0.950707 5.000000 3.000000 -3.076736 0.000000
1385 B A 0.626000 0.968254 5.000000 3.000000 -4.760494 0.090809
1386 B A 0.656631 0.977890 5.000000 3.000000 -4.852523 0.036830
1387 B A 0.604658 0.999825 5.000000 3.000000 -5.007955 0.093172
1388 B A 0.688545 0.934916 5.000000 3.000000 -4.471368 0.034402
1389 B A 0.636334 0.853340 5.000000 3.000000 -3.838787 0.185486
1390 B A 0.670458 0.982957 5.000000 3.000000 -4.890069 0.011452
1391 B A 0.591950 0.999977 5.000000 3.000000 -4.990586 0.112096
1392 B A 0.649427 0.962782 5.000000 3.000000 -4.724977 0.062115
1393 B A 0.623551 0.980203 4.000000 3.000000 -4.296228 0.000000
1394 B A 0.665419 0.999751 5.000000 3.000000 -5.036998 0.002120
1395 A A 0.378105 0.948612 5.000000 3.000000 5.063173 0.141325
1396 B A 0.701232 0.999996 5.000000 3.000000 -4.996286 0.000000
1397 B A 0.639484 0.967428 5.000000 3.000000 -4.761619 0.072017
1398 B A 0.727556 0.981641 5.000000 3.000000 -4.774495 0.000000
1399 B A 0.681351 0.967259 2.000000 3.000000 -3.164884 0.000000
1400 B A 0.654365 0.980733 5.000000 3.000000 -4.876990 0.037363
1401 B A 0.615579 0.948958 5.000000 3.000000 -4.588876 0.123762
1402 B A 0.635264 0.979907 3.000000 3.000000 -3.764143 0.000000
1403 B A 0.667710 0.963147 1.000000 3.000000 -2.666133 0.000000
1404 B B 0.649766 0.924636 5.000000 3.000000 -2.939318 0.000000
1405 B A 0.688185 0.535311 5.000000 3.000000 -1.721715 0.447411
1406 B A 0.602107 0.008640 5.000000 3.000000 0.385494 0.992196
1407 B A 0.626387 0.983492 5.000000 3.000000 -4.890391 0.075931
1408 B A 0.666992 0.950846 5.000000 3.000000 -4.621796 0.048690
1409 B A 0.713145 0.979883 5.000000 3.000000 -4.799333 0.000000
1410 B A 0.586016 0.999779 5.000000 3.000000 -4.978974 0.121170
1411 B A 0.652035 0.999578 5.000000 3.000000 -5.038864 0.022360
1412 B A 0.628109 0.965898 5.000000 3.000000 -4.742193 0.089967
1413 B A 0.677562 0.937620 5.000000 3.000000 -4.505341 0.047056
1414 A A 0.645827 0.980657 5.000000 3.000000 6.501085 0.000000
1415 B A 0.614076 0.982730 5.000000 3.000000 -4.872297 0.094794
1416 B A 0.697316 0.962977 5.000000 3.000000 -4.690146 0.000000
1417 B A 0.661259 0.129687 5.000000 3.000000 0.018256 0.871365
1418 B A 0.636761 0.981857 5.000000 3.000000 -4.882954 0.062188
1419 B A 0.681506 0.999577 5.000000 3.000000 -5.022675 0.000000
1420 B A 0.653783 0.901402 5.000000 3.000000 -4.221413 0.116017
1421 B A 0.624571 0.951233 5.000000 3.000000 -4.616350 0.108831
1422 B B 0.667245 0.965704 5.000000 3.000000 -3.163944 0.000000
1423 B A 0.641570 0.999611 5.000000 3.000000 -5.037518 0.038020
1424 B A 0.598281 0.999989 5.000000 3.000000 -5.000447 0.102589
1425 B A 0.560917 0.981042 5.000000 3.000000 -4.769316 0.174576
1426 B A 0.693051 0.965360 3.000000 3.000000 -3.643101 0.000000
1427 B A 0.618286 0.937684 5.000000 3.000000 -4.498148 0.130364
1428 B A 0.300172 0.982794 5.000000 3.000000 -3.441559 0.557489
1429 B A 0.665989 0.981874 5.000000 3.000000 -4.883415 0.019124
1430 B A 0.640744 0.963354 5.000000 3.000000 -4.727751 0.074105
1431 B A 0.745181 0.999719 5.000000 3.000000 -4.865020 0.000000
1432 B A 0.683777 0.999854 5.000000 3.000000 -5.022433 0.000000
1433 A A 0.716799 0.952021 5.000000 3.000000 6.077726 0.000000
1434 B A 0.536262 0.980082 5.000000 3.000000 -4.703094 0.211630
1435 B A 0.654432 0.306694 5.000000 3.000000 -0.608993 0.698934
1436 B A 0.612595 0.967625 5.000000 3.000000 -4.742249 0.110857
1437 B A 0.639391 0.671385 5.000000 3.000000 -2.546054 0.356084
1438 B A 0.672683 0.923949 5.000000 3.000000 -4.397319 0.067713
1439 B A 0.584063 0.999819 5.000000 3.000000 -4.975907 0.124064
1440 B B 0.903209 0.785731 5.000000 3.000000 -1.508680 0.000000
1441 B A 0.699592 0.980680 5.000000 3.000000 -4.834849 0.000000
1442 B A 0.632227 0.947926 5.000000 3.000000 -4.594368 0.101044
1443 B A 0.657628 0.965660 5.000000 3.000000 -4.748879 0.047432
1444 B A 0.682604 0.978383 5.000000 3.000000 -4.840427 0.000000
1445 B A 0.064845 0.981100 5.000000 3.000000 -0.972740 0.904571
1446 B A 0.605203 0.951844 5.000000 3.000000 -4.600698 0.135912
1447 B A 0.654274 0.999489 5.000000 3.000000 -5.037965 0.019090
1448 B A 0.637026 0.981198 5.000000 3.000000 -4.877454 0.062427
1449 B A 0.668967 0.961632 5.000000 3.000000 -4.710785 0.035050
1450 B A 0.351421 0.999684 5.000000 3.000000 -4.005051 0.473036
1451 B A 0.624021 0.981778 5.000000 3.000000 -4.873820 0.081025
1452 A A 0.698755 0.967407 5.000000 3.000000 6.299579 0.000000
1453 B A 0.649472 0.927216 5.000000 3.000000 -4.430020 0.096699
1454 B A 0.673413 0.940066 4.000000 3.000000 -3.982996 0.000000
1455 B A 0.620127 0.981946 5.000000 3.000000 -4.871784 0.086602
1456 B A 0.644281 0.967741 5.000000 3.000000 -4.765848 0.064754
1457 B A 0.599410 0.202993 5.000000 3.000000 -0.165461 0.817486
1458 B A 0.665916 0.982795 5.000000 3.000000 -4.891294 0.018313
1459 B B 0.718468 0.370552 5.000000 3.000000 -0.578608 0.080524
1460 B A 0.683436 0.955282 5.000000 3.000000 -4.645532 0.020690
1461 B A 0.630336 0.982366 5.000000 3.000000 -4.883619 0.071168
1462 B A 0.647015 0.984391 5.000000 3.000000 -4.907914 0.044626
1463 B A 0.661689 0.999458 5.000000 3.000000 -5.036041 0.008005
1464 B A 0.608665 0.951224 5.000000 3.000000 -4.599886 0.131535
1465 B A 0.696866 0.966251 5.000000 3.000000 -4.718272 0.000000
1466 B A 0.629516 0.985312 5.000000 3.000000 -4.908260 0.069596
1467 B A 0.577953 0.999601 5.000000 3.000000 -4.962861 0.133416
1468 B A 0.674872 0.936945 5.000000 3.000000 -4.501979 0.051523
1469 B A 0.653166 0.966160 5.000000 3.000000 -4.753549 0.053406
1470 B A 0.636712 0.165345 5.000000 3.000000 -0.075197 0.842084
1471 A A 0.614896 0.984385 5.000000 2.000000 6.431847 0.000000
1472 B A 0.770535 0.999405 5.000000 3.000000 -4.747361 0.000000
1473 B A 0.660498 0.999969 5.000000 3.000000 -5.040853 0.009285
1474 B A 0.706106 0.999414 5.000000 3.000000 -4.981319 0.000000
1475 B A 0.687515 0.965911 5.000000 3.000000 -4.729374 0.003883
1476 B A 0.674975 0.876769 5.000000 3.000000 -4.019394 0.112304
1477 B A 0.659644 0.944754 5.000000 3.000000 -4.573875 0.065198
1478 B B 0.688089 0.999713 5.000000 3.000000 -3.343764 0.000000
1479 B A 0.717357 0.966143 5.000000 3.000000 -4.673769 0.000000
1480 B A 0.659708 0.981807 5.000000 3.000000 -4.885219 0.028440
1481 B A 0.642633 0.982074 5.000000 3.000000 -4.887102 0.053331
1482 B A 0.671641 0.999522 5.000000 3.000000 -5.031246 0.000000
1483 B A 0.637604 0.920875 5.000000 3.000000 -4.374643 0.119269
1484 B A 0.737986 0.634704 1.000000 3.000000 -0.810142 0.000000
1485 B A 0.701586 0.950231 5.000000 3.000000 -4.576768 0.000000
1486 B A 0.618318 0.969346 5.000000 3.000000 -4.762878 0.100954
1487 B A 0.677921 0.981496 5.000000 3.000000 -4.871673 0.001935
1488 B A 0.654951 0.966969 5.000000 4.000000 -4.766119 0.050024
1489 B A 0.630848 0.999227 5.000000 3.000000 -5.028966 0.054460
1490 B A 0.597071 0.952078 5.000000 3.000000 -4.591372 0.147313
1491 A A 0.659153 0.984323 5.000000 3.000000 6.542438 0.000000
1492 B A 0.686044 0.981819 5.000000 3.000000 -4.865451 0.000000
1493 B A 0.649884 0.962480 5.000000 3.000000 -4.722486 0.061750
1494 B A 0.622879 0.937719 5.000000 3.000000 -4.502727 0.123871
1495 B A 0.641935 0.984363 5.000000 3.000000 -4.906448 0.052155
1496 B A 0.666450 0.966982 5.000000 3.000000 -4.757072 0.033333
1497 B A 0.700427 0.984355 3.000000 3.000000 -3.780790 0.000000
1498 B B 0.608620 0.907491 4.000000 3.000000 -2.474707 0.000000
1499 B A 0.674547 0.999881 5.000000 2.000000 -4.839319 0.000000
1500 B A 0.630523 0.999644 5.000000 3.000000 -5.032367 0.054552
