1 A A 0.020035 0.561637 1.000000 1.000000 0.254962 0.088748
2 A A 0.090057 0.496937 1.000000 1.000000 0.048963 0.055248
3 A A 0.999684 0.280998 1.000000 1.000000 -0.786649 0.000000
4 A A 0.073829 0.430770 1.000000 2.000000 -0.319550 0.068197
5 A A 0.160223 0.131807 1.000000 2.000000 -0.966625 0.078881
6 A A 0.442491 0.486214 1.000000 2.000000 0.265057 0.000000
7 A A 0.916895 0.238114 1.000000 2.000000 -0.770316 0.000000
8 A A 0.254607 0.750969 1.000000 3.000000 1.520607 0.000000
9 A A 0.560596 0.661890 1.000000 3.000000 1.237153 0.000000
10 A A 0.024425 0.200869 1.000000 4.000000 -0.992685 0.095094
11 A A 0.228015 0.582850 1.000000 4.000000 0.371095 0.000000
12 A A 0.396320 0.452405 1.000000 4.000000 0.003431 0.000000
13 A A 0.841276 0.835090 1.000000 4.000000 2.418788 0.000000
14 A A 0.208931 0.987879 2.000000 1.000000 3.867104 0.000000
15 A A 0.764221 0.325281 2.000000 1.000000 -0.287855 0.000000
16 A A 0.042639 0.220841 2.000000 2.000000 -0.923021 0.190583
17 A A 0.305023 0.136751 2.000000 2.000000 -0.765545 0.158288
18 A A 0.412361 0.104578 2.000000 2.000000 -0.786909 0.156876
19 A A 0.480263 0.352180 2.000000 2.000000 -0.034428 0.030861
20 A A 0.551221 0.946400 2.000000 2.000000 3.995314 0.000000
21 A A 0.804375 0.223398 2.000000 2.000000 -0.577844 0.020305
22 A A 0.009246 0.360765 2.000000 3.000000 -0.816908 0.196664
23 A A 0.218617 0.613063 2.000000 3.000000 0.667751 0.065974
24 A A 0.407447 0.712029 2.000000 3.000000 1.851574 0.000000
25 A A 0.888541 0.740876 2.000000 3.000000 1.870998 0.000000
26 A A 0.958493 0.034749 2.000000 3.000000 -1.026239 0.166694
27 A A 0.012885 0.927109 2.000000 4.000000 1.211111 0.188054
28 A A 0.271464 0.277988 2.000000 4.000000 -0.651903 0.124536
29 A A 0.872281 0.002470 2.000000 4.000000 -0.973435 0.197846
30 A A 0.992514 0.656839 2.000000 4.000000 1.185992 0.000000
31 A A 0.774834 0.157881 2.000000 5.000000 -0.614665 0.077668
32 A A 0.056581 0.973616 3.000000 1.000000 2.996157 0.244912
33 A A 0.258273 0.644008 3.000000 1.000000 1.697036 0.133670
34 A A 0.556009 0.850284 3.000000 1.000000 3.673111 0.000000
35 A A 0.168121 0.252389 3.000000 2.000000 -0.692321 0.257568
36 A A 0.220024 0.735498 3.000000 2.000000 1.835005 0.138173
37 A A 0.426638 0.234064 3.000000 2.000000 -0.237761 0.200139
38 A A 0.173292 0.483333 3.000000 3.000000 -0.134753 0.216242
39 A A 0.446190 0.877506 3.000000 3.000000 3.711985 0.000000
40 A A 0.891883 0.523608 3.000000 3.000000 0.740721 0.000000
41 A A 0.907338 0.555513 3.000000 3.000000 0.854035 0.000000
42 A A 0.983902 0.934231 3.000000 3.000000 3.128452 0.000000
43 A A 0.387890 0.175157 3.000000 4.000000 -0.632819 0.232058
44 A A 0.473518 0.760653 3.000000 4.000000 2.555726 0.000000
45 A A 0.548337 0.342043 3.000000 4.000000 0.119661 0.112445
46 A A 0.895942 0.470100 3.000000 4.000000 0.634169 0.000000
47 A A 0.911224 0.544970 3.000000 4.000000 1.004891 0.000000
48 A A 0.969145 0.765546 3.000000 4.000000 2.253501 0.000000
49 A A 0.335894 0.219098 3.000000 5.000000 -0.727818 0.226407
50 A A 0.831534 0.899022 3.000000 5.000000 4.187156 0.000000
51 A A 0.378366 0.592948 4.000000 1.000000 2.153168 0.175649
52 A A 0.619778 0.868361 4.000000 1.000000 4.304876 0.000000
53 A A 0.265032 0.693068 4.000000 2.000000 2.076896 0.216315
54 A A 0.464761 0.129824 4.000000 2.000000 -0.366263 0.339663
55 A A 0.656977 0.308999 4.000000 2.000000 0.386056 0.196995
56 A A 0.127264 0.859775 4.000000 3.000000 1.441684 0.290582
57 A A 0.165601 0.050044 4.000000 3.000000 -1.039780 0.391713
58 A A 0.215214 0.449809 4.000000 3.000000 -0.041311 0.303195
59 A A 0.609300 0.818053 4.000000 3.000000 4.075363 0.000000
60 A A 0.613910 0.007504 4.000000 3.000000 -0.689389 0.395393
61 A A 0.719084 0.786492 4.000000 3.000000 3.754565 0.000000
62 A A 0.873433 0.624809 4.000000 3.000000 1.726839 0.000000
63 A A 0.687001 0.933209 4.000000 4.000000 5.299992 0.000000
64 A A 0.838885 0.496109 4.000000 4.000000 1.331690 0.000000
65 A A 0.492447 0.113027 4.000000 5.000000 -0.700937 0.344340
66 A A 0.812596 0.885951 4.000000 5.000000 4.767790 0.000000
67 A A 0.241566 0.503342 5.000000 1.000000 1.327309 0.378410
68 A A 0.429629 0.714943 5.000000 1.000000 3.758824 0.192839
69 A A 0.309972 0.183794 5.000000 2.000000 -0.156459 0.443029
70 A A 0.693198 0.653140 5.000000 2.000000 2.999872 0.047245
71 A A 0.767616 0.092140 5.000000 2.000000 -0.373043 0.429272
72 A A 0.145514 0.465528 5.000000 3.000000 -0.446192 0.432259
73 A A 0.077981 0.061813 5.000000 5.000000 -0.082033 0.495180
74 A A 0.580832 0.455011 5.000000 5.000000 1.285017 0.235715
75 A A 0.818067 0.649523 5.000000 5.000000 3.207782 0.000000
76 A B 0.071428 0.721698 1.000000 2.000000 0.430655 0.122676
77 A B 0.675995 0.523130 1.000000 4.000000 0.191316 0.000000
78 A B 0.761896 0.619317 1.000000 4.000000 0.402976 0.000000
79 A B 0.048990 0.615973 1.000000 5.000000 0.006529 0.454735
80 A B 0.094184 0.775302 1.000000 5.000000 0.374084 0.390468
81 A B 0.316437 0.855217 2.000000 1.000000 1.227368 0.000000
82 A B 0.602517 0.824158 2.000000 1.000000 1.137930 0.000000
83 A B 0.941681 0.538885 2.000000 1.000000 0.036856 0.000000
84 A B 0.084970 0.088841 2.000000 2.000000 -0.413735 0.188677
85 A B 0.121768 0.849606 2.000000 2.000000 0.806944 0.044818
86 A B 0.703086 0.046861 2.000000 2.000000 -0.349479 0.150579
87 A B 0.188462 0.044467 2.000000 3.000000 -0.412804 0.287430
88 A B 0.435940 0.609437 2.000000 3.000000 0.485326 0.000000
89 A B 0.451828 0.336986 2.000000 3.000000 -0.060285 0.071611
90 A B 0.467903 0.640199 2.000000 3.000000 0.577546 0.000000
91 A B 0.544790 0.968448 2.000000 3.000000 1.665450 0.000000
92 A B 0.726001 0.952756 2.000000 3.000000 1.618210 0.000000
93 A B 0.739580 0.999942 2.000000 3.000000 1.789940 0.000000
94 A B 0.883249 0.289063 2.000000 3.000000 -0.176175 0.000000
95 A B 0.903609 0.079261 2.000000 3.000000 -0.376858 0.192569
96 A B 0.948577 0.941356 2.000000 3.000000 1.283706 0.000000
97 A B 0.299528 0.133367 2.000000 4.000000 -0.352632 0.340079
98 A B 0.668567 0.862028 2.000000 4.000000 1.313722 0.000000
99 A B 0.829509 0.383157 2.000000 4.000000 0.033803 0.000000
100 A B 0.119462 0.626814 3.000000 1.000000 0.365462 0.000000
101 A B 0.749709 0.120374 3.000000 1.000000 -0.275669 0.000000
102 A B 0.796881 0.688789 3.000000 1.000000 0.668374 0.000000
103 A B 0.924399 0.542164 3.000000 1.000000 0.054961 0.000000
104 A B 0.142097 0.603034 3.000000 2.000000 0.226551 0.071466
105 A B 0.156984 0.033015 3.000000 2.000000 -0.413737 0.192226
106 A B 0.285586 0.779094 3.000000 2.000000 1.015509 0.000000
107 A B 0.363169 0.167097 3.000000 2.000000 -0.193854 0.108974
108 A B 0.367818 0.737830 3.000000 2.000000 1.021278 0.000000
109 A B 0.642501 0.872072 3.000000 2.000000 1.556168 0.000000
110 A B 0.788539 0.113823 3.000000 2.000000 -0.271018 0.065369
111 A B 0.139971 0.148797 3.000000 3.000000 -0.407838 0.268759
112 A B 0.179280 0.203644 3.000000 3.000000 -0.356045 0.245236
113 A B 0.684324 0.883153 3.000000 3.000000 1.627295 0.000000
114 A B 0.716181 0.684033 3.000000 3.000000 0.941694 0.000000
115 A B 0.751850 0.905189 3.000000 3.000000 1.663478 0.000000
116 A B 0.291602 0.245389 3.000000 4.000000 -0.255568 0.292666
117 A B 0.381079 0.037401 3.000000 4.000000 -0.351670 0.378621
118 A B 0.423083 0.549288 3.000000 4.000000 0.385625 0.051408
119 A B 0.903284 0.821391 3.000000 4.000000 1.207638 0.000000
120 A B 0.927033 0.096677 3.000000 4.000000 -0.326907 0.265566
121 A B 0.323278 0.700157 3.000000 5.000000 0.449475 0.160482
122 A B 0.532231 0.839697 3.000000 5.000000 1.257847 0.000000
123 A B 0.759231 0.160837 3.000000 5.000000 -0.150761 0.316832
124 A B 0.415176 0.458722 4.000000 1.000000 0.511807 0.000000
125 A B 0.577063 0.816537 4.000000 1.000000 1.567464 0.000000
126 A B 0.287646 0.557239 4.000000 2.000000 0.524319 0.000000
127 A B 0.454928 0.053424 4.000000 2.000000 -0.236956 0.163544
128 A B 0.515921 0.018685 4.000000 2.000000 -0.280187 0.185540
129 A B 0.154271 0.918544 4.000000 3.000000 0.854203 0.087444
130 A B 0.182830 0.957332 4.000000 3.000000 1.104063 0.037456
131 A B 0.203929 0.094404 4.000000 3.000000 -0.385151 0.271122
132 A B 0.631322 0.314848 4.000000 3.000000 0.186817 0.001844
133 A B 0.965196 0.421545 4.000000 3.000000 0.021771 0.000000
134 A B 0.245561 0.333824 4.000000 4.000000 -0.221048 0.277038
135 A B 0.293726 0.771063 4.000000 4.000000 0.755048 0.060278
136 A B 0.746167 0.384666 4.000000 4.000000 0.361553 0.000000
137 A B 0.108218 0.359911 4.000000 5.000000 -0.420858 0.441577
138 A B 0.852037 0.194988 4.000000 5.000000 -0.043591 0.250794
139 A B 0.536305 0.434391 5.000000 1.000000 0.586585 0.000000
140 A B 0.795505 0.845418 5.000000 2.000000 1.616681 0.000000
141 A B 0.000396 0.891732 5.000000 3.000000 0.057368 0.299470
142 A B 0.032577 0.664142 5.000000 3.000000 -0.185633 0.267546
143 A B 0.663583 0.812241 5.000000 3.000000 1.884117 0.000000
144 A B 0.943831 0.344387 5.000000 3.000000 -0.025990 0.000000
145 A B 0.961256 0.536274 5.000000 3.000000 0.303301 0.000000
146 A B 0.970026 0.327859 5.000000 3.000000 -0.105629 0.000000
147 A B 0.489449 0.399603 5.000000 4.000000 0.344244 0.106622
148 A B 0.728137 0.102135 5.000000 4.000000 -0.024450 0.288448
149 A B 0.732612 0.014862 5.000000 4.000000 -0.141979 0.383668
150 A B 0.504640 0.803591 5.000000 5.000000 1.388504 0.000000
151 B A 0.419181 0.164873 1.000000 1.000000 0.601355 0.096333
152 B A 0.981105 0.794536 1.000000 1.000000 -1.125279 0.000000
153 B A 0.239838 0.227472 1.000000 2.000000 0.559885 0.118165
154 B A 0.364693 0.717330 1.000000 2.000000 -1.164620 0.000000
155 B A 0.977443 0.571376 1.000000 2.000000 -0.262600 0.000000
156 B A 0.349233 0.875511 1.000000 4.000000 -1.863099 0.000000
157 B A 0.351901 0.925468 1.000000 4.000000 -2.167097 0.000000
158 B A 0.644489 0.056868 1.000000 4.000000 0.728429 0.145024
159 B A 0.135093 0.290568 1.000000 5.000000 0.643802 0.141119
160 B A 0.392284 0.172137 1.000000 5.000000 0.651328 0.098710
161 B A 0.340686 0.377558 2.000000 2.000000 -0.004452 0.207057
162 B A 0.344379 0.462816 2.000000 2.000000 -0.296297 0.160924
163 B A 0.529180 0.072404 2.000000 2.000000 0.653183 0.342528
164 B A 0.706217 0.769151 2.000000 2.000000 -1.800482 0.000000
165 B A 0.067686 0.704787 2.000000 3.000000 -0.416582 0.328443
166 B A 0.337806 0.295757 2.000000 3.000000 0.291759 0.250137
167 B A 0.791427 0.971152 2.000000 3.000000 -3.063046 0.000000
168 B A 0.060144 0.487889 2.000000 4.000000 0.437745 0.355985
169 B A 0.082444 0.312382 2.000000 4.000000 0.692313 0.361369
170 B A 0.211102 0.150093 2.000000 4.000000 0.728757 0.352473
171 B A 0.279895 0.191165 2.000000 4.000000 0.613519 0.319741
172 B A 0.329370 0.395068 2.000000 4.000000 0.127964 0.204815
173 B A 0.384639 0.179271 2.000000 4.000000 0.549029 0.296568
174 B A 0.557366 0.371371 2.000000 4.000000 0.003044 0.089515
175 B A 0.833740 0.374331 2.000000 4.000000 -0.030256 0.000000
176 B A 0.931130 0.993762 2.000000 4.000000 -3.009929 0.000000
177 B A 0.447476 0.528716 2.000000 5.000000 -0.370019 0.045118
178 B A 0.113099 0.889913 3.000000 2.000000 -1.669198 0.449028
179 B A 0.572098 0.832572 3.000000 2.000000 -2.673713 0.000000
180 B A 0.753544 0.516452 3.000000 2.000000 -0.754000 0.016247
181 B A 0.988821 0.347154 3.000000 2.000000 0.433772 0.085091
182 B A 0.398266 0.367831 3.000000 3.000000 -0.128738 0.380258
183 B A 0.653514 0.588407 3.000000 3.000000 -1.267990 0.023201
184 B A 0.770170 0.028675 3.000000 3.000000 0.573481 0.566873
185 B A 0.806709 0.085182 3.000000 3.000000 0.523825 0.496924
186 B A 0.251607 0.478912 3.000000 4.000000 0.033365 0.419254
187 B A 0.854894 0.985257 3.000000 4.000000 -3.568446 0.000000
188 B A 0.029749 0.501652 3.000000 5.000000 0.717762 0.577615
189 B A 0.266701 0.566223 3.000000 5.000000 -0.079213 0.373481
190 B A 0.593642 0.732937 3.000000 5.000000 -1.877336 0.000000
191 B A 0.647743 0.274784 3.000000 5.000000 0.053460 0.333016
192 B A 0.710431 0.757205 3.000000 5.000000 -2.250530 0.000000
193 B A 0.059903 0.022581 4.000000 1.000000 0.765722 0.797971
194 B A 0.232545 0.010810 4.000000 1.000000 0.624711 0.796229
195 B A 0.494791 0.977655 4.000000 1.000000 -4.251923 0.074398
196 B A 0.708634 0.749760 4.000000 1.000000 -2.186878 0.003042
197 B A 0.921261 0.231216 4.000000 1.000000 0.638186 0.480485
198 B A 0.088634 0.438566 4.000000 2.000000 0.317267 0.741693
199 B A 0.461005 0.678352 4.000000 2.000000 -2.071009 0.330915
200 B A 0.592817 0.729717 4.000000 2.000000 -2.433326 0.151117
201 B A 0.627324 0.634207 4.000000 2.000000 -1.835733 0.203220
202 B A 0.844034 0.303251 4.000000 2.000000 0.092280 0.416068
203 B A 0.936989 0.466694 4.000000 2.000000 -0.052564 0.144069
204 B A 0.183571 0.181497 4.000000 3.000000 0.685977 0.750024
205 B A 0.196643 0.507078 4.000000 3.000000 -0.061229 0.650430
206 B A 0.301000 0.574320 4.000000 3.000000 -0.851986 0.540695
207 B A 0.499598 0.140960 4.000000 3.000000 0.295154 0.694365
208 B A 0.816433 0.356361 4.000000 3.000000 -0.331314 0.363583
209 B A 0.051170 0.633051 4.000000 4.000000 0.490346 0.751410
210 B A 0.105473 0.040302 4.000000 4.000000 0.652811 0.793624
211 B A 0.275245 0.680940 4.000000 4.000000 -0.857648 0.518862
212 B A 0.281244 0.746655 4.000000 4.000000 -1.207513 0.485012
213 B A 0.567742 0.604609 4.000000 4.000000 -1.561178 0.285107
214 B A 0.734928 0.864233 4.000000 4.000000 -3.448939 0.000000
215 B A 0.936236 0.416607 4.000000 4.000000 -0.335554 0.214937
216 B A 0.993996 0.510786 4.000000 4.000000 -0.516846 0.038421
217 B A 0.098580 0.074470 4.000000 5.000000 0.478139 0.788988
218 B A 0.952986 0.982077 4.000000 5.000000 -3.790264 0.000000
219 B A 0.046276 0.796991 5.000000 1.000000 -1.147363 0.944678
220 B A 0.541463 0.949901 5.000000 1.000000 -4.508893 0.228496
221 B A 0.862161 0.196825 5.000000 2.000000 0.332129 0.745457
222 B A 0.064015 0.780523 5.000000 3.000000 -0.145170 0.925052
223 B A 0.605487 0.064527 5.000000 4.000000 0.278111 0.941394
224 B A 0.576285 0.411438 5.000000 5.000000 -0.746665 0.644342
225 B A 0.587363 0.446262 5.000000 5.000000 -0.946124 0.606823
226 B B 0.130452 0.584518 1.000000 2.000000 -0.210454 0.175165
227 B B 0.199318 0.254536 1.000000 2.000000 0.359396 0.205786
228 B B 0.585533 0.723932 1.000000 2.000000 -0.826817 0.000000
229 B B 0.801453 0.569068 1.000000 2.000000 -0.300370 0.000000
230 B B 0.325276 0.598159 1.000000 3.000000 -0.356440 0.166520
231 B B 0.956239 0.920799 1.000000 3.000000 -1.403598 0.000000
232 B B 0.006437 0.708861 1.000000 4.000000 -0.264220 0.527858
233 B B 0.260629 0.801131 1.000000 4.000000 -0.869530 0.282776
234 B B 0.670432 0.270228 1.000000 4.000000 0.269131 0.315930
235 B B 0.149803 0.907035 2.000000 1.000000 -1.448095 0.000000
236 B B 0.353631 0.902338 2.000000 2.000000 -1.700053 0.000000
237 B B 0.509189 0.473888 2.000000 2.000000 -0.269978 0.000000
238 B B 0.694406 0.117750 2.000000 2.000000 0.375751 0.168547
239 B B 0.317503 0.261538 2.000000 3.000000 0.260011 0.300353
240 B B 0.625785 0.829111 2.000000 3.000000 -1.491486 0.000000
241 B B 0.680918 0.595982 2.000000 3.000000 -0.643427 0.000000
242 B B 0.821178 0.330627 2.000000 3.000000 0.092886 0.074195
243 B B 0.190095 0.248198 2.000000 4.000000 0.436247 0.476716
244 B B 0.200925 0.639107 2.000000 4.000000 -0.248112 0.379239
245 B B 0.223767 0.676601 2.000000 4.000000 -0.399368 0.351652
246 B B 0.404906 0.211415 2.000000 4.000000 0.323513 0.430610
247 B B 0.500632 0.955433 2.000000 4.000000 -1.922508 0.000000
248 B B 0.898516 0.268032 2.000000 4.000000 0.227789 0.244337
249 B B 0.102936 0.257540 2.000000 5.000000 0.515455 0.634854
250 B B 0.235220 0.964626 2.000000 5.000000 -1.227668 0.394387
251 B B 0.311975 0.153380 2.000000 5.000000 0.448274 0.609246
252 B B 0.372838 0.961456 2.000000 5.000000 -1.610237 0.236506
253 B B 0.437164 0.187826 2.000000 5.000000 0.377266 0.568134
254 B B 0.458799 0.915960 2.000000 5.000000 -1.582211 0.162376
255 B B 0.525580 0.216226 2.000000 5.000000 0.317706 0.530294
256 B B 0.018167 0.407263 3.000000 2.000000 0.325809 0.257788
257 B B 0.114867 0.285848 3.000000 2.000000 0.371555 0.227265
258 B B 0.486577 0.990849 3.000000 2.000000 -2.528137 0.000000
259 B B 0.538348 0.668355 3.000000 2.000000 -1.105009 0.000000
260 B B 0.779175 0.069265 3.000000 2.000000 0.376467 0.201904
261 B B 0.883410 0.697153 3.000000 2.000000 -0.781356 0.000000
262 B B 0.916096 0.390172 3.000000 2.000000 0.102945 0.000000
263 B B 0.563659 0.936978 3.000000 3.000000 -2.256609 0.000000
264 B B 0.639491 0.671850 3.000000 3.000000 -1.142191 0.000000
265 B B 0.677787 0.755676 3.000000 3.000000 -1.475350 0.000000
266 B B 0.374855 0.026135 3.000000 4.000000 0.446326 0.521577
267 B B 0.478558 0.910113 3.000000 4.000000 -1.924165 0.010683
268 B B 0.652803 0.107309 3.000000 4.000000 0.293504 0.449272
269 B B 0.722846 0.787466 3.000000 4.000000 -1.631947 0.000000
270 B B 0.857397 0.240299 3.000000 4.000000 0.140778 0.286096
271 B B 0.868389 0.298357 3.000000 4.000000 0.044802 0.222425
272 B B 0.432563 0.443329 3.000000 5.000000 -0.104810 0.436545
273 B B 0.697963 0.551159 3.000000 5.000000 -0.731912 0.205041
274 B B 0.247787 0.620308 4.000000 1.000000 -0.911409 0.000000
275 B B 0.356834 0.080663 4.000000 1.000000 0.228519 0.098793
276 B B 0.473309 0.124671 4.000000 1.000000 0.177006 0.062524
277 B B 0.522649 0.003428 4.000000 1.000000 0.369886 0.131184
278 B B 0.016035 0.387527 4.000000 2.000000 0.385016 0.259210
279 B B 0.034657 0.417816 4.000000 2.000000 0.331193 0.249291
280 B B 0.124163 0.895022 4.000000 2.000000 -1.162149 0.133312
281 B B 0.613094 0.145277 4.000000 2.000000 0.150334 0.159785
282 B B 0.039879 0.696605 4.000000 3.000000 0.054786 0.366664
283 B B 0.332498 0.304336 4.000000 3.000000 0.019470 0.278571
284 B B 0.512482 0.322146 4.000000 3.000000 -0.184280 0.201888
285 B B 0.622870 0.653580 4.000000 3.000000 -1.331024 0.000000
286 B B 0.863764 0.401364 4.000000 3.000000 -0.227765 0.000000
287 B B 0.599549 0.427983 4.000000 4.000000 -0.497279 0.225417
288 B B 0.635055 0.406433 4.000000 4.000000 -0.473767 0.223605
289 B B 0.824479 0.578263 4.000000 4.000000 -0.969310 0.000000
290 B B 0.975831 0.263728 4.000000 4.000000 0.175762 0.224509
291 B B 0.402500 0.532808 4.000000 5.000000 -0.345694 0.409320
292 B B 0.781713 0.809511 5.000000 1.000000 -1.627460 0.000000
293 B B 0.150570 0.518396 5.000000 2.000000 -0.120471 0.173001
294 B B 0.518011 0.843324 5.000000 2.000000 -2.463059 0.000000
295 B B 0.662947 0.317979 5.000000 2.000000 -0.385667 0.013702
296 B B 0.785215 0.791351 5.000000 2.000000 -1.822478 0.000000
297 B B 0.847470 0.364092 5.000000 2.000000 -0.139807 0.000000
298 B B 0.877135 0.426643 5.000000 2.000000 -0.184027 0.000000
299 B B 0.174101 0.209996 5.000000 3.000000 0.453482 0.356127
300 B B 0.740118 0.490940 5.000000 3.000000 -0.940882 0.000000
301 A B 0.121768 0.850632 2.000000 2.000000 0.809938 0.044630
302 B B 0.442094 0.751903 4.000000 4.000000 -1.375581 0.134439
303 A A 0.083985 0.994791 3.000000 4.000000 1.606234 0.216453
304 A B 0.844034 0.303660 4.000000 2.000000 -0.048592 0.000000
305 A A 0.258010 0.917954 2.000000 1.000000 3.434742 0.000000
306 A A 0.795733 0.034749 3.000000 3.000000 -0.780372 0.272349
307 A B 0.372838 0.986878 2.000000 2.000000 1.686031 0.000000
308 A B 0.429452 0.769237 5.000000 1.000000 1.704680 0.000000
309 A B 0.584475 0.247962 2.000000 5.000000 -0.194445 0.282609
310 A A 0.977443 0.621484 4.000000 2.000000 0.577109 0.000000
311 A A 0.952902 0.241281 4.000000 4.000000 -0.363051 0.170083
312 A B 0.710848 0.494667 2.000000 2.000000 0.247925 0.000000
313 A B 0.048990 0.637932 1.000000 2.000000 0.223702 0.153122
314 B A 0.734928 0.486582 4.000000 4.000000 -1.146674 0.263595
315 B A 0.629508 0.649748 3.000000 2.000000 -1.548708 0.000000
316 A A 0.963575 0.870967 3.000000 1.000000 1.790843 0.000000
317 B A 0.130452 0.584518 1.000000 2.000000 -0.315681 0.085623
318 B A 0.988821 0.347386 4.000000 3.000000 0.250456 0.284747
319 A B 0.818035 0.968939 2.000000 3.000000 1.593081 0.000000
320 A B 0.744276 0.836675 5.000000 3.000000 1.906419 0.000000
321 B B 0.877135 0.438988 4.000000 2.000000 -0.143286 0.000000
322 A B 0.997977 0.422604 4.000000 3.000000 -0.033223 0.000000
323 A A 0.929716 0.209365 3.000000 4.000000 -0.543057 0.105350
324 B A 0.518626 0.014590 4.000000 2.000000 0.533180 0.788650
325 B B 0.952986 0.998599 4.000000 5.000000 -2.612413 0.000000
326 B B 0.599549 0.442543 4.000000 4.000000 -0.540836 0.214942
327 A A 0.293726 0.771063 4.000000 1.000000 3.260077 0.173518
328 A A 0.116286 0.263142 2.000000 5.000000 -1.019622 0.169400
329 B A 0.113099 0.079132 3.000000 2.000000 0.778729 0.586575
330 A A 0.967054 0.113823 2.000000 2.000000 -0.995516 0.089927
331 B A 0.084970 0.044826 2.000000 5.000000 0.702713 0.394287
332 A B 0.300022 0.171510 3.000000 4.000000 -0.308165 0.322815
333 B B 0.526638 0.829817 1.000000 2.000000 -1.212577 0.000000
334 A A 0.873433 0.574701 1.000000 3.000000 0.607114 0.000000
335 B B 0.903284 0.821391 3.000000 1.000000 -0.948028 0.000000
336 A B 0.916806 0.799508 4.000000 4.000000 1.265422 0.000000
337 A B 0.118059 0.603034 3.000000 5.000000 -0.215863 0.393210
338 A A 0.442491 0.863863 1.000000 2.000000 2.676429 0.000000
339 B B 0.484112 0.972742 5.000000 2.000000 -3.134578 0.000000
340 A A 0.446190 0.534192 3.000000 3.000000 1.119199 0.061649
341 A B 0.622870 0.675523 4.000000 3.000000 1.135616 0.000000
342 B A 0.821178 0.400464 2.000000 2.000000 0.003214 0.000000
343 B A 0.344150 0.053424 4.000000 2.000000 0.467069 0.772421
344 A B 0.642501 0.871982 3.000000 2.000000 1.555838 0.000000
345 B A 0.183571 0.181497 5.000000 3.000000 0.686025 0.950024
346 A A 0.203929 0.124145 4.000000 3.000000 -0.933444 0.374683
347 B A 0.916895 0.794295 1.000000 2.000000 -1.345783 0.000000
348 A B 0.175456 0.620380 2.000000 4.000000 0.118117 0.236726
349 A B 0.404324 0.668355 3.000000 2.000000 0.844524 0.000000
350 B A 0.604541 0.977655 4.000000 1.000000 -4.089163 0.000000
351 B A 0.723905 0.749491 1.000000 4.000000 -1.396568 0.000000
352 B A 0.744984 0.877264 3.000000 1.000000 -2.546354 0.000000
353 B B 0.897719 0.662693 3.000000 1.000000 -0.454329 0.000000
354 A A 0.899317 0.563110 1.000000 2.000000 0.430355 0.000000
355 B A 0.658618 0.766990 2.000000 2.000000 -1.825239 0.000000
356 A B 0.763597 0.578263 4.000000 4.000000 0.848670 0.000000
357 B B 0.937926 0.271763 1.000000 1.000000 0.379422 0.000000
358 A B 0.826696 0.595982 2.000000 3.000000 0.440409 0.000000
359 B B 0.707063 0.759551 2.000000 1.000000 -1.091702 0.000000
360 A B 0.865022 0.459457 4.000000 3.000000 0.301543 0.000000
361 B B 0.753193 0.791351 5.000000 1.000000 -1.684766 0.000000
362 A B 0.518011 0.564500 5.000000 2.000000 0.970514 0.000000
363 B A 0.751738 0.896391 2.000000 3.000000 -2.621045 0.000000
364 B A 0.877571 0.682696 1.000000 2.000000 -0.852444 0.000000
365 A A 0.877135 0.330128 5.000000 2.000000 -0.059287 0.210433
366 B A 0.487361 0.927193 4.000000 4.000000 -3.406356 0.122183
367 A A 0.572098 0.832572 3.000000 2.000000 3.564951 0.000000
368 A B 0.560672 0.998599 4.000000 5.000000 2.113785 0.000000
369 B A 0.411734 0.922297 2.000000 4.000000 -2.488086 0.000000
370 B B 0.593642 0.741372 3.000000 5.000000 -1.284748 0.138535
371 B A 0.624275 0.920799 1.000000 3.000000 -2.385754 0.000000
372 B B 0.481290 0.809511 5.000000 1.000000 -2.320005 0.000000
373 B A 0.738193 0.971535 5.000000 3.000000 -4.654913 0.000000
374 B B 0.883410 0.628813 3.000000 2.000000 -0.562932 0.000000
375 B B 0.322135 0.883225 3.000000 5.000000 -1.177555 0.325245
376 B B 0.353631 0.905167 2.000000 3.000000 -1.610949 0.015885
377 A B 0.549543 0.066264 1.000000 2.000000 -0.391071 0.145378
378 B B 0.623659 0.782872 3.000000 3.000000 -1.583272 0.000000
379 B A 0.538348 0.674313 3.000000 2.000000 -1.691232 0.055477
380 B A 0.461995 0.955433 2.000000 4.000000 -2.814310 0.000000
381 A A 0.825103 0.323826 2.000000 1.000000 -0.407768 0.000000
382 A A 0.648457 0.819995 1.000000 2.000000 2.342464 0.000000
383 B A 0.625689 0.587127 3.000000 2.000000 -1.219507 0.048961
384 B B 0.165595 0.904511 2.000000 4.000000 -0.976932 0.353594
385 A A 0.929872 0.992054 2.000000 4.000000 4.001949 0.000000
386 A B 0.247787 0.620308 4.000000 2.000000 0.581879 0.000000
387 B A 0.977443 0.882696 1.000000 2.000000 -1.728943 0.000000
388 A A 0.840649 0.971152 3.000000 4.000000 4.682080 0.000000
389 B A 0.403907 0.238114 1.000000 2.000000 0.484648 0.055736
390 A B 0.999453 0.794536 1.000000 1.000000 0.582355 0.000000
391 B B 0.731678 0.972742 5.000000 2.000000 -2.922146 0.000000
392 B B 0.677787 0.591531 3.000000 3.000000 -0.857087 0.000000
393 B B 0.874530 0.936978 3.000000 3.000000 -1.938528 0.000000
394 B B 0.583359 0.851330 1.000000 3.000000 -1.297559 0.000000
395 B B 0.469773 0.473888 2.000000 2.000000 -0.268030 0.000000
396 B B 0.936364 0.963279 4.000000 1.000000 -1.312723 0.000000
397 B B 0.804803 0.990781 3.000000 2.000000 -2.228471 0.000000
398 A A 0.954895 0.479511 4.000000 5.000000 0.970905 0.000000
399 B A 0.973113 0.793663 1.000000 2.000000 -1.252283 0.000000
400 B A 0.543597 0.994757 3.000000 4.000000 -3.669540 0.000000
401 A A 0.457309 0.979609 3.000000 2.000000 4.908658 0.000000
402 B B 0.977443 0.833808 1.000000 2.000000 -0.971334 0.000000
403 B B 0.622870 0.653580 3.000000 3.000000 -1.068814 0.000000
404 B A 0.952986 0.964630 4.000000 5.000000 -3.656661 0.000000
405 B B 0.791427 0.971152 2.000000 3.000000 -2.042031 0.000000
406 B B 0.722846 0.854477 3.000000 4.000000 -1.927809 0.000000
407 B A 0.888804 0.794295 1.000000 4.000000 -1.537607 0.000000
408 B A 0.630430 0.843264 2.000000 4.000000 -2.313861 0.000000
409 B B 0.544497 0.879228 1.000000 3.000000 -1.401811 0.000000
410 B A 0.591528 0.732937 3.000000 5.000000 -1.871898 0.000000
411 A A 0.349233 0.875511 1.000000 4.000000 2.484132 0.000000
412 B B 0.364693 0.798919 1.000000 2.000000 -1.063150 0.000000
413 A A 0.752496 0.781267 2.000000 3.000000 2.537433 0.000000
414 B B 0.626770 0.777629 1.000000 3.000000 -1.022864 0.000000
415 B B 0.850808 0.998599 2.000000 5.000000 -2.232020 0.000000
416 B A 0.983029 0.983755 1.000000 2.000000 -2.329057 0.000000
417 A B 0.618779 0.809511 5.000000 1.000000 1.731697 0.000000
418 B B 0.604541 0.975248 4.000000 1.000000 -2.713375 0.000000
419 A A 0.738193 0.955231 5.000000 3.000000 6.027239 0.000000
420 B A 0.629508 0.532349 3.000000 3.000000 -0.982205 0.097324
421 B A 0.873172 0.988541 3.000000 1.000000 -2.603217 0.000000
422 B A 0.543597 0.996521 3.000000 4.000000 -3.682984 0.000000
423 B A 0.410194 0.971161 5.000000 2.000000 -4.517704 0.402454
424 B A 0.710309 0.809516 5.000000 1.000000 -2.898823 0.137490
425 B A 0.475786 0.829111 2.000000 3.000000 -2.134830 0.000000
426 B A 0.721434 0.792119 3.000000 5.000000 -2.480661 0.000000
427 A A 0.526638 0.771839 1.000000 2.000000 1.989604 0.000000
428 A B 0.821827 0.990781 4.000000 2.000000 1.903198 0.000000
429 B A 0.500632 0.955614 2.000000 4.000000 -2.885014 0.000000
430 B B 0.517313 0.836246 3.000000 2.000000 -1.794064 0.000000
431 B B 0.370257 0.788256 2.000000 2.000000 -1.247980 0.000000
432 B B 0.909032 0.985257 3.000000 2.000000 -1.824126 0.000000
433 A B 0.737787 0.766750 4.000000 2.000000 1.306059 0.000000
434 B B 0.956239 0.920799 3.000000 3.000000 -1.599995 0.000000
435 B A 0.834693 0.749491 1.000000 4.000000 -1.346856 0.000000
436 A B 0.720234 0.972742 5.000000 2.000000 2.367890 0.000000
437 B A 0.968110 0.978986 4.000000 1.000000 -1.792597 0.000000
438 B A 0.987948 0.937360 3.000000 3.000000 -2.345625 0.000000
439 B A 0.782720 0.912408 5.000000 2.000000 -3.602288 0.000000
440 B B 0.210785 0.907035 4.000000 1.000000 -1.929368 0.000000
441 B B 0.358209 0.796010 1.000000 4.000000 -0.953804 0.191168
442 B B 0.540378 0.784977 3.000000 3.000000 -1.543990 0.000000
443 A A 0.562734 0.853721 1.000000 3.000000 2.605931 0.000000
444 B A 0.461995 0.931140 2.000000 4.000000 -2.650390 0.000000
445 A A 0.734353 0.798734 2.000000 4.000000 2.767874 0.000000
446 B A 0.518011 0.834106 5.000000 2.000000 -3.624530 0.351886
447 A B 0.485651 0.923878 2.000000 4.000000 1.410207 0.000000
448 B A 0.801462 0.791346 5.000000 1.000000 -2.174065 0.048650
449 B A 0.709507 0.777785 2.000000 2.000000 -1.846689 0.000000
450 B B 0.955114 0.920799 1.000000 2.000000 -1.328959 0.000000
451 B A 0.795771 0.962069 2.000000 3.000000 -2.990367 0.000000
452 B B 0.738230 0.878448 3.000000 5.000000 -2.046819 0.000000
453 B A 0.988744 0.937360 3.000000 3.000000 -2.341548 0.000000
454 B B 0.603794 0.829111 2.000000 3.000000 -1.485452 0.000000
455 A B 0.700007 0.933833 5.000000 5.000000 2.402665 0.000000
456 A A 0.766928 0.789769 2.000000 4.000000 2.670743 0.000000
457 B A 0.734928 0.988181 4.000000 4.000000 -4.406516 0.000000
458 B A 0.658618 0.763612 5.000000 2.000000 -3.049687 0.245606
459 B B 0.792302 0.996521 3.000000 4.000000 -2.558230 0.000000
460 B B 0.661886 0.971838 5.000000 2.000000 -3.091743 0.000000
461 B B 0.345155 0.879439 1.000000 4.000000 -1.253415 0.169083
462 B B 0.376205 0.786911 1.000000 4.000000 -0.935749 0.178085
463 B A 0.785778 0.955970 4.000000 1.000000 -3.145074 0.000000
464 B A 0.696729 0.937999 3.000000 2.000000 -3.313357 0.000000
465 B A 0.517485 0.989272 2.000000 4.000000 -3.149945 0.000000
466 A A 0.500632 0.955433 2.000000 4.000000 3.845017 0.000000
467 B A 0.824322 0.981026 3.000000 1.000000 -2.854780 0.000000
468 B A 0.749892 0.903277 3.000000 3.000000 -3.109675 0.000000
469 A B 0.754913 0.935414 2.000000 3.000000 1.535560 0.000000
470 B A 0.710431 0.743795 2.000000 5.000000 -1.752064 0.000000
471 A A 0.419290 0.920799 1.000000 3.000000 3.064067 0.000000
472 B B 0.744003 0.873579 3.000000 1.000000 -1.684082 0.000000
473 B B 0.438938 0.994699 3.000000 2.000000 -2.516660 0.000000
474 B A 0.931130 0.994291 2.000000 5.000000 -3.166290 0.000000
475 A B 0.574317 0.869525 3.000000 2.000000 1.560437 0.000000
476 A B 0.937589 0.923227 4.000000 4.000000 1.651221 0.000000
477 B A 0.961855 0.982077 4.000000 5.000000 -3.747201 0.000000
478 B B 0.476532 0.975248 4.000000 1.000000 -2.829558 0.000000
479 B B 0.850808 0.998599 2.000000 2.000000 -1.945897 0.000000
480 B A 0.629235 0.814735 3.000000 5.000000 -2.472549 0.000000
481 B B 0.947895 0.863555 1.000000 2.000000 -1.114927 0.000000
482 B B 0.785215 0.766481 2.000000 2.000000 -1.104600 0.000000
483 B B 0.559242 0.994786 3.000000 2.000000 -2.564791 0.000000
484 B A 0.535244 0.890870 5.000000 2.000000 -4.073582 0.284750
485 B A 0.485369 0.808431 5.000000 1.000000 -3.468838 0.411419
486 B A 0.710373 0.815639 2.000000 2.000000 -2.069749 0.000000
487 B B 0.956843 0.964630 4.000000 5.000000 -2.425519 0.000000
488 A A 0.573147 0.791773 2.000000 3.000000 2.643489 0.000000
489 B A 0.543597 0.953162 3.000000 4.000000 -3.358507 0.000000
490 B A 0.524418 0.741741 3.000000 5.000000 -1.741243 0.016527
491 B A 0.611019 0.697520 3.000000 5.000000 -1.715630 0.000000
492 B A 0.632394 0.955614 2.000000 4.000000 -3.067946 0.000000
493 B A 0.881428 0.896391 2.000000 4.000000 -2.479433 0.000000
494 B A 0.920462 0.912673 5.000000 3.000000 -2.963943 0.000000
495 B B 0.461995 0.931140 3.000000 4.000000 -1.990064 0.017115
496 A B 0.551934 0.979919 2.000000 4.000000 1.673490 0.000000
497 A A 0.792408 0.974833 3.000000 3.000000 4.683364 0.000000
498 B A 0.210785 0.943597 4.000000 1.000000 -3.149934 0.501655
499 A B 0.909032 0.957118 3.000000 2.000000 1.359261 0.000000
500 B A 0.851080 0.970843 2.000000 5.000000 -3.147341 0.000000
501 B B 0.367318 0.950762 2.000000 4.000000 -1.704776 0.114256
502 B B 0.844779 0.991086 2.000000 5.000000 -2.201476 0.000000
503 B A 0.876776 0.994535 3.000000 1.000000 -2.619488 0.000000
504 B B 0.782720 0.912408 5.000000 2.000000 -2.401525 0.000000
505 B A 0.571661 0.970910 2.000000 3.000000 -3.160618 0.000000
506 B A 0.624275 0.907959 1.000000 3.000000 -2.303917 0.000000
507 B B 0.752197 0.999241 3.000000 2.000000 -2.412009 0.000000
508 B A 0.598224 0.932399 2.000000 4.000000 -2.867921 0.000000
509 B A 0.604541 0.991888 4.000000 4.000000 -4.296130 0.000000
510 B B 0.978801 0.982077 4.000000 5.000000 -2.442148 0.000000
511 B A 0.540627 0.971668 5.000000 4.000000 -4.408237 0.212035
512 B A 0.989190 0.937185 4.000000 1.000000 -1.389421 0.000000
513 B A 0.543597 0.994685 3.000000 4.000000 -3.668995 0.000000
514 B B 0.731527 0.972742 5.000000 4.000000 -3.237445 0.000000
515 B A 0.721434 0.871433 5.000000 5.000000 -4.045766 0.056978
516 B B 0.929721 0.841456 5.000000 3.000000 -1.605959 0.000000
517 B A 0.988265 0.964630 4.000000 5.000000 -3.484417 0.000000
518 B A 0.453557 0.937360 4.000000 4.000000 -3.344245 0.162280
519 B B 0.787460 0.956575 3.000000 3.000000 -2.262735 0.000000
520 B A 0.752590 0.885425 2.000000 3.000000 -2.547902 0.000000
521 B B 0.615364 0.803262 3.000000 5.000000 -1.576076 0.073508
522 B B 0.559242 0.994786 3.000000 4.000000 -2.471702 0.000000
523 A A 0.824322 0.901521 3.000000 1.000000 3.110485 0.000000
524 B A 0.634636 0.955609 2.000000 4.000000 -3.070095 0.000000
525 B A 0.662045 0.971838 5.000000 2.000000 -4.637230 0.034900
526 B A 0.543597 0.957910 4.000000 4.000000 -3.839867 0.018924
527 B A 0.518011 0.951297 5.000000 2.000000 -4.556284 0.260826
528 B A 0.791864 0.832805 3.000000 2.000000 -2.327030 0.000000
529 B A 0.431725 0.877797 3.000000 1.000000 -3.006397 0.031550
530 B A 0.824304 0.988541 3.000000 1.000000 -2.906346 0.000000
531 A A 0.685463 0.988106 3.000000 2.000000 4.940678 0.000000
532 A A 0.854894 0.977539 3.000000 1.000000 3.528567 0.000000
533 A A 0.991867 0.998599 4.000000 5.000000 4.963383 0.000000
534 B A 0.763009 0.953162 2.000000 3.000000 -2.989458 0.000000
535 B A 0.476532 0.981244 4.000000 5.000000 -3.400729 0.098608
536 B A 0.940428 0.957691 4.000000 5.000000 -3.662735 0.000000
537 B A 0.735079 0.836398 4.000000 2.000000 -2.918349 0.000000
538 B B 0.484264 0.986573 3.000000 2.000000 -2.505163 0.000000
539 B A 0.896935 0.997458 2.000000 5.000000 -3.259110 0.000000
540 B A 0.881521 0.899401 2.000000 4.000000 -2.498805 0.000000
541 B A 0.797362 0.995799 4.000000 4.000000 -4.333590 0.000000
542 A A 0.988892 0.931140 2.000000 3.000000 2.943980 0.000000
543 B B 0.992334 0.995833 3.000000 4.000000 -2.041873 0.000000
544 B A 0.410881 0.943384 1.000000 4.000000 -2.357169 0.000000
545 B A 0.571170 0.929586 4.000000 1.000000 -3.776631 0.003572
546 B A 0.547831 0.929081 2.000000 2.000000 -2.875736 0.000000
547 B B 0.773571 0.982317 3.000000 3.000000 -2.417494 0.000000
548 B B 0.590074 0.977022 2.000000 3.000000 -2.144267 0.000000
549 B A 0.597632 0.972970 5.000000 2.000000 -4.742033 0.127783
550 B B 0.761916 0.897023 4.000000 1.000000 -1.925327 0.000000
551 B A 0.631939 0.955922 2.000000 4.000000 -3.069672 0.000000
552 B B 0.720964 0.987079 5.000000 2.000000 -3.035762 0.000000
553 B A 0.375890 0.978698 3.000000 4.000000 -3.001191 0.048175
554 B A 0.927885 0.997515 2.000000 3.000000 -2.850884 0.000000
555 B A 0.785778 0.957278 2.000000 1.000000 -2.655951 0.000000
556 A A 0.713195 0.896391 2.000000 3.000000 3.547215 0.000000
557 B B 0.578898 0.961673 2.000000 5.000000 -1.965018 0.000000
558 B A 0.580595 0.971035 4.000000 5.000000 -3.840953 0.000000
559 B B 0.895998 0.836265 3.000000 1.000000 -1.029034 0.000000
560 B A 0.855128 0.919922 2.000000 2.000000 -2.380546 0.000000
561 B A 0.963077 0.996521 4.000000 4.000000 -3.476326 0.000000
562 B B 0.939334 0.889627 5.000000 2.000000 -1.381889 0.000000
563 B A 0.715029 0.994291 2.000000 5.000000 -3.384277 0.000000
564 B A 0.462643 0.975884 4.000000 1.000000 -4.254621 0.122771
565 B A 0.952986 0.999545 4.000000 5.000000 -3.926017 0.000000
566 A A 0.696365 0.931760 4.000000 4.000000 5.291564 0.000000
567 A A 0.794509 0.972742 5.000000 3.000000 5.858136 0.000000
568 B A 0.824304 0.970622 3.000000 1.000000 -2.784256 0.000000
569 A A 0.798828 0.954036 4.000000 4.000000 5.329559 0.000000
570 A A 0.854894 0.989097 3.000000 2.000000 4.099996 0.000000
571 A A 0.940306 0.957691 4.000000 5.000000 4.884402 0.000000
572 B B 0.738193 0.994641 5.000000 3.000000 -3.232312 0.000000
573 B B 0.606327 0.945113 3.000000 4.000000 -2.289144 0.000000
574 B B 0.610883 0.990934 4.000000 1.000000 -2.787219 0.000000
575 B A 0.876560 0.993762 2.000000 4.000000 -3.155346 0.000000
576 B A 0.607238 0.932023 4.000000 1.000000 -3.727760 0.000000
577 B A 0.473489 0.903277 3.000000 3.000000 -3.013478 0.000000
578 A A 0.943612 0.890066 5.000000 5.000000 4.715032 0.000000
579 B A 0.598224 0.931092 4.000000 4.000000 -3.798346 0.000000
580 B B 0.831701 0.959297 2.000000 3.000000 -1.923705 0.000000
581 B A 0.847608 0.911968 2.000000 4.000000 -2.656587 0.000000
582 B B 0.976446 0.920049 2.000000 3.000000 -1.453426 0.000000
583 B A 0.886634 0.997354 4.000000 1.000000 -2.618239 0.000000
584 B A 0.541129 0.923907 4.000000 5.000000 -3.304823 0.050070
585 B A 0.541805 0.982077 3.000000 5.000000 -3.368936 0.000000
586 B B 0.720158 0.999657 4.000000 5.000000 -3.008840 0.000000
587 B B 0.947760 0.972742 5.000000 2.000000 -1.677898 0.000000
588 A B 0.844457 0.894700 3.000000 1.000000 1.161827 0.000000
589 B A 0.632394 0.990015 2.000000 4.000000 -3.314682 0.000000
590 B B 0.328619 0.998011 2.000000 4.000000 -1.828253 0.139774
591 A A 0.791427 0.971152 2.000000 4.000000 4.217109 0.000000
592 B A 0.584622 0.839601 3.000000 2.000000 -2.720050 0.000000
593 B B 0.761543 0.994887 2.000000 3.000000 -2.191843 0.000000
594 B A 0.696729 0.857941 3.000000 4.000000 -2.915471 0.000000
595 B A 0.623964 0.988181 4.000000 4.000000 -4.314783 0.000000
596 B A 0.692303 0.923841 3.000000 4.000000 -3.380959 0.000000
597 B A 0.541810 0.937935 4.000000 4.000000 -3.680308 0.037726
598 B A 0.455652 0.955433 2.000000 4.000000 -2.801967 0.000000
599 B B 0.861416 0.972742 5.000000 2.000000 -2.255460 0.000000
600 B B 0.329280 0.957691 4.000000 5.000000 -1.513749 0.288249
601 B A 0.712771 0.965331 4.000000 5.000000 -4.225385 0.000000
602 A A 0.999215 0.872392 4.000000 2.000000 1.980006 0.000000
603 A A 0.940428 0.955850 4.000000 5.000000 4.864992 0.000000
604 B B 0.951070 0.983321 4.000000 5.000000 -2.539396 0.000000
605 B A 0.580595 0.970976 4.000000 5.000000 -3.840501 0.000000
606 A B 0.620892 0.988175 4.000000 2.000000 2.293807 0.000000
607 B A 0.740914 0.985122 3.000000 4.000000 -3.829610 0.000000
608 B B 0.543597 0.957441 3.000000 4.000000 -2.259989 0.000000
609 B B 0.608568 0.972597 5.000000 2.000000 -3.153489 0.000000
610 B B 0.580873 0.995523 3.000000 4.000000 -2.508230 0.000000
611 A A 0.509913 0.982265 2.000000 4.000000 4.116384 0.000000
612 B A 0.955564 0.988181 3.000000 4.000000 -3.176285 0.000000
613 B B 0.739338 0.991201 5.000000 3.000000 -3.210188 0.000000
614 B A 0.715961 0.989018 2.000000 5.000000 -3.346354 0.000000
615 A B 0.715029 0.876799 2.000000 3.000000 1.349408 0.000000
616 B A 0.657732 0.955609 2.000000 5.000000 -3.045931 0.000000
617 A A 0.611150 0.931092 4.000000 4.000000 5.108968 0.000000
618 A B 0.632394 0.955614 4.000000 4.000000 2.171997 0.000000
619 B A 0.931130 0.999425 3.000000 4.000000 -3.366463 0.000000
620 A A 0.973843 0.864128 4.000000 4.000000 3.316928 0.000000
621 A A 0.760964 0.995799 4.000000 3.000000 5.669071 0.000000
622 B A 0.876560 0.982915 2.000000 4.000000 -3.078256 0.000000
623 B A 0.543519 0.949273 3.000000 4.000000 -3.329815 0.000000
624 B A 0.812815 0.990015 2.000000 4.000000 -3.264743 0.000000
625 B A 0.543597 0.998566 3.000000 1.000000 -3.845854 0.000000
626 A B 0.980300 0.991188 4.000000 4.000000 1.775263 0.000000
627 A B 0.779493 0.982077 5.000000 5.000000 2.642731 0.000000
628 B B 0.631939 0.957763 2.000000 4.000000 -2.055124 0.000000
629 A A 0.666347 0.902026 3.000000 3.000000 4.254069 0.000000
630 A A 0.963077 0.852220 4.000000 4.000000 3.292656 0.000000
631 A B 0.724035 0.993589 5.000000 4.000000 2.688739 0.000000
632 B A 0.836318 0.971670 5.000000 3.000000 -4.099398 0.000000
633 A A 0.595466 0.994791 4.000000 5.000000 5.458309 0.000000
634 B B 0.338723 0.977799 4.000000 1.000000 -2.728483 0.000000
635 B A 0.571661 0.973144 2.000000 3.000000 -3.176639 0.000000
636 A A 0.732328 0.964630 4.000000 5.000000 5.654766 0.000000
637 B B 0.651857 0.923841 3.000000 4.000000 -2.232056 0.000000
638 B A 0.810998 0.953932 2.000000 3.000000 -2.900009 0.000000
639 B A 0.515842 0.996694 3.000000 5.000000 -3.382636 0.000000
640 A B 0.893624 0.904226 2.000000 4.000000 1.334104 0.000000
641 B A 0.791814 0.954072 4.000000 1.000000 -3.089932 0.000000
642 B A 0.955561 0.983966 2.000000 5.000000 -3.039598 0.000000
643 B B 0.696729 0.899494 2.000000 2.000000 -1.744041 0.000000
644 A A 0.796804 0.962174 2.000000 3.000000 3.985192 0.000000
645 B A 0.731813 0.972742 5.000000 4.000000 -4.855837 0.000000
646 A A 0.541805 0.868233 3.000000 5.000000 3.432115 0.000000
647 B B 0.661964 0.971838 5.000000 2.000000 -3.091617 0.000000
648 B A 0.627705 0.946439 2.000000 3.000000 -3.016149 0.000000
649 B A 0.607238 0.932023 4.000000 4.000000 -3.829092 0.000000
650 B A 0.608662 0.902005 4.000000 1.000000 -3.498378 0.000000
651 B A 0.723675 0.993301 5.000000 4.000000 -5.039202 0.000000
652 A B 0.919115 0.905976 4.000000 5.000000 1.797642 0.000000
653 B B 0.502023 0.957742 3.000000 5.000000 -2.033909 0.089696
654 B B 0.673192 0.982818 3.000000 4.000000 -2.540906 0.000000
655 A A 0.669418 0.991167 4.000000 4.000000 5.894706 0.000000
656 B B 0.734928 0.864233 4.000000 4.000000 -2.299292 0.000000
657 B A 0.942427 0.994540 4.000000 4.000000 -3.589510 0.000000
658 B B 0.667778 0.969530 5.000000 3.000000 -3.185243 0.000000
659 B A 0.719435 0.967637 3.000000 5.000000 -3.709109 0.000000
660 A B 0.731527 0.972753 2.000000 3.000000 1.690474 0.000000
661 A A 0.543597 0.973546 3.000000 4.000000 4.679374 0.000000
662 B A 0.983501 0.994571 2.000000 5.000000 -3.050706 0.000000
663 B A 0.911398 0.997458 2.000000 5.000000 -3.230302 0.000000
664 B B 0.541805 0.982077 3.000000 5.000000 -2.245958 0.028154
665 B A 0.738193 0.980778 5.000000 3.000000 -4.731924 0.000000
666 B A 0.789287 0.994167 4.000000 4.000000 -4.345786 0.000000
667 B B 0.518829 0.995257 3.000000 3.000000 -2.509688 0.000000
668 B B 0.857362 0.882896 5.000000 4.000000 -2.434994 0.000000
669 B B 0.874280 0.990015 2.000000 4.000000 -2.089496 0.000000
670 B A 0.740672 0.994829 5.000000 3.000000 -4.840972 0.000000
671 A B 0.931130 0.997160 3.000000 4.000000 1.786582 0.000000
672 B A 0.623964 0.989304 4.000000 4.000000 -4.323897 0.000000
673 B A 0.582180 0.970976 4.000000 4.000000 -4.064943 0.000000
674 B A 0.962113 0.937999 3.000000 2.000000 -2.119221 0.000000
675 B A 0.608662 0.834426 4.000000 5.000000 -2.952453 0.038175
676 B A 0.543240 0.999765 3.000000 1.000000 -3.855525 0.000000
677 B A 0.943559 0.980718 4.000000 5.000000 -3.824796 0.000000
678 A A 0.896959 0.949221 4.000000 4.000000 4.686454 0.000000
679 A A 0.874006 0.909569 3.000000 4.000000 3.938465 0.000000
680 B A 0.734928 0.887257 4.000000 5.000000 -3.643604 0.000000
681 B A 0.604541 0.977940 4.000000 1.000000 -4.091433 0.000000
682 A A 0.618604 0.921126 4.000000 4.000000 5.030615 0.000000
683 B A 0.501592 0.992580 2.000000 3.000000 -3.256254 0.000000
684 A B 0.553882 0.986191 3.000000 5.000000 1.835437 0.000000
685 B A 0.331428 0.973133 5.000000 4.000000 -3.059236 0.516215
686 B B 0.604541 0.991915 4.000000 4.000000 -2.864231 0.000000
687 B A 0.574069 0.994757 3.000000 3.000000 -3.832972 0.000000
688 B A 0.568508 0.974696 4.000000 1.000000 -4.135106 0.000000
689 B A 0.961855 0.972833 4.000000 5.000000 -3.676503 0.000000
690 B A 0.720845 0.972655 4.000000 5.000000 -4.294560 0.000000
691 A B 0.875568 0.895882 5.000000 4.000000 1.939600 0.000000
692 B A 0.791721 0.994923 2.000000 2.000000 -3.082709 0.000000
693 B A 0.543597 0.956053 3.000000 4.000000 -3.379760 0.000000
694 B A 0.738435 0.984934 3.000000 4.000000 -3.830216 0.000000
695 B B 0.876560 0.999603 2.000000 4.000000 -2.131448 0.000000
696 B A 0.988265 0.963508 4.000000 5.000000 -3.476059 0.000000
697 B A 0.605652 0.932023 4.000000 5.000000 -3.649513 0.000000
698 A A 0.690050 0.988181 3.000000 4.000000 5.150962 0.000000
699 B B 0.952986 0.999731 4.000000 1.000000 -1.363593 0.000000
700 B A 0.975475 0.991081 4.000000 4.000000 -3.358249 0.000000
701 B B 0.720845 0.972655 4.000000 4.000000 -2.860904 0.000000
702 B A 0.580461 0.950330 4.000000 5.000000 -3.681286 0.000000
703 B A 0.636959 0.982666 4.000000 1.000000 -4.048703 0.000000
704 A A 0.782963 0.952891 5.000000 2.000000 5.209263 0.000000
705 A B 0.574069 0.991899 3.000000 3.000000 2.032460 0.000000
706 A A 0.602328 0.996951 4.000000 4.000000 5.775048 0.000000
707 B A 0.631446 0.984520 4.000000 5.000000 -4.159407 0.000000
708 A B 0.711241 0.945478 4.000000 5.000000 2.168457 0.000000
709 B A 0.677211 0.968424 4.000000 5.000000 -4.177910 0.000000
710 B A 0.626417 0.963668 4.000000 4.000000 -4.123383 0.000000
711 B A 0.737856 0.971535 3.000000 3.000000 -3.630125 0.000000
712 A B 0.606908 0.971035 4.000000 5.000000 2.109450 0.000000
713 B A 0.999437 0.999977 4.000000 5.000000 -3.693436 0.000000
714 A A 0.965290 0.985257 4.000000 5.000000 5.006354 0.000000
715 B A 0.991032 0.994009 2.000000 5.000000 -3.028965 0.000000
716 B B 0.581723 0.994402 4.000000 5.000000 -2.685991 0.000000
717 A A 0.608662 0.902005 4.000000 1.000000 4.664504 0.000000
718 B B 0.721548 0.905004 3.000000 4.000000 -2.164026 0.000000
719 B A 0.942247 0.994540 4.000000 4.000000 -3.590612 0.000000
720 B A 0.849498 0.971670 5.000000 3.000000 -3.997415 0.000000
721 B B 0.984783 0.963508 4.000000 5.000000 -2.328967 0.000000
722 A A 0.760159 0.990098 4.000000 4.000000 5.846642 0.000000
723 B A 0.623964 0.988181 4.000000 5.000000 -4.159905 0.000000
724 B A 0.582314 0.970976 4.000000 4.000000 -4.065342 0.000000
725 B A 0.574879 0.953608 3.000000 1.000000 -3.469155 0.000000
726 B B 0.985521 0.957980 4.000000 4.000000 -2.038194 0.000000
727 B A 0.678990 0.824092 4.000000 5.000000 -3.099666 0.000000
728 B A 0.690878 0.928445 5.000000 3.000000 -4.415485 0.037836
729 B B 0.904101 0.933259 4.000000 4.000000 -2.238339 0.000000
730 B A 0.735001 0.980778 5.000000 3.000000 -4.743073 0.000000
731 A A 0.707348 0.861139 4.000000 4.000000 4.583430 0.000000
732 B B 0.952986 0.984163 4.000000 5.000000 -2.537584 0.000000
733 A B 0.719772 0.967637 5.000000 5.000000 2.573435 0.000000
734 A A 0.621408 0.902158 3.000000 1.000000 4.043228 0.000000
735 B A 0.933707 0.971878 4.000000 5.000000 -3.802471 0.000000
736 B A 0.851458 0.982077 3.000000 4.000000 -3.556675 0.000000
737 B B 0.645522 0.981001 4.000000 5.000000 -2.788073 0.000000
738 B A 0.974135 0.878671 4.000000 1.000000 -1.199392 0.000000
739 A A 0.730634 0.997319 4.000000 4.000000 5.980073 0.000000
740 B A 0.760399 0.994167 4.000000 4.000000 -4.417566 0.000000
741 B B 0.723675 0.993301 5.000000 4.000000 -3.359468 0.000000
742 A A 0.739782 0.972742 5.000000 4.000000 6.460078 0.000000
743 B A 0.463109 0.996521 3.000000 4.000000 -3.458778 0.000000
744 A A 0.543597 0.997993 3.000000 4.000000 4.925611 0.000000
745 B A 0.593563 0.930090 4.000000 5.000000 -3.584774 0.000000
746 B A 0.684840 0.985122 3.000000 4.000000 -3.837055 0.000000
747 B A 0.580467 0.999886 4.000000 5.000000 -4.066671 0.000000
748 B A 0.832812 0.971670 5.000000 3.000000 -4.125662 0.000000
749 A B 0.606739 0.878154 4.000000 5.000000 1.736054 0.000000
750 B A 0.972228 0.931092 4.000000 5.000000 -3.315248 0.000000
751 A A 0.943400 0.953786 4.000000 5.000000 4.825827 0.000000
752 B A 0.600908 0.993233 4.000000 4.000000 -4.297185 0.000000
753 B A 0.625065 0.986649 4.000000 4.000000 -4.304905 0.000000
754 B A 0.643639 0.982176 4.000000 1.000000 -4.025784 0.000000
755 B A 0.707572 0.999886 4.000000 5.000000 -4.497228 0.000000
756 A B 0.723445 0.984997 3.000000 4.000000 2.047791 0.000000
757 B A 0.688815 0.984191 4.000000 5.000000 -4.332637 0.000000
758 A A 0.588515 0.992703 4.000000 5.000000 5.395058 0.000000
759 A A 0.662392 0.985122 4.000000 4.000000 5.816752 0.000000
760 B A 0.931065 0.843750 4.000000 5.000000 -2.877426 0.000000
761 B A 0.715564 0.972018 4.000000 3.000000 -4.185580 0.000000
762 B B 0.574785 0.844176 4.000000 4.000000 -2.060444 0.000000
763 A B 0.675557 0.875931 5.000000 3.000000 2.139967 0.000000
764 B A 0.580461 0.950825 4.000000 3.000000 -4.015410 0.000000
765 B B 0.744476 0.955422 4.000000 3.000000 -2.657437 0.000000
766 B A 0.608694 0.973449 4.000000 1.000000 -4.046633 0.000000
767 B A 0.588631 0.980949 4.000000 4.000000 -4.163423 0.000000
768 B A 0.542624 0.970962 3.000000 4.000000 -3.487875 0.000000
769 A A 0.972498 0.999977 4.000000 5.000000 5.109872 0.000000
770 A A 0.593720 0.964156 4.000000 5.000000 5.127495 0.000000
771 B A 0.645972 0.994167 4.000000 4.000000 -4.409558 0.000000
772 B A 0.836318 0.971670 5.000000 4.000000 -4.474625 0.000000
773 A A 0.608704 0.993605 4.000000 5.000000 5.521637 0.000000
774 A A 0.610963 0.929616 4.000000 4.000000 5.093150 0.000000
775 B A 0.933866 0.980842 4.000000 5.000000 -3.871203 0.000000
776 B A 0.626317 0.989372 5.000000 4.000000 -4.884523 0.070510
777 B A 0.742267 0.821279 4.000000 4.000000 -3.133325 0.000000
778 A A 0.731513 0.991017 5.000000 3.000000 6.454496 0.000000
779 B A 0.543597 0.977655 3.000000 1.000000 -3.684967 0.000000
780 B A 0.915796 0.993575 4.000000 5.000000 -4.053711 0.000000
781 B A 0.832812 0.971999 5.000000 3.000000 -4.128265 0.000000
782 B A 0.731842 0.971143 3.000000 5.000000 -3.744512 0.000000
783 A A 0.785093 0.995799 3.000000 4.000000 5.129638 0.000000
784 A A 0.737499 0.999442 5.000000 4.000000 6.768581 0.000000
785 B A 0.852795 0.971640 4.000000 5.000000 -4.128082 0.000000
786 B A 0.753576 0.981251 5.000000 5.000000 -4.966011 0.000000
787 B A 0.562245 0.974338 5.000000 1.000000 -4.672440 0.178274
788 B A 0.542873 0.897377 3.000000 1.000000 -3.094381 0.000000
789 B A 0.739580 0.966284 5.000000 3.000000 -4.606480 0.000000
790 B A 0.500835 0.997911 4.000000 4.000000 -3.997550 0.050318
791 B A 0.500069 0.991888 4.000000 4.000000 -3.947231 0.055981
792 B A 0.623964 0.986812 4.000000 4.000000 -4.303681 0.000000
793 A A 0.574069 0.994268 3.000000 3.000000 5.105578 0.000000
794 B B 0.789287 0.994167 4.000000 3.000000 -2.749143 0.000000
795 B A 0.644231 0.991132 4.000000 5.000000 -4.258920 0.000000
796 B B 0.951486 0.983552 4.000000 5.000000 -2.539255 0.000000
797 B B 0.998365 0.933325 4.000000 5.000000 -2.136605 0.000000
798 B A 0.548605 0.999968 3.000000 1.000000 -3.851529 0.000000
799 B A 0.612499 0.999977 4.000000 1.000000 -4.249771 0.000000
800 B B 0.732828 0.988478 5.000000 2.000000 -3.003480 0.000000
801 A A 0.643997 0.998575 5.000000 4.000000 6.681701 0.000000
802 A A 0.765407 0.993575 3.000000 4.000000 5.153821 0.000000
803 A A 0.582314 0.977915 4.000000 4.000000 5.494083 0.000000
804 A A 0.920184 0.971640 4.000000 5.000000 5.149337 0.000000
805 B A 0.610887 0.986744 4.000000 3.000000 -4.339083 0.000000
806 B A 0.795015 0.999977 4.000000 1.000000 -3.394882 0.000000
807 B A 0.836318 0.989204 5.000000 3.000000 -4.238825 0.000000
808 B A 0.643639 0.981525 4.000000 1.000000 -4.020662 0.000000
809 A A 0.706599 0.974277 5.000000 5.000000 6.476014 0.000000
810 B A 0.587651 0.995930 4.000000 4.000000 -4.281305 0.000000
811 B B 0.583895 0.949271 4.000000 5.000000 -2.458924 0.001536
812 B A 0.783501 0.988266 4.000000 1.000000 -3.392210 0.000000
813 B A 0.625065 0.977957 4.000000 5.000000 -4.082830 0.000000
814 B B 0.645972 0.919018 4.000000 4.000000 -2.542335 0.000000
815 B A 0.571959 0.966518 4.000000 4.000000 -3.998712 0.000000
816 A A 0.849498 0.994585 5.000000 3.000000 5.571145 0.000000
817 B A 0.703248 0.972018 4.000000 3.000000 -4.206260 0.000000
818 B A 0.623247 0.988181 4.000000 4.000000 -4.313111 0.000000
819 A A 0.781681 0.966296 4.000000 5.000000 5.660899 0.000000
820 B A 0.941669 0.999227 4.000000 5.000000 -3.978265 0.000000
821 B A 0.623964 0.994818 4.000000 5.000000 -4.213075 0.000000
822 A A 0.734298 0.986812 5.000000 4.000000 6.629896 0.000000
823 B A 0.738193 0.971535 5.000000 4.000000 -4.837256 0.000000
824 A B 0.748628 0.991888 4.000000 3.000000 2.272910 0.000000
825 B B 0.919117 0.972742 5.000000 5.000000 -2.883018 0.000000
826 B A 0.604541 0.972415 4.000000 1.000000 -4.047626 0.000000
827 B A 0.608694 0.983501 4.000000 1.000000 -4.126436 0.000000
828 B A 0.789709 0.822699 4.000000 4.000000 -3.053852 0.000000
829 B B 0.626417 0.963668 4.000000 4.000000 -2.748922 0.000000
830 A A 0.604541 0.993670 4.000000 1.000000 5.622965 0.000000
831 B B 0.752225 0.982174 5.000000 3.000000 -3.125966 0.000000
832 A A 0.739166 0.999717 4.000000 3.000000 5.803511 0.000000
833 A A 0.797362 0.982535 4.000000 1.000000 4.335635 0.000000
834 B B 0.760399 0.923891 4.000000 4.000000 -2.574564 0.000000
835 B A 0.705490 0.999886 4.000000 5.000000 -4.493726 0.000000
836 B B 0.832812 0.987342 5.000000 3.000000 -2.833653 0.000000
837 B B 0.582180 0.993964 4.000000 4.000000 -2.832715 0.000000
838 A A 0.590378 0.998841 4.000000 5.000000 5.471167 0.000000
839 B B 0.633977 0.984191 4.000000 5.000000 -2.777494 0.000000
840 A A 0.925719 0.988977 4.000000 5.000000 5.296543 0.000000
841 B A 0.848634 0.888443 5.000000 3.000000 -3.375365 0.000000
842 B B 0.538895 0.948749 4.000000 5.000000 -2.318257 0.053135
843 B A 0.644069 0.995034 5.000000 3.000000 -4.998697 0.038695
844 B A 0.720845 0.973676 4.000000 5.000000 -4.302772 0.000000
845 B B 0.753576 0.998159 5.000000 5.000000 -3.407561 0.000000
846 B A 0.624594 0.989758 4.000000 4.000000 -4.329047 0.000000
847 B A 0.720694 0.973695 5.000000 3.000000 -4.727893 0.000000
848 A A 0.774106 0.939634 5.000000 3.000000 5.654219 0.000000
849 A A 0.569830 0.999704 4.000000 4.000000 5.676243 0.000000
850 B B 0.751149 0.903671 5.000000 3.000000 -2.706342 0.000000
851 B A 0.638474 0.959018 4.000000 3.000000 -4.134082 0.000000
852 B A 0.654627 0.981251 5.000000 4.000000 -4.886594 0.036471
853 B A 0.587651 0.994804 4.000000 4.000000 -4.272185 0.000000
854 B A 0.631810 0.855422 4.000000 5.000000 -3.184016 0.000000
855 B A 0.623964 0.952021 4.000000 4.000000 -4.025597 0.000000
856 A A 0.712771 0.999439 4.000000 5.000000 6.002191 0.000000
857 B A 0.716777 0.910187 4.000000 5.000000 -3.800052 0.000000
858 A A 0.736016 0.993714 4.000000 4.000000 5.933968 0.000000
859 B A 0.621353 0.988181 4.000000 4.000000 -4.308649 0.000000
860 A B 0.730187 0.972322 5.000000 3.000000 2.500443 0.000000
861 B A 0.760525 0.986513 5.000000 4.000000 -4.919316 0.000000
862 B A 0.703013 0.926542 4.000000 4.000000 -3.929967 0.000000
863 B A 0.480223 0.986529 5.000000 4.000000 -4.231363 0.289370
864 B B 0.705868 0.980570 5.000000 5.000000 -3.272564 0.000000
865 B B 0.591698 0.981431 4.000000 1.000000 -2.764113 0.000000
866 B B 0.721269 0.972655 4.000000 5.000000 -2.863364 0.000000
867 B A 0.687994 0.989096 4.000000 5.000000 -4.370514 0.000000
868 B A 0.825286 0.981821 4.000000 4.000000 -4.117976 0.000000
869 B A 0.565827 0.976464 5.000000 1.000000 -4.682560 0.171236
870 A A 0.832812 0.971670 5.000000 3.000000 5.500882 0.000000
871 A A 0.786288 0.925502 5.000000 3.000000 5.419538 0.000000
872 A A 0.663310 0.986649 4.000000 4.000000 5.835022 0.000000
873 B A 0.720694 0.827601 4.000000 3.000000 -3.095790 0.000000
874 A A 0.610266 0.996024 4.000000 5.000000 5.556147 0.000000
875 B A 0.756265 0.994167 4.000000 5.000000 -4.487203 0.000000
876 B A 0.740672 0.995955 5.000000 3.000000 -4.850481 0.000000
877 B A 0.623600 0.988181 4.000000 5.000000 -4.158476 0.000000
878 A A 0.852795 0.916319 4.000000 5.000000 4.931326 0.000000
879 B A 0.648095 0.972567 4.000000 5.000000 -4.123684 0.000000
880 B B 0.645972 0.942373 4.000000 4.000000 -2.663210 0.000000
881 B A 0.581909 0.971780 4.000000 3.000000 -4.184291 0.000000
882 B A 0.739524 0.971535 5.000000 3.000000 -4.650163 0.000000
883 B A 0.738193 0.838543 5.000000 4.000000 -3.771845 0.071490
884 A B 0.835803 0.973338 4.000000 4.000000 2.136722 0.000000
885 A A 0.935206 0.998973 5.000000 5.000000 5.924363 0.000000
886 B A 0.623964 0.999884 4.000000 1.000000 -4.220661 0.000000
887 B B 0.739897 0.999722 4.000000 3.000000 -2.900414 0.000000
888 A A 0.604799 0.990213 4.000000 4.000000 5.710996 0.000000
889 B A 0.617033 0.993233 4.000000 4.000000 -4.339242 0.000000
890 B A 0.608270 0.983501 4.000000 1.000000 -4.127396 0.000000
891 B A 0.860132 0.986985 5.000000 3.000000 -4.031347 0.000000
892 B A 0.620953 0.995692 4.000000 4.000000 -4.368796 0.000000
893 B B 0.760925 0.992497 4.000000 4.000000 -2.935304 0.000000
894 B A 0.703618 0.955859 5.000000 3.000000 -4.619445 0.000000
895 B B 0.604541 0.991888 4.000000 4.000000 -2.864087 0.000000
896 B A 0.692762 0.963668 5.000000 4.000000 -4.789426 0.000000
897 B A 0.703248 0.989521 5.000000 3.000000 -4.902823 0.000000
898 B A 0.626417 0.964937 4.000000 4.000000 -4.133485 0.000000
899 B B 0.717379 0.985537 4.000000 3.000000 -2.860121 0.000000
900 B A 0.777098 0.992896 4.000000 4.000000 -4.369454 0.000000
901 B B 0.703657 0.999124 4.000000 5.000000 -2.989511 0.000000
902 B A 0.759804 0.994167 4.000000 4.000000 -4.418722 0.000000
903 B A 0.623964 0.921201 4.000000 3.000000 -3.829889 0.000000
904 A A 0.604541 0.955436 4.000000 4.000000 5.339677 0.000000
905 B B 0.688815 0.984191 4.000000 4.000000 -2.921349 0.000000
906 B A 0.729800 0.980817 5.000000 4.000000 -4.926620 0.000000
907 B B 0.717531 0.994167 4.000000 4.000000 -2.978148 0.000000
908 B A 0.769435 0.967898 4.000000 5.000000 -4.269064 0.000000
909 B A 0.892153 0.991532 5.000000 4.000000 -4.269854 0.000000
910 B A 0.672374 0.996954 4.000000 4.000000 -4.471873 0.000000
911 A B 0.720977 0.997101 5.000000 5.000000 2.708540 0.000000
912 A A 0.613001 0.936532 5.000000 5.000000 5.579023 0.000000
913 B B 0.742590 0.930096 5.000000 3.000000 -2.867352 0.000000
914 A A 0.612416 0.999085 5.000000 4.000000 6.565613 0.000000
915 B A 0.705490 0.995398 4.000000 5.000000 -4.456963 0.000000
916 B B 0.662380 0.993507 5.000000 4.000000 -3.337786 0.000000
917 B A 0.738193 0.980778 4.000000 4.000000 -4.343081 0.000000
918 B B 0.620930 0.997192 4.000000 4.000000 -2.920661 0.000000
919 B A 0.623964 0.999884 5.000000 1.000000 -4.718987 0.064162
920 B A 0.761215 0.897696 5.000000 4.000000 -4.187874 0.000000
921 A A 0.624594 0.990005 4.000000 4.000000 5.774742 0.000000
922 A A 0.649189 0.855806 5.000000 3.000000 5.150077 0.000000
923 B A 0.758373 0.939613 4.000000 4.000000 -3.987111 0.000000
924 B A 0.841634 0.988119 5.000000 3.000000 -4.189127 0.000000
925 A A 0.738193 0.971535 5.000000 3.000000 6.206550 0.000000
926 B B 0.623247 0.988181 4.000000 4.000000 -2.875407 0.000000
927 A B 0.740672 0.999802 5.000000 5.000000 2.731917 0.000000
928 B B 0.640445 0.991233 4.000000 5.000000 -2.830879 0.000000
929 B A 0.906888 0.995799 4.000000 5.000000 -4.110836 0.000000
930 B A 0.587717 0.978439 4.000000 3.000000 -4.245715 0.000000
931 B B 0.845623 0.971700 5.000000 3.000000 -2.685430 0.000000
932 B A 0.641793 0.936452 5.000000 3.000000 -4.504020 0.098488
933 B A 0.605380 0.989304 4.000000 4.000000 -4.277431 0.000000
934 B A 0.702602 0.976444 4.000000 3.000000 -4.242582 0.000000
935 B B 0.587651 0.977859 4.000000 4.000000 -2.757233 0.000000
936 A A 0.764539 0.996057 4.000000 4.000000 5.899366 0.000000
937 B A 0.687994 0.988250 4.000000 5.000000 -4.363651 0.000000
938 B A 0.738277 0.971859 4.000000 1.000000 -3.554669 0.000000
939 B A 0.610887 0.986998 4.000000 3.000000 -4.341149 0.000000
940 B A 0.730391 0.963461 5.000000 4.000000 -4.779206 0.000000
941 B A 0.625065 0.986649 5.000000 3.000000 -4.916383 0.074920
942 B A 0.621376 0.988181 4.000000 4.000000 -4.308702 0.000000
943 B B 0.739524 0.996679 4.000000 3.000000 -2.884735 0.000000
944 B A 0.707749 0.972947 4.000000 5.000000 -4.278737 0.000000
945 A A 0.577413 0.997015 4.000000 4.000000 5.678934 0.000000
946 B A 0.659487 0.991132 4.000000 5.000000 -4.309511 0.000000
947 B B 0.577541 0.994167 4.000000 5.000000 -2.671949 0.000000
948 B B 0.753819 0.995645 4.000000 4.000000 -2.961118 0.000000
949 B B 0.645972 0.994167 4.000000 4.000000 -2.939705 0.000000
950 B A 0.777098 0.982041 4.000000 5.000000 -4.377091 0.000000
951 B A 0.755571 0.999975 4.000000 5.000000 -4.534979 0.000000
952 B A 0.760713 0.980932 5.000000 5.000000 -4.961579 0.000000
953 A A 0.658284 0.990217 4.000000 4.000000 5.864045 0.000000
954 A A 0.777098 0.994316 4.000000 4.000000 5.841288 0.000000
955 B A 0.672373 0.994167 4.000000 4.000000 -4.449025 0.000000
956 A A 0.569661 0.971922 5.000000 3.000000 6.280308 0.000000
957 B B 0.612809 0.996624 5.000000 3.000000 -3.326867 0.000000
958 A A 0.730224 0.963461 5.000000 4.000000 6.372514 0.000000
959 A A 0.688815 0.988181 4.000000 4.000000 5.885999 0.000000
960 B A 0.577659 0.979905 4.000000 3.000000 -4.243760 0.000000
961 B B 0.705490 0.995398 4.000000 4.000000 -2.986116 0.000000
962 B A 0.623964 0.991616 3.000000 4.000000 -3.816313 0.000000
963 B B 0.727324 0.980940 5.000000 3.000000 -3.179548 0.000000
964 B A 0.424677 0.986574 5.000000 3.000000 -4.356556 0.371537
965 B A 0.632062 0.988429 5.000000 4.000000 -4.892923 0.062877
966 A A 0.700308 0.989521 5.000000 3.000000 6.544713 0.000000
967 B A 0.739519 0.996721 3.000000 4.000000 -3.920273 0.000000
968 B A 0.685593 0.999825 4.000000 4.000000 -4.507715 0.000000
969 B A 0.753576 0.981175 5.000000 5.000000 -4.965366 0.000000
970 B A 0.622789 0.986812 4.000000 4.000000 -4.300938 0.000000
971 B B 0.659487 0.991132 4.000000 5.000000 -2.873008 0.000000
972 B B 0.681430 0.981821 4.000000 4.000000 -2.904908 0.000000
973 B A 0.697674 0.980778 5.000000 3.000000 -4.839115 0.000000
974 B A 0.720845 0.984734 4.000000 5.000000 -4.392175 0.000000
975 B A 0.706184 0.993966 4.000000 5.000000 -4.446436 0.000000
976 B B 0.732769 0.986359 4.000000 4.000000 -2.929188 0.000000
977 A A 0.672374 0.996494 4.000000 4.000000 5.957468 0.000000
978 A A 0.806682 0.997991 3.000000 4.000000 5.085264 0.000000
979 B A 0.686171 0.985725 5.000000 3.000000 -4.898496 0.000000
980 B A 0.710271 0.964444 5.000000 3.000000 -4.676760 0.000000
981 A A 0.738359 0.971535 5.000000 3.000000 6.205765 0.000000
982 A A 0.621353 0.981621 4.000000 5.000000 5.463166 0.000000
983 B A 0.772837 0.949596 5.000000 4.000000 -4.575591 0.000000
984 B A 0.800166 0.965475 4.000000 5.000000 -4.213063 0.000000
985 B A 0.713007 0.979305 4.000000 5.000000 -4.337998 0.000000
986 B A 0.625065 0.983807 4.000000 5.000000 -4.129310 0.000000
987 B A 0.757313 0.998155 4.000000 4.000000 -4.455937 0.000000
988 B A 0.727507 0.993236 4.000000 4.000000 -4.454132 0.000000
989 B B 0.836318 0.971670 5.000000 4.000000 -2.983084 0.000000
990 B A 0.759808 0.971535 5.000000 3.000000 -4.567680 0.000000
991 B A 0.613603 0.998082 4.000000 4.000000 -4.370198 0.000000
992 B A 0.897999 0.994243 4.000000 4.000000 -3.851264 0.000000
993 B A 0.689169 0.993098 4.000000 4.000000 -4.454885 0.000000
994 A B 0.623247 0.988181 4.000000 4.000000 2.300326 0.000000
995 B A 0.739425 0.963668 5.000000 4.000000 -4.769210 0.000000
996 A A 0.740672 0.995955 5.000000 3.000000 6.467307 0.000000
997 B A 0.645230 0.998439 4.000000 3.000000 -4.454782 0.000000
998 B A 0.760399 0.994167 4.000000 3.000000 -4.240763 0.000000
999 A A 0.688815 0.984191 4.000000 5.000000 5.776850 0.000000
1000 A A 0.694922 0.991884 4.000000 4.000000 5.930525 0.000000
1001 B B 0.741587 0.973275 5.000000 4.000000 -3.231135 0.000000
1002 B B 0.620953 0.995692 4.000000 4.000000 -2.912531 0.000000
1003 B A 0.777098 0.997802 4.000000 4.000000 -4.409275 0.000000
1004 A A 0.692767 0.983134 5.000000 4.000000 6.606233 0.000000
1005 B A 0.689610 0.993098 4.000000 4.000000 -4.455149 0.000000
1006 A A 0.760496 0.986953 5.000000 4.000000 6.564179 0.000000
1007 B B 0.728846 0.995819 5.000000 3.000000 -3.260099 0.000000
1008 B A 0.846204 0.999976 4.000000 4.000000 -4.169385 0.000000
1009 B B 0.648284 0.994087 5.000000 3.000000 -3.327535 0.000000
1010 B A 0.627609 0.974568 5.000000 4.000000 -4.762419 0.082528
1011 B B 0.843508 0.965429 5.000000 3.000000 -2.663649 0.000000
1012 B A 0.760713 0.890530 5.000000 5.000000 -4.216323 0.000000
1013 A A 0.738193 0.980862 5.000000 3.000000 6.310164 0.000000
1014 B A 0.753489 0.994527 5.000000 5.000000 -5.079970 0.000000
1015 B A 0.747860 0.993868 4.000000 4.000000 -4.436727 0.000000
1016 B A 0.730391 0.963461 5.000000 5.000000 -4.803727 0.000000
1017 B B 0.714231 0.965650 5.000000 4.000000 -3.206074 0.000000
1018 B A 0.728987 0.982041 4.000000 5.000000 -4.378577 0.000000
1019 A A 0.773698 0.976274 4.000000 4.000000 5.658833 0.000000
1020 B A 0.851410 0.996633 5.000000 3.000000 -4.179230 0.000000
1021 B B 0.688329 0.971939 4.000000 4.000000 -2.855099 0.000000
1022 B A 0.703248 0.989480 5.000000 3.000000 -4.902470 0.000000
1023 B B 0.586970 0.936625 4.000000 4.000000 -2.539965 0.000000
1024 B A 0.692922 0.994696 5.000000 3.000000 -4.965455 0.000000
1025 B A 0.667812 0.993929 5.000000 3.000000 -4.985578 0.004363
1026 A B 0.707572 0.999886 4.000000 5.000000 2.398522 0.000000
1027 B A 0.645972 0.976707 4.000000 4.000000 -4.267799 0.000000
1028 B A 0.829722 0.985081 5.000000 3.000000 -4.255417 0.000000
1029 A A 0.729359 0.980817 5.000000 4.000000 6.569455 0.000000
1030 B A 0.759714 0.996723 5.000000 4.000000 -5.008573 0.000000
1031 B A 0.753231 0.971535 5.000000 5.000000 -4.883357 0.000000
1032 B A 0.759269 0.988102 4.000000 5.000000 -4.437015 0.000000
1033 B B 0.694620 0.998422 4.000000 3.000000 -2.953984 0.000000
1034 B A 0.730390 0.963668 5.000000 4.000000 -4.780949 0.000000
1035 A A 0.831195 0.980322 5.000000 3.000000 5.608572 0.000000
1036 B A 0.759804 0.998828 4.000000 4.000000 -4.456718 0.000000
1037 B A 0.705490 0.999492 4.000000 5.000000 -4.490490 0.000000
1038 B A 0.756351 0.980816 4.000000 5.000000 -4.378407 0.000000
1039 A B 0.735001 0.997540 5.000000 3.000000 2.604958 0.000000
1040 B A 0.755571 0.999975 4.000000 4.000000 -4.473974 0.000000
1041 B A 0.734928 0.975975 4.000000 3.000000 -4.173787 0.000000
1042 B A 0.775618 0.993236 4.000000 4.000000 -4.375973 0.000000
1043 A A 0.719984 0.950834 5.000000 5.000000 6.246172 0.000000
1044 B B 0.740672 0.969708 5.000000 3.000000 -3.087240 0.000000
1045 A A 0.776090 0.963004 5.000000 4.000000 6.235169 0.000000
1046 A B 0.705490 0.995440 4.000000 5.000000 2.377228 0.000000
1047 B B 0.672373 0.877101 4.000000 5.000000 -2.310071 0.000000
1048 B A 0.720694 0.918467 5.000000 3.000000 -4.275906 0.007100
1049 A A 0.772837 0.950095 5.000000 4.000000 6.106271 0.000000
1050 A B 0.686171 0.985725 5.000000 3.000000 2.612531 0.000000
1051 B A 0.756265 0.999626 4.000000 5.000000 -4.532014 0.000000
1052 B A 0.732024 0.978780 5.000000 3.000000 -4.736324 0.000000
1053 B A 0.703514 0.994167 5.000000 3.000000 -4.941875 0.000000
1054 B A 0.760713 0.990258 5.000000 5.000000 -5.041484 0.000000
1055 B A 0.731813 0.957349 5.000000 4.000000 -4.726407 0.000000
1056 A A 0.741204 0.996146 4.000000 4.000000 5.952539 0.000000
1057 B A 0.772837 0.899780 5.000000 5.000000 -4.281951 0.000000
1058 B A 0.710052 0.964444 5.000000 3.000000 -4.677253 0.000000
1059 B B 0.759804 0.998841 4.000000 3.000000 -2.853536 0.000000
1060 B A 0.764662 0.999906 5.000000 3.000000 -4.780849 0.000000
1061 B B 0.738193 0.972198 4.000000 3.000000 -2.756833 0.000000
1062 B A 0.751095 0.968252 4.000000 5.000000 -4.277397 0.000000
1063 B A 0.740672 0.877507 5.000000 3.000000 -3.894825 0.025083
1064 B A 0.705490 0.995398 5.000000 5.000000 -5.034910 0.000000
1065 B A 0.730391 0.963461 5.000000 3.000000 -4.614135 0.000000
1066 A A 0.720533 0.980778 5.000000 3.000000 6.383646 0.000000
1067 B A 0.740083 0.980903 4.000000 4.000000 -4.341924 0.000000
1068 B A 0.752718 0.980576 5.000000 5.000000 -4.960286 0.000000
1069 B A 0.727507 0.966665 4.000000 4.000000 -4.239391 0.000000
1070 A B 0.739973 0.951447 5.000000 3.000000 2.391038 0.000000
1071 B A 0.689610 0.953826 4.000000 3.000000 -4.078846 0.000000
1072 B A 0.564536 0.984160 5.000000 4.000000 -4.615885 0.166610
1073 B A 0.702788 0.989480 5.000000 3.000000 -4.903390 0.000000
1074 B B 0.757604 0.955486 5.000000 3.000000 -2.964104 0.000000
1075 B B 0.705490 0.994013 4.000000 5.000000 -2.963759 0.000000
1076 B B 0.727101 0.980886 5.000000 4.000000 -3.286631 0.000000
1077 B A 0.672107 0.834825 4.000000 4.000000 -3.226279 0.000000
1078 B B 0.836318 0.971670 5.000000 4.000000 -2.983084 0.000000
1079 B B 0.834682 0.993915 5.000000 5.000000 -3.277138 0.000000
1080 B A 0.672779 0.985033 5.000000 4.000000 -4.950653 0.005936
1081 B A 0.720694 0.998781 5.000000 3.000000 -4.939737 0.000000
1082 B A 0.718667 0.973685 5.000000 4.000000 -4.875066 0.000000
1083 B A 0.721927 0.983373 5.000000 4.000000 -4.955444 0.000000
1084 B A 0.645230 0.998444 4.000000 4.000000 -4.443209 0.000000
1085 B A 0.755226 0.977203 4.000000 5.000000 -4.349319 0.000000
1086 A B 0.686458 0.998742 5.000000 5.000000 2.673851 0.000000
1087 B A 0.554450 0.985701 5.000000 5.000000 -4.243229 0.180217
1088 B A 0.861715 0.995542 5.000000 4.000000 -4.514291 0.000000
1089 B A 0.640077 0.976062 4.000000 4.000000 -4.251418 0.000000
1090 B A 0.759808 0.979523 5.000000 5.000000 -4.949912 0.000000
1091 B A 0.702223 0.982928 4.000000 4.000000 -4.377095 0.000000
1092 B B 0.700037 0.998185 4.000000 4.000000 -3.000811 0.000000
1093 B A 0.683855 0.975380 5.000000 3.000000 -4.813583 0.000000
1094 A B 0.724374 0.993301 5.000000 4.000000 2.687270 0.000000
1095 B A 0.814695 0.997596 5.000000 4.000000 -4.806573 0.000000
1096 B A 0.730717 0.962678 5.000000 4.000000 -4.772278 0.000000
1097 B B 0.739984 0.971535 5.000000 3.000000 -3.099000 0.000000
1098 B B 0.657754 0.999975 4.000000 4.000000 -2.984753 0.000000
1099 A A 0.778816 0.980778 5.000000 5.000000 6.593223 0.000000
1100 A A 0.753576 0.981175 5.000000 3.000000 6.233201 0.000000
1101 A B 0.730391 0.944024 5.000000 5.000000 2.475369 0.000000
1102 A A 0.703093 0.966561 5.000000 3.000000 6.279374 0.000000
1103 B A 0.799462 0.943406 5.000000 5.000000 -4.595130 0.000000
1104 A A 0.736341 0.980505 5.000000 5.000000 6.604782 0.000000
1105 B B 0.701143 0.999922 5.000000 3.000000 -3.330549 0.000000
1106 A A 0.758607 0.971535 5.000000 3.000000 6.097452 0.000000
1107 A A 0.740672 0.915493 5.000000 3.000000 5.588504 0.000000
1108 B A 0.677485 0.956382 5.000000 3.000000 -4.660668 0.028099
1109 B B 0.757583 0.755437 5.000000 5.000000 -2.135017 0.000000
1110 B B 0.740538 0.814733 5.000000 4.000000 -2.393433 0.000000
1111 B A 0.767981 0.963579 5.000000 3.000000 -4.464089 0.000000
1112 B B 0.732024 0.978780 5.000000 3.000000 -3.157549 0.000000
1113 A A 0.647048 0.778946 5.000000 4.000000 4.371766 0.000000
1114 B A 0.798079 0.991390 5.000000 3.000000 -4.523737 0.000000
1115 B A 0.760525 0.986513 4.000000 4.000000 -4.355234 0.000000
1116 A A 0.738193 0.885138 5.000000 4.000000 5.509393 0.000000
1117 B B 0.686206 0.979493 5.000000 5.000000 -3.232237 0.000000
1118 B B 0.808902 0.995104 5.000000 4.000000 -3.209229 0.000000
1119 B A 0.705490 0.965750 5.000000 5.000000 -4.782629 0.000000
1120 A A 0.772837 0.949596 5.000000 3.000000 5.769109 0.000000
1121 B A 0.760713 0.991217 5.000000 3.000000 -4.726785 0.000000
1122 B A 0.765070 0.995530 5.000000 3.000000 -4.742173 0.000000
1123 A B 0.731813 0.980289 5.000000 4.000000 2.623928 0.000000
1124 B A 0.776146 0.899667 5.000000 5.000000 -4.277636 0.000000
1125 B B 0.720940 0.994696 5.000000 3.000000 -3.269512 0.000000
1126 B B 0.737122 0.952561 5.000000 5.000000 -3.145509 0.000000
1127 B B 0.740105 0.955582 5.000000 3.000000 -3.011031 0.000000
1128 A A 0.726588 0.997145 5.000000 4.000000 6.759690 0.000000
1129 B A 0.717328 0.980778 5.000000 3.000000 -4.796339 0.000000
1130 B B 0.767033 0.957958 5.000000 3.000000 -2.948635 0.000000
1131 B A 0.703989 0.997677 5.000000 3.000000 -4.970901 0.000000
1132 B B 0.739425 0.963668 5.000000 4.000000 -3.179473 0.000000
1133 B A 0.789823 0.940239 5.000000 3.000000 -4.160844 0.000000
1134 A B 0.692762 0.963668 5.000000 4.000000 2.554360 0.000000
1135 B A 0.730851 0.992857 5.000000 3.000000 -4.858595 0.000000
1136 B A 0.738126 0.997972 5.000000 4.000000 -5.062838 0.000000
1137 A A 0.730391 0.989210 5.000000 3.000000 6.439028 0.000000
1138 B A 0.850579 0.991294 5.000000 3.000000 -4.143455 0.000000
1139 A A 0.730391 0.959273 5.000000 4.000000 6.325452 0.000000
1140 B A 0.679521 0.893452 5.000000 3.000000 -4.147214 0.089322
1141 B A 0.711475 0.943219 5.000000 5.000000 -4.606871 0.000000
1142 B A 0.759344 0.997619 5.000000 4.000000 -5.017192 0.000000
1143 B B 0.732633 0.996662 5.000000 4.000000 -3.372691 0.000000
1144 B B 0.710271 0.994086 5.000000 3.000000 -3.284316 0.000000
1145 B A 0.720694 0.947348 5.000000 4.000000 -4.652882 0.000000
1146 A B 0.739055 0.970576 5.000000 5.000000 2.597911 0.000000
1147 B B 0.820274 0.970417 5.000000 3.000000 -2.804233 0.000000
1148 B A 0.743685 0.950726 5.000000 5.000000 -4.706653 0.000000
1149 A A 0.692676 0.998781 5.000000 3.000000 6.667822 0.000000
1150 B A 0.800636 0.994527 5.000000 5.000000 -5.023570 0.000000
1151 B A 0.731813 0.990790 5.000000 4.000000 -5.009560 0.000000
1152 B B 0.686171 0.985725 5.000000 3.000000 -3.265664 0.000000
1153 B A 0.705490 0.965254 5.000000 5.000000 -4.778453 0.000000
1154 B A 0.615004 0.976097 5.000000 3.000000 -4.816740 0.099545
1155 B A 0.760525 0.986268 5.000000 4.000000 -4.917233 0.000000
1156 B A 0.655692 0.992548 5.000000 5.000000 -4.848695 0.023791
1157 A B 0.717626 0.783691 5.000000 5.000000 1.802502 0.000000
1158 B A 0.767273 0.987312 5.000000 3.000000 -4.662876 0.000000
1159 A B 0.764662 0.999970 5.000000 4.000000 2.679079 0.000000
1160 A A 0.812090 0.996723 5.000000 4.000000 6.416148 0.000000
1161 A A 0.765070 0.980934 5.000000 3.000000 6.160937 0.000000
1162 B A 0.740102 0.993301 5.000000 4.000000 -5.019634 0.000000
1163 B A 0.729800 0.996768 5.000000 4.000000 -5.063246 0.000000
1164 B A 0.767225 0.980932 5.000000 3.000000 -4.610235 0.000000
1165 B A 0.659670 0.994087 5.000000 3.000000 -4.990383 0.016346
1166 B A 0.718667 0.994563 5.000000 4.000000 -5.053479 0.000000
1167 B A 0.713674 0.995612 5.000000 3.000000 -4.931292 0.000000
1168 B A 0.693206 0.987849 5.000000 5.000000 -4.939647 0.000000
1169 B A 0.753576 0.950368 5.000000 5.000000 -4.705351 0.000000
1170 A A 0.730717 0.956399 5.000000 4.000000 6.292927 0.000000
1171 B A 0.734241 0.980778 5.000000 3.000000 -4.745659 0.000000
1172 B A 0.753231 0.973057 5.000000 5.000000 -4.896267 0.000000
1173 B A 0.693079 0.963668 5.000000 3.000000 -4.702746 0.000000
1174 B B 0.730390 0.963300 5.000000 4.000000 -3.185235 0.000000
1175 B A 0.740672 0.994825 5.000000 3.000000 -4.840932 0.000000
1176 B B 0.760713 0.954356 5.000000 3.000000 -2.948770 0.000000
1177 A A 0.720694 0.973695 5.000000 3.000000 6.303857 0.000000
1178 B A 0.750057 0.978734 5.000000 5.000000 -4.944467 0.000000
1179 A A 0.702788 0.988762 5.000000 3.000000 6.529720 0.000000
1180 B B 0.725851 0.963214 5.000000 4.000000 -3.187720 0.000000
1181 B A 0.817866 0.980885 5.000000 3.000000 -4.307040 0.000000
1182 B A 0.753277 0.980778 5.000000 3.000000 -4.672870 0.000000
1183 B A 0.740672 0.995955 5.000000 4.000000 -5.041516 0.000000
1184 A A 0.721927 0.989862 5.000000 3.000000 6.480640 0.000000
1185 B A 0.800613 0.996492 5.000000 5.000000 -5.040530 0.000000
1186 B B 0.732024 0.993377 5.000000 3.000000 -3.239421 0.000000
1187 B A 0.723155 0.950579 5.000000 3.000000 -4.529542 0.000000
1188 B A 0.738193 0.822709 5.000000 4.000000 -3.652651 0.089023
1189 B A 0.649076 0.980778 5.000000 4.000000 -4.870557 0.045100
1190 B A 0.692040 0.952519 5.000000 3.000000 -4.611501 0.011229
1191 B A 0.753489 0.973649 5.000000 5.000000 -4.901276 0.000000
1192 B A 0.705490 0.998568 5.000000 5.000000 -5.062214 0.000000
1193 B A 0.760404 0.989482 5.000000 3.000000 -4.713729 0.000000
1194 B A 0.731813 0.962539 5.000000 4.000000 -4.769878 0.000000
1195 B A 0.751667 0.971944 5.000000 4.000000 -4.816640 0.000000
1196 B A 0.686566 0.993908 5.000000 4.000000 -5.042651 0.000000
1197 A B 0.610998 0.989521 5.000000 4.000000 2.580082 0.000000
1198 B A 0.814695 0.998350 5.000000 4.000000 -4.812942 0.000000
1199 B B 0.692922 0.918978 5.000000 3.000000 -2.890620 0.000000
1200 B A 0.903811 0.985196 5.000000 5.000000 -4.514069 0.000000
1201 A A 0.731813 0.946632 5.000000 4.000000 6.182931 0.000000
1202 B A 0.760525 0.973016 5.000000 3.000000 -4.576621 0.000000
1203 B B 0.732117 0.980758 5.000000 4.000000 -3.282329 0.000000
1204 A A 0.739023 0.994501 5.000000 4.000000 6.708827 0.000000
1205 B A 0.800636 0.999640 5.000000 5.000000 -5.067618 0.000000
1206 B A 0.722228 0.999891 5.000000 5.000000 -5.104475 0.000000
1207 B B 0.760525 0.991218 5.000000 4.000000 -3.306275 0.000000
1208 B A 0.832665 0.998115 5.000000 5.000000 -4.959014 0.000000
1209 B A 0.703514 0.998074 5.000000 3.000000 -4.975270 0.000000
1210 B A 0.752037 0.982878 5.000000 5.000000 -4.979957 0.000000
1211 B A 0.663191 0.997619 5.000000 4.000000 -5.043607 0.007582
1212 B A 0.703617 0.989647 5.000000 3.000000 -4.903150 0.000000
1213 B A 0.740672 0.995966 5.000000 3.000000 -4.850572 0.000000
1214 B A 0.731402 0.980752 5.000000 3.000000 -4.754863 0.000000
1215 B A 0.769957 0.989480 5.000000 3.000000 -4.667492 0.000000
1216 B A 0.760519 0.993283 5.000000 4.000000 -4.977067 0.000000
1217 B A 0.759714 0.993741 5.000000 4.000000 -4.983031 0.000000
1218 B B 0.728660 0.998087 4.000000 5.000000 -3.006145 0.000000
1219 B A 0.650117 0.975380 4.000000 3.000000 -4.267887 0.000000
1220 B A 0.724231 0.998781 5.000000 3.000000 -4.929512 0.000000
1221 A A 0.719544 0.973649 5.000000 5.000000 6.500916 0.000000
1222 B A 0.686482 0.966856 5.000000 5.000000 -4.742596 0.004407
1223 B A 0.731813 0.926059 5.000000 4.000000 -4.468042 0.000000
1224 B A 0.731100 0.998984 5.000000 4.000000 -5.080891 0.000000
1225 A A 0.673763 0.989480 5.000000 4.000000 6.653559 0.000000
1226 B A 0.721973 0.981119 5.000000 4.000000 -4.936184 0.000000
1227 B A 0.738193 0.973793 5.000000 4.000000 -4.856341 0.000000
1228 B B 0.694355 0.985662 5.000000 3.000000 -3.257411 0.000000
1229 B A 0.713957 0.993917 5.000000 4.000000 -5.050063 0.000000
1230 B B 0.760713 0.990258 5.000000 5.000000 -3.360990 0.000000
1231 B A 0.698920 0.998114 5.000000 4.000000 -5.086372 0.000000
1232 B B 0.706412 0.996179 5.000000 3.000000 -3.301990 0.000000
1233 B A 0.768788 0.992080 5.000000 5.000000 -5.052223 0.000000
1234 B B 0.740672 0.994819 5.000000 3.000000 -3.227254 0.000000
1235 A A 0.649940 0.995212 5.000000 3.000000 6.668176 0.000000
1236 B B 0.704463 0.973057 5.000000 5.000000 -3.227997 0.000000
1237 B A 0.712622 0.993101 5.000000 5.000000 -5.029825 0.000000
1238 A B 0.782928 0.884996 5.000000 5.000000 2.214639 0.000000
1239 B A 0.753576 0.994124 5.000000 4.000000 -5.000945 0.000000
1240 B A 0.685001 0.994825 5.000000 3.000000 -4.977722 0.000000
1241 B A 0.646929 0.996641 5.000000 3.000000 -5.013142 0.032866
1242 B B 0.752612 0.888960 5.000000 4.000000 -2.758598 0.000000
1243 B A 0.818749 0.979523 5.000000 5.000000 -4.847004 0.000000
1244 A A 0.751667 0.971944 5.000000 4.000000 6.422186 0.000000
1245 B A 0.870837 0.988944 5.000000 4.000000 -4.399021 0.000000
1246 A A 0.718667 0.855407 5.000000 4.000000 5.223709 0.000000
1247 B A 0.910868 0.928239 5.000000 3.000000 -3.156712 0.000000
1248 B B 0.683713 0.993908 5.000000 3.000000 -3.314286 0.000000
1249 A A 0.721927 0.994519 5.000000 4.000000 6.734674 0.000000
1250 A A 0.759808 0.979523 5.000000 5.000000 6.599883 0.000000
1251 A A 0.571129 0.998074 5.000000 3.000000 6.581868 0.000000
1252 B B 0.703617 0.989647 5.000000 3.000000 -3.268766 0.000000
1253 A A 0.671631 0.998781 5.000000 3.000000 6.699812 0.000000
1254 B A 0.803622 0.999640 5.000000 5.000000 -5.060550 0.000000
1255 A B 0.692922 0.994696 5.000000 3.000000 2.648242 0.000000
1256 B A 0.758038 0.980928 5.000000 5.000000 -4.962478 0.000000
1257 A A 0.754663 0.988755 5.000000 4.000000 6.603459 0.000000
1258 A A 0.740102 0.993301 5.000000 4.000000 6.692845 0.000000
1259 B A 0.704532 0.998029 5.000000 4.000000 -5.086789 0.000000
1260 A B 0.647867 0.998114 5.000000 4.000000 2.675458 0.000000
1261 B B 0.687823 0.996071 5.000000 4.000000 -3.374911 0.000000
1262 B B 0.803764 0.996766 5.000000 5.000000 -3.356954 0.000000
1263 A A 0.634052 0.993315 5.000000 5.000000 6.343052 0.000000
1264 B A 0.758996 0.993957 5.000000 4.000000 -4.986690 0.000000
1265 B A 0.687942 0.996607 5.000000 3.000000 -4.989169 0.000000
1266 A A 0.750260 0.990094 5.000000 4.000000 6.631471 0.000000
1267 B A 0.833250 0.966324 5.000000 5.000000 -4.687757 0.000000
1268 B A 0.731141 0.993990 5.000000 3.000000 -4.867237 0.000000
1269 B A 0.744298 0.993279 5.000000 5.000000 -5.067722 0.000000
1270 A B 0.718667 0.994563 5.000000 4.000000 2.695189 0.000000
1271 B A 0.752828 0.994124 5.000000 4.000000 -5.002605 0.000000
1272 B A 0.773553 0.998568 5.000000 5.000000 -5.103799 0.000000
1273 A A 0.865264 0.996492 5.000000 5.000000 6.411442 0.000000
1274 B B 0.800636 0.994527 5.000000 5.000000 -3.349046 0.000000
1275 B A 0.716804 0.955228 5.000000 4.000000 -4.720619 0.000000
1276 B B 0.681266 0.995398 5.000000 5.000000 -3.312279 0.000000
1277 A A 0.713674 0.997437 5.000000 3.000000 6.595818 0.000000
1278 B B 0.732871 0.999741 5.000000 4.000000 -3.390196 0.000000
1279 B B 0.753576 0.921457 5.000000 5.000000 -2.977971 0.000000
1280 B B 0.759982 0.985912 5.000000 3.000000 -3.123944 0.000000
1281 B B 0.739415 0.993792 5.000000 4.000000 -3.349948 0.000000
1282 B A 0.874954 0.991884 5.000000 5.000000 -4.722749 0.000000
1283 A A 0.757869 0.999971 5.000000 4.000000 6.721416 0.000000
1284 B A 0.730775 0.998133 5.000000 4.000000 -5.073924 0.000000
1285 A B 0.706729 0.998716 5.000000 4.000000 2.716161 0.000000
1286 B A 0.871527 0.986513 5.000000 5.000000 -4.694393 0.000000
1287 A A 0.732280 0.998115 5.000000 5.000000 6.801734 0.000000
1288 B B 0.815341 0.943759 5.000000 4.000000 -2.905620 0.000000
1289 A A 0.769925 0.985590 5.000000 5.000000 6.660741 0.000000
1290 B A 0.695089 0.996788 5.000000 4.000000 -5.073322 0.000000
1291 B B 0.712622 0.993105 5.000000 4.000000 -3.362331 0.000000
1292 B A 0.678167 0.994011 5.000000 5.000000 -4.946277 0.000000
1293 B A 0.730549 0.980817 5.000000 4.000000 -4.925801 0.000000
1294 B A 0.705782 0.997619 5.000000 4.000000 -5.083315 0.000000
1295 B A 0.581915 0.986513 5.000000 5.000000 -4.417287 0.138901
1296 B A 0.752576 0.933629 5.000000 5.000000 -4.566708 0.000000
1297 A A 0.788202 0.979794 5.000000 5.000000 6.563288 0.000000
1298 B A 0.761669 0.998568 5.000000 4.000000 -5.019338 0.000000
1299 A B 0.645408 0.980750 5.000000 5.000000 2.509036 0.000000
1300 B A 0.703617 0.994646 5.000000 3.000000 -4.945752 0.000000
1301 B A 0.851357 0.993252 5.000000 5.000000 -4.843575 0.000000
1302 B A 0.697214 0.998984 5.000000 4.000000 -5.093270 0.000000
1303 B A 0.760939 0.996788 5.000000 4.000000 -5.005988 0.000000
1304 B A 0.753889 0.995955 5.000000 4.000000 -5.015938 0.000000
1305 A A 0.688356 0.979282 5.000000 5.000000 6.470633 0.000000
1306 B A 0.869790 0.996723 5.000000 4.000000 -4.469897 0.000000
1307 A B 0.752037 0.982533 5.000000 5.000000 2.654406 0.000000
1308 B A 0.782117 0.994122 5.000000 4.000000 -4.917655 0.000000
1309 B B 0.761669 0.985012 5.000000 4.000000 -3.269073 0.000000
1310 B A 0.729197 0.997687 5.000000 4.000000 -5.071822 0.000000
1311 A A 0.720864 0.994992 5.000000 3.000000 6.542662 0.000000
1312 A A 0.707371 0.956569 5.000000 4.000000 6.312084 0.000000
1313 B A 0.718478 0.998575 5.000000 5.000000 -5.087321 0.000000
1314 A B 0.731813 0.990790 5.000000 4.000000 2.671765 0.000000
1315 B A 0.761235 0.995011 5.000000 5.000000 -5.082199 0.000000
1316 A A 0.686543 0.997619 5.000000 4.000000 6.766238 0.000000
1317 B A 0.733390 0.999995 5.000000 5.000000 -5.118614 0.000000
1318 B A 0.711269 0.993101 5.000000 5.000000 -5.027221 0.000000
1319 B A 0.800636 0.994123 5.000000 5.000000 -5.020101 0.000000
1320 B A 0.754962 0.998029 5.000000 4.000000 -5.031289 0.000000
1321 B A 0.721615 0.980576 5.000000 5.000000 -4.937709 0.000000
1322 B B 0.760520 0.944989 5.000000 5.000000 -3.105993 0.000000
1323 A A 0.747998 0.999640 5.000000 4.000000 6.746766 0.000000
1324 B A 0.713957 0.998566 5.000000 4.000000 -5.090180 0.000000
1325 B A 0.712853 0.998595 5.000000 5.000000 -5.077599 0.000000
1326 B B 0.825970 0.981251 5.000000 5.000000 -3.225734 0.000000
1327 B A 0.684891 0.979420 5.000000 4.000000 -4.916909 0.000000
1328 B A 0.740359 0.981175 5.000000 5.000000 -4.962003 0.000000
1329 B A 0.706878 0.995398 5.000000 4.000000 -5.064143 0.000000
1330 B B 0.580666 0.983373 5.000000 4.000000 -3.116597 0.000000
1331 B A 0.758038 0.998209 5.000000 5.000000 -5.110991 0.000000
1332 A B 0.737099 0.999731 5.000000 5.000000 2.730350 0.000000
1333 B A 0.685453 0.930388 5.000000 4.000000 -4.507067 0.043394
1334 B A 0.698920 0.999368 5.000000 4.000000 -5.097223 0.000000
1335 B A 0.704592 0.996757 5.000000 3.000000 -4.961790 0.000000
1336 B B 0.761283 0.993301 5.000000 4.000000 -3.316831 0.000000
1337 B B 0.705679 0.994555 5.000000 4.000000 -3.371243 0.000000
1338 B A 0.874251 0.998115 5.000000 5.000000 -4.778854 0.000000
1339 B A 0.684479 0.994825 5.000000 3.000000 -4.978366 0.000000
1340 A A 0.705779 0.999119 4.000000 3.000000 5.894516 0.000000
1341 B B 0.768788 0.973743 5.000000 5.000000 -3.263653 0.000000
1342 B A 0.687919 0.993908 5.000000 4.000000 -5.043778 0.000000
1343 A A 0.752828 0.981058 5.000000 4.000000 6.521607 0.000000
1344 A B 0.753670 0.999438 5.000000 4.000000 2.691386 0.000000
1345 B A 0.767938 0.948733 5.000000 3.000000 -4.344001 0.000000
1346 A B 0.759714 0.993741 5.000000 5.000000 2.704989 0.000000
1347 A B 0.771789 0.986246 5.000000 5.000000 2.666395 0.000000
1348 A A 0.721612 0.999936 5.000000 5.000000 6.805280 0.000000
1349 B B 0.649343 0.998114 5.000000 4.000000 -3.346571 0.000000
1350 B A 0.738742 0.921542 5.000000 4.000000 -4.422506 0.000000
1351 A B 0.732591 0.998181 5.000000 4.000000 2.705162 0.000000
1352 B A 0.686566 0.993792 5.000000 4.000000 -5.041655 0.000000
1353 B A 0.751992 0.998721 5.000000 5.000000 -5.116245 0.000000
1354 A A 0.730332 0.994371 5.000000 4.000000 6.722696 0.000000
1355 B A 0.712755 0.997645 5.000000 4.000000 -5.082607 0.000000
1356 A B 0.761235 0.994038 5.000000 5.000000 2.706031 0.000000
1357 B B 0.683624 0.973334 5.000000 4.000000 -3.242607 0.000000
1358 B B 0.715865 0.997041 5.000000 3.000000 -3.291948 0.000000
1359 B A 0.830777 0.999500 5.000000 5.000000 -4.977674 0.000000
1360 A A 0.797977 0.997972 5.000000 4.000000 6.516956 0.000000
1361 B A 0.744298 0.942938 5.000000 5.000000 -4.642124 0.000000
1362 A A 0.768788 0.992080 5.000000 4.000000 6.591900 0.000000
1363 A A 0.713957 0.969471 4.000000 4.000000 5.690930 0.000000
1364 B A 0.703503 0.999683 5.000000 5.000000 -5.067329 0.000000
1365 B A 0.710587 0.999891 5.000000 5.000000 -5.084394 0.000000
1366 B B 0.898727 0.998059 5.000000 4.000000 -2.849551 0.000000
1367 A A 0.740102 0.966705 5.000000 5.000000 6.451974 0.000000
1368 B A 0.711223 0.995854 5.000000 5.000000 -5.050821 0.000000
1369 A A 0.892473 0.993369 5.000000 4.000000 5.709839 0.000000
1370 B A 0.756058 0.998277 5.000000 4.000000 -5.030861 0.000000
1371 B B 0.783591 0.999999 4.000000 5.000000 -3.011248 0.000000
1372 B A 0.718512 0.998575 5.000000 5.000000 -5.087377 0.000000
1373 B B 0.683750 0.994563 5.000000 4.000000 -3.363807 0.000000
1374 B A 0.857436 0.996619 5.000000 5.000000 -4.845614 0.000000
1375 B B 0.665310 0.979465 5.000000 4.000000 -3.260987 0.000000
1376 B A 0.686125 0.996560 5.000000 3.000000 -4.991181 0.000000
1377 B A 0.760939 0.996904 5.000000 4.000000 -5.006978 0.000000
1378 B B 0.706988 0.853154 5.000000 5.000000 -2.586396 0.000000
1379 A A 0.799501 0.999605 5.000000 5.000000 6.759864 0.000000
1380 B A 0.740130 0.999592 5.000000 5.000000 -5.120211 0.000000
1381 B A 0.752828 0.998398 5.000000 4.000000 -5.039286 0.000000
1382 B A 0.740559 0.995955 5.000000 4.000000 -5.041698 0.000000
1383 A A 0.624954 0.999920 5.000000 4.000000 6.628016 0.000000
1384 B A 0.643719 0.980369 5.000000 5.000000 -4.693635 0.053377
1385 A A 0.805266 0.999863 5.000000 5.000000 6.744542 0.000000
1386 B B 0.928095 0.997500 5.000000 4.000000 -2.697072 0.000000
1387 B B 0.625199 0.998114 5.000000 5.000000 -3.169222 0.000000
1388 B A 0.687919 0.998751 5.000000 4.000000 -5.085618 0.000000
1389 B A 0.688497 0.999368 5.000000 4.000000 -5.091418 0.000000
1390 B A 0.725195 0.998568 5.000000 5.000000 -5.097128 0.000000
1391 B A 0.759714 0.996723 5.000000 5.000000 -5.097597 0.000000
1392 B A 0.687486 0.993101 5.000000 4.000000 -5.036474 0.000000
1393 A A 0.735405 0.879173 5.000000 4.000000 5.451625 0.000000
1394 B A 0.723675 0.905627 5.000000 4.000000 -4.310107 0.016930
1395 B A 0.729331 0.990731 5.000000 4.000000 -5.011849 0.000000
1396 B A 0.801347 0.994123 5.000000 5.000000 -5.018459 0.000000
1397 B B 0.706844 0.995398 5.000000 3.000000 -3.296923 0.000000
1398 B B 0.759344 0.997619 5.000000 4.000000 -3.344795 0.000000
1399 A A 0.731100 0.998857 5.000000 4.000000 6.773058 0.000000
1400 B B 0.930693 0.775583 5.000000 5.000000 -1.858159 0.000000
1401 B A 0.803622 0.997660 5.000000 5.000000 -5.043476 0.000000
1402 B A 0.803921 0.944114 5.000000 5.000000 -4.590813 0.000000
1403 B A 0.686566 0.999315 5.000000 4.000000 -5.089369 0.000000
1404 B A 0.802988 0.993174 5.000000 5.000000 -5.006431 0.000000
1405 B A 0.721919 0.998114 5.000000 5.000000 -5.088662 0.000000
1406 B B 0.708899 0.998398 5.000000 4.000000 -3.393269 0.000000
1407 A A 0.761235 0.970434 5.000000 5.000000 6.496116 0.000000
1408 A A 0.736009 0.997687 5.000000 4.000000 6.751259 0.000000
1409 A B 0.719282 0.998751 5.000000 5.000000 2.714740 0.000000
1410 B A 0.687919 0.907913 5.000000 4.000000 -4.326302 0.063145
1411 A A 0.705578 0.997619 5.000000 4.000000 6.777745 0.000000
1412 B A 0.697626 0.998575 5.000000 5.000000 -5.043415 0.000000
1413 B A 0.714260 0.993917 5.000000 4.000000 -5.049956 0.000000
1414 B A 0.740130 0.999701 5.000000 5.000000 -5.121154 0.000000
1415 B B 0.768887 0.996627 5.000000 5.000000 -3.394237 0.000000
1416 B B 0.665505 0.986421 5.000000 4.000000 -3.300839 0.000000
1417 B A 0.731100 0.999316 4.000000 5.000000 -4.521360 0.000000
1418 B A 0.724526 0.996961 5.000000 5.000000 -5.082362 0.000000
1419 A A 0.687253 0.998029 5.000000 5.000000 6.679654 0.000000
1420 B A 0.743263 0.998165 5.000000 4.000000 -5.056178 0.000000
1421 B A 0.687919 0.998562 4.000000 4.000000 -4.498916 0.000000
1422 A A 0.687057 0.995978 5.000000 5.000000 6.655379 0.000000
1423 B A 0.713131 0.999425 5.000000 4.000000 -5.097876 0.000000
1424 B A 0.712755 0.999625 5.000000 4.000000 -5.099725 0.000000
1425 B B 0.758038 0.978736 5.000000 5.000000 -3.295852 0.000000
1426 B A 0.742085 0.993898 5.000000 4.000000 -5.021514 0.000000
1427 B B 0.690837 0.999722 5.000000 4.000000 -3.397462 0.000000
1428 B A 0.564848 0.995398 5.000000 4.000000 -4.711784 0.156626
1429 B B 0.663900 0.999927 5.000000 4.000000 -3.376544 0.000000
1430 B A 0.770124 0.997972 5.000000 4.000000 -4.990258 0.000000
1431 B A 0.748273 0.993855 5.000000 4.000000 -5.009824 0.000000
1432 A A 0.777638 0.999683 5.000000 4.000000 6.640991 0.000000
1433 B A 0.695089 0.996655 5.000000 4.000000 -5.072169 0.000000
1434 B A 0.730980 0.998133 5.000000 5.000000 -5.100156 0.000000
1435 B A 0.739089 0.998984 5.000000 4.000000 -5.070097 0.000000
1436 B B 0.729497 0.999106 5.000000 4.000000 -3.389159 0.000000
1437 B A 0.657575 0.999602 5.000000 5.000000 -4.916657 0.014029
1438 B A 0.751894 0.998455 5.000000 5.000000 -5.113944 0.000000
1439 A A 0.830453 0.990258 5.000000 5.000000 6.533028 0.000000
1440 A B 0.709373 0.980761 5.000000 5.000000 2.622859 0.000000
1441 B A 0.835185 0.998392 5.000000 4.000000 -4.702569 0.000000
1442 B A 0.808634 0.994888 5.000000 5.000000 -5.006906 0.000000
1443 B A 0.718271 0.999898 5.000000 4.000000 -5.099751 0.000000
1444 B A 0.699954 0.999413 5.000000 5.000000 -5.056506 0.000000
1445 B A 0.692180 0.981322 5.000000 5.000000 -4.881220 0.000000
1446 B B 0.716042 0.995375 5.000000 4.000000 -3.374537 0.000000
1447 B A 0.712672 0.998538 5.000000 5.000000 -5.076766 0.000000
1448 B A 0.705277 0.998888 5.000000 4.000000 -5.094271 0.000000
1449 A A 0.669745 0.998070 5.000000 4.000000 6.744485 0.000000
1450 B A 0.703374 0.998583 5.000000 5.000000 -5.057536 0.000000
1451 B B 0.815722 0.982391 5.000000 5.000000 -3.253587 0.000000
1452 A A 0.679553 0.968028 5.000000 5.000000 6.307655 0.000000
1453 B A 0.759809 0.975027 5.000000 5.000000 -4.911633 0.000000
1454 B B 0.697659 0.998984 5.000000 3.000000 -3.329503 0.000000
1455 A A 0.734409 0.987644 5.000000 5.000000 6.684107 0.000000
1456 B A 0.710599 0.998595 5.000000 5.000000 -5.073223 0.000000
1457 B B 0.746880 0.999701 5.000000 5.000000 -3.416021 0.000000
1458 B B 0.721479 0.999978 5.000000 5.000000 -3.402749 0.000000
1459 B A 0.711331 0.998584 5.000000 5.000000 -5.074570 0.000000
1460 A A 0.713957 0.998566 5.000000 4.000000 6.786907 0.000000
1461 B A 0.748181 0.998575 5.000000 5.000000 -5.114590 0.000000
1462 B B 0.708611 0.999413 5.000000 5.000000 -3.384153 0.000000
1463 B B 0.712488 0.944658 5.000000 4.000000 -3.089402 0.000000
1464 A A 0.752934 0.999142 5.000000 5.000000 6.826504 0.000000
1465 B A 0.892076 0.998208 5.000000 5.000000 -4.687175 0.000000
1466 A A 0.739336 0.999722 5.000000 4.000000 6.768100 0.000000
1467 A A 0.723150 0.997972 5.000000 4.000000 6.773147 0.000000
1468 A A 0.690532 0.997645 5.000000 4.000000 6.770680 0.000000
1469 B A 0.856059 0.999571 5.000000 4.000000 -4.584539 0.000000
1470 A A 0.706950 0.998575 5.000000 5.000000 6.753972 0.000000
1471 B A 0.731184 0.998164 5.000000 5.000000 -5.100630 0.000000
1472 B A 0.731126 0.995431 5.000000 4.000000 -5.050241 0.000000
1473 B A 0.775772 0.998943 5.000000 4.000000 -4.980658 0.000000
1474 B A 0.805010 0.999802 5.000000 5.000000 -5.058520 0.000000
1475 A A 0.729203 0.998232 5.000000 4.000000 6.768690 0.000000
1476 B B 0.751897 0.996797 5.000000 5.000000 -3.399736 0.000000
1477 A A 0.705336 0.997619 5.000000 4.000000 6.777733 0.000000
1478 B A 0.753489 0.998365 5.000000 5.000000 -5.113130 0.000000
1479 B A 0.712841 0.995620 5.000000 5.000000 -5.051914 0.000000
1480 B A 0.740130 0.999659 5.000000 5.000000 -5.120798 0.000000
1481 B A 0.687315 0.999329 5.000000 4.000000 -5.090124 0.000000
1482 A A 0.686589 0.998751 5.000000 4.000000 6.779348 0.000000
1483 A A 0.719056 0.998568 5.000000 5.000000 6.784251 0.000000
1484 B A 0.720746 0.999808 5.000000 4.000000 -5.097462 0.000000
1485 B A 0.928854 0.998888 5.000000 4.000000 -4.050674 0.000000
1486 B A 0.687032 0.998455 5.000000 5.000000 -5.012741 0.000000
1487 B A 0.703239 0.998706 5.000000 5.000000 -5.058286 0.000000
1488 B A 0.693836 0.999709 5.000000 4.000000 -5.097926 0.000000
1489 B B 0.688497 0.999456 5.000000 4.000000 -3.394788 0.000000
1490 A A 0.578133 0.999683 5.000000 5.000000 6.004524 0.000000
1491 B A 0.754574 0.998158 5.000000 4.000000 -5.033293 0.000000
1492 A A 0.711843 0.999429 5.000000 4.000000 6.797699 0.000000
1493 A B 0.708161 0.995398 5.000000 4.000000 2.700840 0.000000
1494 A B 0.738884 0.998954 5.000000 4.000000 2.704080 0.000000
1495 B A 0.761209 0.997433 5.000000 5.000000 -5.103128 0.000000
1496 A A 0.650359 0.998114 5.000000 5.000000 6.497665 0.000000
1497 B B 0.718512 0.999347 5.000000 5.000000 -3.396031 0.000000
1498 B A 0.725442 0.999915 5.000000 4.000000 -5.094729 0.000000
1499 B A 0.697214 0.998979 5.000000 4.000000 -5.093225 0.000000
1500 B A 0.740130 0.999777 5.000000 5.000000 -5.121813 0.000000
