1 -9637.82623896930090 49.09230721691269
2 -10808.93510082805005 8.20180370140756
3 -12199.84649062572316 70.36834675837501
4 -19808.14894234253006 27.58307695087406
5 -12248.66912725257316 22.57167590817799
6 -24470.46953486382699 6.40156231938223
7 -19905.44094529781432 77.90380084641377
8 -26436.41910317037764 6.48059915456059
9 -9425.62729829727323 1.21920750308929
10 -17314.30772473204706 42.08415876228080
11 -12976.05094403821204 9.74504304385603
12 -22016.23031665204326 2.01262564993951
13 -23235.76278397807982 59.38824855413399
14 -25972.89377632478863 32.00208099080318
15 -19126.06157950080524 45.93740165896268
16 -26462.41600666949671 18.38143202188514
17 -20683.64479682399906 0.00000000000000
18 -16100.11090230944501 12.66447787649162
19 -16514.83964871867647 33.55273689947284
20 -15330.08523536615030 9.44567513739230
21 -11801.25164475879865 37.05299710349804
22 -14868.88717015853217 32.16984553798259
23 -19543.06911873842182 13.74650853801623
24 -18184.48046593425897 21.08686446451904
25 -12085.71866103068896 44.10407228605298
26 -12860.48263885418055 23.86307830824763
27 -23270.64846053129440 3.70181184097861
28 -17259.04262086679955 39.85430693398828
29 -19500.16760788256215 14.17637738316751
30 -10008.87033481590333 15.54510388024289
31 -12774.62036218043067 16.16534396626332
32 -20298.08725363158010 27.63284001847932
33 -9694.93624640417693 1.71920337849892
34 -10967.27643907332640 2.88786565303460
35 -16596.92088770561895 8.03511377834960
36 -21434.60875871558892 21.38888451026962
37 -11358.96487745245759 12.37039976767493
38 -18848.03344873898823 10.03325996040856
39 -20567.33362566198412 3.69972241862127
40 -20568.54688609264485 2.06818107296019
41 -11063.91664463279812 6.83534234177013
42 -16836.74023957335157 4.16397356459998
43 -20054.38808813048308 15.73364487873986
44 -4842.41911785966113 7.04462748481880
45 -16773.22226954373036 38.06570790163224
46 -19458.81613819739141 1.69958149131685
47 -14616.14012372776415 19.59870601930061
48 -14868.59574169027474 14.39180699896023
49 -23117.87104847931187 3.98029354591898
50 -11552.15892302481370 6.09476147097863
51 -17078.80676287152164 31.13188395183766
52 -13320.98660270101209 3.94402301325420
53 -15676.09347681424151 19.86904129953189
54 -19592.43087131586435 10.18805806919083
55 -8663.13412654006970 24.99528234743759
56 -10276.17303339815044 14.74841179586567
57 -14767.63413600196145 6.61889038367452
58 -21135.22121276734833 19.21482776204839
59 -13313.10536910386509 23.96481134158853
60 -18814.54194345291035 31.64593178032572
61 -21038.58499512974595 10.72101226393340
62 -13466.83765929677429 13.71770581643111
63 -7057.94094312329344 4.73482070324698
64 -15586.79538161605524 12.46440470294968
65 -18246.20611319975069 19.74740027776293
66 -15035.28956589924201 22.07921746933345
67 -11800.36008071023207 38.70812100523862
68 -12133.58336790874273 10.71101682677770
69 -18652.63547041049242 7.55111751563711
70 -4626.55115754635790 11.81141144991495
71 -13853.94296393169680 16.83000928023697
72 -18413.94987450538611 8.29642262392209
73 -22710.31827173435886 39.43046586924950
74 -16122.71665224216849 6.70173952324507
75 -18107.69503154272388 25.32888839646373
76 22899.40976024291740 27.31496073292602
77 46655.30791716208478 58.72879756208862
78 -1069956.37839458393864 10.91440328124273
79 48951.41806920955423 69.48709025675228
80 70437.96768054262793 4.30969026429714
81 -20410.90311262138857 67.70818534144259
82 40128.83080596956279 11.43367358244822
83 -5288.43593162927209 4.58429229751849
84 64465.08854350558249 41.75424614269794
85 31275.13750253150647 66.35909955363884
86 69142.92901954156696 5.12917046082738
87 25960.94160449030096 18.09503903075156
88 38147.35563627666852 53.37993672784616
89 17769.60098058119183 4.12446689626869
90 42769.80245672004821 1.53685277414472
91 21138.16139932431906 5.87846775787543
92 -5266.81389604766446 6.02529266763391
93 69542.04253961652284 1.08026769957468
94 59632.07507752980746 17.47280957393725
95 -11165.97450794150791 17.72826563501816
96 33035.13068289518560 10.03087544557048
97 78620.31449627609982 24.68422810722841
98 59176.81038229704427 23.80726580452912
99 -6698930.69366250280291 10.68772554917553
100 -24729.60583351071909 19.30329258988223
101 60932.90424113485642 40.82085936000750
102 69157.44185785677109 1.75213808673594
103 40777.30004886833194 6.75686239656067
104 52056.61028737732704 16.05049250927758
105 34927.19708606920904 49.74436451205172
106 66319.00425135198748 24.28848483548603
107 58527.25374149139680 3.70629644651476
108 52472.06917225471989 1.10032065844656
109 -52476.89575022886856 17.57227592160807
110 -1112.48544783395300 15.02560636152821
111 42705.75346815295052 46.28124104195339
112 59711.14529327004857 14.93117245594605
113 38896.98067573025764 23.22247139720414
114 53383.66444076375774 46.88981327654930
115 33935.74455475309514 10.23999877929691
116 79565.01479991030646 0.59559320414040
117 -440367.87083535944112 12.03910883740565
118 56722.62076042343688 16.72553822270738
119 64956.46503710573597 8.00322765441484
120 8276.57846889714710 10.10723158534370
121 12611.06564185238676 22.54796195193382
122 34232.18515903372463 8.55293694703942
123 35940.08273438909964 15.70248490025827
124 65857.95373783219839 17.93441726570418
125 -267579.52727033675183 11.10920408863349
126 66538.72823786891240 8.51712425152973
127 9910.17057374388605 37.84988678647055
128 38271.95233405107865 23.22725233075207
129 61344.01838006943581 41.60255124087267
130 36855.87228530917491 19.61548501374524
131 -31594.96563007458099 28.80936604279789
132 70133.18404044499039 14.80906060808282
133 33369.87367251086107 15.33558299228288
134 64608.62079140709830 9.68474553153808
135 76390.72946325229714 4.78459902346383
136 70079.03203228698112 5.07426678086850
137 60886.17360105524131 27.74119923675927
138 -71877.98806766922644 28.80140145678848
139 69122.46762263878190 17.39967771570438
140 -94942.91799784335308 3.91512325219642
141 -88924.73215620502015 23.73299777114818
142 72096.47724127568654 3.68237129498283
143 13011.03084032781408 17.40676965998714
144 -8327.87747858825787 10.35012425788873
145 48828.84435716822918 13.78624616499608
146 -4721.55095442986203 21.86743027257066
147 65313.26231116053532 2.27084556844858
148 -46140.87111554626608 21.77059309906353
149 56861.61287856932904 2.83905220326147
150 73038.99061908155272 6.38710467783043
151 67819.03596461490088 10.42221433362578
152 -42271.36593335932412 19.68337282653714
153 -1040.62250731333370 15.23098925345376
154 -2840657.94917307933792 9.45466088816171
155 23613.75288033236575 5.10250817189320
156 31888.29301365467836 22.91851233021021
157 -82219.09451526224439 4.62834736890238
158 -23102.07323755764082 2.91928774094389
159 33613.16225455483072 6.40301224899435
160 44653.88349525436206 12.91886478521968
161 62076.08962987459381 5.18547181375418
162 -29439.23803296323968 12.64520851192525
163 45169.84355718100414 35.10691447336725
164 -278361.71107851818670 14.32936536660202
165 4077.95561135243042 9.71776768106852
166 16328.44601474103547 20.59948870666322
167 68328.24547466890363 13.97510343838992
168 3862.92546264060729 31.30446129185185
169 17160.72439435061824 14.00027436288343
170 50409.19936434329429 12.77020624453108
171 -54157.67299441517389 2.77742571083225
172 71636.64458497321175 14.25019481921724
173 -7143.20882733889721 16.81876841613143
174 52479.80868710271898 25.06458187360306
175 52031.46084138769947 34.64817668979428
176 -98655.44259888638044 6.54185111458195
177 45678.33329869920999 21.62728695567241
178 61365.86371668947686 21.82015968967712
179 -2330829.14503734046593 10.40572130728306
180 32441.22366187012813 10.33815512895088
181 54498.25273952671705 35.33947023292885
182 -491113.42833982984303 3.62596376153937
183 -143014.10217641113559 30.25262536116291
184 66868.55763216153719 8.81643246860750
185 5619.98184378421502 4.62453633374035
186 51678.86023555969587 16.06179249000812
187 35738.54547044277570 14.68951926916173
188 40218.63433673941472 27.09099569510347
189 36710.85678176670626 27.82688528976168
190 -13396.53215326191275 18.11004912365616
191 62300.72922157717403 36.68363762185078
192 53337.83472378674924 39.54243391778995
193 -174568.20961637943401 28.76480919903047
194 19337.58607285482867 4.84618699385237
195 65034.78887184638006 13.49759565903378
196 16543.89117455848100 8.44308827732527
197 -12981.23058381014198 4.39264450593506
198 30742.78373900508814 12.93031863939287
199 -87968.15077628291328 19.03935154098615
200 60862.38830479013268 18.76689502599985
201 67095.94921695554513 24.95906935682100
202 39449.56157265776710 13.01330021271052
203 50170.61485128116328 7.89007726723611
204 -748626.70758859114721 11.26227331648876
205 64131.15393929892889 16.26552554694209
206 55440.75324907876347 27.51127667082189
207 61668.33905425870034 20.58177900235228
208 76024.89450706072967 7.19560623557169
209 -434777.21634843072388 16.10741598757342
210 -15900.17334156234210 27.70709460588755
211 45449.74630513672309 8.97831389003190
212 50990.97525562140800 10.35276311988809
213 -61017.14316931605572 11.92372801286123
214 67300.76475673264940 14.38262447088235
215 62617.75701601288893 18.25168840735650
216 46396.26607231590606 5.63702861771906
217 57200.71656931380858 25.68985457085151
218 52108.98571428249124 9.06093691319261
219 68308.11204769300821 14.60185955577056
220 49999.04671302056522 26.67722604075256
221 -571223.36910048942082 28.86089571859680
222 70835.72118417243473 13.17903304582511
223 62618.76680036770995 25.08189395825804
224 31390.17766584590208 18.80929252509022
225 64999.51045572330622 9.02658600973349
226 39646.92019964551582 3.44807687593805
227 44948.33621856780519 6.40730864238771
228 33621.97449159284588 9.05084631288566
229 73321.53239591815509 60.66092265037735
230 48058.72901774676575 43.70572378314633
231 -10266.76353916698281 34.07718338134831
232 -616498.57635462959297 5.57662297237389
233 -146520.82815201574704 9.13621083857712
234 87454.76316389377462 1.26908481473053
235 -13127.54506195629256 63.64785928355609
236 -97911.09877344882989 19.58069276247013
237 -83766.23406214805436 35.14365790715732
238 13471.13191048782937 6.34721611793226
239 -206272.73439479875378 10.87246645074054
240 19142.87155283824904 10.26811689215544
241 -63296.94682454595750 29.75120214803974
242 -153016.37096195903723 16.91662220446773
243 -21047.93816920417885 58.79328339617769
244 -29813.04315355819926 44.62059795100317
245 -42356.12373351831047 22.39320000070264
246 -35053.98379437498807 34.98339020473156
247 54613.76569885753997 49.57769695326559
248 1993.77829249647039 23.92814047090995
249 -42128.86105804589897 32.25563090725269
250 7667.76793749988246 0.16143744279977
251 -16834.67257620559394 47.46957462529583
252 77977.14314552462019 29.49809890607149
253 -35002.51135087387229 14.06193400486152
254 68716.41864692865056 9.57998210185958
255 -16255.93839782565919 5.30511068399394
256 -120873.09208192265942 19.60299391159295
257 24928.62240004705382 3.90496384971208
258 57461.75243667700852 13.04720084621645
259 -122759.72821821857360 3.43956312641826
260 28278.31729623649153 34.30738340360231
261 7063.08568304545770 42.63409265016824
262 -23441.21231711720975 37.60009947046718
263 44971.63476683577755 25.21680664723251
264 -36856.44550408009673 7.52980139131046
265 33206.44169258671172 5.54076324516989
266 1867.99624834600763 27.91829819904373
267 -79115.19298432345386 16.15951280601826
268 -518781.11845813953551 12.12720990683027
269 10433.88361249477020 22.68222041286733
270 -85250.00742298914702 16.98738574441785
271 55048.73999312255182 24.11173014148776
272 52629.01412978468579 32.95794954226347
273 -23379.12520786500681 17.82731944937247
274 -24209.05087894457392 16.09591938174076
275 -103046.78415244424832 7.32946690333530
276 741.56605507751010 26.51296631963671
277 1758.96733500344999 0.68549531483526
278 37076.97213340412418 5.20262471565652
279 51410.13475670757180 1.24519879132404
280 -44532.36303343146574 22.91962393028251
281 -57399.61881639561761 22.93156209881754
282 -31578.24108806669756 29.13720955422829
283 -6608.69378127634081 33.63088244637057
284 34817.12450126744807 4.92088925618976
285 43878.18392487371602 3.58689291316696
286 -18120.16126776071178 27.10151049162973
287 -20242.82121748495410 12.37702540418835
288 61948.85116842515708 5.93371400879336
289 -261112.07893501070794 9.90106743697524
290 -487507.80789628584171 18.35825937168068
291 44103.67492879825295 11.11293317529523
292 -2673.97858250777244 24.21118622959745
293 28527.62738015892319 19.27922194121508
294 45752.39489841362229 16.47890824234555
295 -84714.36398073697637 7.33349539784157
296 54332.41052034031600 11.95820384319446
297 62783.98151053754555 10.41956472534292
298 -249686.63323544349987 0.24540151957498
299 -84974.46003277992713 25.40005138510287
300 -28633.37633027254196 25.05475222656784
301 45351.62821403036651 5.00320146316849
302 39786.21296417487611 13.18571250466537
303 34915.24920963488694 16.77857434044339
304 49416.40135888828081 5.93135161973979
305 -117274.78381603263551 12.84570378666804
306 -41865.11068565795722 15.69572367866546
307 -101386.60637317340297 24.01347827566618
308 53503.86366962346801 11.65168840837538
309 -18810.46421899042980 7.47235685446239
310 10472.40800328653495 12.76195746683725
311 -185437.40526287053945 18.38643143672005
312 -127830.95547767801327 4.04354033269706
313 -121374.97312114185479 2.19140468206623
314 65355.87017590795585 7.01180330356448
315 -28416.44739440331614 7.68384857278932
316 -112424.20893815845193 17.16674120591038
317 8028.39015640776051 14.90606087422252
318 -558090.58047257212456 2.87948813709861
319 -228261.24820181445102 10.25652113584651
320 24670.33499023847617 9.33083344518610
321 -324447.42574493546272 23.76307957307878
322 605.88917973869320 26.04238381261531
323 -158432.24527241659234 15.10773736817243
324 43878.60793122384348 11.90537228158455
325 33887.72942588760634 11.13521518130674
326 -177037.25823263058555 18.05464689210240
327 -2034.85725035948053 6.16529733295197
328 -16006.08385570365681 9.74205134203271
329 14028.47604148801111 25.90355894241574
330 -159010.19219245007844 10.02508789099065
331 2391.49784990457192 8.39372018470397
332 -78717.36140981774952 18.87158294703115
333 36746.54329971193511 8.33613608088882
334 -355822.80913996556774 6.42688052180495
335 40280.24856114837166 8.10086505938063
336 -60244.73730344680371 3.24303724635687
337 27415.19004447293264 20.32522227127329
338 -4856.69198282612706 31.95624161754331
339 -8625.72720720748839 10.40386481471301
340 -533476.63847926829476 17.59283818915228
341 -82207.88936199355521 1.62964671508223
342 -123407.43977239743981 18.28752530893375
343 -19674.36314247183691 18.77551764013980
344 -142651.46424252906581 9.68705211037718
345 30399.51478932359169 16.49890185201835
346 -2312.89295900892466 5.48666050234305
347 -3829.28571289849788 33.08728339872707
348 23383.62538385468361 20.37568490107810
349 -271680.98476685566129 4.98656695830354
350 -111611.92187817487866 26.78484738375528
351 -102453.65294879885914 18.18288313766471
352 -3816.41610301003129 32.40205078822066
353 -21115.97633668740673 22.11473212812980
354 4753.55868416510202 16.06731215919722
355 -11973.94933668251724 37.90040706000053
356 -84799.32923995585588 5.86056682819874
357 -9906.03570051471979 24.18402563095665
358 41189.93855280733260 13.76516341213374
359 -55951.00269266658142 19.18310417398741
360 -105109.07753089995822 8.69395023995593
361 -34920.98291682427225 27.21540619253523
362 -4108992.52510132780299 26.28230544821404
363 -1053252.85877631255426 25.40419318684158
364 -91774.15046273743792 15.26218658427948
365 -2055199.68824293068610 18.71475336226055
366 29250.26269981820224 15.31427004289353
367 -162538.41615536386962 7.81444682941070
368 -14251.60348957741735 11.11624104626252
369 -12923.08084968943876 26.69850220915540
370 -239647.50570976757444 13.88199636815437
371 21488.26396786509576 9.37998962474613
372 15588.91789548343149 11.88478755152482
373 -7611.71082914340332 27.41635202679106
374 -1228234.52913285885006 20.43782718649765
375 2667.68966251913298 26.20416485593536
376 6099.37289023962512 10.51129789783877
377 15484.38941972982138 8.39472049507199
378 -48569.43464884783316 4.36468082568066
379 -18699.39616283256328 9.04490589098308
380 52104.82061207795050 54.33510951701851
381 -72639.02851252078835 11.48128863286307
382 49059.65453012360376 24.69274846390739
383 -96599.96585691865766 6.19845674202280
384 39885.28560398791160 40.39117386196779
385 -188156.13489446343738 2.11660462213085
386 -2070632.93910659546964 16.45405283953266
387 -43032.18173862301046 5.43583310594802
388 -1308537.67393226060085 23.01481915644236
389 21458.56397922554970 18.59608533741348
390 39771.33235860314744 30.00393083759779
391 3131.58406029466278 21.14356975467186
392 32737.90530448808204 19.41626011794698
393 40067.07147475216334 26.26706484149526
394 17983.86067144829576 55.52033129020818
395 48622.19902747397282 46.53207309477747
396 29569.55331491923425 17.93600757219483
397 -29233.25995932445585 5.75660941946753
398 -27254.83292667868955 7.36787108665630
399 -79970.84605686407303 14.71633227420272
400 -97185.97299377764284 20.84559912735283
401 17596.68865599514538 9.20360107593936
402 -302468.61297597340308 16.86806963070574
403 -219192.62951415020507 0.96996458393753
404 -292099.66051872604294 19.15552100618688
405 20882.07193653833019 9.99162754242721
406 -23339.07109068724094 11.37978829154118
407 -794848.16293156251777 11.64764163087865
408 -11765.61751585975253 3.68948761388405
409 -1285.10763618785131 8.62418023955654
410 -29549.65401652356741 14.47828001666614
411 -211894.71438670478528 6.10312197004922
412 -7459.01020420800342 21.44731252543999
413 -128888.86615598622302 33.47605667301782
414 -267742.97480641450966 0.93471747814467
415 -19451.06490020018100 10.74505871369821
416 -17433.58036045215340 18.80700224415023
417 -29941.58989478208241 15.66438626111786
418 -829364.68451656994876 12.52589259272203
419 -6617.34282286135385 17.30177489794344
420 -3334.68644423712976 7.67254312053314
421 -47933.32487486176251 5.83203401424745
422 -161727.81768547039246 10.00112993332481
423 27016.00050930836733 35.85507858301307
424 -26076.63581582297411 25.97735217016930
425 23281.18007792295975 16.98199068828690
426 -156091.05296147998888 18.81390409873577
427 40709.58224328580400 2.68257081460165
428 -13954.23646266544529 18.21251826446997
429 -529073.54183262796141 12.70518873880896
430 13726.10845431494090 6.07557101178764
431 -63092.88141917859321 14.16987836755109
432 43967.69670780476736 12.25076999696692
433 -349117.78285460110055 29.93048915552970
434 -116543.06193781693582 14.47670664844609
435 -21754.68598933236353 21.42404801068741
436 -111967.98353827274696 21.01524533295372
437 23641.24104499843088 26.62523337103323
438 -27968.36382898716693 8.01676638213523
439 16514.20545873338779 15.44237498232737
440 -94329.88528178901470 6.52875637051006
441 -11842.37693342648708 31.69245116924725
442 -2668.42923375774080 22.83908451559661
443 -46569.91045258472150 9.23652023678989
444 -47182.27809558729496 10.63426748286262
445 -145890.62769626491354 6.88184133698462
446 15678.09723117670001 14.64985750272240
447 -78112.83718535883236 34.72135865870182
448 -83631.56201413826784 11.63333881033114
449 -32417.93979226360898 21.05764127184085
450 -192263.86645128080272 38.28622486157841
451 -20100.00000000000000 0.00000000000000
452 -2100.88612662061723 0.00000000000000
453 -13930.25455776172385 0.00000000000000
454 -11750.71854012500444 0.00000000000000
455 -12000.00000000000000 0.00000000000000
456 -11100.00000000000000 0.00000000000000
457 -12812.94324404802501 0.00000000000000
458 -2100.00000000000000 0.00000000000000
459 -8186.40538493750682 0.00000000000000
460 -21000.00000000000000 0.00000000000000
461 -8726.28925114659796 0.00000000000000
462 -11100.00000000000000 0.00000000000000
463 -12025.07230992983750 0.00000000000000
464 -21000.00000000000000 0.00000000000000
465 -30000.00000000000000 0.00000000000000
466 -21000.00000000000000 0.00000000000000
467 -11100.00000000000000 0.00000000000000
468 -12000.00000000000000 0.00000000000000
469 -15900.43706181355265 0.00000000000000
470 -16426.87346496429382 0.00000000000000
471 -21000.00000000000000 0.00000000000000
472 -21583.20416958651185 0.00000000000000
473 -13573.52489497665920 0.00000000000000
474 -21000.00000000000000 0.00000000000000
475 -27878.80517051479546 0.00000000000000
476 -19524.82035773328244 0.00000000000000
477 -11100.00000000000000 0.00000000000000
478 -5803.59827816014695 0.00000000000000
479 -16878.08043647960949 0.00000000000000
480 -20100.00000000000000 0.00000000000000
481 -25896.49583669475396 0.00000000000000
482 -20100.00000000000000 0.00000000000000
483 -25554.28236415822175 0.00000000000000
484 -13452.22690421506741 0.00000000000000
485 -5752.47000623464555 0.00000000000000
486 -30000.00000000000000 0.00000000000000
487 -20100.00000000000000 0.00000000000000
488 -10897.28003864030143 0.00000000000000
489 -4874.59809693872285 0.00000000000000
490 -11118.86851998621569 0.00000000000000
491 -4356.79702228226415 0.00000000000000
492 -2100.00000000000000 0.00000000000000
493 -12000.00000000000000 0.00000000000000
494 -22207.78732613590910 0.00000000000000
495 -11100.00000000000000 0.00000000000000
496 -21896.57115130233797 0.00000000000000
497 -20275.10984385985284 0.00000000000000
498 -24790.88940393744633 0.00000000000000
499 -20100.00000000000000 0.00000000000000
500 -16613.00716183433178 0.00000000000000
501 -20685.13522208902577 0.00000000000000
502 -21000.00000000000000 0.00000000000000
503 -24705.53552922956806 0.00000000000000
504 -17032.28566012216470 0.00000000000000
505 -29797.94022685184609 0.00000000000000
506 -15063.00576208569692 0.00000000000000
507 -17217.90733888608520 0.00000000000000
508 -15993.79553844524162 0.00000000000000
509 -11100.00000000000000 0.00000000000000
510 -13440.86039025451464 0.00000000000000
511 -27198.92946318388567 0.00000000000000
512 -30000.00000000000000 0.00000000000000
513 -16237.46283508811393 0.00000000000000
514 -28834.52634994423715 0.00000000000000
515 -8440.47937893078597 0.00000000000000
516 -11100.00000000000000 0.00000000000000
517 -12000.00000000000000 0.00000000000000
518 -18354.53592626483078 0.00000000000000
519 -17144.41748265102433 0.00000000000000
520 -14393.93243093702404 0.00000000000000
521 -22950.24207115754689 0.00000000000000
522 -19814.78693091060632 0.00000000000000
523 -12629.32073855384260 0.00000000000000
524 -15384.59796684266257 0.00000000000000
525 -14493.85787144063943 0.00000000000000
526 -27285.79176748770260 0.00000000000000
527 -7886.94402528218052 0.00000000000000
528 -9976.74182452253444 0.00000000000000
529 -21000.00000000000000 0.00000000000000
530 -25542.88832673704019 0.00000000000000
531 -5281.02229485247062 0.00000000000000
532 -7174.64587599427796 0.00000000000000
533 -8685.43412795417498 0.00000000000000
534 -11297.26105615896995 0.00000000000000
535 -10488.51902478153715 0.00000000000000
536 -27930.09108777532674 0.00000000000000
537 -2100.00000000000000 0.00000000000000
538 -9387.88919297160464 0.00000000000000
539 -12000.00000000000000 0.00000000000000
540 -14723.33754028702242 0.00000000000000
541 -25284.74114274989188 0.00000000000000
542 -16529.69257252437819 0.00000000000000
543 -17032.40372613361251 0.00000000000000
544 -20800.42046063196176 0.00000000000000
545 -16247.81190163267092 0.00000000000000
546 -11100.00000000000000 0.00000000000000
547 -22839.22470226291261 0.00000000000000
548 -21120.08796043361144 0.00000000000000
549 -14918.43707146677843 0.00000000000000
550 -23209.73143160100153 0.00000000000000
551 -16638.13095436532603 0.00000000000000
552 -17901.81784329493166 0.00000000000000
553 -17768.98348318289936 0.00000000000000
554 -16313.79980399040869 0.00000000000000
555 -20100.00000000000000 0.00000000000000
556 -20898.24806524707674 0.00000000000000
557 -21000.00000000000000 0.00000000000000
558 -8985.54266230755093 0.00000000000000
559 -11112.75434039858737 0.00000000000000
560 -19682.22673583092546 0.00000000000000
561 -30000.00000000000000 0.00000000000000
562 -30000.00000000000000 0.00000000000000
563 -6128.81630533989937 0.00000000000000
564 -19119.25143039950854 0.00000000000000
565 -8112.59742860901861 0.00000000000000
566 -17513.45705209113657 0.00000000000000
567 -11100.00000000000000 0.00000000000000
568 -19500.46041829267051 0.00000000000000
569 -21000.00000000000000 0.00000000000000
570 -20653.42831593190931 0.00000000000000
571 -21221.56459616512802 0.00000000000000
572 -10259.24241778684882 0.00000000000000
573 -21000.00000000000000 0.00000000000000
574 -28061.92774248968999 0.00000000000000
575 -6509.23445682003876 0.00000000000000
576 -18268.10700333000568 0.00000000000000
577 -23675.69509685025696 0.00000000000000
578 -15107.17092297872659 0.00000000000000
579 -11100.00000000000000 0.00000000000000
580 -8091.67261476332351 0.00000000000000
581 -11100.00000000000000 0.00000000000000
