1 -11859.18309933719502 1.60510077807935
2 -15635.03226239910327 72.16531703428818
3 -21402.34345856642904 5.12694881872464
4 -18949.89940359301181 58.36855430593045
5 -14170.07103645058123 6.73222950566058
6 -16560.22282269089919 9.41763370151269
7 -13559.62208042750535 23.84106749583291
8 -26530.28880780150212 68.61143302087602
9 -13639.85796908378870 27.83973355254986
10 -22265.01793348393403 28.11826838573635
11 -21747.05119797844600 20.74108445114134
12 -16492.09855336511828 29.91951472297515
13 -24219.26760603097500 48.29655151262696
14 -25812.12284755476867 33.56752728546572
15 -14832.39560317536598 33.95369171722079
16 -21922.77725974162604 46.03723349073869
17 -17221.79518653214473 1.60653773846110
18 -24205.63030736558721 14.36875457453102
19 -8646.94914799298749 5.56962523081808
20 -16207.90941090134402 28.62676491296858
21 -13418.09172512825899 14.25529427248422
22 -24398.21967293932539 13.63434992252788
23 -18012.37196303726523 1.94215614651368
24 -13383.15614263460884 2.02332230757843
25 -14000.29166491895376 28.82692677401572
26 -17554.18277307277822 2.74935912124866
27 -13516.50361793406773 43.38301168195285
28 -16494.77767895925354 3.49148743425305
29 -14368.01934465580052 21.23702621876426
30 -19588.95497187528599 23.38709708653696
31 -20291.68731009813200 22.24844606134804
32 -22080.48752731235800 0.01269960434023
33 -19141.65602958473755 15.05535370758183
34 -14603.37634376654751 1.61266958523786
35 -13438.72388076845527 4.92054434097881
36 -24926.44774986441553 15.83745548589964
37 -13733.25640480621951 3.32560458465640
38 -11439.05190181523903 27.83505927440917
39 -18676.82255186951079 30.36224591857892
40 -10338.01529431669405 15.39200273298127
41 -9562.55396222056515 12.40255068677794
42 -19084.57425923751725 16.56211201310076
43 -15102.75912931392668 24.08234199445250
44 -9105.60747404527137 29.84078737653253
45 -14832.99455243232296 7.93553228904482
46 -8703.12058369841361 13.20537231959419
47 -13495.31869018900034 17.88639559982932
48 -20898.30183788396243 14.06234538112032
49 -16486.61357457251870 1.22693730147225
50 -14606.19688171664893 18.65669040707975
51 -19320.26647291012341 7.88870981750232
52 -13491.16508063887159 19.11081460838047
53 -12175.92387030085592 9.15952567714311
54 -10589.18552234144590 11.42541036561567
55 -9592.68288608237162 12.38156551769524
56 -13632.25749902479947 12.40870799857895
57 -22487.19754707748143 2.21789136408155
58 -16361.79720221594653 9.68073053295944
59 -13742.90854054570809 22.14518109732933
60 -18486.81975133642845 12.43600129045340
61 -16736.27580711205519 11.69384389808292
62 -20325.24360752507346 20.35089613118983
63 -14373.21353456872021 10.24002410438757
64 -13786.69565486272404 11.83192691302050
65 -19132.33386805242117 17.21771399033347
66 -16482.79018872435699 27.64763012831716
67 -13104.36416518603437 6.31370312012726
68 -12869.78640878987244 10.33347155833111
69 -20097.44906799761520 11.45325728264909
70 -14758.42803096455100 8.68105789861952
71 -19963.38871438880233 20.17875650794667
72 -19432.09520689586498 29.00782628507734
73 -17798.52584501973615 29.11608808585853
74 -17468.44785294366011 38.30469363652674
75 -23050.72044084563822 11.05572882636510
76 56952.46471140315407 66.96736927832950
77 -201876.61347377960919 10.65832517160924
78 63778.82322748870502 1.82187608872789
79 66237.07927303599718 47.16606649578437
80 59857.44061988046451 54.51864801056166
81 20501.99086281669224 6.25670220708529
82 102970.40199656736513 6.42821312435044
83 61883.05065148608992 27.32565408893733
84 65501.32625884924346 4.31692841657653
85 19194.05598247653325 71.47234980218840
86 68742.94198107946431 60.88895228601640
87 -448286.10822451085551 7.13814650802790
88 -961875.75553195364773 3.63546924351430
89 73816.00552341391449 6.34980507804887
90 59387.37552408508054 22.64707299429154
91 -20016.56354137919698 5.26709834845927
92 -116279.70176098748925 48.21502571485446
93 -356443.81916150922189 19.43294382786008
94 -1050757.89742460404523 9.42489812622080
95 41977.65021666108805 5.93501681855737
96 -24858.80489964978187 55.26342901255989
97 38690.22724240734533 12.00076207640411
98 23869.91991399274048 28.17891216369646
99 45633.21821031026047 3.81100231323716
100 48105.98760887338722 34.64815979520916
101 -2687996.47507734736428 11.58515238679427
102 57135.15801453936001 33.22816994211492
103 49612.50167568477627 22.26841740362038
104 70012.67921569794999 3.21888519256166
105 62612.68092869635439 16.09972853070089
106 48937.31660286422266 40.21895179683035
107 -163838.34082199001568 8.51610817238146
108 29824.74197323116459 0.39801945957330
109 24095.90766072714177 2.35921058070726
110 51593.12483846499526 10.92475226451138
111 29139.34340076290391 13.83216532826285
112 39090.16374154994264 27.13994503228444
113 39958.33735842498572 11.73785302268983
114 35627.76792833100626 46.05641630611818
115 -131112.70150774775539 20.97438808926358
116 67349.11825141138979 24.13455401411971
117 55888.78579350106156 54.20737536597946
118 48013.42276437992405 3.94061897993175
119 37450.18812563318352 29.28547909316507
120 -116560.30500468917307 16.39121705294491
121 64014.96654384459544 46.84144265409146
122 67343.95204029972956 2.39285690139089
123 80238.17950419300178 2.76319441568661
124 50163.63003625428973 29.64253586694434
125 51511.75471265385568 20.03505760570337
126 76715.06483567538089 33.02665677989348
127 57430.02316147202509 35.40201323226178
128 37082.50497967541014 32.78559723318138
129 -7107.40638402151126 28.58530515989154
130 66155.42520036420319 13.84695375353676
131 62171.35449408900604 55.31947254844641
132 40106.59879151683708 23.97024174601722
133 73776.08717505136156 7.21288112974797
134 74498.81739437549550 7.60037218946909
135 -111150.89017248163873 20.22716211148001
136 65444.53534976305673 17.03102542151574
137 -27976.49655355335562 31.58142637084633
138 56629.77171659985470 26.91128316254940
139 13234.71214539583525 26.52235371119916
140 26212.47652260213363 0.77370635300200
141 40875.07340909571212 28.37822069443819
142 38022.71025840978109 12.96075495500204
143 -96855.68465975698200 36.47549940206768
144 56119.29400661944237 29.11735817684841
145 -72454.67445386308827 12.88357064947401
146 -5009.39438907296972 24.40097023553506
147 69690.59727075415140 9.18870078081386
148 70897.41186347624171 18.33756221587017
149 51839.34409462959593 20.18723433796819
150 4652.43133142849911 13.54778813000814
151 48882.06606349509093 21.80508625980529
152 62218.51517964492814 22.55930534435367
153 69591.27501463942463 2.47207926315269
154 51880.85086562869401 23.99500104253141
155 63983.92062870105292 11.08790783713558
156 44804.92334702299559 16.66631536362660
157 -6409.18473386867663 8.69263849210138
158 25430.46017680814111 14.49465387396164
159 -53010.04479328672460 8.14117646173516
160 57194.15140864641580 27.43066468009964
161 42767.65682339525665 2.62581755264361
162 -105287.91129524679855 23.06674888920516
163 -203381.52543094774592 25.14773256297336
164 -405612.32653472741367 4.00720816360290
165 67844.44286759736133 33.24818109874342
166 -1031.70228364084687 17.59026163195850
167 61085.80266614491120 7.46353737689794
168 69287.75783619008143 18.96277266915590
169 -155336.57622301398078 20.72838435308920
170 -41196.12964321438631 13.67290581320585
171 -114096.62292095096200 11.49580252983381
172 52864.10780486854492 6.55029820379257
173 -88465.28632612712681 14.11106461571945
174 66013.44264962401940 10.09644952789824
175 64358.58717859889293 15.81482702016514
176 66456.85201125685126 10.21186334345069
177 52985.77350956143346 7.13658782173168
178 -173469.86667266869335 19.35857901012950
179 -137252.77099041626207 24.16218419395206
180 65613.47709109587595 14.92275763070243
181 65813.60744187943055 6.17855876691478
182 31812.28780636743249 18.09007308576995
183 -55769.17991609637102 12.03248220376975
184 58012.67543609673157 35.04612295886935
185 50080.86289655743167 2.65095417723219
186 42756.32888899621321 21.72513455289723
187 12344.32810414294545 2.86688893943679
188 42755.37701115496748 36.75747226518746
189 -136531.85884294949938 4.73487583699394
190 69871.27502024524438 2.47629292028384
191 60900.56514907271048 11.91983061081906
192 -75831.36647837478085 8.35647425864746
193 -177881.78478011998232 10.75724066584406
194 69857.31919997940713 6.74719683915423
195 -88245.87005844897067 27.32028400512804
196 27087.80100881148610 10.91361594239005
197 55250.27697299152351 29.30678004556736
198 18212.32498377286538 5.07331109462722
199 -88064.60390920769714 9.09129378834580
200 41619.89880791395262 10.06586686734911
201 66739.45499148120871 7.87234522249045
202 60872.95818702079850 3.03642755019444
203 39331.16361306988256 2.26899587778930
204 65853.18499120292836 20.97610665485889
205 70071.95577834772121 13.86908538668531
206 -50341.81127371868934 12.78593521595382
207 -50349.03980390642391 16.86898470423913
208 -5678.26032214400766 21.66191716507842
209 59523.22387630802405 21.28097173725266
210 -60578.95811719447374 11.95081060353013
211 47226.56182882307621 20.48344488472161
212 41556.67605016091693 10.91065398765437
213 24195.10835271237011 7.48175559404387
214 63892.09725555092155 3.82077013493696
215 -219420.91746897925623 9.20532223621603
216 29088.26819630819227 24.05801431312289
217 59174.71634165344585 34.03945385574395
218 -21488.89560484047979 13.34037356887618
219 15551.54624964626419 12.71530638804503
220 49205.04829794637044 10.41299579116223
221 35440.63301153249631 10.67225890779080
222 60400.93948417741922 27.55873984043889
223 49081.41854170521401 20.63049589462723
224 69488.84218390716705 16.89958109596721
225 45086.03045233730518 36.36847966302113
226 69718.27817728881200 3.54679621607433
227 -28322.79572266530158 79.58254718449832
228 15688.81008278471745 94.45120629581686
229 -58000.61300590822793 12.53213122163505
230 63327.33638577147212 26.81126682137327
231 -110444.42563268283266 30.60453112854652
232 -9687.40277061106099 19.99365828303237
233 -544013.57700206816662 42.03737185345418
234 10228.71116224941943 38.26486159184119
235 30503.56092572419220 15.09351354305848
236 35706.12490421470284 8.29429167796880
237 52123.56341006701405 9.25240447026927
238 58126.37100917441421 4.76999119532767
239 37129.81865835554345 29.19422413652292
240 67786.70867115078727 6.90092708053715
241 20753.84027815883019 16.10471481257720
242 -175134.47274702478899 18.37666312088743
243 -136588.83297015324933 28.15070437489363
244 -28716.74369312987255 5.46952866180950
245 -326827.78478176816134 21.68680453026558
246 61917.59750318707665 51.86897871957745
247 47195.93163354296121 10.42802606865095
248 -22931.67018842601829 39.66215570663694
249 11542.88245265629121 51.46360891416114
250 37118.08351470980415 55.61855212631426
251 -45225.97187600110192 5.96500719964845
252 29406.45680184152297 0.28729079299568
253 7929.10930925835055 56.45555871766758
254 -310006.76867581566330 16.11620303887937
255 -225865.40503858978627 0.02124042826567
256 -469209.00571064907126 18.96165854040220
257 1497.40491975969780 40.21793742063145
258 41954.90846725399024 9.15043923471875
259 -38581.89857111545280 29.97701331961594
260 -89555.49113316561852 20.68541356860671
261 -70932.72546350806078 11.97348460266995
262 43999.22352499589033 1.98601227034783
263 -277341.14116875518812 38.58234067420311
264 -24547.32754698998906 16.75498296404448
265 -3436495.44947784487158 33.72920186338119
266 27967.52696768939495 21.19591542489728
267 4809.52174814136015 43.05760518423407
268 14760.00702607630956 17.45927487440486
269 57037.26684254874272 4.72111545961899
270 -12774.90460481483569 19.97276287121162
271 58837.29417256334273 20.72811926481416
272 -60184.46287162161025 2.51698080560415
273 -15768.37881216622009 3.57556950678844
274 -38374.14768808514782 15.47410545521087
275 -2187159.64650607248768 3.66868370742778
276 -31891.25691263369663 12.67818328132581
277 44023.38053975723597 7.95744529741868
278 -1100209.77735412330367 13.60195379551292
279 13101.71471036958610 12.39201576670892
280 21238.32921054543112 15.80737214341997
281 28659.92324827160337 13.84009260543042
282 41408.60980715213373 14.76796917933856
283 -770751.97615134611260 16.51885908109981
284 9073.97025254742766 7.41871243072414
285 -466038.54513329954352 8.29042844579121
286 -3720977.33990190131590 16.83632181357668
287 -141972.28116807725746 7.82517499376509
288 44689.48343115382886 1.36827661579782
289 -207405.29643112528720 18.22167894608101
290 66474.07577204659174 22.69965832494598
291 -8462.66325485412199 34.82903924287349
292 -171231.30647668594611 7.42083001822017
293 69581.34242857026402 8.18338391711653
294 -1331449.50918466784060 8.01764359936036
295 -84568.38215691260120 20.88924235193016
296 -1196167.56022610212676 19.90848122226728
297 -37157.92549084572238 5.90971571172628
298 -7048.49178425005630 17.06693685306111
299 -50456.65114672431082 24.04665746125269
300 44763.75006280824164 12.15787602753551
301 -22316.63907234404542 9.89916045368627
302 -171120.45681120161316 15.09108682494951
303 -117807.33012859581504 7.91152433492044
304 -76682.23478607008292 37.24140440799206
305 39642.81008085957728 3.08486689955618
306 7370.32349780629011 13.35139042664225
307 -2792.69588038158236 18.90049196613878
308 -88011.12705349412863 3.59870726114198
309 -98278.32212453847751 16.41698331664134
310 -314374.59117413993226 22.98692387627533
311 43341.56500161751319 12.45127901324886
312 60869.51019801142684 9.02088553487575
313 -64017.08550930421916 6.10639311213557
314 -18622.34140109754662 11.98553098609941
315 -6542.32355839106276 18.18826969986361
316 -31293.15644479808179 4.84483071409444
317 -135634.89462205639575 22.49410446031914
318 -27634.10161828393757 26.32202973555574
319 8938.86589972438378 29.80194303944624
320 264.80540755054517 20.76076191007417
321 -63178.40094342709199 4.58765939276473
322 -269078.42775551957311 18.79243884890924
323 28569.14395314488502 23.19525681643253
324 -525391.31831805582624 18.49968791540965
325 -39723.63736681605224 22.53350905156154
326 41954.12762544171710 7.36138763211305
327 -164552.45721969855367 2.92536106951405
328 -76246.17725836476893 12.43199405929315
329 -1551551.24079668126069 14.15345141287843
330 -164938.17000668850960 24.54521323913136
331 13455.66221423667230 21.64313815307532
332 20661.37503359757102 13.36402038709147
333 -221711.98269513595733 4.49271322592161
334 13869.84420237954328 10.79905760302155
335 -271046.84213353763334 9.40409883470848
336 11309.71994134140550 38.35352270429541
337 -131040.01419392773823 1.46212296620315
338 -782181.38578226277605 1.54273926684989
339 51764.80240164502902 10.71606660755243
340 9325.69707515730079 15.58337056032752
341 -31271.35501387462864 7.16455878167680
342 -71945.41047145507764 19.28736254491187
343 10137.95014264253405 28.49820718847366
344 -15991.31081482262016 11.48709715157485
345 -701652.22326000477187 16.88455219290059
346 -144648.11405250921962 21.00658489359211
347 -223431.62689575503464 12.35560782518724
348 -95149.18430793609878 29.95245019962882
349 -2096.65026815180317 14.46216171276987
350 -127710.41093112961971 11.64690615573677
351 52017.79124257739750 16.37747770620234
352 -510219.38934047549265 15.07323822672897
353 -5988450.73688782565296 12.26627975068256
354 -359131.89196128310869 8.77124113166269
355 -97803.99786766536999 15.27448456800006
356 9176.51694618515648 21.23312488299727
357 18370.85830499701842 5.58265691733507
358 -48810.39837720392825 17.54226414714440
359 36986.68127745290985 9.62518332093784
360 -36876.84617618814809 28.69968402007499
361 22924.07390199002839 6.08314673385251
362 -87693.60107899177819 34.60836141897526
363 -29800.52416168740092 25.28770108065169
364 -29905.73802660268120 18.75454005194359
365 -812833.35629085206892 9.63317017203365
366 -674267.29920777503867 30.18024062008361
367 8339.33737630712494 28.97478625470332
368 -66402.45387210005720 27.60944216973162
369 -1208686.10888039367273 11.59278062745031
370 28249.74640858287603 7.64091400056744
371 -66388.77498073496099 26.52580811793932
372 -161514.75158485441352 6.76295430041940
373 -67324.72740089788567 21.80174241614175
374 4598.53918854384756 27.51311809091606
375 40618.24842135991639 8.00975664100564
376 -203673.61139998291037 7.93433136547377
377 -33124.07243409407238 1.06958107718077
378 -310490.07503918680595 16.75691345353973
379 7395.38356587255839 12.34582850029109
380 38006.41699986283493 24.77644523133034
381 46648.85152957242826 19.23410450635123
382 49353.53227104204416 23.73358767596245
383 -52365.53600223128160 2.21761936863266
384 2848.52231547048086 22.24069142873194
385 38763.53731500948197 31.15417595611794
386 38.31059262276540 12.25333833222396
387 828.56192880294930 43.02985967658759
388 -89075.34422523021931 5.89721842758590
389 -112007.29215373696934 4.47955940018015
390 -144114.42211117618717 0.22363912156836
391 9914.28648025817893 22.69697277210817
392 -30803.80565363101778 5.04117655784352
393 -3770.44358152079440 3.61490572875058
394 -31610.42066908412016 23.72782036491114
395 33901.73474852587970 33.63473125651529
396 -348261.11136335862102 5.21515757102996
397 34900.48583833744487 26.57433859879265
398 39511.72859979524947 23.30501460797066
399 -61226.55029541756085 18.87685862373489
400 17847.77388148555838 23.91847970951760
401 -388892.94758067256771 6.64290565282033
402 2631.91717994891042 2.47236010738747
403 27842.38439704939447 16.67314113938543
404 1010.49469996624612 2.98146402625914
405 38676.37744861377723 42.61875362558627
406 28915.73234847690765 20.72833771162399
407 10596.83644591705524 7.65630914841561
408 22160.53316340536549 3.55537773132514
409 11058.04001102192706 18.41934538741068
410 -873380.08529817673843 9.04761516252420
411 3035.70644552049271 13.82622434378873
412 -31821.71443555282895 5.01168142332040
413 15310.09031242245692 6.37088358398043
414 -105104.60552953844308 14.51184814239792
415 -24712.38487566895856 20.79373018166250
416 -2406.11162293564121 34.46579756729458
417 -29717.82715444380665 9.91515285720761
418 22009.40438958784944 10.45599481410505
419 -92719.46597166333231 16.12507961786602
420 -132453.32174246382783 37.18243179736242
421 -42257.26999668322969 19.29151651312887
422 -13885.32675389714677 21.41444321867589
423 14975.85606574606572 39.14321540872362
424 -1465174.71880266489461 15.35303687638915
425 -51912.12384149588615 3.01224771054207
426 -129478.39361805302906 33.38108222427127
427 -61287.99534213643346 5.71287816605578
428 -68759.50856457286864 8.53257084038427
429 6065.46264306195735 21.14446449646750
430 -77971.25183100909635 22.83058648637580
431 -142570.37409003320499 5.42155625658825
432 9278.31470439217446 25.96601760789525
433 19125.75706001993967 14.77598208831569
434 -819551.60756424639840 34.48057249185960
435 6660.18386697662208 26.40312558749728
436 11315.70945205304633 21.25081462182206
437 -103110.85078081623942 22.91321753608257
438 23390.87555774708744 27.39044138395896
439 -297312.01116315432591 19.51815955603564
440 -1106195.53478944674134 4.12414116268353
441 -62415.04552392070764 8.46798303708225
442 -36775.19431538999197 11.40486476396714
443 -261674.48602847871371 6.80645968405518
444 -67075.45014238837757 28.25445823916567
445 55274.09631740417535 26.40431113945820
446 15510.47888630242960 7.56702129845731
447 -183505.01309790296364 13.35892446910760
448 -1215.97852028195121 28.04471610028556
449 -202114.02029476678581 44.58728703530070
450 -198370.29791798623046 3.89421518576291
451 -14235.72881205721751 0.00000000000000
452 -18080.99274341222190 0.00000000000000
453 -16550.01181015954717 0.00000000000000
454 -7348.63362258600682 0.00000000000000
455 -9047.19892987249841 0.00000000000000
456 -15653.67999169841460 0.00000000000000
457 -10509.18599712165451 0.00000000000000
458 -19142.62543945377911 0.00000000000000
459 -20293.86658541707220 0.00000000000000
460 -21759.21189673144545 0.00000000000000
461 -18983.55253081923365 0.00000000000000
462 -10992.14175059650370 0.00000000000000
463 -21699.42641590811036 0.00000000000000
464 -4524.03295291409268 0.00000000000000
465 -11751.40564384330719 0.00000000000000
466 -22173.84015629550413 0.00000000000000
467 -12807.12213620815055 0.00000000000000
468 -15892.48664243933126 0.00000000000000
469 -13788.04925185098182 0.00000000000000
470 -14743.38285216488293 0.00000000000000
471 -10782.69476143874272 0.00000000000000
472 -12823.74192739923274 0.00000000000000
473 -15128.28886294295080 0.00000000000000
474 -11006.57661941389961 0.00000000000000
475 -9477.97824265698728 0.00000000000000
476 -12426.20418344568498 0.00000000000000
477 -12812.31015170480532 0.00000000000000
478 -20751.26452327959851 0.00000000000000
479 -23322.40659396639239 0.00000000000000
480 -17294.08309459502198 0.00000000000000
481 -16325.23786309235948 0.00000000000000
482 -17131.39783043800708 0.00000000000000
483 -25243.89834848730607 0.00000000000000
484 -23548.05484709425582 0.00000000000000
485 -25084.80725292858551 0.00000000000000
486 -30000.00000000000000 0.00000000000000
487 -11696.40522432484977 0.00000000000000
488 -10528.68096686833815 0.00000000000000
489 -20713.79973403112672 0.00000000000000
490 -30000.00000000000000 0.00000000000000
491 -22811.18976364182890 0.00000000000000
492 -18064.29791173244303 0.00000000000000
493 -18573.90566594384654 0.00000000000000
494 -13341.85022618462608 0.00000000000000
495 -12608.05075258115176 0.00000000000000
496 -5118.69290224877022 0.00000000000000
497 -10656.07419863969517 0.00000000000000
498 -19493.95518017985523 0.00000000000000
499 -15406.01693438709663 0.00000000000000
500 -21648.65266035389504 0.00000000000000
501 -16968.72356548531025 0.00000000000000
502 -16471.75024338575167 0.00000000000000
503 -14239.23396220530958 0.00000000000000
504 -16854.03434544444826 0.00000000000000
505 -11126.11415179142568 0.00000000000000
506 -19754.72427104458620 0.00000000000000
507 -12000.20847551540464 0.00000000000000
508 -29938.91955631239762 0.00000000000000
509 -21020.17891288096871 0.00000000000000
510 -27390.00414985151292 0.00000000000000
511 -18166.49809645713322 0.00000000000000
512 -29026.05133534471679 0.00000000000000
513 -16026.70860632562471 0.00000000000000
514 -9112.14746788484626 0.00000000000000
