1 -16945.50773561454844 3.11603393908590
2 -15974.46422662038094 33.81005468889533
3 -17257.36156400836990 3.52104758016265
4 -11068.61464520278787 40.41954823067466
5 -13039.50364623626410 4.96494842995568
6 -23818.84867945286533 52.25685190482887
7 -7977.89533588008271 8.16820477395914
8 -18103.21450153766637 5.82071130221950
9 -4747.99244342231941 18.77958066943117
10 -19073.60133484462131 14.97035313531339
11 -25581.64953252572013 7.03013730770525
12 -14810.93445442545635 6.87397212106304
13 -10634.39506752239504 41.07100061645024
14 -9864.79300971813427 20.01147710785111
15 -5740.84804232624538 10.41171924714159
16 -14480.60905257766353 31.23849897554867
17 -14271.15319587735939 1.91719007024288
18 -17023.64280619324200 24.43494554112588
19 -10606.42196926856923 29.14528593587686
20 -10329.93963329120015 18.54729990684525
21 -10359.79689697497270 30.11263783933408
22 -12796.87698200830891 9.53859370604680
23 -17090.31125122129743 20.59286243042369
24 -17006.06677079807559 2.35110778002745
25 -21176.83795146803459 22.44364713523013
26 -21558.81565199112811 11.98542499268540
27 -22222.88098951496067 4.16929455914534
28 -24931.44889876513116 33.96924182204965
29 -10155.44055173439847 32.27589461564049
30 -19330.13337613505428 15.24016566710142
31 -16433.10521935697398 9.81071449888933
32 -10402.67352272306380 0.15003853025966
33 -14198.79313197331430 42.66217134505869
34 -8976.79270272208123 5.16003191948662
35 -26598.05914479868079 13.26939653770010
36 -16433.49829446373042 12.68473081285175
37 -20803.69465497827332 0.22710494987202
38 -11532.07616324491755 12.02364260564449
39 -12083.08341741587174 23.79233091204477
40 -18607.22025483223115 5.33462736042885
41 -14216.40950312614586 13.42582607825759
42 -8861.73603054036721 40.34042134579824
43 -12614.88609083529445 7.32962740131740
44 -17509.86685434446554 25.20404144379727
45 -24599.38749926895252 9.63830989785457
46 -24176.25559976749355 6.65878835269594
47 -11889.81801610528782 27.04416579039617
48 -24323.69438255058776 10.73838063981581
49 -19433.86649292983566 26.37491394045075
50 -13873.34201929749543 10.44997446374671
51 -13182.59240499618318 34.10266551485111
52 -16002.81308492804237 8.55736425170194
53 -18523.00310498126782 35.85353988141228
54 -10203.44684833834071 6.80861559252779
55 -17992.66732543769467 29.97491615071906
56 -7600.61092216116504 12.09297431862639
57 -14236.00478817662224 7.56084713731763
58 -6887.17503937081801 15.23896218234864
59 -14334.12347207966377 9.94948410019140
60 -12682.24906961439228 30.62648554465076
61 -9802.24459711002237 35.02126194490747
62 -15668.33885303287389 11.02558706422569
63 -16218.62304466744172 8.02713629174443
64 -5494.41964541757989 11.66250683389055
65 -23296.65196895149347 23.15348709059032
66 -16223.33910768323767 13.23951384888156
67 -12482.23702168284035 2.17293840382562
68 -15028.58544956207879 10.63310908314238
69 -19078.35938082690336 4.93030019750694
70 -21773.56774604496604 31.43903102244791
71 -19212.77899978700225 28.82618547139468
72 -14200.44429458361992 2.15989410918744
73 -11543.43308712668477 14.62176236924746
74 -10056.52236146259202 4.33962085334848
75 -14583.08546215647038 17.08808438849792
76 -40902.57453431958129 41.67696744805664
77 37752.12764179065562 76.21753458161436
78 16688.87504276695836 10.72016493750259
79 66974.38351486570900 26.62271304503453
80 68448.97295101893542 57.78694829991209
81 66524.68002202670323 17.18243952641335
82 29796.01386356839066 5.70295193397439
83 3811.35141547705643 14.12061146596172
84 45365.90456098382856 34.34967296184399
85 61357.20782687844621 8.67260055503829
86 53831.62398491833301 2.66301558158264
87 52533.73487620358355 23.22875401685119
88 -34329.61663793973275 80.38504690282628
89 61906.00341605389258 12.50305351056750
90 59266.91730348723650 16.63683858821215
91 23613.99312792455021 16.53641233801338
92 75579.89142625824024 17.22348005721682
93 -193855.39459514082409 19.91848447026473
94 19342.94122762530242 56.77654130134942
95 27511.52501337441936 21.18765727701109
96 -9751.55786354703741 2.29394049980585
97 54121.44956553371594 16.95124725249007
98 -62341.43378869345179 5.12459924334859
99 -87802.16798610004480 11.46699349195518
100 59680.65215939623886 26.89315485641752
101 54110.27402501192410 12.39039986572266
102 50607.93276147222059 17.05156317671523
103 24422.28292034111655 44.27182096654906
104 58861.06164773917408 2.96775713249329
105 63955.15513295189885 43.23209297462321
106 -620733.37110174458940 55.18789246990806
107 50673.04140683943115 7.63574565781719
108 -1540640.89647638518363 42.43791819739327
109 4306.87087090398200 9.67210083045961
110 74581.97349420987302 4.35011002783568
111 16182.96840737853563 14.54744794794993
112 -103079.58735893524135 9.69278823878763
113 -52059.12317507991975 52.32465856863864
114 -68407.79654545569792 8.24919961581607
115 -60280.85463715490914 6.23246848088499
116 41545.29574545906507 1.44857801786263
117 62304.58781201897364 49.96770040022653
118 69772.40322377646226 28.03937890134561
119 23898.08079865402760 1.57059259699448
120 65449.37234383798204 22.81883887360534
121 -6350.98462631558687 11.32576514059669
122 32972.98021942639753 5.13664418349815
123 46834.48185904019920 35.80426134704871
124 29571.94215951679871 21.10996503768672
125 24692.62263955933304 4.39107271152778
126 -523003.44383250945248 10.84851950803163
127 53194.01455821444688 11.54041704657624
128 72180.24193421758537 17.54523294361566
129 54991.67545413121843 21.94237319541207
130 53325.83755944803124 19.85401112386549
131 24535.20130972502011 11.53456156928308
132 -55187.64694476989825 20.46417189686732
133 43494.29346046491992 1.83596781519028
134 -62880.89514970262826 12.32265007437168
135 11760.12932799201735 17.16834048406640
136 43552.61768506186490 16.89967610013847
137 49156.99794782319077 36.84798123645811
138 54559.18400749532157 11.01004266512101
139 47176.82177916231740 39.32909024774412
140 64927.24949058565107 6.02140458781277
141 47001.98139561010612 1.39099979940874
142 54595.81449823834555 21.46180051285416
143 61266.93991570397338 24.01427140411568
144 -73795.13641302613541 5.90809114489012
145 36540.71294172886701 7.57805544208004
146 53541.77628667197860 18.24754805609755
147 1447.54509562308886 31.09710907133746
148 58750.68395472835982 30.49490597640853
149 20559.69035235731644 4.32091809706887
150 -683738.69548506406136 3.34834121248975
151 45717.40248273714678 26.85451380963230
152 -92306.88915609734249 20.95946198460727
153 58849.40359782568703 14.21056642320119
154 33012.78588429233787 34.22601337504335
155 -1328187.06841985578649 13.42914843790479
156 56098.81949605669070 40.60372413887372
157 44493.37886685141711 1.72354343948273
158 59227.42132172410493 21.63186011773683
159 54187.22101698233018 23.28368426026868
160 25065.26988182232162 22.66214678049910
161 57844.23444398990250 15.56926415197832
162 -135847.35512413675315 18.24961697856730
163 -88029.49425615530345 15.61846793523699
164 53719.22542857626831 34.48712583054281
165 35523.30047291173105 28.54125680734627
166 60758.52923013680993 17.89241321765562
167 69500.63231342619110 11.25777824952221
168 23751.61730071611601 2.34617351950139
169 1843.00811886108750 29.69559454555158
170 6660.70610253876293 7.05015117868812
171 45984.58523869464989 12.54162040253992
172 66005.95743247035716 20.77198820786738
173 62027.48522274746938 11.04876032622740
174 47409.05828487033432 31.03094740525222
175 67486.57350975152804 7.79803553140332
176 53571.90275696310709 18.45537152042916
177 40572.44007182443602 11.80487474802209
178 62404.93217660805385 14.67285262239228
179 -19782.43840101010574 4.66308768774680
180 7728.57559495617170 3.40398106075247
181 -211605.33648849424208 30.50469458621998
182 75432.25095690923627 9.51292580194534
183 -265499.68668415665161 24.08174521923409
184 3685.62230709877622 29.62566220377508
185 -2783.95240223685323 9.63377568497450
186 68845.84319900482660 11.22174054173072
187 -424591.50090871844441 17.25406094035628
188 52182.54203541287279 24.73942092312078
189 67079.12276133890555 3.21800682053715
190 -49233.12868130973220 12.98085788581665
191 -225848.23845947245718 30.68660197571200
192 52471.05450287825806 18.19125675581859
193 56979.22047015254066 23.39270014679809
194 -816163.13766132271849 13.19693502680313
195 -399244.63773490366293 35.72852679545802
196 -1137423.71518443198875 26.09069525190619
197 57462.92837622302613 14.00520353522302
198 60565.99350455047534 21.25937130271006
199 59507.11928697937401 5.86177757478480
200 26336.15200806796202 13.96427681251630
201 -37708.95638462014904 15.15392040607664
202 63054.77408774565265 7.66898212083038
203 -401638.67689636361320 28.49239581289926
204 74238.42038003916969 4.19734932730457
205 67237.14541452287813 34.09749702105582
206 47722.12216513790190 15.48842429648112
207 -21334.24257203244269 31.89948831421462
208 48405.44254662135063 21.56631362692580
209 69737.81237219998729 19.79628976052346
210 47430.66260009993857 11.93067023052829
211 -247090.35054659782327 11.65132381349150
212 68918.57947772572516 7.10884919045323
213 65294.76168754638638 19.14349168666098
214 28028.12446201665443 13.88470045953034
215 49042.80090604427096 7.70115629296726
216 6646.27526401711657 28.35616952201796
217 60440.46529436087440 15.62025192060005
218 44157.79236101729475 11.19882791204900
219 58289.34753390929836 18.80538656004310
220 67837.67862383592001 18.20940460580881
221 1319.00675391569166 36.16376303814241
222 63085.90768292374560 31.23270809923930
223 59194.86833100968943 32.77841313525823
224 -26923.89335543181005 9.25938694151936
225 43315.96584056334541 15.36455024790016
226 -124742.80873144588259 12.35089893655033
227 -127069.68313686623878 26.13586686203055
228 67025.90571481073857 10.95241637904798
229 45734.16649755420804 50.08237624327457
230 30251.22910953572864 4.45013151963652
231 -97714.82297802600078 12.79991376297009
232 62377.75931253875024 32.95570974799281
233 75154.43887298952905 68.17649213305691
234 -678.95510259551156 11.95581130296256
235 1926.36240133781212 20.52905172243391
236 -18117.02987539370224 69.42104835029738
237 -59243.94309282624454 8.47016351790528
238 61113.88951034350612 9.39879696286095
239 59205.47771797103633 7.80453041837818
240 3034.45709420310595 5.41644493670786
241 53622.93011872872012 18.93928937746952
242 29130.59096831396892 12.17372965658727
243 43942.43515269789350 12.08594364925814
244 -8989.05714896639802 1.66333801913150
245 -821084.06707667780574 0.38175335764672
246 61776.63534182619333 6.30315764450600
247 -219881.23077569899033 28.47101490093594
248 8396.59228670108132 17.69915646606874
249 22197.37894729087566 12.02930133984561
250 4988.07649691033657 1.74497630150127
251 88370.46365947012964 18.98895741872055
252 60895.20203294091334 31.35382231174409
253 -729539.30936329951510 48.96373230895785
254 25691.47514409929136 16.55637459821315
255 13644.20035323591219 23.26164394253972
256 -9210.64997407695773 24.59026538085602
257 -190801.93001004133839 1.08387088451687
258 1661.42206396928304 11.77246331923356
259 -874.51373936304662 44.01442824027280
260 35013.79670197078667 10.06789016898834
261 -411532.23762878391426 8.22245182249790
262 29325.19469905026199 0.38469200374978
263 69528.93968062508793 2.01880616035572
264 -742543.88029744767118 11.00432631484370
265 5571.34305312542710 10.59556564182437
266 65586.93526464096794 9.67423897034406
267 -201005.54285273913410 12.15969204845651
268 5322.74348522317086 14.62237517040552
269 11261.36086448421702 29.52495689056728
270 37239.46311402497668 0.53284622923965
271 35213.87418852635892 10.43027385951794
272 67771.26559367006121 15.50842620716363
273 59378.66135702203610 4.30803660495531
274 -47714.39752369206690 54.53264069973600
275 -515.45925747701222 32.96361499527426
276 65051.66453688213369 5.16273805146435
277 -155639.52003506571054 30.09600274828594
278 47988.46950788826507 4.12592947596015
279 19915.01718391666873 10.07970707288885
280 55945.52133998543286 8.19928782877884
281 -104014.72648462945654 15.52590125179324
282 14339.21279514381604 27.83559829337944
283 -23897.31320825968214 27.24345842642332
284 -192445.40874970023287 4.25123457173531
285 44646.41803827297554 10.58880232563155
286 16520.77263411164677 37.45583857381561
287 -167269.88841865109862 4.04231501015520
288 -1218.70951186017010 1.92789161512617
289 -56421.50839824354625 13.55228069140704
290 -278056.54337053012569 10.13112177727951
291 -9149.26555182739321 15.64607668306042
292 -169225.97744046177831 15.27726180791139
293 22868.21512743419953 28.59293685515515
294 27906.05899353848508 6.71333371534556
295 -1225.65738929656436 8.78794991051886
296 17361.15450412354039 21.55589053113899
297 -6961.25016650397265 8.33697705795378
298 -1571499.39456538809463 0.53799394666090
299 23394.88177837349940 23.46958583818824
300 -94110.41712220630143 12.53848959033245
301 5060.13734028608997 26.18441553165513
302 -82012.29549383079575 7.55660602074466
303 -71647.64239301247289 17.75371515877544
304 25747.03924907188775 9.41750895169476
305 -28402.88087643887047 20.40641762218679
306 3270.80047324206134 17.80818869803660
307 -104775.71362486443832 11.73242186618438
308 56426.54931475127523 13.60932052382497
309 -7047.73586501576574 22.59595288761995
310 -582508.05402698612306 3.94205486334958
311 -304795.05357299605384 4.88202327881683
312 -2693.77564169488141 5.99237671785122
313 -78741.84273014999053 12.19542001303096
314 -101533.97221876338881 21.92929241207461
315 -97954.39678573071433 3.67460043491629
316 16755.27090363565367 32.79368132708822
317 -436536.24022001365665 2.12690304499496
318 -1565768.59070907882415 11.32818868486798
319 -68980.07578050144366 13.55945022862492
320 -375261.60827298770892 14.31755576281240
321 -56372.71385555283632 31.25143788283622
322 8224.29944705769230 35.28523631054628
323 -95273.78906967153307 8.78896914971928
324 7863.91658500580888 22.06438955326900
325 -105994.05922479812580 35.86992060124974
326 30448.17284432768429 9.94511432304626
327 -228962.68108080432285 9.71793830327222
328 26873.86192327966637 21.40986666952170
329 -237957.18081681133481 15.68585976817793
330 -1669210.72722880495712 23.80881678077415
331 -2204534.26369694806635 2.36507360086113
332 -22810.13184333594836 20.51901716711946
333 -179225.85519079680671 2.20779705588081
334 -19469.01014537120864 9.80536325998944
335 -100457.75717162864748 10.15686555692493
336 -36131.65339368784043 9.89566136751825
337 11268.69070752505286 10.56622669703155
338 6270.28814749956291 8.04385128054027
339 -8395.31009637839452 35.74163436724490
340 37815.28399595410883 4.95422582589744
341 -54801.02691466260876 24.21651745238631
342 -2118662.84500896092504 7.77689950132673
343 -405401.99736958293943 11.43839987137553
344 -914933.86573308112565 7.16752929221085
345 -542304.82470908144023 16.32765193244595
346 -6060.80994324218591 40.75823369276181
347 -516532.74818854726618 6.34143475598877
348 -197735.59951756912051 4.29820816745829
349 -1625200.55809942004271 3.15665048271362
350 48202.51477512125712 7.34717068584512
351 -7735.68564638873067 9.31583974640113
352 -179668.41431002397439 9.42962191720021
353 -62822.62485128750996 17.77825941215841
354 -24037.19564482280111 35.66285973543084
355 3556.77719787093156 6.65862752074938
356 -16586.92370947542804 21.47884045732883
357 -163786.84646392831928 7.56242918229731
358 -22837.18120020395145 21.51457286213003
359 -333084.44277624308597 26.00405062351093
360 -20683.06852697551221 37.28477291420614
361 -25717.79630504278612 32.26614547693682
362 -88856.37999908618804 30.98763063538762
363 -58776.30493135226425 25.46439810121753
364 17826.26554704819137 10.30942236016810
365 62007.06331170233170 15.75878707335697
366 21445.39856980522018 13.63431175191066
367 -48145.72973366959195 28.79421430452586
368 -254107.54442107593059 19.41997521944876
369 -759352.67611343704630 5.77822670586293
370 -269807.12524551176466 11.16528943950843
371 -392381.89570048288442 11.05406316771429
372 13554.35948164223555 21.17694332604692
373 -175382.17978792241774 20.03056490564888
374 58666.25426961703488 16.47603705401632
375 -18703.92850251361233 21.39663170006988
376 42360.34211473417236 24.39149681016648
377 27054.87473016907461 40.06244451723859
378 -501086.52718498138711 3.84727716279248
379 24303.70792870049627 34.66151536151481
380 57934.44004176630551 55.56375440771778
381 17483.23026316286632 23.94514481245665
382 35963.33064935020957 31.68338564822098
383 32356.59429114864906 8.33691743292504
384 58354.38156446669745 53.15701366997992
385 910.10863266797242 8.74864077726693
386 -441650.60890311939875 2.87220935429726
387 8741.67703985792105 9.90700354338753
388 23560.41291811447445 9.07066019335912
389 -154045.88452507497277 10.09116212144524
390 -15074.10772825598542 5.40064250669936
391 12455.83553478425893 7.32872238537255
392 49032.71433072179207 41.27592383078893
393 37857.70298382674082 26.43602725855925
394 -60521.97653963743505 0.00000000000000
395 -38802.07891115352686 10.90159119205645
396 7380.19281781865175 26.11610314334325
397 43667.78771677927580 35.35951218082004
398 -158274.57815240166383 12.45266492234176
399 -435672.14052151935175 12.60577446270623
400 -74294.66608631587587 8.41648311710339
401 -2597753.51141066616401 2.77846655190683
402 40074.48247609152168 39.40278044251482
403 37674.87327838726924 28.99994749394884
404 28345.45435452557285 23.06568835741433
405 8110.91426162236166 15.81110138223800
406 11488.38736389650876 17.37627783324417
407 28133.72682040070504 14.08534391586533
408 22174.96959616083041 12.02425857608889
409 -16225.06746438109440 14.07345250319636
410 -12793.58365736380438 15.95576728730559
411 28646.41070584444969 24.91805023338593
412 -15606.01728881027884 10.46632725403518
413 -64415.86443909267837 1.77383533672433
414 -402126.91117103776196 17.87691132346907
415 12336.27122726952803 11.02065587480795
416 -48586.12658908852609 14.01793105941433
417 23170.36014816718307 40.33728531336322
418 -427691.43785684532486 8.50902695477439
419 -5604.95634610202796 4.09082279376541
420 14965.67672459029563 23.59019670735073
421 -296536.38382969307713 10.20913870911050
422 -4250300.21360028628260 19.96624363029103
423 -1549.24707129030867 10.71043054200403
424 -28782.83888527118688 24.00555315198973
425 -1066712.37984750373289 9.64338643800724
426 -606269.27581983699929 9.75436570367564
427 -766170.31621783052105 9.20400057373703
428 -8434.15121989458748 16.28193732949919
429 5935.25190448681315 14.63577746280962
430 -315922.40389439219143 12.95809546784104
431 -176802.30252123699756 4.55105018815799
432 -275536.59522089967504 10.20133681247296
433 -204822.42933226475725 10.65523167961652
434 -609283.31967821670696 22.20052137274144
435 -24877.15063752203059 15.18179553781930
436 21329.88059946888461 12.20822882495235
437 -54817.81714218747948 29.20628565530229
438 -925007.42837953078561 13.44644446003975
439 -86469.47664043908298 19.62663920971681
440 -170156.51246767598786 9.05526945614699
441 -661102.69999481493142 17.13960315657035
442 38354.40233865594200 28.91769528851070
443 -60980.72078706309549 9.64628275427614
444 -47407.00340931619576 31.63251555601647
445 -3738.13391485356988 22.16226783699675
446 -151620.28078508996987 35.79740403387632
447 34693.13184133730829 5.79360833829954
448 -263051.96566264540888 9.78161845117950
449 -511767.15352204849478 13.05928908037055
450 31886.89011121232397 19.69813306198956
451 -21000.00000000000000 0.00000000000000
452 -2100.00000000000000 0.00000000000000
453 -21000.00000000000000 0.00000000000000
454 -20100.00000000000000 0.00000000000000
455 -21000.00000000000000 0.00000000000000
456 -20457.43232111920224 0.00000000000000
457 -10942.73674888389360 0.00000000000000
458 -30000.00000000000000 0.00000000000000
459 -14567.30460430564563 0.00000000000000
460 -12000.00000000000000 0.00000000000000
461 -17570.47731831474084 0.00000000000000
462 -21000.00000000000000 0.00000000000000
463 -19866.42407726878810 0.00000000000000
464 -4199.86056781384832 0.00000000000000
465 -17090.00939028811990 0.00000000000000
466 -11100.00000000000000 0.00000000000000
467 -30000.00000000000000 0.00000000000000
468 -30000.00000000000000 0.00000000000000
469 -17193.69029488867091 0.00000000000000
470 -10053.38514830017812 0.00000000000000
471 -8336.32775785326157 0.00000000000000
472 -11100.00000000000000 0.00000000000000
473 -21000.00000000000000 0.00000000000000
474 -6982.46230786966134 0.00000000000000
475 -23168.02672223280751 0.00000000000000
476 -23378.92315671659890 0.00000000000000
477 -19580.54147122430368 0.00000000000000
478 -30000.00000000000000 0.00000000000000
479 -16882.15926288433548 0.00000000000000
480 -11100.00000000000000 0.00000000000000
481 -14996.01672514901293 0.00000000000000
482 -11100.00000000000000 0.00000000000000
483 -20100.00000000000000 0.00000000000000
484 -4939.33619994131550 0.00000000000000
485 -12000.00000000000000 0.00000000000000
486 -21000.00000000000000 0.00000000000000
487 -19839.60558675710490 0.00000000000000
488 -26119.23292200322612 0.00000000000000
489 -10503.76986935866080 0.00000000000000
490 -23757.81716239758680 0.00000000000000
491 -20100.00000000000000 0.00000000000000
492 -7942.58353509025528 0.00000000000000
493 -12000.00000000000000 0.00000000000000
494 -12764.91569462891493 0.00000000000000
495 -21000.00000000000000 0.00000000000000
496 -23874.96200415075145 0.00000000000000
497 -2100.00000000000000 0.00000000000000
498 -21537.56820247988799 0.00000000000000
499 -26057.27012366521376 0.00000000000000
500 -19842.23214395167452 0.00000000000000
501 -16093.93774149760429 0.00000000000000
502 -20454.89798156865436 0.00000000000000
503 -11100.00000000000000 0.00000000000000
504 -12000.00000000000000 0.00000000000000
505 -11100.00000000000000 0.00000000000000
506 -2100.00000000000000 0.00000000000000
507 -21000.00000000000000 0.00000000000000
508 -30000.00000000000000 0.00000000000000
509 -18363.76902376738144 0.00000000000000
510 -17860.03849932201047 0.00000000000000
511 -25471.99145178446270 0.00000000000000
512 -11100.00000000000000 0.00000000000000
513 -11100.00000000000000 0.00000000000000
514 -26404.59099015598986 0.00000000000000
515 -11100.00000000000000 0.00000000000000
