1 -13302.44235356627905 38.27328857429902
2 -8771.50028549681883 3.24111478751463
3 -14931.85062560062943 60.12215207142366
4 -13079.26750703790640 77.16420003048808
5 -15104.29341759772433 64.95134426948550
6 -15976.02013248531512 7.12636948639178
7 -7552.64617417115733 5.21509928268613
8 -17574.94623726581995 15.11638067333338
9 -10210.99934931448661 54.80762670127295
10 -27077.03090113565122 30.31374405718500
11 -14105.38009531269199 58.43095679706310
12 -20339.49052831844529 15.36109377548355
13 -15073.71159723254641 3.66964134083462
14 -11710.52801995783375 2.96291738192505
15 -19027.26457842887976 24.62745633106831
16 -10884.22336301445830 43.19915516711645
17 -22166.84357187218120 10.01939980554359
18 -17794.27274670970655 26.03719801653978
19 -15662.65798756262666 7.77818594484025
20 -14215.43838485270498 0.49882939555539
21 -10130.39160039750641 40.28077721554771
22 -15199.93307042027118 15.69466597649885
23 -12435.46421426289453 5.83920809205413
24 -11204.88333619825607 18.91951310195391
25 -12256.56453194249480 7.64643290550338
26 -12595.58794263880554 13.05913538660753
27 -19817.05949729146960 12.75763048272313
28 -5728.07731341991530 0.53341290442400
29 -9536.02856147196871 38.99439756717727
30 -8933.82257670951549 16.54800955484501
31 -5679.45608628668197 12.64633773082939
32 -24610.01749872044093 26.58465147229130
33 -20225.42461661143170 6.19911049520103
34 -26052.79483518488996 14.26051246975274
35 -12387.53358728800231 14.66366147539878
36 -9160.82622518689095 18.89237569859305
37 -20117.03166799504106 8.85464530049262
38 -15419.51431237242650 8.90986549016165
39 -9987.30617458263987 12.90931927874758
40 -18245.48986252478426 34.92091583800398
41 -21509.53537920152303 13.65679611694157
42 -13222.49852576071680 6.66349949965737
43 -12609.66779082912763 16.96281779621560
44 -17584.81090461761050 14.88982364548151
45 -22139.38845517751179 12.89892332061476
46 -17581.84530018406076 9.60874302178000
47 -6472.09974002002218 10.56868125841148
48 -17382.57373927966182 12.39204444533131
49 -17634.79163202335985 22.61279785767259
50 -15726.32663144504841 11.53211215653346
51 -9311.89235814378844 15.43755758385035
52 -17646.33236344771649 34.31171364598149
53 -18391.93246273182376 14.33281550029123
54 -23804.55990890286921 4.06564014398226
55 -16059.24219473899211 14.25475166807728
56 -17502.02392272279394 22.40502591392227
57 -6619.09768239294499 13.81664474501622
58 -20194.12420187567477 31.14293688698525
59 -16409.62297566319467 33.01894503441459
60 -16263.85616963912071 10.09122247426730
61 -7956.54938752589533 10.12471063304663
62 -13153.84100147053687 37.73152377727975
63 -17310.60783884316334 15.82480749160045
64 -22026.11772721170200 18.05936446989296
65 -17325.43419018420900 19.44854008441925
66 -19761.90394511211343 35.38004106721378
67 -11841.92003853105052 10.69372585251791
68 -19382.31274259377096 20.28852045521041
69 -23672.63101292462670 13.74536482036310
70 -7244.93977554024696 20.90671682567714
71 -15870.59858225439530 20.62934168936095
72 -9489.06345144358056 38.71938563233333
73 -13920.29600158759786 13.71797070921735
74 -12121.22832951770033 11.07070779853090
75 -17540.53047905967833 37.39449172109562
76 -34691.48405656412797 53.73617011367106
77 62947.78312077821465 28.88922887321410
78 69656.42618718362064 5.94032008560824
79 68296.10353197291261 8.71232880597505
80 48591.01911360993108 50.67460010735993
81 29795.05866055279330 0.34491347079956
82 41945.07271062369546 8.90419061814397
83 55861.67044809892832 24.51537973221436
84 -99566.31989079332561 10.17078141469243
85 -23007.69673582737596 20.86620861422258
86 8961.88920191145007 14.75277065001616
87 10099.47114728253655 17.02675178054431
88 46080.64680073925410 7.92291331812216
89 -3867.08122877376991 33.93092835069503
90 20182.35202478096471 52.05087504113797
91 -125459.64214553224156 53.97458721384938
92 -58042.83261728017533 17.92746959974878
93 -11896.16836691505341 20.19686372964516
94 59249.10777696820878 36.71389638187664
95 70253.12151818517304 6.36604133342281
96 59032.64556311980414 20.07587533452671
97 61246.78921216435992 9.94968308222318
98 -37122.70104609226109 46.60829147679721
99 60831.11143100798654 4.19949904311546
100 51822.54951803189761 11.02716905605267
101 45737.61292438999226 7.49577776343693
102 46742.91682066529756 4.51905801616083
103 -55976.35113275326148 23.54943003891298
104 48216.90137224472710 4.83497893210982
105 30015.94236659966555 38.59526334713387
106 72851.02760084500187 1.26875569937523
107 -15267.87447136847550 19.38610014462736
108 60598.76192286031437 13.75303778329217
109 69516.93731480876158 5.11831287293238
110 59849.87680351604649 12.73474802822130
111 -83639.33176789860590 18.18183035633203
112 41406.04265163522359 31.83652585844582
113 -68260.80385007182485 15.10302695020119
114 -102462.68026900044060 23.32649400986714
115 23161.20500703022844 43.20908094804739
116 -148457.56259614057490 17.66726719359264
117 56446.34401130359038 9.79749072466532
118 -8737.32424698982868 4.24332259790297
119 -163336.68748794266139 8.61946586833187
120 44341.76171416499710 0.17635953850984
121 66874.51216945075430 5.06092475168930
122 2192.16688375702870 15.46788923631185
123 58246.69747214351082 15.69317284584514
124 -23243.90593043679473 37.51903060220086
125 -1104975.66227161162533 13.99319669123377
126 402.97330283859083 11.61327381600211
127 66125.21504669867863 32.84027458350641
128 55157.09474231964123 28.21795175275433
129 57590.49541954242886 7.87373537100237
130 -127194.29468517724308 15.18571446402083
131 -45075.63222671999392 15.07735649517914
132 46807.70960385577928 12.37977537711842
133 15947.86368562305142 7.17066068742237
134 -36841.73918566350039 23.95308483547204
135 48421.41167609838885 32.39040456646344
136 59814.02134918524825 2.60653496867392
137 70748.21632829743612 8.67983607898294
138 -22143.08255951289175 5.75118177327779
139 -43173.89852683612844 5.62228513375684
140 56737.01736483574496 3.10510155120217
141 73335.27487594637205 7.31678351506118
142 67796.88706542753789 6.35907581138722
143 -14364.46096947567094 10.04676885267379
144 41986.67670345962688 22.05945038135195
145 44250.63216717911564 13.28112020049351
146 68375.27968389140733 31.25975082792361
147 61162.56435483712994 27.53292160162480
148 44757.67977464662545 12.62379996727521
149 45358.52799627299828 17.00726698732080
150 57161.70139054881292 5.50783585450585
151 67737.26605767275032 3.54939806119309
152 59924.27379487099097 7.72032551123316
153 44448.15035547052685 13.77492461739540
154 -5789124.31605079770088 29.23041282477748
155 59004.75015023536253 23.05396936423073
156 69248.82304536429001 7.36852421599804
157 -43120.10755822375359 0.58703256578356
158 58096.98572597803286 7.08722153845158
159 62602.61628097538778 6.05210679088261
160 48171.36790378983278 19.44799418149913
161 -188950.35453430141206 4.99136780666576
162 72089.81015162309632 10.95422117693306
163 57749.14078067779337 10.65768905502397
164 -11281.61222157224438 5.07772799759564
165 54263.74595647605020 40.24396041771635
166 76239.30873950572277 4.50252155329493
167 10171.94781310884900 1.39300449638250
168 25240.85153811848795 7.91527901699279
169 61338.74513342247519 17.43429793953093
170 54409.28739030624274 19.87197999608023
171 50266.94497529387445 26.37935824778265
172 51178.40097771830915 7.19931451517285
173 17417.53774791779870 25.02871671529689
174 -33814.67229069161112 10.96632249791784
175 62549.95560937686241 10.01930611369219
176 -48470.68001473914046 14.44511484643970
177 54402.40938271168125 18.84355185046657
178 44533.05247133619559 25.19219624640506
179 -140709.33594626068952 14.36350326017202
180 -1214.43629724037783 4.86685505407279
181 -690198.71533231111243 13.63244456469560
182 32947.27152443983505 7.20413126997300
183 75126.07031288117287 11.63795770598514
184 53430.46471815138648 6.55807439535379
185 -6176.24327685262142 31.87958684600535
186 -97183.48415111370559 13.28706356970047
187 -18736.55764398238171 15.76572486880651
188 45020.87126247418928 14.55292897782697
189 55648.32808890692831 24.88084924661749
190 559.34796198599724 32.22426975770009
191 33946.85219150580815 17.50443581770984
192 38523.97611081739888 21.68235807972559
193 60137.99685953363951 9.36773383018787
194 -61986.00179756891157 3.88857165376862
195 63066.64770236513868 5.24950012208969
196 77069.40757096637390 5.45128420919650
197 50791.89712301510735 17.87908881491565
198 25315.81309585699637 19.52128468709487
199 16879.44481026758876 13.23191242692906
200 -161435.61693755333545 21.77766916149331
201 50698.90257906870102 8.51988490811321
202 41125.28519065643923 10.26640661755895
203 61643.56726125444402 13.46957106442997
204 -276416.08827459107852 31.39838090571527
205 12432.90714274065249 5.82080975907642
206 62026.49613345244143 20.84569794468393
207 59722.33867949145497 9.68362369928562
208 -26057.91202964198965 10.59101335359894
209 36827.21022993478982 4.24485346270396
210 40206.08098460474139 27.69562129835349
211 68142.81779646182258 8.84256560119563
212 54559.85667114192620 20.98690497153115
213 -93193.92871769069461 31.43903434380722
214 7275.77255044243066 14.68835263509536
215 69391.51364570649457 25.93540194849084
216 25716.78877972644113 28.88491360497299
217 3690.84700688511293 15.82883232580189
218 -925215.88824676035438 6.35021037054491
219 56364.79517276632396 17.08875074679499
220 -147983.95911279859138 6.56990501528299
221 -36442.50540077059122 7.73817085917260
222 62206.96565798106894 17.60319786377655
223 33784.75507558185200 6.29980928478114
224 -974572.81107639905531 18.03102367731905
225 -241947.40250754280714 16.89228961524416
226 41704.26315149888978 48.38435717725654
227 85252.89380417704524 2.03412982497150
228 62905.62433278713434 65.42668338695334
229 -602026.17589363653678 1.01544274563941
230 -473800.69133107317612 14.63134991698231
231 74561.48375309183029 2.75750051029594
232 -360552.00217674975283 53.85593905272486
233 -444578.25956849171780 11.72991125207629
234 -37678.57185935004964 44.98603209636363
235 -8139295.18676603492349 16.06108974366530
236 -93882.10796893537918 46.59834093011117
237 -89260.42352537435363 19.46754315780768
238 -1800110.49698372464627 54.49815914185508
239 53323.31021127635904 44.29066356854189
240 66692.69710293816752 23.59743383065810
241 62973.49515375809278 28.20706938409564
242 10666.39296810610540 53.01954681534771
243 22050.78480188970934 43.19665446447329
244 -1062114.38822889747098 8.13833833649107
245 -74995.75778968691884 10.24647159295864
246 -71725.32722238013230 14.29856418541698
247 1808.61901704623961 1.36664279964992
248 -346924.64213719253894 13.49657702135581
249 -79556.73291317254188 25.33957954319601
250 -86145.22675779144629 11.93220629306987
251 62763.60870329033060 27.36781490505977
252 -32151.08660643633630 18.79372808850453
253 31835.54587909902330 18.18960685323641
254 -488730.11843770847190 7.97203009600574
255 -23569.24737402211758 33.35335612915354
256 -69821.20959732227493 21.94184458649006
257 42022.46177669535973 2.20376809570212
258 -878918.84936599270441 7.38438824382867
259 -148379.27686813171022 21.02888222831129
260 61697.52380341550452 7.11018181929057
261 -26293.56689951980297 16.58237723681583
262 -1021411.34631120262202 3.30258776465286
263 -29223.97983270323311 18.13743759839262
264 12726.38393771259507 16.19827423820235
265 -95568.94429521834536 5.21007426179815
266 63417.55635152281320 36.89611901409083
267 -21984.93562503511930 7.17021983328554
268 56896.15892201530369 5.40384623797480
269 58872.23705190005421 2.50369641640460
270 -35743.78040830075042 41.45981717853391
271 -6658.04584402253749 15.16977207538835
272 -52304.33049152031890 23.80701717317095
273 -22437.83370311183535 8.15772728979833
274 -1909687.25813867780380 4.53158916758964
275 -1871700.93911019759253 12.02861789976941
276 -104146.46426742248877 1.37090189221853
277 -2448.06825187844152 43.03001430629558
278 -96001.31608337764919 23.39836477282565
279 -28450.34046856917848 18.39320322472316
280 30161.08147351236403 11.45678894304871
281 2879.88777967796159 22.00411762338324
282 51036.83564822707558 5.24031634806373
283 -3524.59565500884582 36.53167321549868
284 -553788.76867109409068 8.47330107564780
285 -3100.42473672007873 25.91017705526816
286 -4497.18345207635866 9.67959537922505
287 59078.42165327063412 4.13669419934275
288 13373.34632916227565 28.48970807576216
289 -461071.19349606649484 26.65825550006379
290 36414.43938198235992 9.32841014764330
291 -42303.07545722881332 28.50097033651489
292 23575.38529463003215 31.04887979075770
293 -38250.97044733839721 25.34526998678773
294 36319.10865304362960 14.27357023913064
295 44065.18274376991030 22.41738052870611
296 -241038.23713692039018 19.63482839691171
297 19671.96945656406024 5.39937662507240
298 -76461.63701976490847 29.86085234432919
299 -115268.19463472743519 10.69200877887834
300 -613089.02526072412729 23.57736011747289
301 16465.74665968738555 37.73165633430169
302 -6222.17877357884390 21.87418061607581
303 -558549.87164979404770 5.18069059215963
304 13098.71200397436223 24.85424314525381
305 -187252.21916786336806 10.49215068320472
306 -354872.45046507450752 15.84375726486568
307 19305.01449653582313 10.03926195793216
308 4801.19231560281969 4.43932078618171
309 -107417.76485798529757 18.55261576502985
310 -1426.41048703677734 20.31622380500184
311 26590.86533730138763 18.27939152191834
312 8901.90341387076114 15.00523600422306
313 -18053.74976744536980 32.05265136951375
314 -242130.55052583524957 9.29914244411498
315 8543.61506979926162 9.44277165130226
316 -33953.82965848255844 20.45389078009761
317 5394.48761622793609 25.03884103746135
318 47559.94183415466250 1.89008738736872
319 -212314.66771922702901 5.75901066670348
320 8048.82013428165919 15.63157768974639
321 -651679.85063425730914 19.63790614288912
322 -827134.13748082169332 4.07268337967459
323 -481289.76129889854928 9.90844806583875
324 -498969.38812358368887 0.83807497398244
325 -66784.39189984655241 11.33225693401856
326 -35984.93102209969948 9.86976505376967
327 -325282.10456275835168 16.54865309232355
328 20804.41032645285668 13.95595655369611
329 6403.33059838128611 23.70600092469587
330 -44641.44800508720800 20.17194529220772
331 -512722.45116497081472 11.81270257982866
332 -1078419.25985431205481 1.20979553919904
333 10083.99646362116982 34.14798653208253
334 -27413.28678709889937 31.57132907523452
335 52542.37261821438005 9.61040318298167
336 32878.14300059102243 21.67509612850317
337 -30918.84545462940150 10.77569613392525
338 31332.92269305017180 6.87652763648836
339 23976.90045884589563 11.49131565586139
340 -314820.21667906013317 1.44120421724046
341 -92525.36000727134524 26.47566990814751
342 -72487.01078063697787 35.79719309309028
343 -6029.51187401312109 24.37115125880960
344 40331.84045937929477 17.21590014551471
345 40489.80063504139252 13.51155790831242
346 45822.64987176755676 16.95583672147636
347 18115.98849774783594 6.35375436087455
348 -187906.71460001572268 12.97616316680469
349 -8553.11110119734076 36.60209501969190
350 -37566.52296438411577 14.51600572203296
351 -4107274.80905332136899 4.05583901353917
352 10265.85787732004246 17.82106535887348
353 -47136.78363023466227 15.95646419019193
354 -76526.12919836939545 30.28521362958303
355 31781.89890025600835 13.60389490936681
356 -41084.36881632095174 26.33533613084655
357 -87315.33353838132462 14.54113500294761
358 -44809.17626340396237 27.63331106734525
359 6755.78368953061363 18.15945114898935
360 14635.64131786953658 11.59412777195818
361 -28828.89306860084616 14.65271612414074
362 19137.36915271167527 5.86411015663487
363 5819.76832424256645 18.48977692546436
364 -160422.26668992527993 21.75834966936440
365 -10846.03730964427632 20.20483404341943
366 -759415.18905530276243 10.75469125020387
367 -57537.33688055240782 27.07912009734983
368 38143.07625910312345 11.94447991629225
369 -186908.16830872051651 21.29232369795495
370 -116423.88816292559204 15.78635436936493
371 -50409.54656010509643 7.71187217144164
372 14828.03815256873895 16.37444933294062
373 -14023.96991568980411 40.68322014372392
374 37807.85061707520072 11.34688938621281
375 -116677.12507075928443 22.08138299236161
376 -9830.48704096205984 49.94698760824924
377 23062.32898436360483 15.38516266896362
378 16235.73079813528602 11.38979509514837
379 41381.30708447756479 18.56250177420561
380 -348906.94278497376945 2.95529650304131
381 20499.77238341594784 57.40239670501023
382 58296.38466685121239 56.94048941921721
383 36723.95193694245245 51.05646752735702
384 34323.66680585964059 15.00228979043464
385 48414.25742189167067 55.55829395719066
386 46319.32644349729526 36.29587801141813
387 52923.57649175468396 57.78932845999009
388 -329132.49023934564320 1.73582478566708
389 29717.68725384527352 13.76685304744802
390 17047.29381785804071 17.28976555718365
391 47890.86890705713449 56.43381814996357
392 -185704.19143604973215 14.76833769788775
393 -153315.51815539220115 7.54864869071670
394 28334.46720934165569 51.96774900382877
395 10051.92455607649754 5.25477644947793
396 20659.88325612543849 5.38297826397359
397 -47993.27922249795665 1.04636719430642
398 -1313626.53382332739420 23.74609261569315
399 18694.22492480353685 11.90947122829883
400 -50780.41619477656059 10.04777538534734
401 41557.93902617639833 32.86746481582018
402 -11608.32711973384903 14.47895362209403
403 -1149719.20546274678782 0.96106969881100
404 24215.71718039590633 17.12422914952580
405 5020.18203277937209 6.57174295650479
406 23797.85746402501172 9.00778096360541
407 -63311.91293051721004 16.11597694631401
408 36246.86123425094411 25.19414590855801
409 -86832.77684953273274 13.37220427479039
410 -111029.76878734945785 16.83717023024521
411 6001.46662941770592 7.97755817644847
412 -144373.77957130337018 17.28803966881078
413 -582960.23208700807299 1.59939464887052
414 10254.16344018478412 3.18297198864791
415 19178.24509857037992 8.98249997383324
416 12726.30106928551322 13.36913498828119
417 -200279.96722016739659 7.62554607190861
418 11838.66895778750404 8.56638273045260
419 -276569.34138830803568 11.77016855400289
420 -67044.71965200942941 10.32364108424136
421 -76355.48263777059037 32.34738447430196
422 -31691.87332329357014 4.13434898526820
423 -16787.05391943269206 12.36120484911678
424 -3766.61862647704220 19.47199885761084
425 -54740.99474820696923 10.15499033918293
426 -83583.67518307716819 6.56969429330818
427 -34301.27184892547666 10.74909391450799
428 -239635.84076217489201 16.42059502047801
429 -55389.24967176111386 9.29239547527178
430 5936.15906395382262 11.44893446318137
431 3295.38035224524356 1.98676145980758
432 -90997.12188718953985 18.59530486160486
433 -10536.59148554081185 12.20716175141049
434 -723207.95324256608728 3.54311664090509
435 -63205.82857974704530 23.79041349077271
436 -15899.22340274406088 18.27334919032671
437 -224922.91140320585691 29.49611164024357
438 -38657.35357019487128 10.38707007897035
439 -59906.12161101511447 5.98433064371952
440 -3940011.23878820054233 31.59016929718166
441 -34605.74595375856006 17.37148748700625
442 7098.40474867138437 20.91734890730946
443 -27202.25996523481808 33.47671799983343
444 12186.21769305365342 5.43235209244190
445 121479.36199004293303 25.02663258529780
446 -343592.67891416000202 18.41014203631871
447 -169311.37128621709417 7.96788243359267
448 100109.49080530588981 15.62906091721053
449 14370.84602476354848 30.80105954215830
450 12099.87670740728936 30.45938784471119
451 -16559.79547348561755 0.00000000000000
452 -28704.12843962354236 0.00000000000000
453 -26765.94712445357436 0.00000000000000
454 -20100.00000000000000 0.00000000000000
455 -21069.52761228428790 0.00000000000000
456 -12117.03878876851377 0.00000000000000
457 -20100.00000000000000 0.00000000000000
458 -18670.18577394894965 0.00000000000000
459 -19345.13729860084277 0.00000000000000
460 -13187.04322072619470 0.00000000000000
461 -7742.92421150223072 0.00000000000000
462 -20706.77744897973025 0.00000000000000
463 -15590.51016984379930 0.00000000000000
464 -16161.18038186262493 0.00000000000000
465 -12470.75916509765739 0.00000000000000
466 -14290.84154908018718 0.00000000000000
467 -20811.01575619601499 0.00000000000000
468 -19415.00595057250030 0.00000000000000
469 -8970.10863003251507 0.00000000000000
470 -22033.29360621856904 0.00000000000000
471 -5433.36461250472894 0.00000000000000
472 -21000.00000000000000 0.00000000000000
473 -21000.00000000000000 0.00000000000000
474 -17110.72731321273750 0.00000000000000
475 -12142.55845704844796 0.00000000000000
476 -10765.83653089193467 0.00000000000000
477 -18284.64525544110802 0.00000000000000
478 -19547.08661027088965 0.00000000000000
479 -19078.88626761484920 0.00000000000000
480 -21000.00000000000000 0.00000000000000
481 -2989.97648199003470 0.00000000000000
482 -13023.23884717645706 0.00000000000000
483 -18743.12915611548306 0.00000000000000
484 -17387.40617965155980 0.00000000000000
485 -18762.99507141297363 0.00000000000000
486 -13417.92542659179708 0.00000000000000
487 -19954.21548247220926 0.00000000000000
488 -22003.20913590984128 0.00000000000000
489 -4406.06586894076008 0.00000000000000
490 -17423.22981130190965 0.00000000000000
491 -20475.31212191619124 0.00000000000000
492 -16977.40536680878722 0.00000000000000
493 -18370.83891254242189 0.00000000000000
494 -18078.94407490389494 0.00000000000000
495 -6758.66620214405702 0.00000000000000
496 -20100.00000000000000 0.00000000000000
497 -22933.52272156890467 0.00000000000000
498 -23646.61836388435768 0.00000000000000
499 -22740.40117985649704 0.00000000000000
500 -15974.65846923406571 0.00000000000000
501 -8938.59631447649008 0.00000000000000
502 -27824.66101550678286 0.00000000000000
503 -20076.91163637246063 0.00000000000000
504 -14117.35374734688594 0.00000000000000
505 -15785.66073873097048 0.00000000000000
506 -17474.82268820334866 0.00000000000000
507 -16259.58837250115175 0.00000000000000
508 -23552.57019557437161 0.00000000000000
509 -23699.83687659996212 0.00000000000000
510 -20482.42075004637445 0.00000000000000
511 -13258.59212794879204 0.00000000000000
512 -12000.00000000000000 0.00000000000000
513 -18978.09923078858628 0.00000000000000
514 -2100.00000000000000 0.00000000000000
