1 146.93645911115016 0.00000000000000
2 131.85289580627528 0.00000000000000
3 134.46671805212830 0.40826127955819
4 173.07160048470433 0.00000000000000
5 156.87169242009242 0.00000000000000
6 193.30835853451441 0.00000000000000
7 176.68199938204330 0.00000000000000
8 140.79352770895977 0.00000000000000
9 143.92913660847933 0.00000000000000
10 184.44905519041845 0.00000000000000
11 188.13575852106672 0.00000000000000
12 172.96400207000906 0.00000000000000
13 161.93288878573063 0.64721097513684
14 139.55558573864192 0.00000000000000
15 187.40990774823999 0.00000000000000
16 141.58692065943822 0.00000000000000
17 198.43507278789153 0.00000000000000
18 145.74281779117015 1.47197332688529
19 193.13998267077721 0.00000000000000
20 190.95519412686795 0.00000000000000
21 122.37557969165780 0.08430812375506
22 206.29559720790135 0.00000000000000
23 167.02308971967102 0.00000000000000
24 130.67286842567992 0.00000000000000
25 202.59940232629194 0.00000000000000
26 166.75677648535353 0.00000000000000
27 119.94162416124422 0.00000000000000
28 128.01812720536779 0.00000000000000
29 182.04216776312813 0.00000000000000
30 118.30113723503973 0.00000000000000
31 180.53703305308525 0.00000000000000
32 170.01068792740071 0.00000000000000
33 199.65412591169925 0.00000000000000
34 185.65342410589716 0.00000000000000
35 189.13661655655872 0.00000000000000
36 180.91212625115091 0.00000000000000
37 169.90865405311007 0.00000000000000
38 128.85512311668165 0.00000000000000
39 204.04478246483569 0.00000000000000
40 145.21597218747226 0.00000000000000
41 189.90954530346883 0.00000000000000
42 205.52223987547214 0.00000000000000
43 175.45806186568782 0.00000000000000
44 174.26594610207636 0.00000000000000
45 181.01252413264197 0.00000000000000
46 206.83201891284099 0.00000000000000
47 184.81296041527332 0.00000000000000
48 166.68444910178687 0.00000000000000
49 135.19986218132715 0.00000000000000
50 162.16130606743437 0.00000000000000
51 152.61893355363927 0.00000000000000
52 153.35358940428731 0.00000000000000
53 126.25796198479885 0.00000000000000
54 126.85802826382418 0.00000000000000
55 190.87582059188981 0.00000000000000
56 177.39903359814025 0.00000000000000
57 193.85770421248870 0.00000000000000
58 184.51807773424019 0.00000000000000
59 130.50026169417109 0.08727887702424
60 199.72776894220621 0.00000000000000
61 194.27116719457467 0.00000000000000
62 189.72717740162938 0.00000000000000
63 158.27226877502576 0.11889181011826
64 146.74856785162265 1.12544871016842
65 158.13346787666006 0.00000000000000
66 150.47377117046753 0.00000000000000
67 195.99071268831625 0.00000000000000
68 115.70299793401249 0.36780079795890
69 149.37954622631526 0.00000000000000
70 140.49058391687544 0.00000000000000
71 175.19750711820581 0.00000000000000
72 158.48924186356473 0.00000000000000
73 125.85783683528786 0.00000000000000
74 185.12472363893664 0.00000000000000
75 158.44053074393497 0.00000000000000
76 185.67071328343707 0.00000000000000
77 193.14867931665995 0.00000000000000
78 172.51795368344040 0.23231968857125
79 179.08980317558340 2.39297868257665
80 185.74391135989714 0.51766266545021
81 167.22234683252344 0.00000000000000
82 169.87916789370681 0.87381395663420
83 143.42978169797394 0.00000000000000
84 153.59163002937055 0.00000000000000
85 131.35548860745240 0.00000000000000
86 188.67699682203357 4.99485248064027
87 131.21642886714540 0.00000000000000
88 86.28391878212904 0.00000000000000
89 103.99139243930307 0.00000000000000
90 154.54711288208603 0.67342695673617
91 112.75798105356361 0.00000000000000
92 174.05789992303733 1.42465060192649
93 193.68582583001660 6.87696165667728
94 113.01437595683147 0.00000000000000
95 95.19254617768554 0.00000000000000
96 171.67971040184364 2.78792933101219
97 186.10314717860021 3.84656963054251
98 90.65723864530344 0.00000000000000
99 203.85115749916164 4.73487502873488
100 127.90439734682944 0.00000000000000
101 382.19366899461386 0.00000000000000
102 338.81286693236092 0.00000000000000
103 311.41145693436937 0.00000000000000
104 319.85350697482875 0.00000000000000
105 116.65442384879476 0.00000000000000
106 365.17255768745093 0.00000000000000
107 171.62779505741835 0.00000000000000
108 258.75263776294770 0.00000000000000
109 376.85306176844068 0.00000000000000
110 66.65286644030276 0.00000000000000
111 250.52059779484335 0.00000000000000
112 151.07070524879509 1.85033950301505
113 68.71560540508355 0.00000000000000
114 240.25120288155719 0.00000000000000
115 355.06157765650113 0.00000000000000
116 242.83542329117827 0.36697204142064
117 231.32000457454180 0.00000000000000
118 317.96739852794303 0.00000000000000
119 252.43835872353827 0.00000000000000
120 294.91546932938911 0.00000000000000
121 124.50576341965365 0.00000000000000
122 336.62639455835011 0.00000000000000
123 277.45289278113074 0.00000000000000
124 181.04684672291046 0.00000000000000
125 221.26493296192052 0.00000000000000
126 189.02982261776415 0.00000000000000
127 357.70587448757470 0.00000000000000
128 153.04175599740748 0.00739960130514
129 85.69967069865633 0.00000000000000
130 216.87273947230821 0.00000000000000
131 152.87887295912790 0.00000000000000
132 341.52986587694460 0.00000000000000
133 234.35255403723104 0.00000000000000
134 189.73840609921254 0.00000000000000
135 401.06832470765238 0.00000000000000
136 193.89382196482626 0.14981029887755
137 298.51350622512319 0.00000000000000
138 319.85521920782509 0.00000000000000
139 202.36754834097158 0.00000000000000
140 258.39254594351911 0.00000000000000
141 156.08287876492187 0.01756003027320
142 312.07913229368609 0.00000000000000
143 158.51174925448353 0.00000000000000
144 48.30101831456836 0.00000000000000
145 115.34251958866000 0.00000000000000
146 97.99723652615756 0.00000000000000
147 381.41124952331722 0.00000000000000
148 49.19169379174306 0.00000000000000
149 267.80513263826890 0.00000000000000
150 109.57509100838860 0.00000000000000
151 201.41056646446424 0.00000000000000
152 83.91652565027921 0.00000000000000
153 100.91997121539842 1.18772721588326
154 20.94476459452690 0.00000000000000
155 185.27703618214736 0.00000000000000
156 186.32493108297351 0.00000000000000
157 248.48200883366832 0.00000000000000
158 122.20950148614570 0.00000000000000
159 343.95174056936077 0.00000000000000
160 194.94527753742886 0.00000000000000
161 277.66266649253527 0.00000000000000
162 366.83484719976872 0.00000000000000
163 387.83589397825438 0.00000000000000
164 296.84591621251633 0.00000000000000
165 133.53296606683423 0.00000000000000
166 263.66268679158543 0.00000000000000
167 251.17749568172331 0.00000000000000
168 153.45993448442533 0.00000000000000
169 106.89405214425427 0.44314205372412
170 110.93693823208568 0.04965990802583
171 398.42952792492611 0.00000000000000
172 216.65875981000892 0.17664470324250
173 356.07992555211484 0.00000000000000
174 183.37657804414118 0.00000000000000
175 303.91381286397944 0.00000000000000
176 263.02873478732738 0.00000000000000
177 97.33489849158262 0.00000000000000
178 37.23718030089863 0.00000000000000
179 239.39666696096805 0.00000000000000
180 83.65225632114011 0.00000000000000
181 177.14817056811248 0.00000000000000
182 243.85789014747866 0.00000000000000
183 321.20228805001341 0.00000000000000
184 254.01230212808011 0.00000000000000
185 194.65235914176853 0.00000000000000
186 190.82698508600038 2.10300135335089
187 192.48077643466956 0.00000000000000
188 249.33945326101332 0.00000000000000
189 254.83574897936344 0.00000000000000
190 242.66510295120653 0.00000000000000
191 317.24592325819481 0.00000000000000
192 142.12099723224060 0.00000000000000
193 300.48619781257838 0.00000000000000
194 220.53614993579785 0.00000000000000
195 377.42543470246869 0.00000000000000
196 222.95688707119609 0.00000000000000
197 147.14200299889970 0.00000000000000
198 199.42747624307555 0.00000000000000
199 208.85450608428258 0.00000000000000
200 357.17273040160381 0.00000000000000
201 283.40085636417291 0.00000000000000
202 42.04105505891819 0.19578087548691
203 292.88898385924728 0.00000000000000
204 133.14063776926184 0.00000000000000
205 178.02850616091951 0.00000000000000
206 304.55115282550673 0.00000000000000
207 336.65705393428578 0.00000000000000
208 293.87070464514869 0.00000000000000
209 211.82942546979655 0.00000000000000
210 343.94782698319909 0.00000000000000
211 75.11347336877054 0.00000000000000
212 404.27581672541908 0.00000000000000
213 212.95919741302455 0.00000000000000
214 282.64024921049753 0.00000000000000
215 358.72556995812937 0.00000000000000
216 173.43063609376370 0.00000000000000
217 55.86378688050186 0.00000000000000
218 150.66889488340829 0.00000000000000
219 221.02269409482756 0.00000000000000
220 135.92485335483909 0.00000000000000
221 303.37742118568093 0.00000000000000
222 375.69677267757271 0.00000000000000
223 251.71009370538877 0.00000000000000
224 370.44653221037169 0.00000000000000
225 344.49274796319747 0.00000000000000
226 381.51256864991257 0.00000000000000
227 335.72836255239372 0.00000000000000
228 117.39474386590865 0.00000000000000
229 181.25271301463403 0.00000000000000
230 334.06014160034613 0.00000000000000
231 24.22496177874905 0.00000000000000
232 266.57335793114129 0.00000000000000
233 313.88861446954951 0.00000000000000
234 366.32353363905116 0.00000000000000
235 373.26931327853549 0.00000000000000
236 144.48994691440907 0.00000000000000
237 259.29964418095727 0.00000000000000
238 195.92290047900897 0.00000000000000
239 324.05734898048973 0.00000000000000
240 231.72492967168472 0.00000000000000
241 286.38226412669582 0.00000000000000
242 125.35186811115777 0.00000000000000
243 234.68513618231702 0.00000000000000
244 69.30797777268094 0.00000000000000
245 286.73563972253407 0.00000000000000
246 193.03106455394786 0.00000000000000
247 134.29763854568830 0.00000000000000
248 157.53068473748385 0.06615496263980
249 151.19672931231113 0.00000000000000
250 147.54901608883696 0.00000000000000
251 355.59820795915510 0.00000000000000
252 161.46843410292200 0.00000000000000
253 274.90297918559213 0.00000000000000
254 211.64003968016067 0.00000000000000
255 269.87098028967097 0.03534520484902
256 101.65242502102872 0.00000000000000
257 177.71971073379100 0.00000000000000
258 308.90815928269632 4.44039833424884
259 255.39846277717663 1.98674893595329
260 223.30737231868352 0.00000000000000
261 66.86939142801708 0.00000000000000
262 368.47173554244165 4.08854257479186
263 172.78141815078209 0.00000000000000
264 82.62002035090079 0.00000000000000
265 364.81013519503335 6.78989124357598
266 395.66900571863988 2.30409925669084
267 271.56335650170587 1.55750851280001
268 92.26353597324069 0.00000000000000
269 143.43370790329411 0.00000000000000
270 211.64849969148878 2.14260109230698
271 166.98185741490749 0.02912200973331
272 397.27114018743401 3.47399747658585
273 29.62734413239154 0.00000000000000
274 344.41910198500091 1.33825459717997
275 313.06301491531337 1.41287715264618
276 254.82210096649968 0.51904017287710
277 214.41076879727444 0.41621846448690
278 387.37603005484658 6.78891743469054
279 199.26707421607159 0.00000343730945
280 135.69759928649776 0.00000000000000
281 343.07063682743291 3.06740420780653
282 129.83230371697175 0.00000000000000
283 100.44424927227021 0.00000000000000
284 120.07695936050006 0.00000000000000
285 340.81376726037308 4.48391686322192
286 233.23708005667589 1.53987101759164
287 167.30989509587008 0.00000000000000
288 224.15332470204339 0.05870643182143
289 367.00534321381735 4.98010315943013
290 283.89689003707593 3.57650530311083
291 286.54975901578001 4.46724004562302
292 32.46351247245612 0.00000000000000
293 195.71752993915217 0.00165445822547
294 191.60068114622200 0.00000000000000
295 344.20590388076255 6.95987872044554
296 104.48727516086558 0.00000000000000
297 329.55090722221587 1.53043573835851
298 376.38921175364493 5.60653398324689
299 99.73235422479988 0.00000000000000
300 316.77604749229823 6.92098222944290
301 1455.28673828957017 0.00000000000000
302 342.19316336100519 0.00000000000000
303 722.20801375526628 0.00000000000000
304 99.10466574866727 0.00336049398328
305 190.51380037586947 0.00000000000000
306 1208.26462514074547 0.00000000000000
307 1249.05537542181582 0.00000000000000
308 356.22005586194911 0.00000000000000
309 350.81458577979129 0.00000000000000
310 304.31467975404433 0.00000000000000
311 757.72449822264230 0.00000000000000
312 1141.34599702655669 0.00000000000000
313 375.94809237808863 0.10456397534068
314 838.22025627036840 0.00000000000000
315 165.68103307439853 0.00000000000000
316 124.42614214778241 0.00000000000000
317 1090.55026723343781 0.00000000000000
318 333.71532288300386 0.00000000000000
319 462.98789197924788 0.00000000000000
320 193.54017432196076 0.00000000000000
321 570.72277418625572 0.00000000000000
322 429.02531852520383 0.00000000000000
323 306.73586562584705 1.01801159821698
324 230.17524878207010 1.43748553277501
325 1204.39978668774143 0.00000000000000
326 445.41627586623798 0.00000000000000
327 126.81806923553754 0.00000000000000
328 96.80139286056657 0.00000000000000
329 1029.52447058320081 0.00000000000000
330 261.12520094186016 0.68088893247893
331 843.49004490321636 0.00000000000000
332 583.28154952728516 0.00000000000000
333 318.35794371903739 0.00000000000000
334 1353.50247564346751 0.00000000000000
335 277.03583619456123 0.00000000000000
336 1034.33044126074378 0.00000000000000
337 475.42756434048721 0.00000000000000
338 1025.99128231229838 0.00000000000000
339 278.73521968234274 0.00000000000000
340 362.71154485580826 0.00000000000000
341 174.36557585522644 0.00000000000000
342 1093.24130780529731 0.00000000000000
343 474.81890876634247 0.00000000000000
344 103.85686725047113 0.00000000000000
345 1447.77970240387435 0.00000000000000
346 392.72593561043504 0.00000000000000
347 95.20561585414487 0.23456335094975
348 632.48688479030886 0.00000000000000
349 564.39657488384955 0.00000000000000
350 729.54580197056248 0.00000000000000
351 164.79702310280382 0.00000000000000
352 516.01338262326487 0.00000000000000
353 911.04247440406732 0.00000000000000
354 302.86512893600525 0.00000000000000
355 175.97887506589652 0.00000000000000
356 749.60312421597416 0.00000000000000
357 778.92847387492793 0.00000000000000
358 111.62971938756584 0.00000000000000
359 126.30263656777339 0.00000000000000
360 983.36247850296490 0.00000000000000
361 222.34723261397735 0.00000000000000
362 321.09982683538072 0.92983332893657
363 1045.22165847177530 0.00000000000000
364 164.94141939757384 1.57858809589899
365 1258.24644152590395 0.00000000000000
366 944.06928111959678 0.00000000000000
367 545.69918239560718 0.00000000000000
368 250.73957922870241 0.00000000000000
369 1087.03611856087286 0.00000000000000
370 308.66837992977935 0.22289129668020
371 703.60647123925503 0.10686631571266
372 981.80777156184695 1.45356011173651
373 594.70702025813466 0.96843118007636
374 617.67383435685065 1.58496476879211
375 258.79085018717598 0.00000000000000
376 744.41777127575313 5.00364252074383
377 138.53593609036284 0.00000000000000
378 134.14368565914904 0.00000000000000
379 1312.89957775374887 1.88236734541047
380 390.08240175088417 0.00000000000000
381 291.06455155469700 0.00000000000000
382 115.48183990541087 0.00000000000000
383 225.42030515306885 0.00000000000000
384 16.28535931800369 0.00000000000000
385 601.45351427658625 0.04893744119075
386 466.25010891690937 0.00000000000000
387 193.81519753108708 0.00000000000000
388 453.94438656174123 0.00000000000000
389 731.56663524690771 1.97187442534083
390 538.86788846594561 1.41798867104463
391 771.13557344376977 4.54823433565095
392 81.04135730580495 0.00000000000000
393 1214.96640139441001 2.61359293438631
394 1152.36214334804185 2.93816916171509
395 270.07793189733826 0.00000000000000
396 568.08766106615826 0.51099417058814
397 416.94670988214835 0.31577669791146
398 840.50061777940311 5.19626613584600
399 535.24925910143043 0.00000000000000
400 1318.02763683000330 4.75552834576365
401 140.14667400629168 0.00000000000000
402 140.69814367873698 0.00000000000000
403 163.40297484001721 0.00000000000000
404 160.91106467814265 0.00000000000000
405 133.73419925784435 0.00000000000000
406 140.15667400629169 0.00665717140431
407 139.98541219422836 0.00665717140431
408 143.95229717419318 0.00000000000000
409 140.73057008560818 0.00000000000000
410 132.29396973447678 0.00000000000000
411 192.41164724022286 0.00000000000000
412 158.10328706039300 0.00000000000000
413 123.62214851643512 0.00000000000000
414 138.70485015138536 0.01065524539490
415 173.39311106274826 0.00000000000000
416 210.58392994547714 0.00000000000000
417 163.45177026950697 0.00000000000000
418 192.75771161777425 0.00000000000000
419 136.87006189786169 0.00000000000000
420 134.22115212539708 0.02136394125906
421 131.46515488104552 0.00000000000000
422 176.76595346864573 0.00000000000000
423 121.73348665703750 0.00000000000000
424 160.99204988432186 0.00000000000000
425 177.08545127725785 0.00000000000000
426 140.37000275569369 0.00686344355841
427 136.79238309562541 0.00000000000000
428 124.48114432117507 0.03646768942197
429 177.30169750940323 0.00000000000000
430 211.00088806978920 0.00000000000000
431 159.88332273035533 0.00000000000000
432 179.70972733867606 0.00000000000000
433 139.66089509661617 0.00000000000000
434 169.75738869647964 0.00000000000000
435 142.93373315917862 0.00000000000000
436 176.76595346864573 0.00000000000000
437 179.50320395590236 0.00000000000000
438 192.15044168978514 0.00000000000000
439 140.35360733847108 0.00000000000000
440 157.02189793370920 0.00000000000000
441 124.54867319450484 0.00000000000000
442 140.03905488373303 0.00000000000000
443 159.82117984971188 0.00000000000000
444 147.55751247256856 0.00000000000000
445 192.91331658934857 0.00000000000000
446 125.24470300892341 0.03680089632504
447 123.95746159682825 0.03719861922979
448 168.18734882231479 0.00000000000000
449 204.03698938030871 0.00000000000000
450 192.69940209882580 0.00000000000000
451 159.26804016146676 0.00000000000000
452 140.40764093462849 0.00000000000000
453 141.93246287290330 0.00000000000000
454 133.43068967796091 0.00000000000000
455 190.63842474565377 0.00000000000000
456 201.54246186444033 0.00000000000000
457 134.55899866916377 0.00000000000000
458 122.85636845914185 0.03821563574218
459 144.05894862697855 0.00000000000000
460 140.40764093462849 0.00000000000000
461 211.04331447666041 0.00000000000000
