1 163.70999720486475 0.00000000000000
2 138.21149386032658 0.00000000000000
3 142.74385959650076 0.00000000000000
4 186.25622656108905 0.00000000000000
5 200.94518693741733 0.00000000000000
6 141.16691611531172 0.00000000000000
7 181.63991174702426 0.00000000000000
8 161.56212430036578 0.00000000000000
9 142.41581254888257 0.00000000000000
10 191.99297321869994 0.00000000000000
11 128.11940414910592 0.19958366879124
12 202.06622251284622 0.00000000000000
13 167.13894126312246 0.00000000000000
14 191.75341651094527 0.00000000000000
15 130.24958743823808 0.00000000000000
16 181.56071819579211 0.00000000000000
17 198.89005546721091 0.00000000000000
18 184.34564960631289 0.00000000000000
19 167.38407343351372 0.00000000000000
20 157.42281517234602 0.00000000000000
21 157.30354705400549 0.84939162251185
22 201.52240391412312 0.00000000000000
23 121.28160590063467 0.00000000000000
24 194.37058619998916 0.00000000000000
25 155.30702148945775 0.00000000000000
26 171.75574116817398 0.13137332252761
27 126.18056565859216 0.00000000000000
28 146.19981099842161 0.06380811210682
29 164.01861299494973 1.64112463781165
30 159.40838552558458 0.00000000000000
31 148.75254942728998 0.00000000000000
32 182.71218144038548 0.00000000000000
33 143.18471151949140 0.00000000000000
34 157.28149263068673 0.00000000000000
35 151.28886061209170 0.00000000000000
36 125.61319916058424 0.00000000000000
37 193.29465806746865 0.00000000000000
38 150.93065359004521 0.00000000000000
39 162.04441539536623 0.00000000000000
40 157.12630735475815 0.00000000000000
41 139.49582259300595 0.00000000000000
42 202.10172649967012 0.00000000000000
43 118.52630396543493 0.00000000000000
44 189.03842028624533 0.00000000000000
45 123.42532753011398 0.00000000000000
46 186.31763659707096 0.00000000000000
47 191.43317804888841 0.00000000000000
48 169.63614570041358 0.00000000000000
49 195.36770013790024 0.00000000000000
50 152.70652148326730 0.00000000000000
51 137.43069660260599 0.00000000000000
52 196.62826265682619 0.00000000000000
53 179.96756014257579 0.00000000000000
54 170.42966850634647 0.00000000000000
55 183.02219435642252 0.00000000000000
56 196.58250610838866 0.00000000000000
57 182.46664051802608 0.00000000000000
58 154.65500381747827 0.00000000000000
59 118.26379109135803 1.66138781126905
60 147.31661453667613 0.00000000000000
61 187.82630689098403 0.00000000000000
62 152.27389073035187 0.00000000000000
63 156.23669896298514 0.00000000000000
64 182.62961522868983 0.00000000000000
65 161.68657977791875 0.00000000000000
66 118.00890610604168 0.00000000000000
67 126.42016883555840 0.00000000000000
68 146.05622215596910 0.00000000000000
69 156.59025336592435 0.00000000000000
70 119.34745729258114 0.00000000000000
71 129.16557567388327 0.00000000000000
72 153.06067437887194 0.00000000000000
73 192.30969262212142 0.00000000000000
74 164.20083173162888 0.00000000000000
75 182.61920926396979 0.50508819819987
76 149.79789724833404 2.91472657989979
77 164.36585789509013 0.00000000000000
78 167.91948656585180 0.00000000000000
79 163.95594136971644 2.34477639715437
80 180.05953268869928 0.80468375433853
81 154.21371338207865 2.27736034419618
82 162.30986574913504 0.04583844571052
83 170.33269657300244 0.04133365244594
84 151.32993826181439 0.00000000000000
85 163.29244665497322 2.30216260888754
86 178.16906663351423 0.38896029088541
87 194.90834413926893 3.26520223799420
88 155.95585445213908 3.66310055676499
89 136.50352517072272 3.50004987057625
90 160.71422455317705 1.53685853423313
91 125.36412848397993 0.00000000000000
92 168.66487977551228 4.83734643344056
93 193.28599106081469 6.03324041042854
94 77.41950160202332 0.00000000000000
95 137.98628404083217 2.74907303772226
96 159.40295755813804 0.00000000000000
97 198.99406454691109 3.86953165909611
98 186.72665870588156 3.03997271700128
99 109.22563812873615 0.00000000000000
100 183.28503240437351 5.86364368781047
101 33.00835698842496 0.00000000000000
102 260.02685823561387 0.00000000000000
103 186.77250751388712 0.00000000000000
104 301.28432024667933 0.00000000000000
105 244.20800177729345 0.00000000000000
106 308.17593514571746 0.00000000000000
107 328.17119983635462 0.00000000000000
108 307.91538397004086 0.00000000000000
109 120.17086349127494 0.00000000000000
110 296.14914330209808 0.00000000000000
111 234.66411277996798 0.00000000000000
112 285.30751291712591 0.00000000000000
113 135.91792519015630 0.00000000000000
114 172.66829581847026 0.05267193909429
115 255.04317992060567 0.00000000000000
116 274.64247568413202 0.00000000000000
117 168.14603441985224 0.00000000000000
118 362.55278798471886 0.00000000000000
119 204.66711728867060 0.00000000000000
120 309.00838813480948 0.00000000000000
121 281.96500617049441 0.00000000000000
122 141.77929801958712 0.00000000000000
123 356.90553373291868 0.00000000000000
124 298.91194105095667 0.00000000000000
125 111.90711305533294 0.00000000000000
126 369.37735137353184 0.00000000000000
127 240.60534098488552 0.00000000000000
128 354.32607163065120 0.00000000000000
129 181.67360137403983 0.00000000000000
130 142.82274324593152 0.00000000000000
131 374.86345722105148 0.00000000000000
132 97.77182618214219 0.00000000000000
133 174.19680525561438 0.27987506260786
134 373.32919399134545 0.00000000000000
135 176.27990056659593 0.00000000000000
136 197.28456683936435 0.00000000000000
137 185.65311063313052 0.06424983460006
138 372.21123662592976 0.00000000000000
139 304.34981571591356 0.00000000000000
140 210.37456093322004 0.77447464078812
141 123.38113797794998 1.98690516871428
142 179.29983953525712 0.00000000000000
143 238.44180992883611 0.00000000000000
144 246.44117456669179 0.00000000000000
145 239.37456501160560 0.00000000000000
146 226.80235668971662 0.00000000000000
147 342.57312030898117 0.00000000000000
148 353.46481577158772 0.00000000000000
149 60.96279781295051 0.00000000000000
150 45.42443284240935 1.42892194988534
151 181.52353379577210 0.02407261691621
152 305.64162949446137 0.00000000000000
153 374.16710028457948 0.00000000000000
154 283.82731937750793 0.00000000000000
155 159.86312590907380 0.01740029631244
156 252.51391440764851 0.00000000000000
157 201.52151396854072 0.10006020978292
158 178.65023564638386 0.00000000000000
159 320.77596701057234 0.00000000000000
160 210.89012827027483 0.00000000000000
161 213.95525495433026 0.00000000000000
162 338.18501977031082 0.00000000000000
163 359.00753891900223 0.00000000000000
164 235.41204866658006 0.00000000000000
165 57.57110580076341 0.00000000000000
166 164.62872095019037 0.00000000000000
167 260.50403246628429 0.00000000000000
168 216.92824639694763 0.00000000000000
169 139.61101001925579 1.36813828415580
170 193.14507383696190 0.00000000000000
171 145.81962389643465 1.10892688127639
172 117.00737942476512 0.00000000000000
173 12.74697726467396 0.00000000000000
174 361.44007020844617 0.00000000000000
175 356.16586794003013 0.00000000000000
176 298.15841869020062 0.00000000000000
177 229.73241096058561 0.00000000000000
178 249.35933368760377 0.00000000000000
179 341.01182514788053 0.00000000000000
180 130.37682526477633 1.34953905545844
181 100.47990673576091 0.00000000000000
182 266.26366244742894 0.00000000000000
183 378.02336971953423 0.00000000000000
184 124.66569740014991 0.00000000000000
185 93.01668486856195 0.00000000000000
186 336.22552583978518 0.00000000000000
187 42.43525089334221 0.00000000000000
188 384.02185943186038 0.00000000000000
189 375.03610337815212 0.00000000000000
190 363.85701381770792 0.00000000000000
191 217.79164531552001 0.04230049788995
192 212.15839802814153 0.00000000000000
193 407.32064562376485 0.00000000000000
194 203.81319201424182 0.00000000000000
195 381.26210855468315 0.00000000000000
196 69.70900143276016 0.00000000000000
197 393.16451212731255 0.00000000000000
198 269.77540040800517 0.00000000000000
199 400.54918708996320 0.00000000000000
200 406.40461549972861 0.00000000000000
201 347.63050007246159 0.00000000000000
202 346.52689988528556 0.00000000000000
203 209.56123067191635 0.00000000000000
204 157.71731183765948 0.00000000000000
205 213.34862583735139 0.00000000000000
206 167.26778975771188 0.00000000000000
207 335.02266528758594 0.00000000000000
208 282.58181887162874 0.00000000000000
209 146.85842326691017 0.00000000000000
210 173.60672430809166 0.00000000000000
211 75.34305547943485 0.00000000000000
212 277.69706060429468 0.00000000000000
213 183.48840440688934 0.00000000000000
214 345.29485844687895 0.00000000000000
215 228.84030167833257 0.00000000000000
216 115.50869894258740 0.00000000000000
217 180.14179725374410 0.00000000000000
218 359.00419811386610 0.00000000000000
219 346.50829704000824 0.00000000000000
220 36.44251467983799 0.00000000000000
221 238.59476591806296 0.00000000000000
222 354.58347755555627 0.00000000000000
223 123.16948979511623 0.00000000000000
224 189.77331709885377 0.00000000000000
225 157.52652063060111 1.83853640036832
226 247.94662588229755 0.00000000000000
227 157.69517326380270 5.57165835384659
228 108.11083949166844 0.00000000000000
229 322.98464230320127 0.00000000000000
230 125.15902789903171 0.00000000000000
231 188.60119812451893 0.00000000000000
232 267.92411343037674 0.00000000000000
233 267.54411448363555 0.00000000000000
234 316.53028995457646 0.00000000000000
235 311.88847097941238 0.00000000000000
236 219.03457092183220 0.00000000000000
237 317.82960687213779 0.00000000000000
238 295.85960105330832 0.00000000000000
239 138.62147787209616 0.00000000000000
240 248.29371172002206 0.00000000000000
241 290.35696314952690 0.00000000000000
242 412.16449090996298 0.00000000000000
243 209.26784043057964 0.00000000000000
244 339.92203799684256 0.00000000000000
245 257.45102944496887 0.00000000000000
246 256.43344143328585 0.00000000000000
247 279.81174844960964 0.00000000000000
248 289.02368476342008 0.00000000000000
249 362.95426332961426 0.00000000000000
250 358.13062659452845 0.00000000000000
251 165.56055943095726 0.00000000000000
252 247.28042974085221 0.00000000000000
253 353.88834567618142 0.00000000000000
254 257.79548572405668 0.00000000000000
255 207.80510123201557 0.00000000000000
256 146.72535466598171 0.00000000000000
257 294.04134241186654 4.07557767477427
258 171.97214203677342 0.00000000000000
259 300.53513317399268 1.16436158045254
260 51.55203909790100 0.00000000000000
261 335.24115801102681 2.22472677364527
262 151.91093638732855 0.00000000000000
263 185.34367563067670 0.00000000000000
264 220.66026029750816 0.26465298728333
265 351.85481044892362 5.55927712311960
266 285.73857287301195 2.96733082626511
267 108.92879736423581 0.00000000000000
268 297.59105956156571 2.47858716396614
269 301.52452979242190 3.38448294168776
270 135.72804201328907 0.00000000000000
271 288.45114150051484 1.29904607377925
272 136.20604878657821 0.00000000000000
273 120.36392620524785 0.00000000000000
274 291.62055429683886 1.72678460930801
275 318.88145129650945 3.45779644709788
276 96.62556285295354 0.00000000000000
277 296.90259107355189 5.59957883300236
278 288.04547336222947 4.43912668855627
279 49.39624279280348 0.00000000000000
280 142.66055129891336 0.00000000000000
281 30.53522485698947 0.00000000000000
282 113.65762245052628 0.00000000000000
283 247.89196858031556 2.79599987877954
284 396.96459096913372 2.98359821511579
285 138.20456979593899 0.00000000000000
286 370.70298550864567 2.88043540220155
287 133.31001355851626 0.00000000000000
288 134.25344319033431 0.00000000000000
289 195.60193522978236 0.00000000000000
290 193.39312102271919 0.09890442328351
291 311.59381903713069 3.33671572446812
292 237.16377548184741 0.66810488210991
293 313.15201080252962 4.50690904974305
294 110.96781632393964 0.00000000000000
295 219.90339242634312 0.00000000000000
296 87.47257914497391 0.00000000000000
297 253.10749937332497 0.54583923694189
298 205.07301385990746 0.05586315568125
299 299.93167533723437 2.69872469328198
300 146.73917395083515 0.00000000000000
301 955.57973806550672 0.00000000000000
302 1221.07396192158581 0.00000000000000
303 204.18632053646400 1.24284804224077
304 100.86478670967006 0.00000000000000
305 339.84064013357818 0.00000000000000
306 667.83155842275335 0.00000000000000
307 128.86669148117497 0.00000000000000
308 307.56685490796866 0.00000000000000
309 150.40693335063597 0.00000000000000
310 435.22575180832848 0.00000000000000
311 355.42908592705572 0.00000000000000
312 1056.32264650942489 0.00000000000000
313 837.41081355510676 0.00000000000000
314 1030.05901754864271 0.00000000000000
315 673.43410207711565 0.00000000000000
316 869.81457882262134 0.00000000000000
317 1100.09816774695628 0.00000000000000
318 329.22368545314731 0.00000000000000
319 729.99391986291414 0.00000000000000
320 414.21372679817847 0.00000000000000
321 351.93736804594749 0.00000000000000
322 925.06964335679845 0.00000000000000
323 547.46495120198074 0.00000000000000
324 283.80910471789070 0.00000000000000
325 1075.10065027227165 0.00000000000000
326 199.75644532688003 0.43152789705257
327 705.71516077801732 0.00000000000000
328 1547.65500096419851 0.00000000000000
329 1390.72610787425765 0.00000000000000
330 294.67067041846690 0.07521086198502
331 209.25782610035833 1.39342896338921
332 236.40509293007088 0.00000000000000
333 949.79193781499998 0.00000000000000
334 1152.06695957057582 0.00000000000000
335 99.29496294891368 0.00000000000000
336 505.62480519138944 0.00000000000000
337 1238.35023017792037 0.00000000000000
338 535.90581410713560 0.00000000000000
339 101.18272751790131 0.00000000000000
340 375.49930099590154 0.00000000000000
341 1057.39358546484982 0.00000000000000
342 138.69746195241299 0.00000000000000
343 1044.39423458606370 0.00000000000000
344 366.25628562718003 0.00000000000000
345 357.48760066599385 0.00000000000000
346 531.30823055356393 0.00000000000000
347 748.19310940216099 0.00000000000000
348 768.20853051364691 0.00000000000000
349 143.79771559897210 0.00000000000000
350 908.26445365103450 0.00000000000000
351 188.28515058448474 0.02839128656116
352 958.04181376430813 0.00000000000000
353 552.36635582131896 0.00000000000000
354 123.84842936024891 0.00000000000000
355 1447.21408076517287 0.00000000000000
356 893.18819699538471 0.00000000000000
357 281.50230305491920 0.00000000000000
358 301.28459528223834 0.00000000000000
359 1097.56020800001852 0.00000000000000
360 925.02175724513813 0.00000000000000
361 102.42036481541307 0.00000000000000
362 1079.06571075289253 0.00000000000000
363 692.94372214666021 0.00000000000000
364 332.66798493720393 0.74556402752232
365 503.99782925588431 0.00000000000000
366 1103.94836306725870 0.00000000000000
367 385.06613799762073 0.09162668038559
368 136.94932626414479 1.60827355876555
369 898.48321336642982 0.65838885621101
370 88.63741399985021 0.00000000000000
371 431.99808314902583 0.34052177455606
372 343.68021782915315 0.33178375884570
373 298.58163891160649 0.00000000000000
374 698.77154915446022 3.69505807473771
375 876.86643461167398 0.94064557779214
376 342.97979794431592 0.19366785245570
377 258.92376538676518 0.00000000000000
378 438.09177396909223 0.59105540499192
379 602.64480819283017 2.60091584372827
380 514.16064091965654 0.00000000000000
381 445.61285224269687 0.04102107543419
382 202.56475955659150 0.00000000000000
383 224.47848695862697 0.00000000000000
384 49.65744836427142 0.00000000000000
385 1452.24844021649733 11.39182836673093
386 156.97186307834443 0.00000000000000
387 1042.79585995258753 8.48261729942024
388 384.53966743044123 0.00000000000000
389 257.56540210857088 0.00000000000000
390 221.23817257852554 0.00000000000000
391 1069.71927184647211 1.34931919120238
392 1126.54384786796936 3.48072523506919
393 325.69399670441669 0.00000000000000
394 765.36634792665598 4.37055244323059
395 234.09223894018274 0.00000000000000
396 203.39701967242115 0.00000000000000
397 754.74717390200192 1.13243545034834
398 64.58392328625440 0.00000000000000
399 1114.00578045258862 3.41915293985283
400 574.63949380568840 1.80487037618125
401 140.08051627523304 0.00000000000000
402 210.66008767653580 0.00000000000000
403 128.62055570853062 0.00000000000000
404 140.46595045357694 0.00665717140431
405 122.27916163562345 0.00000000000000
406 176.43123073005233 0.00000000000000
407 192.32562398755243 0.00000000000000
408 140.74057008560820 0.00665717140431
409 211.00088806978920 0.00000000000000
410 150.12948366239814 0.00000000000000
411 148.19658678053975 0.00000000000000
412 118.34597362305171 0.03995126415756
413 134.90541851216108 0.00000000000000
414 173.46363543486487 0.00000000000000
415 140.08051627523304 0.00000000000000
416 145.46078061674564 0.00006231854581
417 192.53491623223229 0.00000000000000
418 138.29867371746042 0.00000000000000
419 174.51583195786094 0.00000000000000
420 177.08545127725785 0.00000000000000
421 126.13210441836372 0.03514908057213
422 192.95574299621978 0.00000000000000
423 135.13371476973276 0.01924431761437
424 177.99253262455255 0.00000000000000
425 177.02714175830940 0.00000000000000
426 139.89938894155793 0.00000000000000
427 178.14968354346794 0.00000000000000
428 119.48955460341382 0.00000000000000
429 156.32523466613574 0.00000000000000
430 150.03954709727114 0.00000000000000
431 133.65822597084471 0.00000000000000
432 192.45875850117363 0.00000000000000
433 129.05867407443245 0.00000000000000
434 181.59731661886767 0.00000000000000
435 131.05880517043465 0.00000000000000
436 176.70745140500017 0.00000000000000
437 181.36428502447592 0.00000000000000
438 173.55204584289720 0.00000000000000
439 152.08543208067533 0.00000000000000
440 122.89484384978026 0.03862359221638
441 139.98541219422836 0.00665717140431
442 151.92332769985265 0.00000000000000
443 210.80464906627878 0.00000000000000
444 201.03381398668498 0.00000000000000
445 195.03412517714463 0.00000000000000
446 177.25927110253201 0.00000000000000
447 118.15268463536474 0.00000000000000
448 155.02429747172494 0.00000000000000
449 210.30120343514557 0.00000000000000
450 140.46595045357694 0.00665717140431
451 210.54786019638760 0.00000000000000
452 136.98660319761558 0.00000000000000
453 158.17621779650912 0.00000000000000
454 132.27102130595563 0.00000000000000
455 153.02252906621365 0.00000000000000
456 192.91331658934857 0.00000000000000
457 205.41927425358767 0.00000000000000
