1  -0                       -0                      -10                      -10                       -4.2056319418442908997   -7.0155708751477892093   -8.0813747857088493731  10007787.97529826127          13692495.112958135083        
2  -0                       -0                      -10                       -6                        5.8583540787191434873   -7.403792139682471074     0.70776656826673267631 469972.93991232389817       21284547.588806539774        
3  -0                       -0                      -10                       -4                       -9.1421283882774844187   -9.8207070734466608286    9.3853746246046796387  52979.149838463126798      199072591.00906643271         
4  -0                       -0                       -9                       -5                       -9.489055935759875382     5.5250261034242793556    2.9835944629967858788  158308.69241881379276       2640435.9948220355436       
5  -0                       -0                       -7                       -9                       -2.616647882543921888    -0.17628969212309009151   0.57690739969717341751 5316472.6007277071476        3214.9175298663690228    
6  -0                       -0                       -7                        8                        9.7059395879753722625    1.3408193008370759003    9.9923240135405961837  2633139.5085259485058        397579.09380572952796      
7  -0                       -0                       -6                       -3                        7.788287627022377535     4.1564475627448125294    1.4603009455778153125  8664.0457118533995526     239519.02761663860292      
8  -0                       -0                       -4                       -7                        8.6922348464854337635   -4.5596298697776225239    2.36630918892380393    1178759.1704519432969        612224.12742779054679      
9  -0                       -0                       -4                        5                       -4.3456056642884668406   -9.7420944885681599601   -5.95447859917372746    160941.5046104536159        180783889.44346547127         
10  -0                       -0                       -3                       -9                       -5.0363244724344955472    3.0709980345429919169    3.6431305263824054208  5315988.8830367522314        46571.817709294991801     
11  -0                       -0                       -2                       -3                        3.8796034033795159246   -8.0425648141485357456   -6.0273002465585214793  11352.730163603751862      38065298.457994505763        
12  -0                       -0                       -2                        2                        3.8871903396747207182   -2.0165153405534503861    3.3504514685250956774  2482.6923658929345038     19732.977267900045263     
13  -0                       -0                       -1                       -7                       -4.4164204996117444324    8.1711947373779203474   -7.3511516552770395094  1180313.3919946532696        43191340.993916466832        
14  -0                       -0                       -1                       -0                        0.19305327183937492919  -4.892682199427883738     2.4910407350743604127  2183.4953124064986696     546280.49117674969602      
15  -0                       -0                        0                        4                        0.71320026919353551875   1.5449445404250248259    6.6230943775456943001  44069.957059112857678      14124.529974223745739     
16  -0                       -0                        2                       -6                       -2.5283372993081520974    4.2632131518743694443   -7.1127391237961514747  470008.70372284390032       175695.49952986481367      
17  -0                       -0                        3                        8                        3.0643274242008615715    2.4910767341643804684   -4.9078416636597790301  2622902.3808859554119        9808.776780399171912     
18  -0                       -0                        4                        3                       -9.8079921702673367179    9.2872299558020934285   -3.040720041990447875   8141.6402764689410105     125318208.50459386408         
19  -0                       -0                        6                       -4                       -1.9838145738695995846   -9.1434476431726654511    0.94074533179220054535 43604.621931088149722      108655374.76007899642         
20  -0                       -0                        7                        1                        2.1962513593216357322   -6.1440294546809646192    0.65939636281743929658 1955.1165712471970437     4494553.9539571208879       
21  -0                       -0                        8                        3                        2.4141844699990571144    7.4735272878619518622   -4.5528698687531488076  8096.6652279901572911     22019394.676858987659        
22  -0                       -0                       10                        9                        2.8389026758617692536   -5.9998984578198379936    2.9350888132033077227  5316348.4768918715417        4225715.9649292593822       
23  -0                        1                       -9                        6                       -6.8489156336637480038   -9.5831709334321519833   -0.7428151841807490996  470634.60675072518643       162503133.58334720135         
24  -0                        1                       -9                        7                        6.5020794462916349232   -3.6799016372220627602    8.8247099687402865698  1185257.3764647648204        281602.08523841295391      
25  -0                        1                       -8                       -6                        9.1179507684436771342    3.3092993813422211247   -9.0557693587014185255  475007.81066867703339       219506.57917727640597      
26  -0                        1                       -8                        4                       -8.366303316748705754     1.2787620495522951103    1.5843098096779080208  43222.596102091498324      78240.25201320022461      
27  -0                        1                       -7                        1                       -3.3427093267240879371    6.3392136843068307428    9.1820778280321810882  8689.7697883787950559     5903560.0057361908257       
28  -0                        1                       -6                        9                        8.0981436397842756492    3.2137059762307558231    7.8018914549283309157  5319632.9591520307586        110702.47897993188235      
29  -0                        1                       -5                       -6                       -6.2569322993778797581    4.9529685758809556262   -8.185537682689817629   472591.24675514729461       843319.59222858177964      
30  -0                        1                       -5                       -5                        2.7086692879429037362   -6.3902981531783709102   -3.4014575307726522269  159157.29172891474445       5852877.7392311543226       
31  -0                        1                       -5                       -3                        3.4222793044241672789   -3.0722137855467481771   -2.0292474373045754632  9515.3312003117516724     5476.8876950385320015    
32  -0                        1                       -5                       -2                        2.230082285311425494     3.1816114604031149327    5.0054678521065270047  2746.1799174041480001     6309.3608061390605144    
33  -0                        1                       -5                       -1                        6.2216320081863898395    9.3458044103553170601    2.8814409523593695894  1157.6846956907052117     130055208.43530346453         
34  -0                        1                       -5                        3                        1.4611099335041632941    4.3852213876553580718    2.0439546223566100736  8699.5405093684603344     238491.36964316907688      
35  -0                        1                       -4                        5                        2.9677990067209591984    3.4929358307155951024   -8.2298478441448921217  162184.95903441510745       35616.136969435712672     
36  -0                        1                       -4                        6                        8.041505138758651583    -4.4237207999774259548    3.8185440270073769398  469061.39240899152355       445499.64462136937073      
37  -0                        1                       -3                       -4                        9.2325657700397307792    1.5169567767204288344    4.1410427599409356247  42653.371899808094895      80113.05754219298251      
38  -0                        1                       -3                        3                        2.0214127383909961111   -3.7194621958648870219    9.9038577920932553411  19059.357014680354041      119273.4110199198476       
39  -0                        1                       -3                        5                       -8.243160398999698657    -3.6379042628442519458    2.1414726874455247696  158675.81367716830573       78364.433248652057955     
40  -0                        1                       -2                        2                        9.9809320987024783278    5.7977461150376452537   -0.80069515758343356993 1601.0011553919762264     2867328.4621408032253       
41  -0                        1                       -1                       -8                        2.1525247129434621485    2.1571882175647623114    2.8518722050145761671  2622745.3861240833066          0                     
42  -0                        1                       -1                        3                        6.5547705813671406361    6.9597134885750051581   -9.7122780698213837525  17019.978774413219071      11930069.959436165169        
43  -0                        1                       -1                        7                       -4.72172816344710089     -0.30267360319911240651  -9.9722323967478381235  1188046.1495241157245        91265.787571144028334     
44  -0                        1                       -0                       -8                       -5.6613450941107306136    7.3085887772150925912   -6.1543763226789760523  2623854.1921583074145        17428756.50873349607         
45  -0                        1                        1                       -8                        8.5337741224805832019   -0.78282514758274324151  -7.6737383994844670099  2626287.9946494461037        144382.55390615615761      
46  -0                        1                        1                       -2                        5.3989621702911865242   -7.888949051287246661     7.4717140464611730977  6316.8703281527159561     32769600.124618411064        
47  -0                        1                        1                        8                        1.8873877301150834285   -4.1028260590747986924   -5.2182926270222038667  2624105.0738882990554        106199.49305012717377      
48  -0                        1                        2                        5                        1.6165386276358120199    8.395007827743789619    -6.3655784134406809827  158531.43036283057882       53928244.158817686141        
49  -0                        1                        3                       -4                       -6.5556749807900125404    0.51604393974785622845  -1.0508912414896514065  42347.966246439624229      17432.341550126719085     
50  -0                        1                        3                        5                       -5.948000647847274891     0.09418015725708706043   9.552464359109531955   165992.81645358388778       97918.061945453533554     
51  -0                        1                        4                       -6                        5.2590692545424833071   -1.4275552031182563439    6.045399139100343433   469227.89491781563265       24269.180613662498217     
52  -0                        1                        4                       -1                        8.172657225028498118     7.9366564970848259009    8.5213933587223849031  5776.9570050014099252     35177128.183032259345        
53  -0                        1                        4                        2                       -8.5115301961471967473   -3.4459198288792958209    5.4162620707386395225  3444.4036718305578688     87003.087677327974234     
54  -0                        1                        4                        6                        3.4391289187087643597    2.4359018308327158309   -7.1952622860392967397  470148.97410777205369       6265.5941378085999531    
55  -0                        1                        4                        9                       -0.42727623347029819456  -1.0688259779968483087    8.9577577424336851664  5322219.6352408435196        24675.963216144067701     
56  -0                        1                        5                       -3                       -1.6673403551692729252    0.19723327144516744625   7.7153884840599573636  12035.393199841602836      6392.3944797010226466    
57  -0                        1                        5                       -0                       -3.5675738425051601865   -0.66665846448213983422  -8.6112178247780715168  6854.2283934333345314     25656.790927208327048     
58  -0                        1                        5                        8                       -3.6273015238940420346   -2.1246717543631499225    0.80360878141947011954 2622992.9021486099809          0                     
59  -0                        1                        6                       -9                       -4.7493558759816227877    9.4655260695097531709    9.0128128032961605243  5321594.3532850537449        143975760.07666391134         
60  -0                        1                        6                       -2                        7.8699959640620669177    2.8703993941022876157   -3.9211940624301577785  1633.9490373046837703     38075.371202655922389     
61  -0                        1                        8                       -5                       -6.741059998861494762    -5.7065484744212540136   -1.9974506707190862187  158402.04096157904132       2639141.8497147867456       
62  -0                        1                        8                        7                       -4.6853246120868146107    4.8405255223585719193    1.9363754655884672928  1177264.2582577229477        766110.24491946655326      
63  -0                        1                        8                        9                       -1.9245717781287225989   -0.37524007426530481268  -0.42223924533316647967 5315606.2100324612111        730.22069600680526946   
64  -0                        1                        9                       -6                       -3.2691086572622811701   -9.9624778741351107669    7.0212145161531793747  471851.31031649280339       219354011.55850180984         
65  -0                        1                        9                        6                        4.4748525142843948998   -5.0926896412607023379   -9.9165087260643680622  477994.77159912977368       1303104.5559415090829       
66  -0                        1                        9                        7                       -7.3078404210226768356   -7.6711396512741085729    4.3099810815073631431  1179342.6454485047143        28123406.707879528403        
67  -0                        1                        9                        9                       -5.3613868130214550334    0.48795514160686437322   4.0574105725491236285  5315852.8746474320069        18517.246895649186627     
68  -0                        1                       10                       10                       -2.6476187112386382339    8.6971236121734278868    0.21933701728654675378 10000478.759535681456         75482358.106412470341        
69  -0                        2                      -10                       10                       -8.8783166327430009801   -5.8935756579059788152    7.8698442512953157291  10007277.167003922164         4043684.5240602022968       
70  -0                        2                       -9                       -9                       -4.3163007044570687043    0.12351136097367110267   7.2841955140429064386  5319496.52237298619          24087.352696083966293     
71  -0                        2                       -9                       -6                        7.2446177791774921673   -7.0798529522213744514    3.3815659788859910861  469879.55503587372368       14932220.395959898829        
72  -0                        2                       -9                       -0                       -4.0910668179205709194    8.182039796975917767     4.3713320486446871627  1997.5787138215691812     45979664.77440918237         
73  -0                        2                       -8                       -4                       -6.0704901509550213135   -8.1375952271665834559   -8.9703500443268708864  50964.841405274324643      43619745.284886471927        
74  -0                        2                       -8                        9                       -5.6351178452853458722    4.1798716805229734206    2.0883893560690918179  5316223.2504938729107        301571.01008510688553      
75  -0                        2                       -5                        2                        5.0963192863813677747   -3.8043233807940524116   -3.1214450724506122015  2936.8634926061258739     98309.344890279026004     
76  -0                        2                       -5                        5                        7.5051940952606059909    9.8724026222017080556    9.0702040022469070379  163975.98006116712349       203014774.31261736155         
77  -0                        2                       -4                       -5                        8.2921561828829446483    2.5375614377857225179   -1.2558909453448734439  157539.09320384880994       36814.223597976968449     
78  -0                        2                       -4                        6                       -4.1192158083176808603   -1.1009551175107219478   -6.2971086745043871602  470025.93360111716902       10771.491828488731699     
79  -0                        2                       -3                        1                        7.2904641283886633119   -3.9026506996753003165    2.547007982227587064   2072.8974891899997601     174670.28670361693366      
80  -0                        2                       -3                        3                        0.74464398587962499221  -0.95680405271032142878  -0.22731211633791303939 8964.0581411211569502       0                     
81  -0                        2                       -2                       -5                       -7.9934210757310477646   -1.2168758104727643854    4.936144727047832248   158708.87103009608109       60324.250484682379465     
82  -0                        2                       -1                        4                       -2.8211470689141595614   -5.8709252220544065892    3.8563133082683265229  43535.382825291519111      2812320.1881835041568       
83  -0                        2                       -1                        6                       -8.609469085874112082     5.0780023723024481086    1.6669413302914843911  467746.60373245098162       1109278.319056625478        
84  -0                        2                        0                       -1                        9.8606872544432597749    9.396441226378584588     8.7582916803693962038  6451.9791208597616787     136224364.30501100421         
85  -0                        2                        0                        2                        4.8368638046437730793   -5.0515606031939688236   -5.9166799947026298412  3869.9337720144558261     819544.64851092465688      
86  -0                        2                        2                       -9                       -8.0744482174822103104    2.623492311325870574    -1.4062432614103119732  5315584.1907463315874        92522.045324256017921     
87  -0                        2                        2                        8                       -6.1190234290047804677    7.7109712563314332101    6.763806387401139375   2624288.7797864088789        27678096.488604169339        
88  -0                        2                        7                        9                       -7.7048358633693130315   -6.7606992753530210649   -8.9736495891458076812  5323176.7793944738805        10198465.02975320071         
89   1                       -0                       -9                       -5                       -7.8638489418479133874    7.607246553008135237    -2.6401482831447600219  158047.93475181458052       26396447.563637789339        
90   1                       -0                       -9                       -1                        6.9739716204554440537   -9.0447157644704319068    7.2288040987149955185  6297.9557961471155068     102895598.77498105168         
91   1                       -0                       -8                      -10                       -6.5769692411526099463   -5.3698335147459079764    1.3475347836978457394  10003003.398802069947         1633510.6022454414051       
92   1                       -0                       -8                       -7                       -5.7211707012078658607   -4.2853952074688788088    7.6991082216976778341  1182793.6515715259593        345179.23931424733019      
93   1                       -0                       -8                       -2                        5.9512033427419659404   -1.0148414367245752743   -1.2659002132068941648  2722.6412594733501464     54650.006209862149262     
94   1                       -0                       -8                        5                       -6.3035200844028107525    1.8795621138850009402   -4.285419169720193544   158581.93760252275388       96224.827182275752421     
95   1                       -0                       -7                       -4                       -0.62058424913537635348   6.1368315718189201391    1.6144758861678702999  42357.224540963652544      4381996.2315746210515       
96   1                       -0                       -7                        1                       -8.6984530094109331344   -4.5095621091967892369    5.5218025441631617412  3757.8689476978920538     563352.94495486351661      
97   1                       -0                       -6                       -5                       -0.24947332411692713094   0.82250763580194963254   4.7215911102564724899  158477.4800729577546        12911.298053004042231     
98   1                       -0                       -6                        1                       -9.2095617009881269865    2.2456929609884586085   -3.2699688479334181324  1969.8235432472811226     249998.54584396933205      
99   1                       -0                       -6                        7                        3.6325761230871371765    3.8931343302946253004    4.0547129612144274802  1178130.1969661125913        119727.86247412464581      
100   1                       -0                       -5                       -7                        0.40173110388525756775  -6.8222701185833898307    8.7052768316697637374  1184998.1540164477192        10065345.114672737196        
101   1                       -0                       -4                       -5                       -0.94909409471666528191   4.7251853067120634933    4.7599890446729418159  157956.60941724386066       437319.16218987712637      
102   1                       -0                       -3                        0                       -8.8395434712417966239   -9.4489901810399832272    0.05022541832549798357 3376.9743035000310556     142288187.89676126838         
103   1                       -0                       -3                        0                        9.4826316539057913246    4.8669636018597106641   -6.6240141018283189567  2901.6592304216565026     839088.96655382937752      
104   1                       -0                       -2                       -5                       -8.0507277328239990055    6.6689010266574619834   -4.4295097386666224537  157743.64809135088581       8725275.0586486719549       
105   1                       -0                       -2                       -5                       -7.2349859500784461375    7.4226777962262211474   -6.7247439675257005831  159337.59982666210271       20329100.74573303014         
106   1                       -0                       -2                       -1                        3.1459227687553319441   -0.88233052321098881521   3.4790512038113199367  1674.0024818029919516     19712.343369895970682     
107   1                       -0                       -2                        1                        0.86390215174585449631  -8.9614192571866837511    6.4509773407383192989  4662.9410382818250582     91484665.665610179305        
108   1                       -0                       -2                        3                       -1.2927915107408800566    4.0113651299742549838    4.5887960585672935565  8820.7678993760509911     100764.50997858057963      
109   1                       -0                       -2                        6                       -7.5805267233888375955   -7.2650458211496777849   -4.206776641530365346   469678.71760930452729       17106219.924347341061        
110   1                       -0                       -1                       -5                       -4.4627095182838374399    2.7232741061153333817   -6.8223981005990079751  159621.655992005195         80729.346798947735806     
111   1                       -0                       -1                       -2                       -6.4326800918814850405    5.2491464242054419742   -5.0177686286532843241  2337.5848802618743321     1267535.1665499806404       
112   1                       -0                       -1                       -0                       -6.8906958761303975791    6.8569104315712507969   -7.2760292656231477793  3786.0097855273588721     10768534.717313736677        
113   1                       -0                       -0                       -5                       -2.9596276719228686858    8.7861864369995643642   -5.8149898429236550612  158109.73876112280414       77641533.139745697379        
114   1                       -0                       -0                       -1                       -9.3977947836803199522    9.2104534697743254412    4.4755295907190024707  1323.1478184276566026     116337399.23665605485         
115   1                       -0                        1                       -7                        6.3751666552329346871    2.209097949410910644    -5.5457432278571712203  1178362.0847382331267        64623.51033377184649      
116   1                       -0                        1                        1                       -2.3301386900615668196   -6.6709298430375394418   -0.62153810584487878543 2338.9496612545026437     8148286.8963770251721       
117   1                       -0                        1                        8                       -8.681367476323405441    -8.4376199678738519339   -7.9207527868930407422  2628247.3224280937575        57411858.970405839384        
118   1                       -0                        3                       -4                        1.6583354728033086189    8.6515472715108785451   -1.0973361374172156957  41412.844014489557594      68684111.917532429099        
119   1                       -0                        3                       -3                       -0.11217620673407324716  -9.2334724393618134997    6.6812709071663114457  11964.982197057031954      116481009.97537121177         
120   1                       -0                        4                       -3                       -8.5496326155244588563   -3.166964044201345807     5.5558578659943655964  10017.828913890578406      138236.39874450475327      
121   1                       -0                        5                       -7                       -3.2147315235576705561   -2.0591786812463466205    5.8985380299286163108  1179105.2171697251033        26505.335775025694602     
122   1                       -0                        5                       -5                        1.1462023939013832319   -2.5385417031446797509    1.4061674762997213861  157630.89544917931198       8442.4811617489231139    
123   1                       -0                        5                        3                        0.29341657418670941126  -7.7674974606895448304   -1.6688811485682943925  9587.4946812055204646     29072317.5014013201          
124   1                       -0                        7                        1                       -0.54478697369053108446   4.679050774059170692     0.46211046653782439364 570.96962209421758416    490005.27051625796594      
125   1                       -0                        8                      -10                       -2.1399218886618189828   -7.8261938526954821782   -9.3153955217852573156  10009803.694735798985         31488331.540442287922        
126   1                       -0                        8                       -8                       -1.5748015038211313765   -8.9894023532488862571    0.36382273682216137445 2623937.5186066040769        95640143.772324353456        
127   1                       -0                        9                       -6                        0.60905256993348189098   5.1646256598162452178    3.1578507051438933217  467126.99280982621713       1197522.8420958190691       
128   1                       -0                        9                        5                        6.274623899358800827    -0.59257778044218056834  -9.6049010739540126025  165713.31701604803675       224947.29049396960181      
129   1                       -0                        9                        8                       -6.3834794274492843158    2.0189661967346168581   -2.5076518940191707685  2622391.8165205996484        95949.358525389601709     
130   1                       -0                        9                        8                        5.3540521530660107885   -0.02705080863718301032  -7.8845093461282935721  2626195.1324393386021        102868.19685112292063      
131   1                        1                       -9                       -7                       -9.441003753806565868     7.8495329440886294492   -9.8836566913335985873  1187668.7699268711731        34277564.95500382036         
132   1                        1                       -9                       -0                       -7.0165415760766913778   -2.9876760204227412743   -1.4670096314335587806  2589.3464583713966931     54501.544422126615245     
133   1                        1                       -9                        3                       -5.574622140925323599    -6.555526360745963288     4.4332500606985743019  10812.374810946354046      8104273.2575833015144       
134   1                        1                       -9                        8                        7.7547639862063242333    7.1259343764838334323    0.41732745649962588175 2622735.8539957432076        15873872.117022305727        
135   1                        1                       -8                       -5                        5.5951190607344809536   -8.6879354875273850922    6.9431768540227203346  161788.33915438316762       73599604.330139070749        
136   1                        1                       -8                        2                        4.5805945655352360291   -9.6219435386011653577    2.7315217515294261119  4117.5818379619513507     166119405.57997590303         
137   1                        1                       -8                        4                       -1.7718363695246708289    5.6756703937735437648    4.8350300991324051125  42900.070113464767928      2482675.0368635230698       
138   1                        1                       -7                       -4                        8.825462495781021488     5.3338603115153979672   -5.4635065839042002978  43018.583410374107189      1614469.5516781148035       
139   1                        1                       -7                        2                        1.7474383511391629042    6.7805929654631817982   -5.721669705493232172   2860.0600052023746684     9906395.8252823892981       
140   1                        1                       -7                        2                        5.6798664351046834753   -3.5456551840402319442   -7.9967967794801495529  6900.44427292635919       149288.68826170405373      
141   1                        1                       -7                        3                        8.6090587138285918911   -2.8363772666698672253   -4.7265873540687142196  9835.6288297896699078     174155.71457575168461      
142   1                        1                       -6                       -6                       -2.9731128451418333825    2.9847681550606193213    9.6148600567033781772  476519.85042288596742       84388.494208509218879     
143   1                        1                       -6                       -6                       -2.697843455765559284     6.6196370585401638209   -9.7575567916003347335  476769.90458229905926       8029944.2157410504296       
144   1                        1                       -6                       -5                       -5.4851828302255531966   -6.5074190355156122934   -0.09309285790831367535 159041.41375917074038       7035678.5304932435974       
145   1                        1                       -6                        2                        2.5755827841890805985   -3.3193997385391362798    9.439132194715750046   10645.856016704281501      91166.941422311065253     
146   1                        1                       -6                        5                        9.598206173149183229    -0.16861168256496128492  -6.7774619896178478484  159939.46852077567019       189846.78410836966941      
147   1                        1                       -6                        7                       -9.9431433772935005067    7.156953341463932361     9.2111468464428156722  1185042.7168859166559        16661127.996973237023        
148   1                        1                       -6                        7                       -1.4183144986871702997    3.9887837452122631987    7.0457278054779699517  1180244.6318296617828        132637.10179751689429      
149   1                        1                       -5                       -9                        4.4104747901428922319   -8.2244299366661408612    1.2861200749941570365  5317229.1166862333193        46068155.113788060844        
150   1                        1                       -5                       -4                        7.3736247149168150372   -8.849715685776169849    -4.7929762631904484493  44408.192404748406261      84260700.532145425677        
151   1                        1                       -5                        6                        1.0861741643400080193    6.2455104598681892014    5.8058286941823418204  468681.23249492514879       4951107.5391466449946       
152   1                        1                       -5                        8                       -1.0020893535914243699   -7.5905558652089473171    8.3009926218841130208  2628968.0981461363845        24304372.655190836638        
153   1                        1                       -4                       -0                       -3.0927727635700197339    9.1530459381929745177    3.5152445934781635373  1011.6405144493239732     109127777.66438250244         
154   1                        1                       -4                        7                        9.1597976189944390057    8.6247598473372910632    9.3364015711655987673  1184792.9961349845398        69214281.438855022192        
155   1                        1                       -4                        8                       -0.91262580236115375953  -8.547601207260349554    -3.8594203389321570796  2624538.9697380340658        62901346.947284325957        
156   1                        1                       -4                        9                       -1.8484879026901044341    1.1911484279516155738    5.6460302486989828452  5316797.7280792137608        2856.6085538940174047    
157   1                        1                       -3                       -9                        1.8502973305644232482    1.784417930168595845     6.5440592570033579989  5317392.1641588537022        3675.1311685735909123    
158   1                        1                       -3                       -6                       -5.023659666626501874     1.7132928454314839684    6.1110872862453966547  469269.4700616322807        29720.302994058260083     
159   1                        1                       -3                       -3                       -3.0286954818160696234   -7.4762797597906800462   -2.5941877311680769935  9961.6646147941082745     20955484.890932414681        
160   1                        1                       -3                        1                       -3.9657938880633212264    3.6292510555726060772    6.2588778629836525624  2649.9577728019949063     57212.417956675359164     
161   1                        1                       -1                       -6                       -3.4252089389059845459    8.5075142260225966595   -2.1981248743761216957  467228.56935615930706       59762962.492199718952        
162   1                        1                       -1                       10                       -9.0733201493480262201    2.8451921831389466178    1.746151555642985187   10001196.140749307349         157915.52882594373659      
163   1                        1                       -0                        0                        3.338273876046226718    -8.2551713104288690914   -1.8607608937334187971  2442.7268481721785065     46943407.698812484741        
164   1                        1                       -0                        2                       -4.5867802151248486808   -8.3526629918011643383    5.3377737249834602551  4070.71289343961962       51885204.87161808461         
165   1                        1                        0                        2                        9.3236528516369716613   -3.5096099120354296019    6.737328379613259699   4238.5942217311994682     305645.48300020809984      
166   1                        1                        0                        4                        7.1815918012213195709    4.797748733896771256    -1.0166200075137670211  41563.373697093047667      540422.59466457727831      
167   1                        1                       -0                        8                        1.3864946899571535255   -9.8430806516437385767   -1.6091772995644468836  2624241.4985949900001        195301635.66091474891         
168   1                        1                        1                        5                        5.2550139986771924328   -7.3246887486585290361    2.7981972465420472673  158473.040324950387         17997489.401714712381        
169   1                        1                        1                        8                       -5.1843146480317301439    6.4171499691012172661   -8.3950106177068271052  2627065.2997112208977        6189394.1127523649484       
170   1                        1                        2                      -10                        1.0537323048929074787    3.4109900224114682032   -5.8477374501970116327  10001833.25986017473          5014.2357110374287004    
171   1                        1                        2                       -0                       -1.1298469707206475476    3.3398219219202296415   -1.7144079317738185608  722.50577995305638979    4633.0223540878359927    
172   1                        1                        2                       -0                        2.7885381380601579338   -1.8451049773327117265    2.4375981464138245514  1260.7458354192035586     889.6736957831719792    
173   1                        1                        2                        2                       -3.9420140581203524377   -5.4372166655977824945   -6.8636118350964734347  4788.9360364884278169     1469940.8834799989127       
174   1                        1                        2                        8                        6.604590577067813939    -9.6809124966606496798    8.6275662786458013898  2629557.3929605842568        172584548.03717783093         
175   1                        1                        2                       10                       -6.6668741073814654641   -2.6580545376123589918   -8.8892382819546345019  10007811.009893892333         73546.509175313316518     
176   1                        1                        3                       -2                        3.3001323989958670779   -2.9688416649581430562    5.4476097200775424056  2849.9111130877577125     12168.522789650163759     
177   1                        1                        3                       -1                       -5.3812461073932347233    9.7787466437705958811   -4.6001910996956398847  883.07257233549330522    185949627.9701038599          
178   1                        1                        4                      -10                       -3.7016539753651365174    2.7929778568031142783    5.6894560868128785103  10001778.392715293914         15968.221345530766484     
179   1                        1                        4                       -8                        2.633556173024530267    -8.3311594256970931127   -3.8273509536467837933  2623894.6266434844583        50667026.371877543628        
180   1                        1                        4                       -2                        4.9566660938750111143   -5.5395689103079490678    7.1076979781951337145  4874.8244053772114057     1875935.7104259936605       
181   1                        1                        4                        2                       -8.9632920818783556882   -4.221467531404266893    -9.2683405496738320295  9813.4635538937782258     359363.8165510854451       
182   1                        1                        4                        4                        7.9043843925974002218    8.4079216687559394927    5.2527524362441031514  41909.192542519784183      55917796.506492733955        
183   1                        1                        5                        1                        0.05545262047715660003   2.9486702329293112967   -2.2983767334135185578  626.43205780202185906    1425.021336378594242     
184   1                        1                        5                        1                        8.9646781309225964662    1.1414693799265762664    3.3134258758141665879  801.1441800874947603     79638.708520126878284     
185   1                        1                        5                        4                       -0.82989503285612364891  -8.0684943059884890459   -9.4800571512949911579  51247.89250796478882       39576401.175565585494        
186   1                        1                        5                        9                       -6.0430627950567430418    4.4796203475364784197    0.13508774147720181702 5315030.1607474470511        389920.97525844833581      
187   1                        1                        5                       10                       -2.9066711607637518711    5.1098276388488432787   -2.5153255195625412455  10000523.98372499086          963368.48588183126412      
188   1                        1                        6                       -9                       -9.7454422531988100786    6.0648374087328207338   -4.3287109765989493226  5315374.1161169968545        4540200.2448488017544       
189   1                        1                        6                       -7                        4.1002637104763870468    0.92721465048015971888  -4.144172574027880529   1177479.7917541698553        3487.0484597768722779    
190   1                        1                        6                       -3                        4.695817983631799919     5.9686763463735026392    8.0975738339752432182  11846.535632274219097      3511913.2124631116167       
191   1                        1                        6                       -3                        6.1698030255864146909   -5.5719429703763152517    3.8875678120451375719  9123.9446229342211154     2106942.1440776488744       
192   1                        1                        6                       -2                        1.562095506427231939     7.7824271698907061534   -3.6316985512226116484  1021.0937383154348481     29627222.521807912737        
193   1                        1                        6                        1                        6.9178808630319430506   -9.1348186212307016518   -2.9520419788102580938  2375.8456629892962155     109164057.75969453156         
194   1                        1                        6                        2                        7.3194160163414494491    5.9247334454033371287   -2.153906285346264049   900.25306752798360321    3434683.2280994970351       
195   1                        1                        7                       -9                        0.47825117550749496331   3.7446551269257106753   -6.2468078782425280338  5316384.1812827736139        60956.109326191959553     
196   1                        1                        7                        2                        6.0792762891041824957   -5.1689538053962893471   -5.704879602867515942   3208.4563657248972959     1259471.1396068674512       
197   1                        1                        7                        3                       -5.2707611255645527848    0.87759470968052077922  -9.1878481425715783359  15287.890145856123127      84580.24384744487179      
198   1                        1                        7                        9                       -4.9372588229153047124   -4.7621409144563529026   -8.6335925464929204054  5321614.0191746791825        648277.11689535831101      
199   1                        1                        7                       10                       -9.7109229188537646849   -0.23872441766753915715  -7.5586933607538515645  10004421.728640438989         212313.92841301806038      
200   1                        1                        8                       -8                       -7.9398361499547309705   -6.4331445189935285711   -1.5341615849420406903  2623465.2814820259809        6837379.121586535126        
201   1                        1                        8                       -7                       -7.4461696413253566362    1.0084643532209103256   -0.91311459759489110866 1177398.1333007267676        47825.611176143065677     
202   1                        1                        8                       -1                       -8.4266041439221588405   -7.2279342566814914761    5.8436940382403008698  3363.2448295689118822     17395193.32863150537         
203   1                        1                        8                        1                        8.4357779041015987787   -1.8933083218407009696   -0.30520319166115683629 976.57554812793978272    101415.15952546827612      
204   1                        1                        8                        7                       -6.4783862072491720241   -5.7220411283115160117    9.5419173021399501522  1186620.6630583943333        2877511.8316574916244       
205   1                        1                        9                       -8                        5.749519939143432623     3.6730851576700658256    7.3975828100322829073  2624783.4956404496916        131691.10058237655903      
206   1                        1                        9                        3                        3.2252870263856774358   -2.2627300726329346858    1.5023310366524498249  8342.1181239250126964     10336.55666517546706      
207   1                        1                        9                        6                        6.6918848925683640516   -2.4524896205658173187   -0.79299702914268621612 467599.71135186566971       63563.184300496286596     
208   1                        1                        9                        8                       -3.1891158486957191798    9.8950818444224850623   -9.245156295062578522   2628925.7253640233539        208699828.91929098964         
209   1                        1                       10                       -3                       -0.77075963158011795429  -0.08923721093367298351   1.1905313794745175926  8113.7664681978567387     4447.4802364669694725    
210   1                        1                       10                       -1                        9.8933873693742704347   -0.50470044579399875317   5.1452049099845691416  1467.6758332371564393     212182.52857018879149      
211   1                        1                       10                        0                       -1.4294247168916527357    3.5593933890745237392    8.6499820377727552057  6060.2109538912518474     135621.04946306280908      
212   1                        1                       10                        2                       -9.5982000209786058065   -2.3515652781771816393    0.07004432196896281937 2028.9265978020575858     121925.17227365734288      
213   1                        1                       10                        7                        3.816586169597695033    -3.8790290278233987564    2.6064068802979907247  1177810.1021178911906        208762.8134706398414       
214   1                        2                      -10                        7                        4.0254862070009913566   -4.6054273764681994408    4.8792932832798214804  1179764.1931032794528        634231.56468663783744      
215   1                        2                       -8                      -10                       -5.893745009150629599     7.0567167245848452239    7.6088163847922523075  10004779.516661919653         14088803.967943189666        
216   1                        2                       -8                      -10                        3.9555747580478044512    3.7919828114280722531   -1.9238137255378422452  10001440.090646920726         90495.013548379502026     
217   1                        2                       -8                        0                       -3.7489970285526261762    2.058015708865001514     7.1565988879682826962  4359.4218060561561288     20852.801368275875575     
218   1                        2                       -8                        4                       -6.1948751780658204424    6.7144178879913241076   -0.53786458087569677389 42415.044566857701284      9672447.2029067464173       
219   1                        2                       -8                        5                        0.25019123407051857555   9.5267983724458815686    1.9744243324674712881  157443.83954641080345       153033205.24670404196         
220   1                        2                       -8                        6                        1.2954092941602119993    1.7546473865225138411   -5.0926323900813645906  468886.22542997816345       895.56102887595284301   
221   1                        2                       -7                       -9                       -2.5092993657226099202    7.5188518570813194231   -5.1487025627081726142  5316311.620415719226         22546816.848859403282        
222   1                        2                       -7                       -8                        9.7246888670030209312   -4.6912602025895386859    9.8162304008483864948  2633060.0038899304345        1118974.8018919825554       
223   1                        2                       -7                       -1                        7.4467786592473750318   -3.3937606430132314372   -0.02998057685692145924 2143.358273694694617      117375.20956057740841      
224   1                        2                       -7                        6                        7.6097592638562154832   -4.375804314690197927    -5.5091134909727941249  469769.69070505630225       480721.42309911327902      
225   1                        2                       -6                       -3                        4.77279233001869585      3.4612800349025363289   -2.9957815199881014934  8599.417757456045365      30809.134901488981995     
226   1                        2                       -6                        4                       -1.511082066920771183    -8.9135192834637333448    9.1284200567718514208  51059.945826703165949      88974113.996730580926        
227   1                        2                       -5                       -7                        0.51999024041129970897  -1.706067958698424647    -0.12288920182402840453 1178257.1523075471632          0                     
228   1                        2                       -5                       -4                        6.6444738226181456753    6.4688134562118264625   -8.5165833896164411243  47123.148646885732887      6700871.1219371939078       
229   1                        2                       -4                       -4                        3.1234126624472935418   -2.7669809797036615251   -1.3654542490693017953  42746.082320564040856      747.21377575836163487   
230   1                        2                       -4                        8                        2.4630810780464518217    1.0431239942521735031    4.2668267750004229555  2623073.5223501212895         25.592527835918033929  
231   1                        2                       -3                       -7                       -8.9943300523449369877   -6.2614454693769676652   -3.5388486455717504953  1179233.0233205892146        5128596.2830566661432       
232   1                        2                       -3                       -1                        7.0675828360644104009   -2.2986382617778300386   -5.2941771241922470637  2384.4405923158101359     68058.74915853071434      
233   1                        2                       -2                       -5                        3.7629631436144101997   -1.7246417750495517396    4.5583792494712600529  158139.48900604055962       5132.4169485433840237    
234   1                        2                       -2                       -2                        4.5677834575987308341   -1.9870743577737606245   -8.8187937310807527069  8173.0477746834912978     63287.04996012749325      
235   1                        2                       -2                        0                        3.6818263258310306441   -8.5980241520392226562    9.2811458841687368704  10058.354875619264931      65699664.46488481015         
236   1                        2                       -1                        5                       -0.45897709257677377082   1.9650158346549169153   -3.2450706341275781242  157375.78581888563349         0                     
237   1                        2                       -1                        6                        2.5676234616756072882    0.78756143068605233282   1.2183970438891478238  467648.03782894834876         0                     
238   1                        2                       -1                       10                        0.9229026143991347908   -2.5131478292731843638   -7.6374036313653865804  10004939.932223608717         7126.4286492027804343    
239   1                        2                       -0                       -8                       -6.9683523024957381153   -7.0936372075381370905    6.9067955802310372349  2626159.4148264084943        13733436.250088935718        
240   1                        2                       -0                        6                       -7.0292282856869316987    0.27432605194194792375  -4.0598449480193981032  468142.11932859173976       35143.140955000097165     
241   1                        2                        1                        4                        9.6483136250084733376    5.4356062330455010567    7.4958704861436800115  44602.679709548239771      1763824.9838300652336       
242   1                        2                        1                        9                        1.2560821421974122103   -0.818436055395254769     1.1312026982833760513  5315579.6550402138382          0                     
243   1                        2                        1                        9                        1.9730900167025762215    8.228843122334946969     7.3382093744009040392  5317715.2883271146566        46015248.901984989643        
244   1                        2                        2                        3                        4.3537414033922559042   -2.5746138427014830796   -0.91859047725630738057 8597.68909218454246       4728.5040416898555122    
245   1                        2                        3                       -8                        2.3238546375140991529   -2.6928422290183178234    5.0351055246526943421  2623383.059760264121         2433.4980102692943547    
246   1                        2                        3                       -5                       -0.6876546198772786056   -4.0308930077395892511   -6.6651557202935247659  159784.69211381708737       76256.386609108987614     
247   1                        2                        3                       -2                       -9.8808081947521717581    0.31428056026010509072   2.2382606891937761873  1905.1249339800115195     130289.17201607923198      
248   1                        2                        4                       -6                       -0.12466458038535499497   9.7028360073561046306   -1.8170691892744006424  466816.79513483477058       173821880.17876943946         
249   1                        2                        4                       -6                        4.1902389159070771996   -3.2007837571604671467   -5.3487950400529689077  468684.58214969933033       20507.976507042127196     
250   1                        2                        5                       -6                        9.4995464778005285211   -9.4123146929474224009    6.8128651347440403185  471085.05097397731151       139219981.41613304615         
251   1                        2                        5                       -1                        0.82393931185585600474  -1.4514681767725594597   -8.7928578908937726766  7054.4187691348715816     24729.029419799124298     
252   1                        2                        5                        1                        8.3866973937724189625    8.0328357267536034669   -7.7475354384708339239  3772.211942348276807      38955994.468101859093        
253   1                        2                        6                        4                       -7.4150363763895832392    5.6316552234488135298   -9.4968719783930275469  49645.402815009190817      2573953.9454727685079       
254   1                        2                        6                        4                       -1.2484862316379654601    2.3213250572343913092    9.7282694909221980595  50556.49552741311345       62414.861111375816108     
255   1                        2                        7                       -9                       -8.3343965081744428858   -7.5105881560119573948    7.9201349484681315971  5320602.3347759656608        23040513.268989656121        
256   1                        2                        7                        2                       -5.870189543796548115     8.3363799219669871832   -7.2111922709563458511  3681.1080509560738392     52747793.159845359623        
257   1                        2                        7                        6                       -7.1241746013541451532   -5.2604327518101454686   -4.6712200630555509306  468836.97540549840778       1412330.6654287544079       
258   1                        2                        8                       10                       -1.1679879838393176783   -3.9963754988000941282   -1.5507016102934692015  10001406.926565283909         167443.76206358801574      
259   1                        2                        9                       -9                       -1.0513504250028127274   -1.6330182787240872244    3.2347595202285290839  5315552.9166553141549        670.29419237296815481   
260   1                        2                        9                        4                       -5.0974443635797559438    6.9950275384210733876   -4.3693428060500680843  41659.65383169274719       13458172.826012449339        
261   1                        2                        9                        9                        9.2939790510259108203   -8.768905962943177812     2.6406686345276515482  5316597.8602937432006        81656583.366885066032        
262   1                        2                       10                       -1                       -0.01796525304756890762  -6.5809895706917469482    0.97440808279775303902 1810.5269903342298221     8320610.2556441659108       
263   2                       -0                      -10                       -3                       -5.2301197740718601281    6.8919158026124840433   -2.4304873979721435262  9497.0649961108920252     12209616.564285831526        
264   2                       -0                      -10                        4                       -1.6040948148294180697    0.71152514641640962623   8.3838694801649573662  48482.134459196968237      67317.589038106714725     
265   2                       -0                       -9                       -8                        1.521398439013859516     5.3066104019708113526    3.5549811910200883602  2623582.3603016994894        1475059.8151778415777       
266   2                       -0                       -9                        7                        8.8934207473167710134   -9.4895972308312668275   -8.4903312745581356324  1185683.3402340114117        151891757.33403271437         
267   2                       -0                       -7                       -8                       -2.1742842869440615061   -5.6270896071365115176    0.55277209401228333263 2624600.6280030622147        2140608.7566025406122       
268   2                       -0                       -7                        7                        1.3321086583966650352   -9.8876279365142742961    8.9039255262328396157  1186704.5245467519853        205556989.65054178238         
269   2                       -0                       -6                       -6                        6.4244624306105606593   -1.53586179554033464      0.88113588509043339059 468843.23503930558218       78460.380546580403461     
270   2                       -0                       -6                        5                        6.7625200641387266387    2.3674396451752937054   -7.4468918562510264536  161153.55230324456352       113316.7299111331522       
271   2                       -0                       -5                        7                       -0.35399214291672187471   3.1287723163243068569   -8.4376874547007290062  1183314.1152945128269        67933.11197534429084      
272   2                       -0                       -3                       -7                        2.3480617244740020766    1.6444419269819565699   -4.0144856912383737324  1178419.2186042096           16105.184103194413183     
273   2                       -0                       -2                        6                        5.9074031080169824293   -6.7258769944137606345    2.2130369962422982155  469347.77752237522509       9166727.9508616551757       
274   2                       -0                       -0                        1                       -2.368277165685444885    -4.9972458999398003954    5.9435330456257347009  3705.1530811076654572     698521.22658012330066      
275   2                       -0                        1                       -2                        5.4416404309313843868   -6.303564215961209527    -6.9237401336187431866  5420.6998130659421804     5320033.4691523043439       
276   2                       -0                        1                        8                        5.0626287613143343691   -4.6320695021730076135   -7.4238097771458946283  2626671.6937492368743        518049.29349561291747      
277   2                       -0                        2                       -2                        9.0738060033453322717    1.4838575058479346325    7.5542796721708569407  5180.2127237215536297     241459.36001272071735      
278   2                       -0                        2                       -1                       -9.1441733052424964967   -7.963423601170202204    -8.0363519179320253016  7269.8984892005719303     36038298.84566436708         
279   2                       -0                        4                        4                        5.8151957676315664258    6.5200082400028733787   -3.1724481065294281024  41862.706825520734128      7092506.0764951631427       
280   2                       -0                        4                        5                       -4.0399370501310016834    6.1979503429822635496   -8.3392573218651246947  162085.44716337893624       4756355.7894079918042       
281   2                       -0                        5                       -6                        5.1757412255685171232   -4.9344331131895815545   -8.7346385113875797401  474432.65928863338195       880845.92714100901503      
282   2                       -0                        7                       -9                        9.7725651161348672247   -5.8100527381215236744   -6.986246361094650581   5318912.9771677097306        3657715.0644437647425       
283   2                       -0                        8                      -10                        7.5993918270137328363    2.6607411162470473442   -7.5255698915796820359  10004163.054560132325         151891.15748374068062      
284   2                       -0                        9                       -7                        3.5238252550851427713   -4.1228806285473709181    5.7624442985260433403  1179433.0500204616692        283994.76569890422979      
285   2                       -0                        9                        3                       -7.3167602302778416146    0.61031784344305606282  -9.4283813597101815418  16639.45440105218222       265557.88454536983045      
286   2                       -0                        9                        4                        4.6698026466279340951    6.0130575132719705778   -0.36388296740885195391 41666.39593814649561       4125793.1782487942837       
287   2                        1                      -10                        6                        4.8889444997608215715   -7.8450963993329185797    2.3396530136192481564  470211.97655952302739       33665954.417577140033        
288   2                        1                       -9                       -7                       -8.1661457353259248038   -4.8290103799597980938   -3.7510872721757753112  1179937.8201552098617        850249.09930721530691      
289   2                        1                       -9                       -5                        0.10379468201016273099   5.7455145446124138431   -5.0309890817191229573  158687.91700670440332       2745980.7391624851152       
290   2                        1                       -9                       -3                       -7.1452984960489338562    9.977218978687073303     0.25402986623407386446 9108.1736400918180152     223555196.10998815298         
291   2                        1                       -8                       -7                        0.34572796144456674483   0.03108924101165477794  -4.8483808410732702754  1179238.7985872379504        3244.4901454380005816    
292   2                        1                       -7                       -4                       -7.6520499754419137872    1.2399679143607027498    6.3763920088642791484  44779.339782519491564      126740.6520924201759       
293   2                        1                       -7                        3                        8.2395551372877235963    9.0862150289784686663   -8.1347730270501568128  12990.368592505014021      105483339.60451751947         
294   2                        1                       -6                       -9                        8.7556243496976691176   -6.075042856648474654    -5.6529011783446287964  5318236.9750117929652        4492381.9860911080614       
295   2                        1                       -6                       10                        6.2863264568151464573    9.7391640235860847952   -1.1816295543509731658  10001212.047777350992         182367749.02257964015         
296   2                        1                       -5                        3                       -8.171447262606987394    -0.44250354209041731224   6.3072859370732068385  11048.627025804340519      119371.89330949840951      
297   2                        1                       -5                        9                       -5.7873661674995364734   -1.1802800933252335369   -2.7470480994730301916  5316656.5360873257741        19451.294295376286755     
298   2                        1                       -4                       -8                       -7.7250900257537020721   -8.6695453270833020554    3.6772680889196713849  2625051.9319500196725        70923517.464569494128        
299   2                        1                       -4                        9                        7.6734246347137471389    7.7143354413365798905   -0.26663397975886127256 5315486.0026107886806        28091720.712168194354        
300   2                        1                       -3                       -9                       -3.4483864834711317471    8.8992840634224883445   -7.0333928086939181412  5317977.8251063991338        86321723.704698368907        
301   2                        1                       -3                       -2                       -9.3062831117353788102    7.353677299441628179     6.4774629628732256492  3772.858165355917663      19518217.572705194354        
302   2                        1                       -2                       -8                        4.2749763932586262172   -3.1091178891835671294    1.7828858149530706356  2623435.0571304149926        19595.609227991073567     
303   2                        1                       -2                       -2                        0.98147064845444553782   4.2892539319590525793    9.6941265982927902201  10660.86748265856113       233712.81502810883103      
304   2                        1                       -1                       -8                        9.392944092641137388     4.5178689811786210129    7.9468954063429180223  2626444.3498651883565        479648.87009716173634      
305   2                        1                        0                       -8                       -3.7863034914149276133   -6.0421128629139619903   -2.8275444148039454717  2623988.3214903566986        3481087.0374581241049       
306   2                        1                        0                        5                       -4.8339039076730783151    8.8453383375996104121    3.9914615101693264876  157440.37529176936368       82801185.642760872841        
307   2                        1                        0                        5                       -0.64724902167819031717   0.65221524606344161157  -3.9877093547128259488  157926.843072717631         1995.5159974576963577    
308   2                        1                        1                       -3                        3.0002486067358979938    9.6376532147327012012    3.1160176028035895257  8064.9255973384988465     164339909.03662824631         
309   2                        1                        1                        4                        6.0309946412957984307    4.9888985541822883363    8.4011929535442817496  46806.82319686201663       793500.8010954814963       
310   2                        1                        1                        7                       -2.1093424660807400528    7.9971155490586482983   -4.5041895188500742364  1177732.0933081198018        36392263.993555791676        
311   2                        1                        1                        7                        6.801920019330108147    -1.59128759694748112     -9.5736989291057490448  1186428.3626011349261        208376.93951925297733      
312   2                        1                        1                        8                       -9.9344512724830220662   -1.7981651885497242915   -6.1908379814100538141  2624861.9978395728394        185428.48709758231416      
313   2                        1                        2                       -4                        0.64949847075777178418   9.0661564549119582068   -9.1196955532313808135  48554.276177169798757      100100645.76708854735         
314   2                        1                        2                        0                       -9.6198504606707206932   -2.1953303499202956317    4.6753764108996715976  2417.047752742524608      133228.69957302391413      
315   2                        1                        2                        0                        9.0020033536417045639   -4.2931660315704451847   -6.4745533126313858929  3632.3553297383678        524108.24377392593306      
316   2                        1                        3                       -7                       -2.7475419804464751294   -6.9317439434691401345   -2.100871578427899955   1178959.7848771058489        11177664.469625536352        
317   2                        1                        3                       -2                        2.879267454072662602     0.35312400745200811514   0.78030266614970322792 1865.0741593373772957     1677.1441111505648678    
318   2                        1                        3                        9                       -4.5604966619026541252   -1.3165237147100157244   -7.7997868928193021532  5319705.5081770857796        39240.053447888916708     
319   2                        1                        4                       -2                       -2.4177186999511244281    8.5599054848349318547   -6.0885656179800351495  2678.3526929049994578     63356303.95369297266         
320   2                        1                        4                        2                       -6.7883163930554948351    3.8749682713141915258    6.2263164778234774133  3205.5598682046165777     221874.1678110009525       
321   2                        1                        6                       -4                        0.1304528644346092392    8.9764968017660180521    8.5019950641822745752  46706.830919495419948      93733912.835677742958        
322   2                        1                        6                       -4                        2.098665800926497127     1.935009284648280925    -0.67748404150371044352 41907.91193951338937       384.04277468298772646   
323   2                        1                        6                       -3                       -2.2471300546788324226    5.8361676173568426407   -2.3610486458630219886  8039.781958380350261      2840770.1590166483074       
324   2                        1                        6                       -1                        1.8173577311821773606    4.0989415571190868093    8.1520579648159063879  5184.2457139820735392     166274.30033728037961      
325   2                        1                        7                       -9                       -8.7475753586617237545   -5.4113913043761279198   -3.3187051527345463597  5316750.3081937441602        1765664.525641432032        
326   2                        1                        7                       -8                       -7.4858084791074057662   -1.2975271737829210394   -9.7912111046770089473  2632172.26257585641          189608.90678040892817      
327   2                        1                        7                       -1                        4.1528878740524017843    4.4274753639272397265   -3.6903628842716420522  868.12548717348863647    318848.70452035753988      
328   2                        1                        7                        0                        7.9598012411075060868   -0.5613676240112095428   -0.50286598327702947131 1144.9161392631494891     77990.997893882566132     
329   2                        1                        7                        7                       -5.4913468466153441128    8.9380939769880143331   -3.4484541441759350988  1177270.0239326728042        92121628.983923822641        
330   2                        1                        8                        1                        8.1476081726218865242   -3.2953788594697890346    1.8811067558149048295  1526.4458532193048086     200880.66550078679575      
331   2                        1                        8                        4                        5.4922014223825925683   -6.1814627783263311755   -2.8878898688131426908  43033.452255501666514      5054236.4625738784671       
332   2                        1                        8                        6                        8.5077753354913134842    5.3741489332441716442   -3.5516180370688612555  467271.59900714975083       1836566.1926786021795       
333   2                        2                      -10                       -4                       -7.8195973814976396099   -5.2272083070325550125   -2.7400403041386001135  44389.788955298674409      1557481.7664742518682       
334   2                        2                       -4                        3                       -3.4884401609063111493   -9.3071711827319045796    6.1264814831877032475  12074.700030088893982      125067199.46605566144         
335   2                        2                       -3                       -3                        5.6201209587757077202   -6.9061530903361960654    0.33565968329451578711 9933.4091577401031827     11130450.898501859978        
336   2                        2                       -2                       -7                       -0.17756190423863493777   7.5466442613072999279   -5.4143877224564525008  1178308.1487285494804        22340951.85336285457         
337   2                        2                       -1                       -3                        8.6597153076974535679    6.3518000095039148789   -4.9293009109830059344  8722.7003457812606939     5702836.1608711499721       
338   2                        2                       -1                        5                       -9.3456362808063175862   -7.1931785203766693826    5.1381054433450739083  159844.11088617879432       15987216.287900976837        
339   2                        2                        0                       -9                        7.1158900934474829114    4.5725677104270339157    5.2849427639438459892  5316086.2713766330853        330670.23640366294421      
340   2                        2                        2                       -2                        6.8920598941005124516   -9.3474780288469165868    8.0148548586727805798  7546.7409742293566524     129791104.32607966661         
341   2                        2                        3                       -8                       -1.7311695161447921976    1.3861073963112175988   -6.5219887408578873789  2624391.2338961665519        3269.6118871598450824    
342   2                        2                        3                       -3                       -2.0399835239124577413    0.44955468478302940127  -6.4420225522578746791  10265.246467069820937      2872.8305149768075353    
343   2                        2                        3                        1                       -0.30704738000638265305  -2.8793536961130348217    9.8563694594492687884  11101.948638070751258      62636.808925136472681     
344   2                        2                        3                        6                       -3.8357800212838579768   -8.4580808626223937807    8.2611721108610396413  473942.74235499784118       57800082.47542013973         
345   2                        2                        5                       -9                        4.3409760581325080864    7.2311273776067253038    1.0416001299559560778  5314913.9123573247343        16169293.644019288942        
346   2                        2                        5                       -1                        3.5448787728861415047    5.5806762298790175691   -2.2300671858982603624  639.43989317970522279    1923406.4583423342556       
347   2                        2                        6                        9                        5.0241567105044602215    9.5601219656784373058    4.2047238642693436361  5315101.095930757001         156868535.03751376271         
348   2                        2                        7                       -3                       -1.3535141229321716594    8.1042300757130334432    3.76479613485458664    7992.6808858851836703     41451525.473672918975        
349   2                        2                        7                       -0                       -4.2616225903797673169   -0.69237422397781500649   8.2110100233753442467  5851.4245434273298088     24353.330960943927494     
350   2                        2                        8                       -5                       -4.9115848747474908365   -7.6165236946233836335    3.0722465370218170477  158761.48440752507304       25625503.913793440908        
