1  -0                        0.07854655756394997301   0.37297792802215040675   0.44773529209935464257   0.02639502933211508931   0.64217556972153899686   0                     
2  -0                        0.14865536434963705359   0.16011393964665798784   0.67048585015406969578   0.29046292461046552269   1.4046885252685741285    0                     
3  -0                        0.1621142925969591142    0.8694550163935532705    0.32620579997222076685   0.73234055303045086927   2.3452937872944494835    0                     
4  -0                        0.34340148656615088196   0.19493319007543224997   0.6792730866752735297    0.87152396407246679466   3.3915256597853429277    0                     
5  -0                        0.3629074289842759149    0.22825416369928375193   0.59292176008897878869   0.39552471226349583677   2.5951637458135112801    0                     
6  -0                        0.55674342726467729303   0.02890706522411365387   0.26163129942622764812   0.20012841977368303614   0.46851046854316669155   0                     
7  -0                        0.60611723254484062284   0.2402653944846860623    0.99673276550991762868   0.97822224153350623155   1.970492674413912404     0                     
8  -0                        0.63082164850151678515   0.27995256455148398445   0.86482430831548395833   0.59514207567999655168   1.3428170826375096514    0                     
9  -0                        0.68321621281076605481   0.59722419211669452999   0.44283441673098933311   0.10774003318039235277   1.2970172800931911716    0                     
10  -0                        0.69150417131825914208   0.74034819427326981067   0.37813905725305413386   0.80286051766734112256   2.1014185752601219903    0                     
11  -0                        0.76384208152532628855   0.95911399427687604735   0.89272519592771426566   0.37984238067172521047   2.9352084068372512604    0                     
12  -0                        0.83352294143976712881   0.46889948107136864008   0.58733332741896937534   0.2834892865651029159    2.6553573201431048822    0                     
13  -0                        0.83954430655100020786   0.04916915638772052788   0.45648646751895699536   0.63876253664651017061   2.7377826220830461246    0                     
14  -0                        0.88676201498107110055   0.76856242027519328097   0.69725581887207366272   0.84884970033654238986   3.1532229789734982361    0                     
15   1                        0.02088537926061204142   0.20840450449390443555   0.06003099882696545653   0.93891697820250807904   1.3115885501757047482    0                     
16   1                        0.03411848984335514451   0.17918700545355376041   0.14122535390994170323   0.31606240985543992972   0.30628240711631060655   0                     
17   1                        0.067956549229090224     0.00648554801626260134   0.64976431828033276439   0.79276172651181964213   1.6967174442349812757    0                     
18   1                        0.12160525940396015032   0.4493172278481808446    0.91009435852479525497   0.30494735100887421231   1.3331817370221918928    0                     
19   1                        0.20210821781729074176   0.84067175477293132335   0.48175770669471423835   0.96494248634319346181   2.1997524526833833747    0                     
20   1                        0.21478490910557679339   0.64613615999420548341   0.59150776778429459135   0.60129384204961688898   1.8127708106491677853    0                     
21   1                        0.23731609815203491554   0.96647567183954541381   0.07811630116918037714   0.70001901856344639352   1.6703946864651544324    0                     
22   1                        0.25408205582622483965   0.23245469759135850563   0.43667153103572120543   0.56362244538395256388   2.1178914660434200457    0                     
23   1                        0.26000154122244600874   0.76348101312375649119   0.77717690702834552052   0.95069754685058671662   3.0530395265112910685    0                     
24   1                        0.27097796861524181544   0.01605229389389331573   0.01839616415146648823   0.82678879100428626092   2.6740368300641472743    0                     
25   1                        0.30425261469936293324   0.80423976496146987181   0.65205648159982088075   0.80678833709535857643   2.970250908550485569     0                     
26   1                        0.33002254440310002659   0.48178136215959238564   0.03556253944606579259   0.98805255742279174402   3.311612682789442097     0                     
27   1                        0.36929704809405305976   0.84620546779367267209   0.12816643031131624841   0.77992231347503193639   3.1100107608734259834    0                     
28   1                        0.45301233777427402094   0.14201308268076112684   0.3433230646828475674    0.9000481052342914623    4.5578764311418371591    0                     
29   1                        0.50085815508217979009   0.36692205412288247945   0.35132310144214962122   0.78719237635731520442   4.5765474057285047138    0                     
30   1                        0.59401978419954426514   0.60842113398956620962   0.77557036135708223856   0.48350203670735980577   4.7168816758505514031    0                     
31   1                        0.62032450541861461346   0.15242195262210955775   0.63972852364083021559   0.49573322579910356067   4.7521355034142969131    0                     
32   1                        0.65848184408398391376   0.90838194359940982459   0.47813915664659328852   0.8213197079508843812    4.6531899359302162367    0                     
33   1                        0.66968641867341627272   0.67553380432155296642   0.12677070163627404686   0.54715824076979380219   3.9869750832306376509    0                     
34   1                        0.7490771081813325516    0.06575333044066870858   0.18035437710498328223   0.09469703792377771878   3.0541770630529958552    0                     
35   1                        0.7690670667088280732    0.52289567554436988672   0.53791532747119563673   0.1621765470751972138    2.8537340182425685597    0                     
36   1                        0.77655083502748767366   0.7164477150655462756    0.55182010811935655603   0.92141111366297379082   3.8450168946436211748    0                     
37   1                        0.80453316284169751338   0.73801820215629831967   0.16218744989442349103   0.43773327007743834116   2.2634485277373581624    0                     
38   1                        0.81019065956449842769   0.48638692015744444674   0.33211975777151991895   0.18297600785991549599   2.1013505983013156531    0                     
39   1                        0.84992057224594064202   0.25907488313388893353   0.56917971996338567742   0.20845117052841261041   1.8223436476375103332    0                     
40   1                        0.90008542461509011279   0.27025606821157410753   0.31710344780169041901   0.38204684532853933066   1.033082632468312001     0                     
41   1                        0.94472923638595474038   0.55931107450074302179   0.42462411856852100289   0.5325032134737128775    0.68059192319661709902   0                     
42   2                        0.08656453244540945891   0.83424214441474575654   0.10131358364161886787   0.52432697649773374327   3.3259390337682059879    0                     
43   2                        0.09427185153641548521   0.75959002457456425983   0.75061659668540037238   0.51611481577626305839   3.5968428511312797724    0                     
44   2                        0.12769937358137672945   0.94725242147111621271   0.80501156130829165658   0.67507692512568950871   3.7120835933835509834    0                     
45   2                        0.13103699040297348      0.20762682012459887648   0.36413417672555292715   0.11709438551335929479   2.8262344166736736994    0                     
46   2                        0.14416644946862164356   0.21433824537469498006   0.10769568205245204362   0.01881792915119275683   2.7262326814690087673    0                     
47   2                        0.24777346740750907927   0.66645913232268272353   0.67555215727620576693   0.00438196268966001539   2.350179071058679181     0                     
48   2                        0.25862510894858858901   0.27388317165288211807   0.35559668625881818427   0.76308371490870685605   2.3541249911050914356    0                     
49   2                        0.26701197311072888407   0.85495133322918581698   0.92249344427848556371   0.21967693350642847339   2.5234402431339493234    0                     
50   2                        0.27976885404339263408   0.31250265788578024395   0.53368815902939248375   0.03415476270163309708   1.9885248119731369076    0                     
51   2                        0.28240850982405441005   0.99465313725887172236   0.74164862825946142877   0.01434939888360663163   2.3057444247136138493    0                     
52   2                        0.29467639854985205883   0.57108957291093875863   0.38669703695613355521   0.38504288131767955283   2.1574017121631161586    0                     
53   2                        0.423883902784409905     0.54437566053037889091   0.97597352289500960421   0.65784964211700702741   2.0264306957400766152    0                     
54   2                        0.48068133500234255795   0.64932470445831413919   0.46764825635488338484   0.1128670312177545848    1.3848022681001557199    0                     
55   2                        0.4917551348478894635    0.06033331559978735714   0.90108048610973190407   0.34737182283573125874   1.3445181567399271394    0                     
56   2                        0.50871969207765532772   0.53027668444585918106   0.8120427080160105282    0.25864223560659271861   1.4766673401073737715    0                     
57   2                        0.52251297499391091694   0.8822050921232916787    0.9150531627421857328    0.55570343093753415964   1.9595885605341516467    0                     
58   2                        0.53748179932345685472   0.68329818356486460296   0.233940717435893758     0.54367855603519799068   1.4964410327993500349    0                     
59   2                        0.59685538915285274442   0.10482898016013879328   0.97816560203166802445   0.33502590863197712068   1.559653417491615679     0                     
60   2                        0.63723064493695980026   0.29325355870492142429   0.66717426021564152361   0.79048509879468120687   2.0232840557571236673    0                     
61   2                        0.67520262068025826974   0.51947994172374722943   0.93897487891255293491   0.34017954728570287681   2.1263042312785036536    0                     
62   2                        0.69584762373842479199   0.72302858589008189849   0.74784161876976529282   0.64508234377137441129   2.5102114983475742882    0                     
63   2                        0.70199466223502404727   0.43663727079160447042   0.84986866308605968356   0.09882699230658517631   2.0052349934081865612    0                     
64   2                        0.71328174052324189169   0.28877138473018337805   0.39484278541124490092   0.84627417200484178483   2.2498644832203957833    0                     
65   2                        0.73862964674984799007   0.24841789996913118954   0.29456631638728231204   0.68336514052081975823   2.2541240231264425553    0                     
66   2                        0.77556705038611939429   0.64101419167896134255   0.73732338522405438397   0.71732024535008709343   3.009356569783712132     0                     
67   2                        0.79623678194457592205   0.01265161738839270904   0.00757774233808222817   0.35836342250703917545   2.2954863767296882493    0                     
68   2                        0.80317385976183552909   0.11131076603553043125   0.49358970023263004645   0.85449364458175691706   2.8053448596891525924    0                     
69   2                        0.85326462224341570462   0.93069770233395920922   0.52589466225027448054   0.32161669705659540197   3.2387405324791975758    0                     
70   2                        0.9231498131638276039    0.60074923701229254736   0.73557755174943662002   0.9357861932329335497    3.8743867030820871022    0                     
71   3                        0.00064982377194096894   0.41855362258631589878   0.79574151049362074062   0.88848096626635664208   2.0783482740572982728    0                     
72   3                        0.01926928151381884086   0.83899267834308388636   0.90453075576306574135   0.86064172601807897856   1.6934447719308527436    0                     
73   3                        0.02975348774105159022   0.40711751498820197837   0.38205789800594974759   0.297023833569377671     0.98356835743674664307   0                     
74   3                        0.03855613763317376069   0.68452237090294310029   0.60848878201667422339   0.74160396602507772101   1.3062345252602833856    0                     
75   3                        0.15300216184393553021   0.15760627694558498879   0.45480834510522155645   0.40932331262000909433   1.2235612853608901496    0                     
76   3                        0.17833588397650418367   0.70723645703104243143   0.24885015947950306359   0.13433299866093625918   0.40187802280410500622   0                     
77   3                        0.2102111318423904307    0.80341985572395380188   0.61343938434623168643   0.47827975466155442374   0.80386035067960270872   0                     
78   3                        0.24991677986409438494   0.67007492265619217342   0.05720120829371763693   0.15699550931365124917   0.35168084613391470405   0                     
79   3                        0.28910195664528337556   0.98169421001283785344   0.28932330147580320734   0.60627251315449193214   0.60496027732589929826   0                     
80   3                        0.31900392605713662197   0.70099311562650679086   0.30765513561751112181   0.06627771861345453652   0.78176959509728738418   0                     
81   3                        0.37390219053670348259   0.43245019327952766153   0.78006692844817104859   0.43566340383320656393   1.774045801616972895     0                     
82   3                        0.40536178318815346833   0.71032739542758271956   0.89011830603566910458   0.71017394219110108189   1.9423791399775742761    0                     
83   3                        0.41948031390539375352   0.7251047993761265964    0.20072650248015452834   0.4455103522617160916    0.98210292764318141145   0                     
84   3                        0.44678339225584257077   0.61531718145294989064   0.8000809204904550942    0.17545074156193310455   1.6060554023666990808    0                     
85   3                        0.47838776318691383915   0.56771930061181052896   0.86940939808390316212   0.45517396981529290034   1.7582773009335854741    0                     
86   3                        0.49658269077273614611   0.08988599971818876655   0.28064623483657979985   0.36641245803106864409   1.5463047021664153569    0                     
87   3                        0.51206465168391923637   0.75402946087206468295   0.41926720513479481811   0.26957005615196427684   0.93007698112020209535   0                     
88   3                        0.51931340422185912065   0.44252959153953230764   0.84112709802694785033   0.46843716094373660797   1.7141030478465069109    0                     
89   3                        0.57274994925333888585   0.32389087373853914231   0.59693301510366914009   0.75675484438071838333   1.6215340022944464415    0                     
90   3                        0.58361745074568727176   0.82738603914794195404   0.62510108586333246183   0.67886099750056416724   0.95780825659830504115   0                     
91   3                        0.6158325773235020506    0.04450411886640454756   0.08535018086557978612   0.99401424959628237321   1.6707422530257374227    0                     
92   3                        0.73222010253561198301   0.53431537457888844678   0.5520281549114799402    0.64803770440165830991   0.58642258075661546357   0                     
93   3                        0.87552883144922755143   0.33959725828180026275   0.5472213021719877224    0.32843669766197836068   1.4522465142896696655    0                     
94   3                        0.9380340718920422427    0.82844842326185852421   0.93396746132289232278   0.44142023954014764087   1.9314854771967291391    0                     
95   3                        0.94830155759777445823   0.86215930676044871817   0.09349597450101188034   0.52337577601321416676   1.1820525989052750315    0                     
96   3                        0.95473608242597796103   0.4037323905871558205    0.81604777108972148536   0.83973905146674698852   2.8497726629128186104    0                     
97   3                        0.99591262377889655522   0.4618081659371517933    0.70340589586910928777   0.22350712866976557569   2.2477267436683145974    0                     
98   4                        0.04901113557932226111   0.07402544332342815558   0.99088191647522194661   0.4503012775262588141    3.4364120111826599313    0                     
99   4                        0.10899041358590834394   0.50616621574251130511   0.69229739595211514658   0.68444572468484887739   3.3858766186666180431    0                     
100   4                        0.13575216595729630575   0.87915169696303829827   0.32201395747019301297   0.73674340935068760583   3.4038430434928330648    0                     
101   4                        0.32416913979225076003   0.22728629992792528935   0.72685206177617700529   0.21587422331140243559   2.7420143037882729331    0                     
102   4                        0.33521237153541583176   0.51218363784071607725   0.89641359512890073091   0.31282965849918070722   3.2931641915028295742    0                     
103   4                        0.35563682675073776673   0.75124690397252491536   0.2528338251590807606    0.04978971360665506579   2.4979602889183438741    0                     
104   4                        0.3585213244293167234    0.58399165231454919223   0.84654455154727781263   0.91563809692758091341   3.8614570975185880108    0                     
105   4                        0.42999026322038619297   0.12603934154613860574   0.40417007828880335829   0.08199178143730195822   2.1686604754624916325    0                     
106   4                        0.43379874455784422915   0.39467591673104929217   0.96436924944454083253   0.87696935539249543101   3.8576527211361297809    0                     
107   4                        0.44992813390631419823   0.4578168759452684311    0.05454573546316143079   0.42075316076929519804   2.5127973960661096342    0                     
108   4                        0.45827131501451862094   0.3516949814752897141    0.49905075921934349825   0.41260149557716246926   2.6732641999349446849    0                     
109   4                        0.47232619300399120155   0.42806347414945800089   0.01169950969230837932   0.87507910937049404598   2.9319250053652679       0                     
110   4                        0.54140842785812171023   0.96394319555441465575   0.18619013179237725586   0.40241657772995914621   2.9476202033367231437    0                     
111   4                        0.55055628236070186521   0.93629526665441120681   0.16691771194965526748   0.63544973275797667078   3.1412427923549728348    0                     
112   4                        0.64221215570583289889   0.58990804049137701703   0.62125168912421246947   0.80939891837476729552   3.2877500571865168055    0                     
113   4                        0.69938633124981686162   0.21991127968111803814   0.63298054338641940308   0.9269597154732233113    3.1302814281144284436    0                     
114   4                        0.72050815639097898213   0.36055519450748224619   0.88054519515683538078   0.92983614417673920993   3.5678476586330769571    0                     
115   4                        0.72802755265404173191   0.7842320168652180401    0.64319443892110006455   0.72623415487125386747   3.354268433925645887     0                     
116   4                        0.89057775148623097294   0.10261739738346481454   0.32815451306480786231   0.61439071264080480361   2.3359870038629044764    0                     
117   4                        0.91106625097875171271   0.92008256103752239508   0.02158724491055757921   0.62500259480648734378   2.8237678196157913746    0                     
118   4                        0.91498266425146312919   0.63206821877604080218   0.40078437162208940814   0.20408270677274156779   2.282236523346063084     0                     
119   4                        0.92472254768030781591   0.7989150449649699004    0.70706960867975598983   0.69492808613901213555   3.2609575296042541126    0                     
120   4                        0.93453470802273008733   0.69751787342259619074   0.2424121426656870304    0.27216406382531022068   2.2906954916878285999    0                     
121   4                        0.94393468949383463329   0.13596120147592416494   0.92460029850914149385   0.23294546180612998865   2.660641494000317131     0                     
122   4                        0.96134281165556578763   0.9555806648441544926    0.87744077683273724588   0.10126276129979239204   3.0578180251916289301    0                     
123   4                        0.96755312517181812915   0.12240283587258375675   0.00361130027370790488   0.08402767959889669014   1.6308325219447747934    0                     
124   4                        0.97013289206617814298   0.24403563574702377692   0.14719124205484782064   0.07382366656833878882   1.6827575047517699947    0                     
125   4                        0.97322851787629272025   0.42680349308224474481   0.64687445057622960931   0.06083330655303628015   2.1730372944235445409    0                     
126   5                        0.00505203109165933747   0.48952287519944898131   0.98714380937235990388   0.78047294244739995328   4.5256775969431117801    0                     
127   5                        0.0091455843553751668    0.62542161096665571662   0.24410787650107124147   0.05493430250672025339   3.7006991014378458615    0                     
128   5                        0.08985702778907890542   0.00024679779267096835   0.50984156777566336238   0.98218056911839657364   4.5007354855934220694    0                     
129   5                        0.10565174488202941361   0.98590060752860741999   0.43512901434188916427   0.58256138935558532399   3.7607347632950922645    0                     
130   5                        0.16528819912515771429   0.76709764287040982378   0.04633580538032944923   0.46089294659553398104   3.6389790176671708011    0                     
131   5                        0.17135911656994351482   0.54135293904909698171   0.71505499696988961134   0.32544389486998409611   3.9633876351598984478    0                     
132   5                        0.28628002074693331691   0.46649248763790646111   0.83822092520217894585   0.84097961832792023085   4.4821956886236637985    0                     
133   5                        0.34592686526149668547   0.29850373262877194502   0.33603063919861586584   0.26241213129330709375   3.9612580083939290532    0                     
134   5                        0.36613828413797033789   0.11327480468928692592   0.07492153123089147215   0.33750974419189377906   3.9966228700294257337    0                     
135   5                        0.37934243700824271661   0.35202779156156532858   0.99589869754107174238   0.02380275204773124945   3.8798783290190628215    0                     
136   5                        0.38067271313552575318   0.34160080573465695375   0.91633871974617686629   0.24876739318500443177   4.0897908543565053563    0                     
137   5                        0.39682509269677690433   0.7826131897137065252    0.51714482047156085098   0.55092205614292111271   3.9320622419821784632    0                     
138   5                        0.46084356489610939223   0.37019838645546659928   0.31360070647522819698   0.16940133358663911345   3.9372448014837235775    0                     
139   5                        0.48462700322657520369   0.08045922443374507738   0.88703506202135118386   0.18860732651422901229   4.2112718471082528637    0                     
140   5                        0.49345716611795531481   0.14409150074051962909   0.37275049353594669199   0.51385675432669397633   4.2098000934105570536    0                     
141   5                        0.56253693128156878611   0.30916402068295611993   0.27725356935366374245   0.50879081044271368128   4.1356026695578220753    0                     
142   5                        0.65100070163584322636   0.53835680944527430913   0.29857335740201484953   0.56801547359116744129   4.1557977118869953159    0                     
143   5                        0.66709337766447418527   0.09983665350261998472   0.0254257030853595814    0.76485486018491322113   4.2480077025179916461    0                     
144   5                        0.67757855752333495669   0.96929161684152009837   0.75287318164037375645   0.00017879315656116069   3.8096062730533857277    0                     
145   5                        0.68784181344226047461   0.93432704393433574364   0.63105203915365326583   0.69786607639441877726   4.2830854352224712045    0                     
146   5                        0.71179824376567224498   0.59204918315635279846   0.94943614079370997061   0.10812631971019467936   4.1548146700683270538    0                     
147   5                        0.84021960193017020124   0.91842386094909711503   0.4915070357824459224    0.59001700195251427505   4.4089907643824748362    0                     
148   5                        0.87682301806398277311   0.67986775574550672996   0.6838786552203536262    0.00945171743572031237   4.3115142444268279576    0                     
149   5                        0.89470285531568871651   0.57875618159369479621   0.39884324038746843399   0.12275439037167336365   4.436215137116582774     0                     
150   5                        0.89665862383243133404   0.6615774804655409902    0.54074398737418094552   0.62371619576116010819   4.6865241778923394378    0                     
151   5                        0.90603452612134505184   0.07697816320438360949   0.68560283347722217329   0.89933109959385615362   5.2743123687886104278    0                     
152   5                        0.91715528703694126911   0.81011639544510194444   0.22149940021464120665   0.73079674697825613983   4.4718289545599727575    0                     
153   5                        0.9841274300068914016    0.74458209040122624867   0.04376695590553967424   0.76913784457490264046   4.4782479908856407391    0                     
154   6                        0.01272207012789372017   0.093755037984288081     0.40952669972403127341   0.53681680023316691308   3.5300550708909916864    0                     
155   6                        0.08344872093001583224   0.03810451934535627472   0.25613168296966037918   0.66568862813098550468   3.6121859518668588684    0                     
156   6                        0.09720576050439982962   0.04316665380987493722   0.01392556140989194627   0.24371985413500105166   3.098764057260559035     0                     
157   6                        0.14115312491849835164   0.16789656584893739022   0.72358615606082277161   0.81752540225664283025   4.311236442102731381     0                     
158   6                        0.19218617105674606904   0.84892480513847545787   0.21549802024557676572   0.27718316129156927996   2.9649278514236074855    0                     
159   6                        0.19631791825506786364   0.68993742922272938145   0.11114278568866260699   0.39681340275165005727   2.9828415089845283781    0                     
160   6                        0.22106565411972478596   0.26742761804150133598   0.14920966374902280838   0.17743312411416162222   3.1825883622574497878    0                     
161   6                        0.31062528278646645008   0.18828159294935911672   0.20933424451140086875   0.39059926880770345914   3.3276909714709068666    0                     
162   6                        0.33876713383169076987   0.06822272794419496911   0.3614617420559426697    0.3748637378250397334    3.5178500434472392833    0                     
163   6                        0.39351670182438486245   0.73212519329509817556   0.83468660707368669271   0.9403868831210738799    4.3910345636704954941    0                     
164   6                        0.4671808195298493005    0.63171288308494555341   0.7576655570160749642    0.41884765130440881897   3.5070583836039626036    0                     
165   6                        0.50423808916198042951   0.41091217704464499949   0.95566444883208356842   0.69142702240856068752   4.0085932287381611516    0                     
166   6                        0.53298188102920118769   0.81521260075997847849   0.19371342138054625792   0.60989080101575021686   2.8855803689348817898    0                     
167   6                        0.54695365710532140024   0.30050787998375200205   0.06625008541304852616   0.61726245602901619325   2.9953833894517636338    0                     
168   6                        0.55475794064969707886   0.20301774301543312751   0.20733671977169268463   0.83247702209569440779   3.5106754780224931345    0                     
169   6                        0.56502881909930813276   0.28746816186780765889   0.77111360879594315065   0.14535395826151453758   3.4365432870295151702    0                     
170   6                        0.57918932786751298192   0.39147500877722052337   0.52294746108701151144   0.88345119864387700037   3.7920128604373353198    0                     
171   6                        0.60206835589792306873   0.30418633147519691384   0.58192286757145139653   0.90832266548562856645   3.9032307617157835367    0                     
172   6                        0.78336380581729203598   0.347516827125921135     0.17092975087625203456   0.65378776196618271221   2.5811196664125164446    0                     
173   6                        0.78663472686303659298   0.18652111923939573845   0.76409779602384608754   0.26521940463437221336   2.9871011830198050951    0                     
174   6                        0.79019118953547240469   0.6931513041465430236    0.03125493600854066523   0.49773966569400851512   2.0981738066266300002    0                     
175   6                        0.8189561477114809529    0.49889715821456565026   0.53021462576422251356   0.70606929926156747346   2.8654855745580052329    0                     
176   6                        0.82786831167802865661   0.62370312886771350769   0.65710639617524724265   0.12794956938176174632   2.563307327433139271     0                     
177   6                        0.93103404381103682663   0.92432329504385668528   0.39169699307803462762   0.96018704676446198221   2.8840209588387972772    0                     
178   6                        0.95947412705967993762   0.94000168402120509725   0.56400003947410737304   0.7549422510766755634    2.5717664507956956577    0                     
179   6                        0.99159528353335224526   0.90599462295649446641   0.95973088326857680652   0.36873111373855060879   2.5913460998468993424    0                     
180   6                        0.99948284428461520168   0.23685878605229285232   0.55847518254315364761   0.03616305519457977541   2.4733472759070807001    0                     
181   7                        0.04789103168246593156   0.05254860806384790278   0.78687127560257708048   0.16645927540270127887   4.9527756400996683084    0                     
182   7                        0.05701286895224193241   0.31891153791428350495   0.03613403053957364025   0.22765367595098301434   4.2597785687432097035    0                     
183   7                        0.06880901625212491879   0.02185609202502670004   0.21734290809215578433   0.95486919607009490552   5.1718804956195985056    0                     
184   7                        0.11409547631863864448   0.05627130713692663627   0.87588657563922156513   0.35324178118939553173   5.227712682750736306     0                     
185   7                        0.2267434887044931513    0.08719267299379983294   0.8109428821203631399    0.88608889332741702649   5.6926724161332229457    0                     
186   7                        0.24307606890776103925   0.54852980184194854996   0.50114667097226406334   0.18462282252978132191   4.6563692936457510285    0                     
187   7                        0.27234869768758040998   0.25414504485161626413   0.23198114155604998565   0.86604622496898431283   5.0827652487723096186    0                     
188   7                        0.29708779606807228513   0.19691890148187962684   0.301224096569517652     0.5592924175139731835    4.8476168005219335555    0                     
189   7                        0.31505848929916008272   0.87351450234500571668   0.85513716418555407728   0.50709056006443931075   5.3015444289409945355    0                     
190   7                        0.32350667596038118479   0.99716006683119573495   0.60559784237332592305   0.95744009154975417974   5.4919074151958913177    0                     
191   7                        0.34944330495908937362   0.02571522287784964306   0.08359997434159739671   0.13891773753122374502   4.2205362995142987614    0                     
192   7                        0.38439981546541673874   0.50309177056120046867   0.86161297621801791191   0.49124978060816643088   5.3102206911870144523    0                     
193   7                        0.3904451057069108777    0.11878476653406042085   0.13222317275503259193   0.1490458326854383897    4.2710424687179937564    0                     
194   7                        0.40073404008912250074   0.15065382420985348744   0.11652395111148336482   0.89423143894277312693   4.9974433613410571553    0                     
195   7                        0.41145728692958533079   0.89096986241800935069   0.47101913684676843808   0.59896954673970348448   4.9891543946000567189    0                     
196   7                        0.52625202121079250883   0.61750386055128270169   0.71849545654898872016   0.29440769751053480485   4.9412490113285505444    0                     
197   7                        0.52804345504940564116   0.41577589286020394388   0.46027728184319038895   0.96813360052372654518   5.3800006887724158844    0                     
198   7                        0.5888659000706080171    0.88595256955687717859   0.26745093844538808669   0.85682854580712242143   5.0092432309023298131    0                     
199   7                        0.61129933068233055504   0.5726469327157006628    0.7118368337032936477    0.6403050268200005668    5.2749540522146380894    0                     
200   7                        0.61918158202506179411   0.79205398275331928559   0.42089478199391039404   0.71420522283068976765   5.0269614249030984965    0                     
201   7                        0.62762866802970618263   0.33302426891797787256   0.85610901622104196296   0.42651908108371289208   5.2365402411632562263    0                     
202   7                        0.63451184536854543516   0.89565995956390631605   0.19804274923867609681   0.74521380499592371205   4.8179451074478114592    0                     
203   7                        0.6617652344940614384    0.86445506916764547345   0.23678984935041280657   0.47560482275569920807   4.5862542662950041006    0                     
204   7                        0.71797559285768675075   0.8985551325656835342    0.41291483685302426965   0.15509789387860753451   4.4257594599845946348    0                     
205   7                        0.74208733266826887309   0.22280639774790181318   0.17453891550994918291   0.25218688271664707612   4.3902679925314860299    0                     
206   7                        0.75935056079815854702   0.60521745217712996645   0.12033214336082621865   0.50150770259124877182   4.5205043467028787063    0                     
207   7                        0.76719349987972373928   0.44614869649199506707   0.57249210341286194126   0.94759833899969192483   5.4446173068093859371    0                     
208   7                        0.86374762883217715004   0.56261573385508167888   0.08928364609956826459   0.74943261338058686505   4.7315627025352959834    0                     
209   8                        0.02464689299944948855   0.13732059196786036703   0.35804678044981480545   0.48620781803182505643   3.1929346027383838091    0                     
210   8                        0.05317606193785929386   0.77555479181268127675   0.34510435576576370398   0.14061631565275981015   3.6499373553230829437    0                     
211   8                        0.11703203256917932285   0.55225577575439954714   0.47328859912727228032   0.7960110539291079812    3.6809279340371707789    0                     
212   8                        0.13810521028333000437   0.38551383774110903335   0.56109190443369838519   0.8283040460255705062    3.61205856999564201      0                     
213   8                        0.15916363578549672098   0.63814596156546521399   0.60156071729901261502   0.99711379918482012652   4.0050387093258095206    0                     
214   8                        0.17278080518189370407   0.8183404110619659777    0.48754574410606771329   0.7721915245429127328    4.0435806892625407727    0                     
215   8                        0.21669357500613983802   0.1823731316128683333    0.57850223035889269951   0.08867645315189763566   3.0794719418839249236    0                     
216   8                        0.22917537015424468971   0.01083416074394112465   0.96328276718856831184   0.24602761392063171586   3.2310932398349709871    0                     
217   8                        0.3035611670137293161    0.9751847468305343547    0.43141294707157945565   0.97493081733652642296   4.3575965805612089099    0                     
218   8                        0.414352006445255161     0.77759599570501503063   0.96817481327247223444   0.67163973536427123978   4.2193506601951034085    0                     
219   8                        0.42637531626652347416   0.51085282025925182747   0.93168290184337720916   0.90586728988351938874   4.0661950249108853583    0                     
220   8                        0.43620840198737764748   0.37685425954890766631   0.82069437687580804042   0.56564500983470233919   3.5647404308344143864    0                     
221   8                        0.44168206427751161014   0.90138002030397301745   0.83054768231477305029   0.53056368945598686437   4.2100620423909260737    0                     
222   8                        0.46927735541231868632   0.79175395527103775706   0.27538737118229911216   0.45776667253341679631   3.701265066562278605     0                     
223   8                        0.58470594065187175836   0.39750098647957227138   0.28481769447978994014   0.98697959056472861494   3.3391663490606049436    0                     
224   8                        0.65341923022862047343   0.26292144693222863072   0.94505165629765297552   0.30044800559348611158   3.213575716572684815     0                     
225   8                        0.70719838401004631034   0.13102993792552267149   0.19102542650770054644   0.91725194583769231738   3.0155418824867030736    0                     
226   8                        0.7242699203082058057    0.95039403771478547789   0.50540877756229807272   0.19565302280607937968   3.812169562252885946     0                     
227   8                        0.74661170995109993331   0.82050981678359902194   0.04849992995907085463   0.36354879731860684222   3.4827769242501820379    0                     
228   8                        0.7530745834189175314    0.47375612373039033276   0.45147321073605517494   0.58637860401402652766   3.2756367668452561759    0                     
229   8                        0.7929065991651514933    0.47877426397492506283   0.17968155839193647449   0.07672439512068507383   2.9937602183826323987    0                     
230   8                        0.81213262767534066811   0.03330233698554856819   0.72912023924037816514   0.66378537851287633398   3.2172635433154090912    0                     
231   8                        0.82169867570551546887   0.71376274311024756614   0.15701175291859817418   0.30925377069535980867   3.2806128941545256161    0                     
232   8                        0.84775086082698569712   0.35678367989807940885   0.98293140934382838836   0.46500153622427059519   3.2797277701076650303    0                     
233   8                        0.86459322919244718797   0.17424729401949962115   0.69003662802512677477   0.02805351181981468461   2.7265690771508195311    0                     
234   8                        0.86862278006426585364   0.33079029579991248156   0.15315971243408502134   0.13003577032453281226   2.8016481137057391848    0                     
235   8                        0.97714496026773589588   0.16819391935043828679   0.51238558516474108639   0.57299721713666740275   2.8553897084409216589    0                     
236   8                        0.98387485953883146994   0.91566690848480603027   0.27104279275775017277   0.34848367574077182551   3.4566996528875613137    0                     
237   9                        0.04278045797971553876   0.45262392896707731582   0.11205745903031374966   0.04420911377859514102   0.6047516913239137093    0                     
238   9                        0.06236738254650667224   0.58546019156776829551   0.36856110385073370672   0.42951047230267674903   0.88883857249151576596   0                     
239   9                        0.07316595885184731807   0.65696137894246764422   0.79178199582169350723   0.72341557692629643306   1.3668990025108072039    0                     
240   9                        0.10107932926739550406   0.97917423886786547627   0.66107409878193268415   0.23791324965793481105   1.0938360926099808257    0                     
241   9                        0.18018442722786787158   0.49224599580286210188   0.6197554587926146219    0.04393032887855784913   0.55415613312514144795   0                     
242   9                        0.18563320596274759944   0.28000253109168316001   0.06847495945740374179   0.81524348686617886806   0.75039370909006253285   0                     
243   9                        0.19009197177227862841   0.72843892785451347383   0.94203591339523817805   0.28622559191710911231   0.68540244816800366401   0                     
244   9                        0.20607083343203896897   0.42177820170805285782   0.13944403427546939178   0.62910059024884845691   0.52885354434585729599   0                     
245   9                        0.23553048042569554865   0.38323160261642924551   0.30900737781101078605   0.57980172298750876081   0.63362528716480048807   0                     
246   9                        0.56858487293137816021   0.32703079384729050183   0.09969485704221177358   0.19651623324689368455   0.08468387462633075735   0                     
247   9                        0.64535960045488538483   0.52758484344174738645   0.76115156368844938406   0.05777491200756628559   0.53092674596278910393   0                     
248   9                        0.83041895045116986829   0.85867109417511866543   0.79914988526682129155   0.22803042512387744489   0.37782813035935403079   0                     
249   9                        0.85813277640243357247   0.65593283861315176964   0.82599812761740709632   0.40530547750957901521   0.76249692518026090937   0                     
250   9                        0.88305152366474548575   0.98914896294687615352   0.2279832671657165688    0.06997727693663381709   0.90562614552557163528   0                     
