1  -0                       -5                       -2                       -4.0995350175955183047    9.0837546730376210746  2786.2203557563871072     18614.299790554872743     
2  -0                       -4                       -5                        4.7464647742049912438    6.8914258976772941878  837.3956296623128992     12837181172.207881927           
3  -0                       -4                        1                        1.7160293814903200271   -4.6040745600182733099   53.645194312966552275   1240.4367447816484855    
4  -0                       -3                       -3                        5.0572877523110459919   -0.6430561308430169376  127.03939571667737596    98780.97145677205117      
5  -0                       -3                        8                       -0.1069130004166884973    5.985108295456763372   391.79523134849046073    120522.90117127499252      
6  -0                       -2                        8                        2.2263656004207135197    9.474137295147901483   3336.7225651267799549     14549764634.310821533           
7  -0                       -1                       -2                        1.5500729655358185255    3.4543366807592885692  -36.085574745935183216   19341.559861780355277     
8  -0                       -1                        9                       -3.8282554824622945233    5.5002852784516953477  263.06334828485626076      0                     
9  -0                       -0                       -2                        3.8938264013346817194    0.93287068395243721852  -6.0932017653981702665  37153.861604730154795     
10  -0                       -0                       -2                        5.1890963001291030565    8.0728594610870025861  1789.4232396354691446     330501538604.7255249             
11  -0                        0                        2                       -4.4665619083090133401    9.8207883613418758273  3981.0668411224678493     40768.781994421275158     
12  -0                        0                        7                        4.7808472239973127671    7.1018250564303784245  1003.7921042038999531     20945939495.56483078            
13  -0                        1                        8                       -3.0775035453302561628    6.6988347021254792679  678.54749973271702856    750.06436969685023541   
14  -0                        2                       -3                        0.149845970242713733     8.5007215785143728226  2063.5436268313346773     32528905.294779453427        
15  -0                        3                       -5                       -1.0755305086065853892   -1.9980737033947546522  -17.259820947251775181     0                     
16  -0                        3                        1                        0.26984652163224431831   6.8078856453597289544  738.83024605488094494    1381277.1006570709869       
17  -0                        4                       -3                        4.5959278546124533449    2.4359983869865535766   46.862397452464620073   1316918.5980384044815       
18  -0                        4                       -1                        7.972364624732259486     3.9271311351999482753  1554.022578986900271      21663559597.382835388           
19  -0                        4                       -1                        9.950991482648763764     9.6733336230025930291  7817.922584641105459      111038141166081632                     
20  -0                        5                        4                        1.6425162509648396636   -3.3838995022941147361   -1.384063805629327959   366.61549602426725869   
21  -0                        5                        6                        0.67208585879581228539   7.0429077650101170605  882.8577829534118564     4980575.069738199003        
22  -0                        6                       -4                       -2.2946843434252506277   -3.5795444311433342044  -12.181397927397457082     0                     
23  -0                        6                        9                        8.3908779389157146511    0.69763571007587810158 1979.8042172342422873     79353506.012277707458        
24  -0                        7                        2                       -0.01820363342720110467  -2.2553598821012674769   11.835412500572809691     0                     
25  -0                        7                        3                        3.0687299120679352171   -2.5673517938720418208  -14.459357773171264583   9322.2740097462356061    
26  -0                        7                        6                       -2.5671882515836474958    1.5659990511615751174    1.4143504944870155526    0                     
27  -0                        7                        6                        3.2773016217903485625    8.8211667049446074174  2449.5758381864025068     32251361644.152450562           
28  -0                        8                       -4                        1.8472970127843550969    4.5814380496976525592   58.602013873558021828   371964.89403086277889      
29  -0                        8                        2                        3.8099999112845406302   -0.74766070152345598387  28.144684011710261018   23869.246574494853121     
30  -0                        8                        7                        5.4588372830811042746    7.7327455050481361809  1597.2417480571175474     287109310053.91400146            
31  -0                        9                        3                        1.3693617785278151544    2.9875482021056933846   -5.3872530698857286069  4626.1343018925945216    
32   1                       -5                        1                        0.73086847008924582525  -0.54464249645933460187 -10.798160611315569923     0                     
33   1                       -5                        1                        6.9361226574043115534    8.3272144939953491871  2850.7537545002805928     309380408394854236160.0                   
34   1                       -5                        8                        8.5679613364459861202    7.9096258902711849004  3847.1916529024629199     1522173549459506724864.0                   
35   1                       -4                       -2                       -2.8816196913508744792   -0.25906385216840099872 -26.746841658249735474     0                     
36   1                       -4                        5                        4.1273317302501126846    6.1240594903761653711  527.63845182457578176    167314876134792.75                  
37   1                       -4                        6                        6.2592489502810053636    2.7417222366439455428  524.54709850231347446    15828877030.318004608           
38   1                       -4                        8                       -3.4802962453757171346    2.86490464746600626     -0.88198193410798708669   0                     
39   1                       -3                       -3                        1.8221251765783232912    1.1398496893001368591  -32.360684717558584111   1802.0434457319668127    
40   1                       -3                       -2                       -3.3845647692132194706   -4.7177310627321089598  102.52483580596224044      0                     
41   1                       -3                       -2                        0.46201265088329357411  -3.2435842172996105504  -17.538961762434865932     0                     
42   1                       -3                        2                        8.6514153778719293797   -0.4257897348668864268  2352.3825340156840866     6035590.0331743117422       
43   1                       -3                        9                        7.0751734196243756259    5.1261538768853434078  1159.1447205935012335     1123203508285746.25                  
44   1                       -2                        5                        3.8726165167644186482    4.0194076307442525575   67.542920777788467035   22183661444.289047241           
45   1                       -2                        6                       -1.2672476078074539352   -2.98500502008595614     -8.111223100263750041     0                     
46   1                       -2                        7                        4.2015907651934760736    2.1741963199233165227   49.210556903803990281   26508894.110327109694        
47   1                       -1                       -5                       -4.7240575377280027425    7.4018318650642935808  1276.2089625707938012     568040048.26031339169         
48   1                       -1                       -1                        0.33395029388227293055   6.4462557236306032848  612.38810772404451654    307843878230.43579102            
49   1                       -1                        0                        3.0053223854408877003   -4.4876785594755030928   70.055719185047763631     0                     
50   1                       -1                        4                        0.80045555434200288403   0.77564321976519323698   4.4321326519051558179    0                     
51   1                       -1                        5                        5.133282359143086282    -4.9342705596550997527  353.37989218192524277    1546.3010702875940297    
52   1                       -1                        6                        6.657653605425183585     9.2604632027588014154  3895.4019828689488349     7410315889730591391744.0                   
53   1                       -1                        8                        8.8374016641772836778   -1.7048459974035727882  2589.4659469128123419     238952.80192665493814      
54   1                       -1                       10                       -0.66015047786295166787   4.0940876973173789821   63.885691349180937948   3390862.0388033776544       
55   1                       -1                       10                        6.1247294238919209874   -4.7847590167459008725  629.71510405185586023    10494.955790387339221     
56   1                        0                        6                       -0.38517296573733350584  -4.005834220798181633    50.589024653231462025     0                     
57   1                        1                        1                        6.7010039267225653958    1.5349510574980982369  736.37844763101850276    306227262.37517303228         
58   1                        1                        3                        9.6396028434251448402    4.8677446317551051891  3912.2674974922597357     67451423054784464                     
59   1                        1                        6                       -1.9891024627976818806    1.682655283925741152    -7.3918737615108662808    0                     
60   1                        1                        6                        8.3517745905350366797    5.6526091328665160063  2354.4204942080414185     118535111120509280                     
61   1                        2                       -4                       -0.79030647745130266912   0.49618687046602971691  -5.9993540735191377422    0                     
62   1                        2                       -4                        8.5162072916459781169    0.21057734253596915863 2193.5750698947290402     57808012.033537738025        
63   1                        2                        4                        7.001213807356826635    -2.368238876571003626   908.30753423977034799    31636.569224979120918     
64   1                        2                        4                        8.0411409712585477649    1.8276095472293931721  1707.0321400045031623     14427872726.845779419           
65   1                        2                        5                        2.0147238453232505506   -3.3069945317336815194   -0.43337865541026587834   0                     
66   1                        3                        2                        7.6169064704042170888    2.026557414156049397   1335.1897339643201121     13687381321.212594986           
67   1                        3                        3                        7.1806406202401582561   -1.1203664659011094429  1032.1861481824389557     54575.718957052537007     
68   1                        3                        5                       -1.4908892384615937132    3.1551783405279696382    2.9554132437182873971  11214.617226588161429     
69   1                        3                        6                        1.2890080770219221051   -0.95644915772053629155  12.840764668635857859     0                     
70   1                        3                        8                        8.7257974411327854369    3.3355514640630126166  2468.4150484020856311     23636029614381.015625              
71   1                        4                       -4                       -3.7197472870163030834    9.910213743944234821   4250.2630187540298721     96576517592955.609375              
72   1                        4                       -3                        9.6724840304750205888    0.02538862947965725425 3821.6056446933189363     278727709.11805647612         
73   1                        4                        0                        3.9539952265550368793    6.3513226657107750839  614.00148052482495586    293611627479170.25                  
74   1                        4                        4                        6.6335554203562328013    2.2525305506103974196  710.58303007076438007    4727748806.3591299057          
75   1                        4                        7                        4.3765162879499861504    5.1829149625084625086  299.63667047942328736    6383120353756.7470703             
76   1                        5                       -1                        5.007613903234622299     6.857276481920218103   1001.3627641200145035     18275421559873732                     
77   1                        5                        3                        9.0846231836882935795    0.10269320928554304118 2934.3861884647526495     117131696.57232612371         
78   1                        5                        5                       -3.0984394754558892693    3.2073736115469078101    8.671414832795143468    91.363199338627353541  
79   1                        5                        6                        6.2176242815464792812    4.6762351565706161693  654.68392243405423869    33420244759162.515625              
80   1                        5                        9                        2.1720873496988994944    7.3197956192632656069  1135.7218372794441166     400348037006356.4375                
81   1                        6                       -1                       -0.5815052541907652639    5.2504771078122960404  229.10702276628347818    412244091.55580002069         
82   1                        6                       -1                        0.92264178116867334722   7.6941125800726268835  1408.8411201480028012     147040755684685.4375                
83   1                        6                        2                        7.7480299462908952535   -3.5175951154012223832  1468.0373799146095735     76165.383645056310343     
84   1                        7                       -5                       -4.8863338649287664239    0.37545133760558790925 149.94446461591147113      0                     
85   1                        7                       -3                        2.4038455034894505857    7.8174046687263540889  1496.6806549463735792     4657751213652337                     
86   1                        7                        5                        6.0598507783608148713    5.7598036802513057353  839.16374466236823082    1859186539890065.75                  
87   1                        8                       -1                        3.5376957994507858274   -1.8732324420738106774    9.8270531604282584937    0                     
88   1                        8                       -0                        3.208319532579816169    -0.07344953507032414564  15.183919056184546292    11.275315667871879555  
89   1                        8                        9                        2.8884199337541174302   -0.1757495441510688039   31.059903157314256106     0                     
90   1                        9                       -1                       -0.24344828297464360389   0.73070267992808979329  20.585134158714893715     0                     
91   1                        9                        1                        7.2407165663458226135    7.5960857720012047167  2407.2503313372844786     30546329780726337536                     
92   1                        9                        4                        6.0336632762415494113    9.0367928984940029125  3325.2269673428322676     869541856608120340480.0                   
93   1                        9                        7                        9.0095119198433852858    1.621303593102214613   2839.0456337879591047     43851378167.926307678           
94   1                       10                        2                        5.5510884380366398716   -1.6473930699535164202  311.28097463365281783    4731.8333790729748216    
95   2                       -5                        2                        9.8071571405853994463    6.7070941367109995213  210880.24846948008053       72859278046576376807424.0                   
96   2                       -5                        4                       -1.338381852483931489    -4.175985462399196102    90.732522910559595175     0                     
97   2                       -4                       -5                        2.6476235166349502137    9.7327085367759487156  187142.82204904433456       11300865496290.453125              
98   2                       -4                       -4                        9.8632287471283284219    1.7545191628938825446  212850.36865308717825       4551339674282136064                     
99   2                       -3                        3                        5.3844609392817268656    5.2666858702727328279  4820.3109776007577238     84791090496422.09375               
100   2                       -3                        7                       -4.3049629192950584766    1.9133941989330098821  185.54903896488093551      0                     
101   2                       -3                        8                       -0.16979063794710480551   6.0511511402603144205  5007.6414529557177957     80852.270723399255075     
102   2                       -3                       10                        1.5269352151283372976    3.7384208403337790827  486.49570748230354411    762046.30902641697321      
103   2                       -2                        3                        5.7258249545483437259   -0.11834157695023872492 3613.8352442378250089     6979122266.456829071           
104   2                       -1                        2                        7.5733138780326836326    7.6146942749188042399  45600.400000774243381      58915981309378347008                     
105   2                       -1                        5                       -4.1419818755942356958   -2.6450673602952310404   93.744160751205285464     0                     
106   2                       -0                       -3                       -3.8761770315366277373    0.06264616287840674147  59.70343106424589763      0                     
107   2                        0                       -2                       -1.8599863323289871353    0.85898903211555222015  -5.2013330195014475521    0                     
108   2                        0                       -2                        5.9027809266426558565   -1.7618866503289636327  4283.9740288939165112     528653440.33274453878         
109   2                       -0                       -1                        0.04045958797923798755  -1.0638180306003937048   -3.3407184673862380109    0                     
110   2                       -0                        3                        8.4462039269335100755   -0.30755512251228900311 52620.678458619528101      254342578033836.59375               
111   2                       -0                        4                        7.6981682732091663013    8.7345714539137144783  95117.922157600929495      911675691656144093184.0                   
112   2                       -0                        6                       -1.2074926226137887575   -4.2531542959001740201  123.70546379907382573      0                     
113   2                        1                       -3                        1.0625511743320501523   -3.7701232784404705711   61.217509343609968653     0                     
114   2                        1                       -0                        8.7450807961926528833   -1.2684891022249336068  70580.868766437270097      123016761922674.45312               
115   2                        1                       -0                        9.9384804631160754695   -4.6429587192840315879  229502.02262088505086       17064062426340.082031              
116   2                        1                        7                        2.7571723070734126537    3.2638308421438164686  407.23299640126572285    41900029.438823997974        
117   2                        2                       -4                        8.305525930320268202    -2.1708901022865649821  45795.206991541381285      3487842010430.2915039             
118   2                        2                       -3                        0.59125740303920082397   2.7078513149004095339  137.69137846754907173    956.5904902942119179    
119   2                        2                       -0                        2.4857613882901521407    1.1890224336574366504  122.64221712958953958    207649.97032800881425      
120   2                        2                        1                       -4.8245073546153740551    8.1261866405574103567  38691.039236358519702        0                     
121   2                        2                        1                       -0.29598940287157660123  -2.4589799962004130762   -5.9954605621246805924    0                     
122   2                        2                        1                        9.4655387416681122659    8.1545403308874320203  183145.91071049959282       335945409658965949677568.0                   
123   2                        2                        2                       -4.1818139680525785451    1.3112974115394280261  139.4409763174680279       0                     
124   2                        3                        0                       -0.84119645969504386329   2.6318621566407056633  118.486320760798165        0                     
125   2                        3                        9                       -2.4962343207551711544    4.5317459913696502838  1066.3465712219124271       0                     
126   2                        3                        9                       -2.2071480231143412176    1.0362486659493868046   30.902783268625036328     0                     
127   2                        5                       -4                       -4.6186144537196058835    6.472822902773698317   7781.294419104163353        0                     
128   2                        5                       -2                        4.4947081507962902691    8.9043957320983491144  83597.246830289048376      3486321130023949                     
129   2                        5                        3                       -0.5213996389697772571    3.5202321038675119524  361.38999387195963209      0                     
130   2                        5                        4                        4.318775336863186709     7.1409837756215086557  15477.163768027970946      50705922949995.632812              
131   2                        5                        9                        4.4657805873047990985    5.4679911459162813259  3796.6963017764405777     3215759129525.9394531             
132   2                        5                       10                        6.2930977246056070129   -4.9973181026515822722  6707.2002201504583354     3898438.458385437727        
133   2                        6                       -0                        8.2081779273525299345    8.9475421626510875939  127818.61091669980669       10734996244458995974144.0                   
134   2                        6                        3                        3.2804223236721998802    4.7205655660248737604  1565.7181188455301708     6290878676.9591197968          
135   2                        6                        4                        9.2415421119056500032   -3.3781052043470798374  115175.16992315309471       13182985928978.119141              
136   2                        6                        7                        4.6479165838165013014    5.8935123230688084561  5488.5933508235120826     15606082669113.476562              
137   2                        8                       -3                       -0.07768230402788223188   4.2158606896120716101  766.95372727852691241    1600.2462654956666483    
138   2                        8                        4                        0.98264860581202650991  -3.1586841444248996424   48.382979905235359297     0                     
139   2                        8                        5                        3.1111598106127136276    4.3557429364174016229  1113.462821621249077      1540246081.7005119324          
140   2                        8                        5                        5.2581798283053036158   -4.8582242384641949329  2553.8418317546738763     94628.079226684683817     
141   2                        8                        9                        2.372605536736688947     3.8502550292877142368  624.30631436089925046    29042277.532408796251        
142   2                        9                       -4                        5.2840425021583321552    8.4899664939078416381  57241.230482083687093      35777757849765752                     
143   2                        9                       -3                        8.8690044776371230739   -1.5058180729080503646  79750.803619041020283      125632055514515.92188               
144   2                        9                        4                        1.0117655743313411776   -1.9387593984088766774   33.96178667122095618      0                     
145   2                        9                        5                       -1.3638178600146946273   -0.91753904262034691186  17.568234819862535545     0                     
146   2                        9                        7                       -1.6775089967803817892    5.9619512046738414313  4591.4483684734032067       0                     
147   2                        9                        7                        5.6060441301963397365    5.4239212920851826993  5895.6831223379922449     281743151146145.125                 
148   2                        9                        8                       -3.5975603824848216838    2.8506366401982123904  224.53750286947195036      0                     
149   2                        9                        9                       -4.6761913263416365893    4.3750389220973104898  1152.9799807149279331       0                     
150   2                        9                        9                        3.4600005921116103735    6.32413376615013334    6904.5053307886428229     318920009888.72918701            
151   2                        9                        9                        8.1616116524910591323   -3.4810585805031140083  39844.55026490092132       142732223320.60003662            
152   2                       10                       -3                       -4.9458304958943815066   -3.7395848060165497451  367.69260389884345841      0                     
153   2                       10                       -1                       -2.7921313691772828847   -3.8926450014749178763   72.274047589033429517     0                     
154   2                       10                       -1                        3.3771277381473048251   -4.4575541720813030011  472.13612996559959356    1609.3030766820270401    
155   2                       10                        1                        4.7031167586434445838   -4.0875004017044558324  1379.9793432902852146     44841.002501907016267     
156   2                       10                        6                       -4.3434956614169051292    6.5370676686235391628  8248.785550242595491        0                     
157   3                       -5                       -4                        1.1429004958604691566    3.0522520034975038072  -51.59607376014057678      0                     
158   3                       -5                       -3                        0.37070170674722202619   2.2931172704773761239  -42.543550691352585602     0                     
159   3                       -4                       -5                       -1.7398563786176630686    9.3230379410514228056  3078.0710138926033324       2.9405446255924281296 
160   3                       -4                       -4                       -4.7911165788516205666   -1.3442021879749841418   65.938688925522910722   415.30524260171080186   
161   3                       -4                       -4                       -1.1580247554550942013    4.9853294219647832364   99.286653042094101806     0                     
162   3                       -4                       -4                        6.8030691340386564292   -2.5031108689594807615  681.12949299743797837    120893763.6308863461          
163   3                       -4                        0                       -4.4579895419063957362   -1.5851948607352546183   29.999356313923353667   299.47927101099867286   
164   3                       -3                       -4                        8.138298634588323921     0.29862671784093297589 1674.5335100539796258     6393124.2917787255719       
165   3                       -3                       -2                        5.8537923409123422402    7.2628810338496432308  1315.265253386837685      1091.2120100653535246    
166   3                       -3                        1                        3.4163785665054753338    7.424560690383557926   1084.8252265588130285     107.23684632203736555   
167   3                       -3                        3                        2.0993289869090840938    6.9401658089366193849  779.05633869658709045      8.9577977399509105538 
168   3                       -2                       -4                        7.1641432318054469874    8.2913333999112559525  2759.3189200555775642     2492.4686322349102738    
169   3                       -2                       -1                       -2.7618550437646578466   -2.3385031382875758332  -53.563869259320469496    22.464137810405560458  
170   3                       -2                        5                       -3.3328582146700611588    0.95220104127475124756 -14.400412042583255356    71.77682641672537045   
171   3                       -2                        7                        2.3131861615910160879    6.5828728681436903258  605.58146986415351876     13.89540326982979046   
172   3                       -2                        8                       -1.7675296963163487085   -0.84225258062646091162  -4.4808804242660116302    0.21728225698471681504
173   3                       -1                       -2                       -0.48163855145723566409   3.3893862627095980855  -24.150936969604195781     0                     
174   3                       -1                       -1                       -1.5202828766592499932    7.9906933745347643594  1538.9340017238553173       0.0986514052901010241 
175   3                       -1                        3                        2.5172000645839611721   -2.2306576620532800881  -39.676416421268882573   10936.43594575492898      
176   3                       -0                       -5                       -3.7460003848760390355   -2.916233937031643908   -37.663996338060982794   112.66755661451142601   
177   3                       -0                       -4                        0.42192613083914043415   0.62295606737559605648 -12.980367759594793498     0                     
178   3                        0                        8                        7.8270574627833120473    2.6063584009665898833  1410.4887178182532352     33916.28369458745874      
179   3                        0                       10                        1.4711942060736920013    9.6239622600478966774  3596.7299931075267523       0.06754572253370984269
180   3                        0                       10                        4.0839676355998886237    9.3616013732463123631  3216.8471889759721307     220.62077289808934211   
181   3                        1                       -3                       -3.2521407333277494445    8.413471584141596793   1945.419591547587288       65.123931566744488464  
182   3                        1                       -3                       -3.0166524086745112321   -2.7643125097184242378  -51.148175689706874891    30.844261504234044224  
183   3                        1                        3                        7.9241946432702690117    2.3687467091224965188  1484.7899183494505451     65111.655934062298911     
184   3                        1                        6                        7.5202991061053001687    9.1058032468161087536  3997.8362948613626031     2975.7774203637018218    
185   3                        1                        8                        2.0652870527015263491    3.9845432010955530444   14.800607471535162318     3.3641382269262285476 
186   3                        2                        4                        6.36498335524112413      1.2827147695661320626  524.62495606075674459    23964.344307412393391     
187   3                        2                        9                        7.4582152347215959765    2.9584553418398034097  1133.0022844747668387     9182.240133265248005     
188   3                        3                       -2                       -1.8899492034246097028    7.4871553314354155617  1134.42923613827179         2.2585805345143326051 
189   3                        3                       -1                        6.5667041319391472598   -2.8196906260772820474  588.8861375977762691     141953867.45554870367         
190   3                        3                        0                       -4.0062487188042723574    4.2589368404352434538   53.916862706062389066   181.58357318348055287   
191   3                        3                        1                        1.9041592276478560564    9.5220040078558980667  3412.0742917597881387       3.7463356531680740424 
192   3                        3                        1                        9.3349667324812539704    5.3714053361284097576  3346.9399161899928004     9122.4441474578561611    
193   3                        3                        4                        5.7774318482348299142   -0.58388453734197831579 325.43132357926339182    322997.98324960138416      
194   3                        3                        7                       -2.0942986792918061312    4.148362015236253697    28.972460525734952341     3.9603066703298415163 
195   3                        4                        0                        3.7288430135717707259    8.6248399822844277196  2209.7806906317282483     154.96614118128744053   
196   3                        4                        0                        7.8416352433156291113    1.3977862162556933256  1426.0130796782809739     385136.36323872604407      
197   3                        4                        1                        2.8442119163051726716    8.2517679796581546725  1791.8654931167386621      43.363032056131608272  
198   3                        4                        4                        5.6775525055494053817    4.6045754023000089461  371.24712955456942609    941.93625242793166308   
199   3                        4                        7                        1.3134217299086561326    5.7130783424603457377  309.16489311394934703      0                     
200   3                        4                        8                       -0.98823592331917886611   7.8524281871068364325  1460.2218673576810488       0                     
201   3                        5                        8                       -2.0293587614198584923    6.1782070749388555697  457.86349727510827279      5.3888121500412964338 
202   3                        5                        8                       -1.4481522597438081235    2.1340723413354885096    1.0974728813533500826    0                     
203   3                        6                       -3                       -2.1346186023844917479    8.7587791875653842055  2347.6470190415270736      10.059175363769943701  
204   3                        6                       -2                       -2.3819162673507623396   -1.2171967592502936917  -20.665485738029882867    11.031258771260882057  
205   3                        6                        2                        1.7720981610408275131    3.7956790602103982479    4.8823052141386176217    2.7848441970684421065 
206   3                        6                        4                       -3.1950178495876064844    2.5226155388687319103  -18.263575249382569154    66.27505851666225567   
207   3                        6                        7                       -4.2725010506139371458    0.4532319597791030219   65.866793380010136616   252.22382083754922633   
208   3                        6                        8                        1.1937225527953643223   -2.6735315918208870656    3.3599051736482890007  1377.3062799379436001    
209   3                        7                       -2                        6.4614669403576918683   -1.0217089304844169106  566.69103655615833759    3122449.8907497297041       
210   3                        7                       -0                       -2.4360537368562193983    4.8068164294927413493   92.545717512534110938    19.090078975106841597  
211   3                        7                        2                       -2.3047766241209530769   -3.8491340731897238925    3.9913767662890222709    8.6125661800848991589 
212   3                        7                        2                        2.9532193864633375924    5.5910394889235117688  257.06338508310068391     58.916351963305210404  
213   3                        7                        2                        3.5873815511929283417    9.2139750849953792056  2971.424284955272924      144.65741604334951376   
214   3                        7                        4                        4.8565959426287079737   -3.0807564592735738884  111.49410867007624404    7780921.5456464933231       
215   3                        7                        5                       -4.5311759598718897024    2.4660949854101277268   68.2263187092394503     343.23165178076300208   
216   3                        8                        3                       -3.6607453085064758369    6.2414892007088020875  490.24801704375852296    145.35377650161490237   
217   3                        9                        9                        0.87545489617051952536   9.4028057014669297331  3275.8982886465560114       0.04955033888353767985
218   3                       10                        9                        9.3959632490286519868    0.53096670607825924293 3270.7599424985428413     49967107.737816922367        
219   4                       -4                        2                       -3.3191381145452938384   -4.3368632933210733427    1.9606807849355973872   58.396790989903557545  
220   4                       -4                        4                        0.52841655776100537878   1.4426570845401514021  -12.203638178679046433     0                     
221   4                       -4                        5                        6.8767299373254022754    5.8512336538944467179  1062.5174372654917079     3897.6935014676464561    
222   4                       -4                        7                        0.17656533648645567069  -2.890755265208603042   -20.563544565665566211     0                     
223   4                       -3                        5                        4.0234107594851895584    9.9567069877723017868  4135.4068411570442549     198.45034365182672786   
224   4                       -3                       10                        4.9161114817289899293   -1.4313012551309780562  109.39836456243571661    72843.420086524653016     
225   4                       -2                       -5                        9.4492415078285247887   -1.3095857911905244286  3249.4135649384888893     596893706.88337206841         
226   4                       -2                       -2                        3.6775334553833900486   -3.6698532027215353679  -35.792787585953789176   56893.973753848680644     
227   4                       -2                       -1                       -3.9728756081389438037    7.228652302992683687   945.9756388178719817     164.8981567946409541    
228   4                       -2                        1                       -2.9083394858679589845    4.4365088537327270757    9.8459321958424865784   28.948572983955539684  
229   4                       -2                        2                        4.2963318818892197726   -4.341045066821632048    57.493230962299826103   402355.99687455879757      
230   4                       -2                        6                        9.1305387009285734479   -0.70661612124336325991 2819.7749172383314544     172539798.64287096262         
231   4                       -1                        1                       -0.36488933283483859782   3.6970258448126323003  -12.494537542443756806     0                     
232   4                        1                        3                        8.9752435276506581374    8.5880093482527914972  4747.9017327130823105     15877.243306425752962     
233   4                        1                        7                        9.5226221990870829615    5.0745960304640682637  3539.5770953317810381     1155737.1405643273611       
234   4                        2                        1                        7.3104156531371202732    3.484675147520535532   992.57776737189249161    66241.62299426017853      
235   4                        2                        7                       -0.86918943226551359515   1.8665000880012518891    0.93750942498751843601   0                     
236   4                        4                        0                       -3.50457714436682366     -2.0522565012965947595  -29.715883268617261592    68.095706762998958084  
237   4                        4                        1                       -0.72773458280315050928   9.804693858470928447   3865.6747091961983642       0                     
238   4                        5                       -1                        9.1757748444647937447   -0.49327991609770815984 2883.77406232183057       152573593.19499146938         
239   4                        5                        3                        6.417273455326741427    -4.1333763198865058897  555.76940010792645808    23303382.104605138302        
240   4                        6                        9                        2.5811316634344709797   -2.0652046579088092493  -10.691666603552217651   753.44554606787312423   
241   4                        7                       -5                        5.9368035886056720329    4.9567806776931444546  457.43942328466403069    1598.2714372427021772    
242   4                        7                        6                       -2.6448237062210275816   -0.36119343956960303643   4.4553145843480521648   14.114464894306500753  
243   4                        7                        8                        6.9872482790023191512   -1.5795436231418382711  829.52582916791254775    5643258.5686456095427       
244   4                        8                       -2                        5.3505494203769021766   -4.5791973227027797932  255.86311671403311152    4288762.2341032456607       
245   4                        8                        0                       -2.7026043134887247632   -3.0494634451320079549  -34.916902136344610597    16.483386840742173973  
246   4                        8                       -0                        9.7439711401574253813    1.9750230433640592054  3752.0353703075993508     40225480.98752232641         
247   4                        8                        5                        7.3899719142611068889    1.0795821626436854501  1084.9327256282786038     874701.94121010112576      
248   4                        8                       10                       -1.5802509925142516067   -3.9503408459504925077   32.730656557044504495     0                     
249   4                       10                       -2                        2.685783777471116629     3.5949582570500115963  -23.572080308610253496    28.037203756677595123  
250   4                       10                        9                       -0.934358108633747797     0.22725513611157754923  43.015651649535129764     0                     
