1  -0                       -4                       -4                        8.0903628510307434851   -4.1944966746947018876  1661.6393552654983523     1015257.9879389539128       
2  -0                       -3                       -3                       -1.5379429976730469853    0.65333168214497394644 -22.910097250167872573     0                     
3  -0                       -3                        2                        6.0481529854769231491    8.5700707207224482431  2533.9823097788107589     4979937748564.2460938             
4  -0                       -2                       -4                       -4.4936442394306990167    7.0237847585519261884  895.63364624508164979      6.5294061438692878596 
5  -0                       -2                       -4                        8.8483304918902767611    2.5481004067622361475  2430.2711110192558408     7921354742.7493190765          
6  -0                       -2                        0                        3.837276496183424257    -1.0202557779523209192   -2.7447526664123547135  23724.185245584161748     
7  -0                       -2                        1                       -2.8161580124255638502    3.0164501253414091053  -42.563300363686188632     0                     
8  -0                       -2                        5                        9.9422245245385507673    2.3795424716778894592  4114.1836413477876704     50412213452.49495697            
9  -0                       -1                        2                        3.6138690827819210938    5.9443123821039485222  355.13178153545908344    200247576.98931381106         
10  -0                       -1                        7                        1.131593516308719849    -3.4019334895494237614   -1.9063722603596815475    0.23831371193488135041
11  -0                       -0                        1                        3.1546259028684868753   -0.89179351599230294312 -17.455942790245131846   8215.2760385468591267    
12  -0                       -0                        6                        4.9954112828232855037    0.03567185100532821451 146.55010657700449883    106534.89473391877254      
13  -0                        0                        7                       -0.66297234437497643      8.4611720031316330903  2040.5120037916406091     5886571.3102979045361       
14  -0                        1                       -1                       -4.1839298762297092438   -3.5719019695352534072   31.519982219083981789     0                     
15  -0                        1                       -1                        6.9013192360106216938    0.85411900149055686171 771.81614880739789442    5831477.8026922885329       
16  -0                        1                        0                       -3.6857339918999314499    2.5857880958695407259  -19.956933533370037281     0                     
17  -0                        1                        1                        9.6491531398261791708    7.916721060317177816   5119.4413814310482849     1809357005475539                     
18  -0                        1                        4                        0.32632167544828760697   4.8673284763394217833  120.9197696575968024     28942.460311094659119     
19  -0                        2                        2                        9.2369171280499813292    0.56743476982401563902 2999.394440682167442      329571357.40144360065         
20  -0                        3                        5                       -3.4133539196833395657    6.8480240854127387706  760.13774582483085851    441.88996781034279593   
21  -0                        5                       -2                        3.0390669039215580938   -4.7527480349020914119   81.844845846506416365   12689.364794000033726     
22  -0                        5                        2                        2.6462173480089328237    1.3920684813643040556  -19.474516813216084188   4893.1335728221029058    
23  -0                        6                        7                        2.1664719362478868092   -0.10157175713255384153  14.955831746175107355   678.14834548278861348   
24  -0                        6                        8                       -3.131483493310279087    -3.6377674891421962755   21.402151219271413396     0                     
25  -0                        7                        7                        0.38378407087265120623   0.37892625812881686187  37.643311651961937514     0                     
26  -0                        8                       -2                       -4.0726675924921096339    7.3342111824905060757  1081.8845296713675452     258.88095599965589599   
27  -0                        8                        4                        5.0319967111088335088    9.9417403099131167465  4293.692635997907928      10139580836523.517578              
28  -0                        9                        9                       -4.2975988672947504909    8.6323482979723120678  2299.8082181125096213     4402.833566724202683     
29  -0                        9                       10                        5.4195885054393642122    8.8533528323549184336  2737.7745191434337357     2496398203251.9819336             
30  -0                       10                       -3                        7.5081453085057781038    7.1801981510548387178  2122.7201688831664796     5729667927294.0283203             
31  -0                       10                       -3                        9.3057074508270503088    3.3705605966529255113  3090.5327854315905824     102434866183.92861938            
32   1                       -5                       -3                        1.9565655506999615199   -4.7691173141051823592   90.547273410355387568     0                     
33   1                       -5                        1                       -4.8091394899527397655    5.8808524748126167481  513.21585411780245067    1056433.1161213230807       
34   1                       -5                        6                       -0.20349448747548581906  -1.3383524545650815618   -2.8905504414651641554    0                     
35   1                       -5                        8                        8.5116791799738251711    6.3144082143936319795  2756.861461743496875      2303568678762122752                     
36   1                       -4                       -2                        7.4379177154083535584    2.6273862712521536267  1169.7682666762734698     105848054066.12721252            
37   1                       -4                       -1                       -3.832582455769316887     5.7915517316692408656  372.52950218628291168    5312021.3884420655668       
38   1                       -4                        5                       -2.9456523058949155569    5.99830549939496116    423.473082425314999      72398120.376514017582        
39   1                       -4                        9                        2.0413928056511547737    3.2788229341988497367   -6.5360976656389766504  29251228.696811504662        
40   1                       -3                       -5                        6.1563367364779910673   -0.93796031313435168641 469.92875626354532415    12612.822533477530669     
41   1                       -3                       -1                        4.3074002081079871829    0.17926289623120350569  54.605353789298227696   7791.580930231711136     
42   1                       -3                        2                        3.5310158974842664747    3.4557755756461467911    4.0739546313080019502  1174471317.2083878517          
43   1                       -3                        2                        7.1469731963535245711    4.4462058317768864413  1076.3574898085955738     85434047987165.984375              
44   1                       -3                        9                        0.54292859693126072074   0.29744672375205993831  16.747882891504296765     0                     
45   1                       -2                       -3                        2.5701535179163697009    4.1839917051428923145   21.874992158762808003   3165681280.2233133316          
46   1                       -2                       -1                       -3.3203730613832300733    4.9236180768775792416  139.51025080031530479    442559.62386559467996      
47   1                       -2                        2                       -0.48680720782065911578   8.3835574823533089983  2050.8248385893921295     138322973297411.15625               
48   1                       -1                       -3                        1.6703761860100492243   -0.66492445214300488487 -21.403462796325072759     0                     
49   1                       -1                       -1                        8.0391005149202197089    3.0978140285838904333  1688.0378342411522681     2312692440383.3232422             
50   1                       -1                       -1                        8.6052529865375841922    0.42771402411808168154 2295.3461361299700911     164687153.4100048244          
51   1                       -1                       -1                        9.7580221964041751193    8.7900833159987996623  6482.40508555636643       556735746125808416063488.0                   
52   1                       -1                        1                        8.2298106554545960023   -3.9814300259252615177  1921.8119151750049696     116915.74191121220065      
53   1                        0                        1                        1.0365899346900615541    6.2736947436942021028  539.04982112693028284    629324882042.94689941            
54   1                        0                        2                        9.5776952557167245317    5.6754830539448839488  3991.5201259284735897     1508010185698215680                     
55   1                       -0                        5                        1.5364288111814365934    5.6944626264820019657  336.31321056296764027    168570593293.08843994            
56   1                        1                       -4                        0.48738603232600397064  -4.4190170674442814658   68.602436825816070609     0                     
57   1                        1                        9                       -4.1252655946382477126   -3.7023545748792483501   83.398371161900371362     0                     
58   1                        2                       -4                        4.7426478070306234969   -3.9380331947463638187  144.20674679718382549    316.15630602227031432   
59   1                        2                       -2                        6.033788531938052202    -0.80494640546500395573 444.60306486600609333    12484.497650783065183     
60   1                        2                        3                       -4.5523601358738634559   -4.8761062885113304333  246.8982561862150078       0                     
61   1                        2                        7                        0.79064024855164838357  -1.8440961488532128243    8.3229151544458748191    0                     
62   1                        3                       -2                        3.3951052283856792968   -2.8377352417534531526  -12.120701757226612472     0                     
63   1                        3                       -1                       -0.52087010599227401286  -2.3465817383831790721  -10.46923277427334753      0                     
64   1                        3                       -0                        0.11576221760263738503   1.5088489229951171922    0.35144487144700242709  24.534804920498384462  
65   1                        3                        8                        0.59431586103381484065   6.7836676482212876493  812.16914618368161882    1998217898878.4960938             
66   1                        4                       -4                        0.96381245212252508736   4.6050839830062066937   96.481213108322705807   686136423.91386711597         
67   1                        4                       -3                       -1.642444576765979658    -0.68348348438355177592  -8.740940629186301436     0                     
68   1                        4                        4                       -3.1595426874979266607    4.784329705933185295   138.56384278196071591    347341.65040348557523      
69   1                        4                        5                       -0.97621681371150081929   8.2561343127899196048  1935.4022508808523071     31220535425617.648438              
70   1                        4                        7                       -1.707194998889974169     6.542997852070953968   677.77837694906452271    7644021928.386349678           
71   1                        4                        9                        7.2652543338446999854   -1.1683609971982331643  1105.6089103452325162     58636.635119144499185     
72   1                        5                        2                       -0.17341737344242069696  -2.5800642985990416278    3.5356590164522430086    0                     
73   1                        6                       -4                       -4.3866999206335055561    9.8675245458463969328  4234.7497554092096834     21448816155975.003906              
74   1                        6                        3                        8.6452787219139928254    3.7358427582485234097  2384.8049433821806815     99773613922883.5625                
75   1                        6                        4                       -2.1930636041548714488    0.80282385377744791555   8.0491619564137568688    0                     
76   1                        7                       -2                        2.4507338912297820244   -3.45476440003019869     -1.8855122874571659253    0                     
77   1                        7                       -1                        6.8766576262555680898   -1.3839651901377285625  843.70896094243869356    31226.179632030220091     
78   1                        7                        0                        8.0066890814496893825    7.4117180130238899949  2870.9626329257562247     67607473841546231808                     
79   1                        7                        3                        7.9556855678641440477   -3.2058645443026594357  1643.3888693054816486     93685.602985492863809     
80   1                        7                        5                        1.2379825064302378834    1.8383079025424802211   11.412663534349675842   13986.506838371951744     
81   1                        7                        8                        6.2620808870489899078   -2.0525033683778026727  558.67060224913689126    12952.060652166350337     
82   1                        7                       10                        0.44284425150203521326  -2.759908608351812731    28.650062552566371465     0                     
83   1                        8                        1                        1.7445785112875933365    5.2283650995950150531  222.47850120737979296    39613530105.721466064           
84   1                        8                        8                        6.7208096182255090412    5.383615526487961489   1039.2327335654513263     1548526808258075.5                   
85   1                        8                        9                        5.5976226482907378568   -2.7027489786834340002  332.24137312495059859    4580.4497240607406638    
86   1                        9                       -5                        6.3360395652651888554    1.5656836584596147688  567.25048491842289877    166772309.06205767393         
87   1                        9                       -3                        4.8845252400460932307   -1.719970247959710985   147.09053819653627215    948.27668334347220025   
88   1                        9                       -2                       -3.5830626936915943581    9.3935611418852502652  3390.507249417472849      16072168065262.576172              
89   1                        9                       -0                        2.3772035392320720604   -0.39451673905703188439   7.6391184664490241474    0                     
90   1                        9                        2                        7.0883058195487382847   -0.49308681741661519737 990.8400301605098548     223897.08107167709386      
91   1                        9                        4                       -3.2474455508653647939    8.9348941319423946794  2736.4393243647082272     5021096039266.3554688             
92   1                       10                       -2                       -1.1290759253010795859    3.2956791031536845082   10.980793490328117912   47364.817161091785238     
93   1                       10                        2                       -4.2494245039274503029    2.0480965450238661774   72.322517775130023665     0                     
94   1                       10                        6                        3.2956140923862378145   -1.1327686663281104629   30.939278599563177607     0                     
95   2                       -4                       -4                        0.16879223042838109592  -3.2690904498680239954   -5.0628462383273831193    0                     
96   2                       -4                        2                        4.0593221831087298312    9.6641970239123793363  175418.6769016844919        2792411903964645.5                   
97   2                       -4                        3                        7.8984249002343105417    3.5698455051728181786  31083.475160757177946      66328129059731072                     
98   2                       -4                        7                        8.681849075053316156     8.72989179936002202    135878.86239454138558       46195987602751361122304.0                   
99   2                       -3                        0                        2.756815482791703964     3.1618494798713019378  350.58259432718415383    34099915.887496255338        
100   2                       -3                        2                        8.1923140772181373137    1.1428071989637818007  41014.639451554132393      1675469513469771.25                  
101   2                       -3                        3                       -1.4787748855675513227    2.1844977931828468698   53.183685561550525733     0                     
102   2                       -3                        6                        2.8045223138119377282    8.0377171370800866157  35375.364849830693856      713523287509.64599609            
103   2                       -3                        9                        5.9624294519290401695    3.9119385592387860839  5117.5817852838299586     56972519716050.976562              
104   2                       -2                       -4                       -3.3107622493036936717    5.5863031661944226869  3127.371420096465954        0                     
105   2                       -2                       -2                        7.770537292237985838     7.6895092688150477045  52124.558230320166331      150601312392838938624.0                   
106   2                       -2                       -1                        2.4349671711900668924    5.0376176606951315051  1873.3318989059564501     402542203.7611784339          
107   2                       -1                       -3                        3.1900625228718997306    1.2619049181840162888  243.41033919457962043    4268231.6667732438073       
108   2                       -1                        5                        6.4845683743535929011    2.2690522354862308063  7748.3216800630425496     17207548899946.039062              
109   2                       -1                        9                       -2.3623447684576608374    2.4190474036194027363   91.016567465055516095     0                     
110   2                        0                       -2                        4.0989147253285427297    3.5907245337010191832  1023.3411574641611423     17349590119.767665863           
111   2                       -0                       -1                        4.6764546743539305851   -2.9100947155966645497  1216.4531487651349835     379080.25761409051483      
112   2                        0                        1                        6.3493508798464546317    4.074512587318780632   7349.9235477028278183     370704670216948.0625                
113   2                        0                        4                        4.5279350318964421973    5.4847815291128991788  3886.8565369928528526     4264242844217.7524414             
114   2                       -0                        4                        5.8727487725235416605    9.4962320249239535741  152243.57834601891227       2820537429455904256                     
115   2                       -0                        8                       -2.1283432522621805738    5.1177556506678829606  1947.2269054038213199       0                     
116   2                       -0                        9                        0.26941555645536041652   1.8776847827382576739   77.259032049290752298     0                     
117   2                        1                       -4                        4.2616430746395241869   -1.9831397008344389121  762.28334804867301955    457167.28613320231671      
118   2                        1                        1                       -2.5162793260291866915    3.8100491352682119839  464.79546846189140297      0                     
119   2                        1                        1                        5.8414211587937128201    9.4594993499432469264  146833.47527670423733       2312089445340921856                     
120   2                        1                        7                        5.55345263612304052      9.9320082640256739381  230877.76611376440269       1880044360163860992                     
121   2                        1                        8                        4.1950608850026185337    6.1276923076546978564  6138.6357738450351462     4073852874605.3955078             
122   2                        1                        9                        9.615918507086092859    -3.7759519018176828098  166719.38400011038175       26595503418511.699219              
123   2                        2                       -3                        6.6722597421315175126    4.2625877482496630222  10007.671293380517454      1964891952892928.25                  
124   2                        2                        4                        1.5410196382508187796    4.9648672842525112259  1706.2072221962839649     9647955.0257004220039       
125   2                        2                        6                       -1.3131729642006506609    9.0210108930200814115  92642.005156323735719      337150.50936648517381      
126   2                        2                        6                        1.3082113423124441809    4.740414598323500428   1357.4850393012839049     2399008.0092143630609       
127   2                        2                        9                       -2.4617556801023323665    9.5408774187976668202  154744.4694281941629        6926.7426093607273287    
128   2                        3                        3                       -4.8552268302848622383    9.1115630967336631585  101571.75862526417768         0                     
129   2                        3                        5                        9.453353480066489567    -3.1206888849429530453  141934.71539854566799       51470561856669.796875              
130   2                        4                       -2                        0.89310352903164513805   7.997027105981723949   33866.955088583985344      313853629.9417565465          
131   2                        4                        0                        2.1074175595835358266    5.826609177115981808   4058.7062566742679337     526267360.81110841036         
132   2                        4                        3                       -2.3564961572169549342    6.4255724324624914345  7231.5090110521505267       0                     
133   2                        4                        5                        4.6531380571083005293    1.9258755777789922092  1268.2328812740038302     5700542478.8334369659          
134   2                        5                       -0                        7.3713790405614734169   -1.6100920576811978968  18322.419306920946838      255186711743.97290039            
135   2                        5                       -0                        8.906576123416090951     6.1963358140914550631  88531.787564951780951      715115770670283882496.0                   
136   2                        5                        3                       -1.2281557742478690365   -2.9893099853371523089    3.775750640149187376     0                     
137   2                        5                        4                        5.1727376562759133094   -1.4436294615277160958  2068.1371393369749967     53703711.393482454121        
138   2                        5                        8                        5.3559374941782884605    3.8559140541720928752  3015.6422238777222447     4502082220276.2294922             
139   2                        5                        9                       -3.4681708080573407926    9.0435126110221073503  94764.648456531838747        0                     
140   2                        6                       -5                        8.7611788608136542678   -2.2568287119075725045  71700.908001996809617      18174663014939.925781              
141   2                        6                       -3                        9.1770321959343341689    8.3397104997373432411  155428.06983619631501       153432822108138355294208.0                   
142   2                        6                       -2                       -4.4009304558348212311    3.66997211931039935    564.31821746826847175      0                     
143   2                        6                       -0                       -1.4016183394895911363   -3.0647196084039096675   -0.30772536094850444499   0                     
144   2                        6                        6                        9.9168842919303301642   -3.3359032366415259929  224480.75804915148183       213728628747165.59375               
145   2                        6                       10                       -0.73932353009454043757   0.07520430749636197731  44.644958816302590776     0                     
146   2                        7                        3                        1.2400667046941968863    2.1311173046266462805  109.03432790672924568    6824.3964365510073549    
147   2                        7                        6                       -2.5804097983847396058   -2.8816885798521547635    7.132143008960181163     0                     
148   2                        7                        8                        0.74133627080389707942  -1.4823084977553939723   39.389488162290376749     0                     
149   2                        7                       10                       -1.9627624345577232567    1.6838173210443505567   61.477698040466741247     0                     
150   2                        8                        3                       -2.0284650223582203488    4.1568537422401963255  711.75831202770859818      0                     
151   2                        8                        7                       -2.6205029839138735959    1.2194265407089668329   44.382120967860494432     0                     
152   2                        8                        8                        8.3527007631893983586    0.75255024887913624099 48046.009799849271076      1458088327498582.5                   
153   2                        8                        9                        7.0530724386808163473   -0.16262305933577536621 13456.639853792725262      1291741000645.7036133             
154   2                        9                       -2                       -1.9059068627576127852    8.1452170615189753988  39145.055019105137035      3387.6114208277654143    
155   2                       10                        5                       -4.9353878440883445222   -2.609417968627395723   324.72970637921378056      0                     
156   2                       10                        6                        2.7135065464148082626    1.0581801877492527098  187.18783521773224265    406234.93540020100772      
157   3                       -5                        2                       -4.6072355258667920808   -0.55012802956861683867  61.51964680626318227    358.47528770899094752   
158   3                       -5                        4                        5.7025635711947835205   -1.0741223246357693988  279.16405452244873686    750730.6475665147882       
159   3                       -5                        5                        8.9730522987556291525    1.4436261460519466127  2618.4649208130645093     3432275.2433606507257       
160   3                       -4                       -5                       -2.7129818419024767095    6.6123454588820091971  582.67908180519680172     32.952192495282879747  
161   3                       -4                       -3                        7.8356312323444594625    7.4477938121808211491  2524.8689636294002412     3647.7028806792900468    
162   3                       -4                       -1                        5.1143641224117875055    6.5002676384431001821  714.62971050397106865    628.7108322110231029    
163   3                       -4                        4                        9.1392399997076125828    6.642425947846477996   3496.5038613131546299     6815.2292838694611419    
164   3                       -4                       10                        9.3893719749314179523    8.5517906983876113003  5349.567695590074436      7592.5907676432161679    
165   3                       -3                       -2                        3.2436888995309551831    7.2475088522833566174  953.37084896775058951     84.428579886272075328  
166   3                       -3                        4                        9.4868496930894554708   -1.93904425411928516    3348.9612500187931801     8400444945.8402347565          
167   3                       -3                        6                        9.8728858573764757267   -4.3472021049138165338  4055.6684742683783043     2245977943448.2871094             
168   3                       -2                       -5                        7.3311699120772946259    8.2779345047795054313  2851.787694914882195      2740.1040735004926319    
169   3                       -2                       -4                       -0.07642609471837680246  -2.1395949142285606293  -35.33707699075026909      0                     
170   3                       -2                        6                        3.7251041700935711987    7.8786835819014076066  1464.9583368930746019     153.59525759875558037   
171   3                       -1                       -4                       -2.9616770290866676341    0.2742695265995038767  -35.708817997657028798    34.880992241643966167  
172   3                       -1                        1                        4.5521423780946399518    7.1326099263114404181  975.97121365202360721    362.60366196599431987   
173   3                       -1                        4                        3.9268932449414588604    9.7007207994583808386  3725.6760063091892334     190.41044770603096481   
174   3                       -1                        5                       -3.534837088676829886     8.1074196614016358353  1662.3842198238742185     106.8445334022092652    
175   3                       -1                        8                       -4.6548085585783258722   -1.5223406014224374339   82.043833944269579206   341.80868989352114795   
176   3                       -0                       -3                        9.0768942486953196891    2.7043295904026205534  2736.2741059027148367     336954.74222931225086      
177   3                        1                       -5                       -0.11809283728201247499  -4.1528614015674358839   14.072776880851190384   2131.6123766304640412    
178   3                        1                       -2                        4.1687556552534807963    2.9672665449993838038    0.12832136422623818817 225.99364568662463171   
179   3                        1                        2                       -3.7604017727823002559    9.5907760821680465568  3535.5472367726733864     136.68377385509251098   
180   3                        2                        0                        2.5335232494802975012    8.899550176462986073   2516.3804866343220965      20.50957391589155776   
181   3                        2                        8                       -1.7792698312362817958   -1.2531581739413457655    0.69880753240370019341   0.00451375962846040698
182   3                        2                        8                       -0.00074078130087329441   6.7201863536378816377  706.86528179750030176      0                     
183   3                        3                       -3                        6.6350547799316839104    4.3488187117802024062  681.60809674735662611    1790.5107020459313389    
184   3                        3                       -1                        6.5583123431769934086    2.8750968793535367496  585.23170761119081362    2547.6479250043767024    
185   3                        3                        1                        7.688044784019711031     4.4940040505197824672  1368.2020397460919412     3498.4122538488863938    
186   3                        3                        3                       -4.0238032531374603451    3.1592123013732962278    8.9976048333838178905  182.37533395902175926   
187   3                        3                        3                       -1.6170900008215314259    0.93348484016337618385  -3.2927501442728543957    0                     
188   3                        3                        7                        3.6658147320071741149   -2.0732333686233577197   -0.24664659570548685963 90055.649130393852829     
189   3                        4                        0                       -2.8595255541055291104   -0.61103963983967890528 -15.500082406087953402    29.558305951499384889  
190   3                        4                        1                       -2.2587293098910548039    5.325624526926693747   184.2080037425416208       9.0225884735961905392 
191   3                        4                        4                        1.3824334276612919581   -0.04006807174069493271   9.7392379662541159746    0                     
192   3                        4                        4                        3.7737829057811254074   -4.6134901004083195275   90.813534085796291606   19189380.777572970837        
193   3                        4                        5                        4.4236042328094136167   -3.8192330831287506498   73.642623615319450892   14363489.622520089149        
194   3                        5                       -3                       -4.7336148138934781571   -4.2398702724463932512  123.90263143045783067    377.34745663040968111   
195   3                        5                       -1                       -0.90403593936563453326   1.0940398999336267138   -1.0600601453616214087    0                     
196   3                        5                        1                       -4.9630710125628558771    7.8046780794404160275  1533.4018167798180912     515.85428528892146005   
197   3                        5                        4                       -0.61818878534673427083   4.4093356588551149144   68.299661727236568254     0                     
198   3                        5                        5                        0.07778676045075627599   0.6321676705712837574   22.836234411740118588     0                     
199   3                        5                        6                        6.7669534030759113108   -2.5279114888207780965  709.72850638296699799    118186142.64402474463         
200   3                        5                        7                       -2.1126889664709307404   -1.8020421524304066629   -6.0810933889686511478    3.5415633140956450653 
201   3                        5                        7                        3.4534281897296725816    9.199478496494581492   2953.7188340291172608     114.05943624558037186   
202   3                        6                       -4                       -1.0536890952553807921    7.4964932813999460848  1154.8487187184730374       0                     
203   3                        6                       -0                        7.2370081522774434291   -4.2924912267579911074  1029.2433980100634017     10334934775.836366653           
204   3                        6                        1                        5.2386196213165820978    1.9686691190741649748  173.84058537248563425    918.47320634850257193   
205   3                        6                        8                       -0.29467389841439928233   4.6699133220477762052  113.29419717797716771      0                     
206   3                        7                       -5                        2.0063295805468994715    6.0781150374789980617  393.99490174542717114      8.6940776833739690233 
207   3                        7                       -0                       -3.6739504213430800306   -0.37247432613104436427  11.469193944275478003   127.78542520436829477   
208   3                        7                        7                       -1.3797857885062194683    5.1730965578446852504  186.10830904204652825      0.22477839892767084717
209   3                        8                       -4                        5.6532865962230811618    5.2846892189338543488  468.58337467014285949    976.43914026165373343   
210   3                        8                       -2                        4.3718893125960338608   -4.9847738522535127714  185.52069438926406519    133760795.25459095836         
211   3                        8                       -1                       -3.0621705420227187666    0.51674768506939194879  -5.7150725567387956616   56.626918698427090249  
212   3                        8                       -1                       -0.41213005725576845606   4.5728703294817520941   82.994787479105426087     0                     
213   3                        8                        3                        2.971246138082642041    -2.448172813301946249   -18.299085023575315745   46271.883239662536653     
214   3                        8                        6                        8.2803114739806193967    0.97496873476425438554 1861.2970483275585138     2185856.3862132509239       
215   3                        9                        1                        4.9530972933846300066   -4.5392252056066002552  208.47376847498875918    175490490.21613261104         
216   3                        9                        2                       -0.98858920765774982442   2.2131401370356647007    1.033614167886195645     0                     
217   3                        9                        6                        2.3031389590360076269    7.0889159220477839796  901.05324198250957579     22.198593308783252098  
218   3                       10                        2                       -1.8652603762189996495    9.7812994983189973652  3859.9214649581276717       8.94415212085413458   
219   3                       10                        3                        5.4774771067680507741   -2.3831586234418580261  238.49550586601893087    6669570.9707190487534       
220   4                       -5                        6                        0.65096780732063752595   1.3475907843531089725   -8.9483907600578742603    0                     
221   4                       -5                        9                       -0.33110731339806420692  -4.510408075659165128    57.728762700748497139     0                     
222   4                       -4                       -5                        7.6068324370139350776   -0.26624507175438161255 1192.413398114149004      5236229.7557688234374       
223   4                       -4                       -4                        8.4497896817395918845    6.943211284969748931   2742.0621437360487107     23409.069474508251005     
224   4                       -3                       -4                        9.0232415475377916181    6.9256234088506616331  3420.2375821661862574     69303.836891643761192     
225   4                       -3                       10                        9.7879659545952364397    9.2785930465205090911  6865.4983707465908083     35541.853310672828229     
226   4                       -2                        5                        3.4783875977896130394   -0.20662854938456565179 -12.271847203515138247   715.00667232404543938   
227   4                       -2                        9                       -0.74209067469511413861   0.1154233123770511682   14.886303426917191217     0                     
228   4                       -1                        8                        1.4307444021922401944   -3.8640439942488549185    2.7206995742985213838  378.33415474760289499   
229   4                       -1                       10                       -3.9316770629565409578    6.3636662674564092868  522.31459048800843448    150.09725612655532245   
230   4                        0                        7                        7.5727272100915961062   -4.9179939530366088007  1310.0276530194271345     516529332.61586105824         
231   4                        0                       10                       -3.8691794999198005911   -4.6861798397326328569   90.739012052467103331   115.3115053267041219    
232   4                        1                        3                        1.103331332514837726     5.5033318318946591319  224.16580695494448605      0                     
233   4                        2                        0                        1.8547087996673559118   -3.5532008516726083514  -30.034821576572085178   799.64833821753268239   
234   4                        2                       -0                        6.2142810494951614686    2.4432603566123303196  419.76039197492610811    20166.516479337406054     
235   4                        2                        6                        5.2768733773373242002   -4.0772980017441557976  198.10958832329157531    2232853.4373663254082       
236   4                        2                        8                        6.956460059517169725     7.646868653708805752   2058.6130594063206445     2252.0383215437050239    
237   4                        3                       -2                       -0.81067756048186634388   3.4784587331298872925  -20.211190334085010534     0                     
238   4                        3                        3                        6.4158900418216102679    4.0136481295976889072  541.79462690013519932    6752.4960309739808508    
239   4                        3                       10                       -2.7769835068697537039   -0.78807161055227581414   1.614682233566099967    13.17896038250398405   
240   4                        4                       -3                        0.8413354563762744931    7.7749187258851986115  1346.5846859118389602       0                     
241   4                        4                        8                        8.391937481144427835     1.6316944493287470763  1936.3819886828659946     3771863.7757112649269       
242   4                        6                       -5                        2.8708245267744239015   -3.1919228108301580527  -51.077526548424707187   6032.8920702524119406    
243   4                        6                        7                        2.2007928832110001949   -2.2223788568615860939  -13.893427028473061213   312.79286877684995716   
244   4                        7                       -0                        5.7620549622695076408    1.7249226612096935085  291.47158706159308394    16381.484988773305304     
245   4                        8                        5                       -1.1746297197497050924    3.9620172539451203875   27.033635126834365536     0                     
246   4                        8                        5                        3.0477990961744918508    2.7597353419521208906  -22.597802136552832764    48.124008924337850601  
247   4                        9                        3                        1.6503168924968498743    2.8560043678376825227  -12.33094228565956918      0.2268553244559006199 
248   4                        9                        6                        3.9752210293512835193   -1.6990268462474986677   24.788500502288226102   13299.967711794126444     
249   4                        9                        7                        4.7832345464833174731    7.5778800991871122505  1316.0763454379796258     445.83261221415858699   
250   4                        9                        9                        1.798573020868602157     9.3101530228392572752  3095.3843262758146011       1.9912499422003822058 
