1 171.08233970500828 0
2 210.10849197322682 0
3 92.01966210721793 0
4 219.27904760313160 0
5 38.10308658368184 0
6 202.37579024009088 0
7 40.16226875326029 0
8 30.39271029969753 0
9 185.65781517796688 0
10 75.79253653352103 0
11 260.38917673347157 0
12 219.84042806201734 0
13 251.15515661372493 0
14 124.25527125945641 0
15 52.71694152599462 0
16 122.99059408578547 0
17 306.92475211530655 0
18 47.91076297950849 0
19 32.29749972481564 0
20 51.67451681318411 0
21 177.03638356198616 0
22 62.97420944534292 0
23 260.35523986776263 0
24 211.21976382553649 0
25 79.83814875208721 0
26 92.85494744711913 0
27 192.72941390880899 0
28 105.92786694599617 0
29 81.35103516929360 0
30 38.50876588684586 0
31 219.81350339780485 0
32 149.36234250561077 0
33 115.99922080277284 0
34 37.49267393407271 0
35 286.22357331560602 0
36 252.93819545860254 0
37 156.62539411416364 0
38 140.01350146142937 0
39 80.06246516446922 0
40 103.72814957926634 0
41 115.49519263014500 0
42 180.02779483666248 0
43 141.62133170500965 0
44 61.98892314938777 0
45 119.56592026756410 0
46 51.57578302861405 0
47 109.58888948133527 0
48 169.37218304170926 0
49 111.50465195088449 0
50 107.17294348493301 0
51 629.15276259951531 0
52 613.26646520140685 0
53 401.84561237469711 0
54 463.18113927528850 0
55 845.01836406465850 0
56 549.19049291784700 0
57 137.90428864875014 0
58 417.69689314237127 0
59 237.60228452101074 0
60 339.38465730859036 0
61 338.11429596614994 0
62 520.35702909115957 0
63 583.65777572513957 0
64 273.40982720608713 0
65 80.86575861061488 0
66 219.14398760060337 0
67 217.31823544793920 0
68 392.66118090925295 0
69 455.51769530804643 0
70 828.55521297104985 0
71 561.67124305565130 0
72 855.12565567087267 0
73 544.99060188053772 0
74 817.30452974494335 0
75 582.84678158473480 0
76 287.21526563056807 0
77 282.83703734087908 0
78 276.35871814778375 0
79 169.79515003509377 0
80 688.12243435411574 0
81 587.81287884835888 0
82 278.66617285110624 0
83 309.06686472218649 0
84 311.79445948797456 0
85 58.59565478340636 0
86 326.39377003843566 0
87 118.91237359751420 0
88 360.06926076111279 0
89 799.34783851762506 0
90 354.97384738313895 0
91 64.29984969925587 0
92 344.52168904551274 0
93 359.84466527288288 0
94 607.31796556278846 0
95 454.06301023807703 0
96 200.93431505882182 0
97 239.71608243391768 0
98 153.32542845933119 0
99 546.29096736747147 0
100 251.58938240269504 0
101 318.22350965572798 0
102 236.31235415100394 0
103 381.54826984185769 0
104 573.64189559382658 0
105 445.14234272198837 0
106 128.57934107963649 0
107 135.83373499904235 0
108 411.34298977655016 0
109 858.64623825114109 0
110 418.23597967581077 0
111 531.03697562305433 0
112 235.19214315981432 0
113 169.58162222032661 0
114 168.72722379230416 0
115 176.83716911958535 0
116 252.12998883471897 0
117 377.63053315172118 0
118 592.07852559286300 0
119 456.69395034046272 0
120 285.42692453097447 0
121 739.89911804960525 0
122 417.05403800916088 0
123 457.89958723269962 0
124 212.65620288669521 0
125 195.54212334182495 0
126 377.76650419384441 0
127 275.01088634542145 0
128 555.58001662954382 0
129 276.46941579750830 0
130 356.64483030557824 0
131 343.58960024690208 0
132 274.51119218126644 0
133 318.42968562405485 0
134 580.76479273776795 0
135 673.46184960699475 0
136 619.64309594230258 0
137 370.42242522633524 0
138 241.23575011347674 0
139 265.23776183231507 0
140 180.35998549793902 0
141 256.04959083009715 0
142 871.99485392253234 0
143 259.44381266583378 0
144 433.16189209940853 0
145 583.94410243649918 0
146 -6.91615962571949 0
147 335.02406184626204 0
148 233.96118903808130 0
149 459.76304042535412 0
150 605.87468494000450 0
151 649.41774218409910 0
152 915.17300483909821 0
153 420.64626575963331 0
154 1135.57288796379362 0
155 710.95456968147278 0
156 748.92465837903490 0
157 262.16839710599754 0
158 273.65907052099408 0
159 330.81784564515567 0
160 156.62317356713731 0
161 885.14751239211250 0
162 268.85525471140045 0
163 395.78673438066573 0
164 806.33313652772381 0
165 1026.24389962924988 0
166 789.38117258866305 0
167 603.75014300255191 0
168 1000.80115502403305 0
169 1132.76950014506065 0
170 1095.26547792295560 0
171 407.58202716914394 0
172 110.39186849275684 0
173 596.47630678218161 0
174 384.48120180238357 0
175 549.56603167086723 0
176 822.24272124166635 0
177 373.92699590988548 0
178 897.28283572389114 0
179 535.89633636107692 0
180 749.85857104798424 0
181 611.79355389889417 0
182 537.80072099395215 0
183 224.59321322070269 0
184 414.25246902698302 0
185 595.04379125619414 0
186 733.76555016522036 0
187 933.96348011739258 0
188 385.55420980371315 0
189 293.26079078224353 0
190 957.89745095914384 0
191 471.91481727497177 0
192 619.07524842742907 0
193 706.49055531387921 0
194 222.18720594735504 0
195 607.73932024617352 0
196 421.18317671581457 0
197 241.51156045626374 0
198 853.49446345640865 0
199 955.38382136301220 0
200 795.97668736780440 0
201 511.04484518054232 0
202 351.78543253242356 0
203 531.65587145860104 0
204 581.96040719104576 0
205 584.48009809920620 0
206 324.74316545827230 0
207 846.27980786087755 0
208 247.69119536073393 0
209 779.83688185879714 0
210 699.17161841697316 0
211 559.14319221201822 0
212 548.07100378060545 0
213 865.60128362208229 0
214 542.43439197474697 0
215 58.02906768821717 0
216 518.50970460680537 0
217 157.75291260367862 0
218 202.67635510363988 0
219 291.73701248735711 0
220 756.55336644197109 0
221 1010.85159913523091 0
222 826.12489657554147 0
223 680.81904370917800 0
224 229.68155261306069 0
225 255.05727988603084 0
226 199.25837012046438 0
227 782.11291158518611 0
228 410.21430563490088 0
229 692.18724920976456 0
230 1316.44425564603034 0
231 279.64564971161610 0
232 166.33997491833154 0
233 194.64745726566198 0
234 -2.94895876081466 0
235 689.96168078320488 0
236 995.86400621781809 0
237 606.58176995978704 0
238 373.17442802920687 0
239 571.92887274924226 0
240 465.13631811504547 0
241 768.27925305902613 0
242 121.67484639838642 0
243 67.60057744197188 0
244 351.82571873957176 0
245 315.07988569986981 0
246 116.48228861524865 0
247 320.91660947129657 0
248 4.81645936527389 0
249 844.97848291874834 0
250 441.93333832545784 0
251 1021.53830255002345 0
252 1131.80796675155034 0
253 1303.86453849282520 0
254 1201.04990321729633 0
255 586.97811406595451 0
256 468.09890909125966 0
257 476.13816059616357 0
258 784.88050510499454 0
259 359.16933086633588 0
260 524.90921995532358 0
261 905.57901344906384 0
262 376.68562327814999 0
263 823.50743715621843 0
264 837.33278341554092 0
265 413.75352375220666 0
266 352.28035085218505 0
267 1079.56226334722874 0
268 509.02393555418001 0
269 1248.53601976408481 0
270 323.94190586619260 0
271 349.13987913335609 0
272 542.80846762493820 0
273 844.73308500133612 0
274 822.90587285944639 0
275 535.28985278582536 0
276 352.22903595094965 0
277 124.07385397934229 0
278 730.28742812579969 0
279 740.92752644511802 0
280 390.59728482584620 0
281 655.09241639019444 0
282 370.66087755320217 0
283 1092.79952704816492 0
284 1036.00770820921844 0
285 414.20562291789599 0
286 976.12414104795937 0
287 1237.22411376138803 0
288 401.46765220129379 0
289 560.99286705384895 0
290 486.87970734467768 0
291 932.77964132265845 0
292 459.08365214633346 0
293 356.06060390831510 0
294 177.17436913288753 0
295 345.01284714805462 0
296 432.06945460301785 0
297 373.31436121407171 0
298 509.14836524251933 0
299 570.09307402530987 0
300 -63.67093577225921 0
301 85.00000000000000 0
302 135.00000000000000 0
303 105.00000000000000 0
304 205.00000000000000 0
305 35.00000000000000 0
306 33.52566869169026 0
307 155.00000000000000 0
308 270.00000000000000 0
309 75.01118856195728 0
310 155.00000000000000 0
311 83.86565256862306 0
312 60.00000000000000 0
313 108.94058265613833 0
314 33.97208355601356 0
315 270.00000000000000 0
316 184.53365636886571 0
317 71.53985141815744 0
318 62.70162340482754 0
319 220.00000000000000 0
320 177.54521322962967 0
321 390.00000000000000 0
322 129.24655120970186 0
323 107.91672651423727 0
324 112.81497677819566 0
325 290.00000000000000 0
326 340.00000000000000 0
327 96.44841508662071 0
328 69.33983927170344 0
329 115.79981472604820 0
330 22.63274074616876 0
331 179.15510288543521 0
332 164.50255812459068 0
333 320.00000000000000 0
334 35.00000000000000 0
335 28.51492496176314 0
336 98.52784384306571 0
337 65.51806788166991 0
338 110.00000000000000 0
339 130.00000000000000 0
340 218.05715469671438 0
341 85.00000000000000 0
342 114.96623490008136 0
