1 208.29792182046492 0
2 13.54020663064665 0
3 304.84114393284420 0
4 197.70349258936554 0
5 21.43227627495453 0
6 226.53038040964915 0
7 80.50491291032020 0
8 32.62601104213954 0
9 56.63587979401943 0
10 102.26744588517111 0
11 264.90598012094182 0
12 50.14463667937589 0
13 177.05483703348091 0
14 108.53862896215119 0
15 19.37457005702680 0
16 256.17942414417553 0
17 245.63223901610141 0
18 155.16051229691755 0
19 107.07798363738797 0
20 60.27760519395493 0
21 61.38888233565203 0
22 153.41401833592366 0
23 36.60643015673217 0
24 145.78719339148955 0
25 113.01985393770357 0
26 81.33301824130992 0
27 78.60667830821309 0
28 127.75717364952638 0
29 82.48351614341738 0
30 152.36863990002439 0
31 248.31404377584235 0
32 72.88031721345165 0
33 69.26808184272328 0
34 272.37941151139233 0
35 201.64299003087407 0
36 94.28692853068787 0
37 126.43383862895604 0
38 195.14100667567160 0
39 222.25806418089280 0
40 144.63403209447165 0
41 129.27760215001166 0
42 143.85962615114124 0
43 113.62040813209308 0
44 132.73102949491528 0
45 161.51873366716916 0
46 78.48617955458315 0
47 96.23791375631096 0
48 257.93259283128441 0
49 214.90838963455840 0
50 149.65300184107429 0
51 279.24745081043125 0
52 354.26059724706374 0
53 264.77144668712481 0
54 399.81079766777555 0
55 172.07046489512547 0
56 677.84454619732810 0
57 529.51781182792740 0
58 166.63053615570664 0
59 277.96255281468439 0
60 761.79892259468738 0
61 313.16053160299293 0
62 634.76222293351771 0
63 314.23732752882097 0
64 499.26219879531880 0
65 229.15284314398804 0
66 222.50368505323974 0
67 641.25240244311385 0
68 530.09847855672024 0
69 366.24969011739705 0
70 485.68034377961533 0
71 524.83819748401834 0
72 192.19100601519165 0
73 250.04747440794029 0
74 470.74767459535934 0
75 306.62413872006846 0
76 377.40030732512446 0
77 479.76120080955900 0
78 709.91504400696260 0
79 402.22356452053282 0
80 409.33709317985887 0
81 399.95304832206585 0
82 505.12915692111073 0
83 302.87513539960059 0
84 366.40111763097696 0
85 471.34700577852891 0
86 208.61257501862281 0
87 321.86034445438747 0
88 233.43243138144445 0
89 473.04234567945161 0
90 417.63283214290317 0
91 364.35620737389223 0
92 293.64874081297876 0
93 164.93863722749117 0
94 330.73715513848890 0
95 475.08105335619894 0
96 496.45013321735917 0
97 693.31209638350356 0
98 607.48912274806435 0
99 528.92384164337795 0
100 289.04750140547861 0
101 73.50043101695549 0
102 163.61457932909315 0
103 107.39356386772850 0
104 306.49887740849886 0
105 400.12830971028279 0
106 309.03801822458115 0
107 146.50427699247717 0
108 529.13314023350244 0
109 342.34143667767120 0
110 272.23301284690251 0
111 641.55304187722072 0
112 736.92253181480896 0
113 475.90012677564130 0
114 310.24575998108338 0
115 521.84802440709814 0
116 429.79782202199755 0
117 742.48823146304551 0
118 626.68283516068686 0
119 159.50353477252287 0
120 468.33351712859360 0
121 810.53342877691364 0
122 426.85925232184036 0
123 143.13564848604605 0
124 496.72560438597770 0
125 394.34146936168861 0
126 297.47159784502333 0
127 116.56351753012569 0
128 100.00444249397179 0
129 188.79476938422442 0
130 299.66766128842181 0
131 594.34482109549526 0
132 302.79367292364452 0
133 199.18032767499727 0
134 389.87182567629401 0
135 492.93318645862962 0
136 108.24348681219074 0
137 390.34553930480854 0
138 328.94371496145015 0
139 212.47657280742050 0
140 517.73192132513350 0
141 297.14891894450915 0
142 249.46761017500387 0
143 721.67510956368142 0
144 407.57586328142696 0
145 410.97005107714813 0
146 167.87523249178693 0
147 -14.54394509081365 0
148 536.67963619330283 0
149 241.71483578883638 0
150 514.70360931131586 0
151 372.60377981423932 0
152 254.66324571193778 0
153 248.04671020608663 0
154 325.35357459978570 0
155 962.25206842360376 0
156 607.35891384232764 0
157 1027.83996894956908 0
158 659.94221254384536 0
159 662.05548102213152 0
160 375.58901214633806 0
161 528.22409654282194 0
162 519.50285837255660 0
163 705.87511427322352 0
164 616.88409473639422 0
165 1057.52030417600349 0
166 837.40170954916834 0
167 242.54626181148086 0
168 538.06921975447676 0
169 354.18891990564549 0
170 400.33674891570178 0
171 723.66381425789223 0
172 166.03227416216333 0
173 1166.04245579975168 0
174 586.90039125510657 0
175 984.18317729944033 0
176 876.04100065760417 0
177 765.81704550969914 0
178 697.07484948482511 0
179 365.85108242698004 0
180 751.00852893414219 0
181 559.14554624403809 0
182 895.15569585502931 0
183 521.49655457158622 0
184 981.68669176119238 0
185 122.78809073661201 0
186 580.05871919350614 0
187 563.65859940497353 0
188 414.88682542684478 0
189 638.49094160593904 0
190 300.33892103469361 0
191 736.69884441215174 0
192 223.22661909115320 0
193 623.54038051796840 0
194 783.84269377863393 0
195 432.36600774136821 0
196 524.08293327081844 0
197 473.96057112941708 0
198 693.57102242240262 0
199 100.30572213591216 0
200 746.32313777951731 0
201 938.41989714876502 0
202 788.94861067153170 0
203 200.26279665125355 0
204 318.15489135424275 0
205 498.53315813917931 0
206 45.48929942005999 0
207 330.63698909099202 0
208 144.70002934190660 0
209 399.01390976047776 0
210 270.27865924365483 0
211 735.97275090246069 0
212 948.71022795450767 0
213 644.18959356726134 0
214 1174.00151500310517 0
215 266.79276982979042 0
216 367.41702286553078 0
217 571.79154854071510 0
218 197.65760436689405 0
219 412.82202701341453 0
220 651.54227313949377 0
221 523.97289835626759 0
222 523.06794937775658 0
223 483.13565658630955 0
224 483.28398044430634 0
225 356.74028957279188 0
226 245.77799889161449 0
227 697.35114750319303 0
228 316.70171473571372 0
229 741.88007248282042 0
230 810.98371766203934 0
231 600.81741860894135 0
232 305.37627509427716 0
233 403.86751088818050 0
234 619.47600793486004 0
235 371.73239695022477 0
236 208.96008334604920 0
237 932.13450379739311 0
238 501.30947793422786 0
239 721.43428779240344 0
240 1076.42414369743415 0
241 525.22271191692141 0
242 338.03237572582020 0
243 278.48501436232300 0
244 321.64647725903666 0
245 487.47500686809587 0
246 282.19842268511485 0
247 297.12445928646321 0
248 642.51618205201510 0
249 937.43987956301385 0
250 669.26642099097705 0
251 862.04418056340421 0
252 1153.27093067032433 0
253 634.78812974015682 0
254 503.40868290175928 0
255 717.79635208315847 0
256 710.31516006135462 0
257 524.52858512921148 0
258 730.09367882639594 0
259 863.99148118127073 0
260 954.19976055037057 0
261 665.97579602902067 0
262 677.89025973397884 0
263 558.93321657945626 0
264 473.91751162898720 0
265 514.57138354388530 0
266 881.63344051649585 0
267 876.22130809933572 0
268 1003.46294355482553 0
269 945.18970947970195 0
270 574.71505457420972 0
271 379.50657507745552 0
272 120.26025706314537 0
273 416.07644286228771 0
274 681.19072333483609 0
275 1785.01297776454112 0
276 231.09067737939637 0
277 772.99138320762790 0
278 1146.55520781497512 0
279 891.90685783976164 0
280 856.48897774895909 0
281 374.93109207877359 0
282 457.61861893912652 0
283 498.56259194312554 0
284 571.91288619230181 0
285 228.98986559034088 0
286 360.72742379514568 0
287 1020.93527391075622 0
288 630.92168487924550 0
289 92.72658827152686 0
290 322.10275066795856 0
291 134.14276596686358 0
292 968.47887689813365 0
293 497.83213507140465 0
294 485.69102963232342 0
295 541.47196910493255 0
296 141.01637215273723 0
297 336.60010806148807 0
298 502.69170696503426 0
299 163.97598728036945 0
300 179.26768976984553 0
301 85.00000000000000 0
302 28.76003994948543 0
303 155.00000000000000 0
304 35.42167034741297 0
305 30.33856815711039 0
306 66.98379858585447 0
307 85.00000000000000 0
308 38.62723531624787 0
309 100.27247113122442 0
310 84.03730588993454 0
311 35.00000000000000 0
312 205.00000000000000 0
313 24.61928034404032 0
314 93.26239031338798 0
315 99.75785884474470 0
316 42.72014499547202 0
317 27.09024128426421 0
318 290.00000000000000 0
319 81.40690157971761 0
320 192.31542834475664 0
321 94.96985467150037 0
322 43.76803387937306 0
323 136.62866551273564 0
324 390.00000000000000 0
325 112.16074541816026 0
326 49.15956813327512 0
327 152.10599576335443 0
328 37.40327424207649 0
329 43.31303755409374 0
330 340.00000000000000 0
331 102.07749142022799 0
332 111.30970991680144 0
333 22.47061769835400 0
334 35.03733492209116 0
335 48.33475672986246 0
336 218.16543964220500 0
337 112.92745466766300 0
338 226.27508566952665 0
339 122.61854880742192 0
340 151.22665792917923 0
341 84.01698674683506 0
342 68.16677662607695 0
343 340.00000000000000 0
