1 -237.61510341931586 8153.83774370804895
2 -297.39424644358718 82478.73659366751963
3 -409.58787325510718 18.03601993723561
4 -214.78288053761912 4509.99919373372995
5 -841.93424358460231 387171.44866552500753
6 -213.23098450556074 0.00000000000000
7 -683.60796855959620 247398.75660977265215
8 -225.89072420612638 12923.42287951581420
9 -535.38373553594170 141988.86985420424026
10 -244.29082739575455 37119.50972970755538
11 -1345.01014354799804 130593.36316470833845
12 -860.79219700938393 118338.41610181868600
13 -1383.12203016817011 246512.65408554192982
14 -675.84167171925128 191232.31373640301172
15 -303.91783632205147 21156.06168389815139
16 -837.19621538203432 104540.08680669053865
17 -716.12421510003696 44.27213374980933
18 -963.12115564799285 16897.66812731364189
19 -1157.09681945698640 313476.75254732655594
20 -378.97682428076075 1952.31377620935700
21 -610.56390405871014 137628.08593765637488
22 -114.77991029465348 2235.24376719359361
23 -450.10573394868226 21593.52506378926410
24 -320.27753687545442 24167.61256509230952
25 -223.16808029032339 25569.91819356858468
26 -607.23807838376388 39360636.63834513723850
27 -1103.73268466975878 91734955369.30679321289062
28 -253.18516591219429 1228790.67494886578061
29 -521.79235086122185 2296580910.40165233612061
30 -168.43310872724800 21441106.46115980669856
31 -555.34644140679802 1842840.05870576831512
32 -168.88507414106232 17618319.18786660954356
33 -903.62176582189659 12470946449.61260604858398
34 -274.34580291661274 316531013.39988005161285
35 -777.07836298260918 19025650192.34803771972656
36 -76.79379676938171 0.00000000000000
37 -384.24514717543269 1189813998.93885517120361
38 -477.41648994561132 1170255858.34882879257202
39 -541.29165905193213 2099976.37058006878942
40 -869.51000318841852 4159748403.02324676513672
41 -687.68275996438797 1309345346.46404457092285
42 -576.72981737332441 104423.34079592897615
43 -164.10887370818500 10166.05675122744833
44 -277.28794355850823 0.00000000000000
45 -1364.44439676119373 490557708.02330189943314
46 -818.75225632770093 2257758803.81684637069702
47 -97.02698847819372 1118.47873682571822
48 -1233.37872954965087 19462252743.13816070556641
49 -782.77190134973330 368244516.59758162498474
50 -861.66648467716300 51196009.13250729441643
51 -527.68576362360113 7020088.89613886550069
52 -541.36719661152199 841009954.73579406738281
53 -460.66868637136639 2064321525.56791186332703
54 -843.03978141626430 1474275813.60016489028931
55 -411.55659544828035 213043691.55187135934830
56 -78.31282277319963 901.64386253939722
57 -453.61631637123952 432536893.43922579288483
58 -1413.43575928603082 66760847336.47830200195312
59 -1206.19252469730100 2108412475.68186378479004
60 -519.56540788017753 6983755.11554176080972
61 -946.87618523210017 4604705776.50061130523682
62 -1068.70034176688500 59212754751.56015014648438
63 -553.91549839977665 2187891084.26541757583618
64 -812.90687850441066 9850403.36458160355687
65 -482.13325564585614 125328602.85904623568058
66 -585.74130758855267 378050141.82979786396027
67 -342.89017547967012 288912265.24853026866913
68 -582.58375806919332 3580015449.20808792114258
69 -567.15072377898366 654351055.14861822128296
70 -788.44189013714981 24674318.81548642367125
71 -474.20208301926704 20712675.92693492025137
72 -990.54911901662092 23982587378.56690597534180
73 -728.43783200064831 37799211.37751130014658
74 -649.57036002560687 360860163.09320521354675
75 -780.07133510121037 1736924109.95185804367065
76 22.39565721728738 2777.04288700087000
77 41.20108475591547 219795.17899681595736
78 -33.64921938885684 6792182.14850728493184
79 2.55409445084959 28568702.86043142154813
80 26.53299526787666 250406084.95979180932045
81 -17.39750819943787 1538425905.61400723457336
82 45.29879783997284 1669273.95648841350339
83 26.72179639427965 2655779.55757955927402
84 -16.89478829480121 1318124041.91627001762390
85 4.53360803579297 149746.23930642058258
86 -15.42703636310694 1335974.99377894424833
87 -49.74373312706214 22319.03715642839234
88 26.64607120460973 44613.86412442097208
89 -3.79582143383935 5139731051.01391220092773
90 -3.30357422225726 308629267.87131756544113
91 6.85448995977512 996528118.44421553611755
92 -18.27487751282167 44051700.57320328801870
93 -36.95616659709628 143778.05448605990387
94 30.28107105013008 435409818.20526349544525
95 8.95472310074016 19098106.40163149312139
96 -10.06541122100442 110670643.73446872830391
97 18.10115328201585 325738.03311972669326
98 2.24760900016120 106285006.84855391085148
99 2.59120390243158 171029188.54919558763504
100 -61.87829037892126 126158.58445136147202
101 21.18468071529285 227394067.68778496980667
102 32.06720654420256 620.31042514126977
103 37.47802455486217 55580708.74134519696236
104 9.76016044008550 498841071.16918498277664
105 -30.95735627055107 23136937.89599868282676
106 -26.61877833961480 1783349.70327062322758
107 5.65844788978306 159723909.12445539236069
108 -9.81231191906899 2047956103.08981919288635
109 5.67896166922035 882906258.78315532207489
110 18.81577597503451 36143461.68979135155678
111 9.10076586094237 26529812.53564418852329
112 -37.78165871835819 6842068.84347070660442
113 13.67609746582249 2997069.59528496395797
114 69.08953382158873 332996.57639367406955
115 -6.24086806138997 122997984.40642113983631
116 5.00652869541815 236058621.74327763915062
117 5.42224295011774 2434798022.16531419754028
118 30.75166611932955 250700.95810353432898
119 16.26226911301311 285564.93644073867472
120 35.32755755581603 231994.51262927128118
121 -10.91784693404981 2089648113.96877503395081
122 11.06622447419126 690900.47300532914232
123 -32.63827930378221 441711809.63025718927383
124 -21.89293228837963 2683012808.75462102890015
125 -45.02988551620159 63945685.50777150690556
126 1.33148235824227 0.00000000000000
127 -19.63236147200045 11748.43432029658288
128 -31.39334258638168 80515.64493392202712
129 -37.07609814956227 162340.21089956848300
130 -10.41398915997101 16988.36229080016710
131 23.64276826812950 1534696.35583677305840
132 -8.10104204276600 839.16015317876554
133 -3.81631158639126 30000.14361305935381
134 -49.09490781048660 2066189.40748136793263
135 -10.84977000357811 155.61850455362637
136 -1.50807448702587 2.48014372487668
137 -10.97034161178636 425839.16656406357652
138 -11.66102507106052 83800.46408282979974
139 2.72039431649269 0.00000000000000
140 48.19890955762446 849321.30223313462920
141 20.52501323260484 8926.41919805792350
142 -26.81210303565769 20484.07197141523284
143 -30.10745011814577 13859.24165400329548
144 0.18302601164743 174394.96931264584418
145 -4.61444417085369 268512.29385240765987
146 51.43336215891255 1747223.25982695841230
147 12.17900905967667 29929.35164236226410
148 63.40045187129650 3314963.70159829733893
149 2.63324245547253 68086.56840868624568
150 39.25723964150930 696736.25600813480560
151 34.53320457665092 265408.66088644863339
152 22.55329163922307 4982.23787074186748
153 -3.52974392069730 241904.85081756958971
154 -4.49613977619357 11477.22319856446848
155 24.62275327293731 16092.06959051825834
156 8.70172468327026 12079.56854947361535
157 -30.83964848972383 20719.30818525932409
158 -44.63134980999664 727673.25184553000145
159 -49.91199766512308 3061979.38088767277077
160 10.77665999247149 11.06458139654041
161 -40.46695493204216 150982.69156728850794
162 19.12990571027387 3146.53626629695100
163 8.25136446844120 9701.48026399446462
164 -0.17168497183632 8661.50735780465766
165 35.87867266126877 665802.17389069090132
166 31.70275486229983 1251366.32919906242751
167 37.15788978532374 251105.29248479017406
168 -43.51659204068980 537735.63784104108345
169 10.33413294305423 10.02629713208459
170 0.45396064767939 69171.66643393594131
171 -34.40671069482498 1673021.11162151372992
172 -17.23159409184743 3306.30990051905155
173 28.34151235333679 19805.61580756020339
174 -4.72645991543923 52583.52444367729186
175 -44.18539513161532 841410.81229984725360
176 -31974.10757785817987 163372.50911116553470
177 4636.11270928972226 17602501.86682386323810
178 -26579.05774031949477 7316028.91346432734281
179 -10184.03455617404506 28028.50917370424941
180 18536.43907252074496 4418727.73872025869787
181 -4526.45744373926846 4477675.85095639992505
182 -16299.87647403797746 0.00000000000000
183 -15004.62626346192883 11485160.96093649603426
184 -13302.11256029831566 323939.50030547275674
185 13783.11918743588467 0.00000000000000
186 -2646.13811670032419 652323.53181410022080
187 -3858.06594004219733 338575.42869484808762
188 -27167.99977483131443 8043386.34064008388668
189 -13249.88319825973304 1466581.62928309524432
190 -35363.01973254069890 12056205.87020026333630
191 -5940.60097744668838 644.63180222430935
192 -6652.25402907780699 17097.96198991825804
193 -20845.27870401568725 2740353.22622891841456
194 -28232.19893603670062 1056601.23442541155964
195 -10287.14100614635208 0.00000000000000
196 -11081.41273809752420 137.47553413646273
197 -7975.70412996096275 507502.03370697336504
198 5063.82607552352329 225233.59632057495764
199 -34455.68035432474426 4701.95926081092693
200 664.91584009161943 0.00000000000000
201 -36629.39954797770770 62236.68588092875143
202 1100.28545777952559 572.55890817196428
203 -7759.53665689595437 1346.96514596052361
204 -11429.70579236403864 250154.73773531534243
205 -29487.40518257876101 1316816.15394204761833
206 -23322.09047526129871 9122782.09154965914786
207 -8247.32405298315643 0.00000000000000
208 -8814.01787975588923 6602808.31502147205174
209 -841.73873574037748 459963.98371345340274
210 -4187.74867578380872 6483.63735704316514
211 -7725.30450325143465 1320.03544707093261
212 -33653.77585852878838 3811694.10876761283726
213 -23013.04856100626421 2345309.92004632763565
214 14753.93974486125990 1514227.29903796082363
215 -22511.39433889576321 333312.97468007064890
216 -16033.50036102661579 1216783.76103300810792
217 -28679.17127579829321 28391.28296115484045
218 4204.77713542622405 1085901.07493569888175
219 -21047.10323787614470 0.00000000000000
220 -13485.74311832304738 10689757.88024909980595
221 -1899.59035808779549 912176.28553661878686
222 -14253.23921574090491 1766721.66312808124349
223 -817.20729526599632 3333.45067632883274
224 -17176.38628922078351 1466831.43217428540811
225 -40332.28438294208900 16176711.03467073105276
226 -3.32818252819838 103784559.89699852466583
227 -347.30209318701117 85059.34664546388376
228 -60.21258253925228 14599276.19750274159014
229 -535.97964872389753 1509870479.74472546577454
230 -650.99966873394260 3518573373.58935689926147
231 -354.34375119879809 10911453.86447285488248
232 -202.50361268199970 910676.00722708331887
233 -354.75575800957699 5985654106.20022106170654
234 -79.26257738153642 190573.40229888370959
235 -759.76847987536473 100782719462.22193908691406
236 -17.18590243006685 2860816688.10940313339233
237 -143.72603286060240 536970872.35514032840729
238 -559.79397442378945 36668150108.96157073974609
239 -76.74996063079007 205988.86701190838357
240 -279.83563298728950 1537606304.02925801277161
241 -280.86516799526913 1496219829.52832484245300
242 -121.71257011154609 1140808684.94440627098083
243 -119.02716013493453 1365165.22308864211664
244 -344.57863794129679 36479204.51985289156437
245 72.85950749435366 6095067050.21756172180176
246 -546.72485769211198 189663734.93269449472427
247 -511.65667327092194 16459066740.24288177490234
248 196.82789553638048 64440.78121111117798
249 -368.26997759223252 8531319676.46687889099121
250 -27.44561969624142 23470.87076022420297
251 -1874.50000000000000 1115961.76907696947455
252 -1873.50000000000000 903201.57252032554243
253 -1873.50000000000000 723127.73712783132214
254 -1873.50000000000000 435178.15083408611827
255 -1267.33307415707395 504771.32044013799168
256 -1259.45930973066925 85053.98380229368922
257 -1265.65964985133405 719102.88234176626429
258 -1874.50000000000000 313242.08285658631939
259 -1873.50000000000000 914683.58571891684551
260 -1873.50000000000000 1115961.76907696947455
261 -1874.50000000000000 435178.15083408611827
262 -1257.80392573173026 156387.14770433731610
263 -1874.50000000000000 914683.58571891684551
264 -901.03153062702359 89712.45872767438414
265 -1248.74977786463296 0.00000000000000
266 -1375.76449781086649 454871.56996584706940
267 -1873.50000000000000 313242.08285658631939
268 -1874.50000000000000 313242.08285658631939
269 -1873.50000000000000 435178.15083408611827
270 -1328.66812658119989 646164.74178434000351
271 -1392.93030183546216 532420.32052875647787
272 -1350.79132634395546 543433.80212003493216
273 -1305.70575436675267 3122.59604525883924
274 -1874.50000000000000 723127.73712783132214
275 -1265.32028944477725 80648.59184295395971
276 -1407.50352890274712 857939.74143197771627
277 -694.70877989983899 6452.45186654778536
278 -775.39835444606160 24407.17705396085876
279 -1874.50000000000000 903201.57252032554243
280 -1386.18284194314674 668623.82084443524946
281 -727.47992901274301 15440.00420575725911
282 -1874.50000000000000 435178.15083408611827
283 -1257.87223761193968 623511.05179657822009
284 -1296.20112737608110 172456.51795322803082
285 -771.51236017024576 59505.44247111977165
