1 -773.52846921431967 185038.82697348669171
2 -718.04398000444667 62283.62003266719694
3 -373.57473314555824 0.00000000000000
4 -783.62654820280693 18580.46846627212290
5 -444.17108533132040 1375.88678287441144
6 -772.19519154312582 330470.52437157969689
7 -446.11540290783068 8878.58402247009508
8 -1125.29951909089709 256575.59931778509053
9 -644.26047336301917 74204.38671334773244
10 -388.58831717571252 39273.57121079232456
11 -178.36712402997478 17897.54571345521617
12 -407.51270842740325 27798.75488284509265
13 -576.58107200073539 308.01205694962641
14 -786.85488244996293 152230.93410401718575
15 -462.60776659300740 12114.62730592162370
16 -1146.56217033836401 199065.43974754042574
17 -986.71323468299192 294697.79670547920978
18 -592.72227571367171 39871.64330744424660
19 -998.31256151211619 582443.00386302114930
20 -1082.10777266203650 301.65424063177272
21 -1044.44526326688606 109790.19396088451322
22 -576.93927149537126 98792.88352468555968
23 -1311.38480895321618 32417.16061656064267
24 -224.82612173581788 28638.33977213281469
25 -498.67963431698581 54240.87678981305362
26 -968.74330122163701 2315554573.87718915939331
27 -748.48995558102183 14594169925.96157073974609
28 -452.23898649955777 432089864.40212261676788
29 -772.39169694419274 5115911.92170148994774
30 -1292.52640112257654 9546717898.96962165832520
31 -870.64267753364038 1465996529.28054881095886
32 -402.99317481373248 657040902.52581989765167
33 -1239.36960082152609 20195341061.46248626708984
34 -654.08731939707934 9667113.23394188098609
35 -1131.69007369501173 3467458524.60935926437378
36 -100.51820182117324 4725756.49999811220914
37 -187.40824842363739 16803.56057685560518
38 -875.80020082256806 5146272812.97084712982178
39 -469.67853804465267 22958499.54882052913308
40 -650.45427285661947 217123699.97233957052231
41 -856.80031033352282 18124912745.74145889282227
42 -429.95351603756166 5445.97688710297280
43 -808.80419815196069 350815639.85069519281387
44 -286.44415041609739 12834794.09040325693786
45 -317.83146971741974 156267551.66246712207794
46 -1300.81976639454115 10607594771.99549293518066
47 -258.65779805522408 51065620.91929341107607
48 -565.84103258721905 2724958365.23066949844360
49 -1072.54185688945427 6129345404.61014175415039
50 -1356.05234475603947 25968852160.72131729125977
51 -478.89540546058242 316324266.50246292352676
52 -839.53157201757665 14873069.11165774054825
53 -924.48345740712136 59542502.44782671332359
54 -836.36640200479781 615313.52837124769576
55 -402.97031299232015 60688.09654628518911
56 -439.79250387574098 103214836.31418342888355
57 -712.05964888878395 1039776320.63788425922394
58 -1140.80323513873009 5524081529.17781639099121
59 -688.74092017498913 19780871.90945257991552
60 -311.98298848615190 46786315.25992053747177
61 -383.96515993830906 16415637.92867348343134
62 -548.75068694407469 162305835.56869629025459
63 -188.99405351699099 2912519.80661344528198
64 -770.03409303422757 13713674784.62669181823730
65 -535.73338332687104 216823023.87903335690498
66 -216.97876914843670 4396284.71143150143325
67 -478.29321074388463 411307622.25970512628555
68 -193.99942609401648 366.65243209632700
69 -424.96724824835360 1166687.93300198204815
70 -429.29691711465546 219867738.73496669530869
71 -508.05381442838308 48822890.34725791215897
72 -932.66033482796684 15919329059.51923942565918
73 -443.01768659585412 20582560.80678297206759
74 -322.97042848725744 18378859.89547563716769
75 -586.43534772424937 309243.07219941681251
76 38.20463021181165 1466791081.50062632560730
77 20.92641505110227 156654107.41851139068604
78 -7.81523960255442 2229008.40228767180815
79 -2.47698691287939 309881391.94074022769928
80 24.09958820965132 7328494.16798657458276
81 33.69275618878025 123162674.40016101300716
82 -3.58880052505732 79027.07494011767267
83 -26.16840222202903 4483758.77689403295517
84 -31.70987908508859 352.04174141684985
85 19.84479446019157 316923660.59807497262955
86 25.08041745000062 1300313441.49417233467102
87 -10.19011069473580 7370096.91570416092873
88 32.77983602771066 20262047.09045571461320
89 20.27447559449693 127016.30737050721655
90 9.09638246724298 35.69304249530132
91 59.57535353674911 10982.13786834454368
92 52.64553254820069 340180.64725508168340
93 -9.79272173955401 4858350.25812985561788
94 -16.46219613647605 86484223.55667060613632
95 3.38480530328695 3044795075.44026756286621
96 -7.44260977886679 136308.99105927415076
97 36.30390705349480 4457825.73419720865786
98 -5.62923186389479 637758.81991695449688
99 -14.07966275603502 594726178.12532019615173
100 38.64963487471212 0.00000000000000
101 -14.00164496383201 4605.37756758107025
102 33.14073655969946 647662652.70874977111816
103 -17.91200769218430 281377.42409797752043
104 -12.34761133671450 11599976.38292215950787
105 -42.49350847039686 421450.55054377357010
106 0.13553797564366 2371964.76297007594258
107 14.21776253031980 1652169555.41369056701660
108 -8.23460133197592 49646531.83907391875982
109 -1.08748008606664 734279684.62200260162354
110 17.42797529957909 9380115.61546208523214
111 -39.49291441718417 64846.13380304029124
112 -32.53616950191468 0.00000000000000
113 4.75864001527863 12632197634.92119216918945
114 8.97782901135689 93562539.00567479431629
115 18.93862009653790 717.56775395288741
116 3.27696631684363 96028.85680673003662
117 15.70977687131376 796512.14413828728721
118 15.70783484869819 1863868834.06738924980164
119 19.10726215884259 431327.17038452782435
120 22.43635117719796 104606.03586811780406
121 24.94924005184538 109412135.37054094672203
122 10.60121653857204 350232.60442125471309
123 -14.57211747062675 327667.75333885761211
124 24.34417729971096 312682.82553533621831
125 -9.84535165478600 92402235.41120372712612
126 -4.56698257877654 808.02899714518003
127 -3.18314198046997 0.00000000000000
128 -10.87443578427529 7406.24664423786544
129 -49.68174964507618 518632.45141865476035
130 16.16078024497273 1259.20459971821015
131 4.53782695983021 0.00000000000000
132 56.48321542137843 2549584.76363698346540
133 -44.58163145215288 1667679.22002032352611
134 16.24049128474213 1167.10634651590067
135 -14.59098828831478 8563.75852627538916
136 -1.43398407769250 2.51941077421639
137 -13.17077753585549 1213382.36726601561531
138 -11.03407481574315 9990.25668606491308
139 -29.19091505625540 12494.50279093336030
140 -7.26525460896204 7004.79562314216855
141 -6.40982157698130 8.42433460077070
142 -32.02062660961892 366953.94854841142660
143 42.90941379578072 1634486.57383424090222
144 11.13492373508282 44.74082318516806
145 -8.63088182948783 149260.92912316380534
146 -24.16404938623869 254342.23485132359201
147 -1.39484685071624 45844.33996631412447
148 -59.13599251492322 1536519.68102001515217
149 -4.99722769374429 0.00000000000000
150 -23.07205097031594 4486.46260455275115
151 37.79480718488684 85469.44701775722206
152 -10.30885445996859 2.60223354211690
153 27.31697028923244 59945.58262422087137
154 -21.26790822998804 4994.37521496956015
155 -5.38785450566743 627382.47742668807041
156 19.15160151485158 54731.92806702257803
157 -5.62906859779009 216309.54058288983651
158 -30.51284395783508 16367.96878806591121
159 25.37437412422950 78468.56579085756675
160 7.71330442353927 0.00000000000000
161 5.06107605051740 1151882.61402485193685
162 21.91440086541567 64127.51591474039742
163 2.77992734211961 11989.09320285801732
164 -13.73900646731234 25930.38843772625842
165 25.87517470889613 13889.59453633186786
166 15.10722011542580 1558.55538741606506
167 -48.50272473990049 1445289.88359145913273
168 -4.54596054152258 604547.05056744127069
169 -39.59396373894856 176540.39897404160001
170 -28.10600085018342 62960.93758750704001
171 -0.46986552943239 878.21635698745240
172 24.88962845545021 31449.25063175539981
173 -26.67121443124749 11041.80203259976588
174 -11.16710608184503 77499.54289301970857
175 11.99475381576800 26393.34859696220155
176 -28138.39458321262646 11501.07143370109952
177 -2020.23101900215306 33827.85789492850745
178 -28846.15513203929004 618869.72470265440643
179 -6455.00278045607683 9106514.25566911324859
180 418.03474275309418 746364.51082358998246
181 -19085.74073086685894 18452.73752483291537
182 -36264.13422560826439 6578263.22388634551316
183 428.96639295188589 0.00000000000000
184 -3001.43916271909666 2.15411606155143
185 -1742.38092417868211 26126.02413299997716
186 -14778.15941239294261 9970167.18890189193189
187 -5030.34861688262117 1819731.76671237987466
188 8299.71159057185650 390699.54540430335328
189 -9704.71060889185537 0.00000000000000
190 11293.40335488925484 238574.53468498706934
191 -31788.00813290327278 88362.53382397585665
192 -5923.29736132299877 368083.12014469999122
193 -20240.35578699591133 13346.06896006172065
194 -44566.95119840391999 728737.30204002337996
195 6382.18131944348443 8001616.18963493965566
196 -8305.96166017140786 1848274.86949665029533
197 -11496.85535255558352 9570.34079789058706
198 -3288.27639608078516 3692966.96122225839645
199 -31696.27914219981540 317837.77137240639422
200 -4319.38360154070506 8002649.49079295713454
201 -2562.29923824694561 0.00000000000000
202 -708.26884727293157 208992.67043213962461
203 -18169.96692441722553 91.53586834477476
204 -12631.83762036221378 539332.83429898950271
205 -29832.54905637101911 11050.48423359359731
206 -3287.17992986867466 16693016.78075770102441
207 1263.33727881011077 0.00000000000000
208 -24885.56188606681826 1308696.65351231768727
209 -18429.89469976007240 776638.93307558994275
210 -7782.13524305829014 4305079.95198097825050
211 -22863.31932906938164 59163.66634135005734
212 -22311.47099416117999 10017875.29382933303714
213 8758.52807021458284 2973565.10565745411441
214 -14866.89690202970814 510079.47406333888648
215 -4775.20704094726079 9382462.22528064809740
216 -12249.95373170085441 1124.58648105032285
217 -22199.27412084968091 293583.68319153797347
218 -18933.19976974224119 1474.43170888400414
219 -7044.27401172965165 1360276.16906221327372
220 -2748.38452993046258 1998733.67886173515581
221 302.89054822811192 3337.15191070536548
222 -26648.97942129405055 47936.01967761862761
223 -16461.01347933319994 2940600.53302483959123
224 -15393.23447771583778 15713.94536244643496
225 -1609.20736692298033 0.00000000000000
226 -232.92249559177927 18065.81276340126351
227 -244.96781511172398 672827085.98458242416382
228 -410.05181069932644 6462187085.27436828613281
229 134.37111485875695 1124931867.55992984771729
230 -119.40099254029903 28843348245.52692794799805
231 -412.29984353859197 318017255.97070789337158
232 -107.54876575893506 5100738.69823446311057
233 -152.86766220966072 712929.80089994426817
234 -276.03439678482124 1290321958.36175322532654
235 -53.81757001134969 50820.99152109264833
236 -343.46742425685733 3057632080.07723188400269
237 -252.42698592303026 993176245.10085225105286
238 -281.63053273271845 732819550.36941885948181
239 -36.19827400744528 109205849.46684706211090
240 -248.84906058028520 47874909.98229353874922
241 -290.67283590082798 45323589085.96552276611328
242 -157.17864171437498 50028474.99219286441803
243 -195.58260521883321 48222420.36604966223240
244 -21.75269394013262 394335325.02311879396439
245 -1.85840050073746 20292.86383121260587
246 109.81422750858984 1064319.58264557248913
247 -298.10519090073382 832269492.39772820472717
248 -317.10710898424389 657564.17114838038106
249 35.32889500007394 6141777500.16339969635010
250 -545.96184003402550 1441456.50103175546974
251 -1874.50000000000000 435178.15083408611827
252 -1873.50000000000000 723127.73712783132214
253 -1874.50000000000000 1115961.76907696947455
254 -1545.12659268599214 353225.74159836594481
255 -1873.50000000000000 903201.57252032554243
256 -1415.24642841039713 383621.58156406844500
257 -1305.67350027867792 628327.45381995162461
258 -1396.92708347551525 449607.57143701758469
259 -1294.62182587524876 594421.80679640010931
260 -1874.50000000000000 313242.08285658631939
261 -1380.31917989995395 19147.57483911332747
262 -1873.50000000000000 914683.58571891684551
263 -1493.25544886486432 310905.88255320477765
264 -1434.70576157695700 553032.86375729856081
265 -1874.50000000000000 435178.15083408611827
266 -817.55941332957411 63216.45419246714300
267 -1350.74523189784759 127085.31326503654418
268 -1358.77760618576872 261709.70597284054384
269 -1589.46210275475960 971997.87047472724225
270 -1252.16721919682004 0.00000000000000
271 -850.98693064167367 14250.65628508994996
272 -1554.11480913015157 770374.97548771696165
273 -1049.00176690773651 27149.56680389694884
274 -1030.19310916736185 584661.33490594546311
275 -667.43015201990465 313641.84647693240549
276 -1270.41095914157358 155188.76081478144624
277 -1249.66284515358666 548582.21623929915950
278 -1526.03836421903043 752071.24477487581316
279 -1142.82773256194355 466662.66745333891595
280 -1460.01723836209840 50272.81583481399866
281 -890.34244846857951 22213.66754985840453
282 -1499.37548391073096 41566.12680155277485
283 -943.08073179697863 159613.38109364290722
284 -1279.26934828491198 494836.33833820518339
285 -1284.24998363809118 361201.46305794501677
286 -1565.64202963073058 538976.09084635588806
287 -910.66721379927003 65241.25728043665731
