1 A -14.538514 0.875652 5.097052 -25.000000 -237.615103 90.298603
2 A 4.253451 -1.927813 16.615834 -25.000000 -297.394246 287.191115
3 A -9.484862 16.723492 -6.366324 -21.000000 -409.587873 4.246884
4 A -14.158408 -0.497295 -3.830805 -20.000000 -214.782881 67.156528
5 A 16.064252 -2.719296 24.022478 -20.000000 -841.934244 622.231025
6 A -8.236693 10.878514 -5.261730 -18.000000 -213.230984 0.000000
7 A -6.911600 8.417350 -23.782892 -18.000000 -683.607969 497.391955
8 A -2.437351 7.313766 -12.930540 -13.000000 -225.890724 113.681234
9 A 3.690990 10.153104 -20.481084 -10.000000 -535.383736 376.814105
10 A -4.872097 -6.117018 -13.563023 -9.000000 -244.290827 192.664241
11 A -22.876961 21.999229 18.399151 -8.000000 -1345.010144 361.377037
12 A 21.910076 -4.104258 -19.099105 -6.000000 -860.792197 344.003512
13 A -16.497863 23.259203 -23.894603 0.000000 -1383.122030 496.500407
14 A 8.116654 -11.118467 -22.077620 4.000000 -675.841672 437.301171
15 A 10.928797 0.387792 -13.616492 4.000000 -303.917836 145.451235
16 A -23.627378 4.128378 -16.217267 5.000000 -837.196215 323.326595
17 A 17.636561 -19.922472 3.048122 6.000000 -716.124215 6.653731
18 A 24.065927 -14.499356 -13.224258 8.000000 -963.121156 129.991031
19 A -24.449497 6.231106 -22.840583 10.000000 -1157.096819 559.889947
20 A -11.798323 12.624183 -9.034733 11.000000 -378.976824 44.184995
21 A -7.177254 -16.910908 -16.565992 18.000000 -610.563904 370.982595
22 A 3.886027 3.308392 -9.492800 19.000000 -114.779910 47.278365
23 A -3.509058 -20.199363 -5.585515 21.000000 -450.105734 146.947355
24 A -16.180289 -4.629485 6.206743 24.000000 -320.277537 155.459360
25 A -1.999423 3.453544 -14.447264 24.000000 -223.168080 159.905967
26 B -3.316958 23.919908 6.857353 -24.000000 -607.238078 6273.805594
27 B -24.221576 -22.722206 1.462120 -23.000000 -1103.732685 302877.789495
28 B -5.688724 -5.891027 -11.625689 -23.000000 -253.185166 1108.508311
29 B 15.252817 14.354839 11.090792 -22.000000 -521.792351 47922.655502
30 B 7.355038 -9.274880 -3.281393 -21.000000 -168.433109 4630.454239
31 B 15.068659 -2.454506 -15.939826 -21.000000 -555.346441 1357.512453
32 B -11.521404 -5.639626 3.984174 -20.000000 -168.885074 4197.418157
33 B 13.664238 -24.458165 -8.877890 -19.000000 -903.621766 111673.391860
34 B -12.880858 -10.362746 2.826318 -18.000000 -274.345803 17791.318484
35 B 16.583616 -22.397389 2.281087 -17.000000 -777.078363 137933.499167
36 B -0.021442 -5.587856 8.726753 -16.000000 -76.793797 0.000000
37 B -15.493924 -11.991681 1.711805 -15.000000 -384.245147 34493.680565
38 B -19.061524 -9.706659 -2.426688 -13.000000 -477.416490 34209.002592
39 B -1.729244 22.168878 8.826582 -12.000000 -541.291659 1449.129522
40 B -23.575835 10.773197 16.050203 -11.000000 -869.510003 64496.111534
41 B -7.628782 -24.943464 4.662341 -11.000000 -687.682760 36184.877317
42 B 0.780146 -23.944161 3.605716 -11.000000 -576.729817 323.146005
43 B -1.470097 7.455311 -8.304660 -9.000000 -164.108874 100.826865
44 B 0.230969 2.106557 18.512329 -7.000000 -277.287944 0.000000
45 B -6.006708 -24.778050 -24.726244 -6.000000 -1364.444397 22148.537379
46 B 24.514588 8.893610 -9.772465 -5.000000 -818.752256 47515.879491
47 B 2.112625 -3.497156 -6.958443 -4.000000 -97.026988 33.443665
48 B 17.982306 -20.771397 -19.874288 -4.000000 -1233.378730 139507.178106
49 B -7.383986 -18.765731 -17.391647 -3.000000 -782.771901 19189.698189
50 B 4.420513 19.144425 23.809093 1.000000 -861.666485 7155.138652
51 B -3.869956 -13.326918 20.306897 2.000000 -527.685764 2649.545036
52 B 21.618096 7.881098 -1.457370 2.000000 -541.367197 29000.171633
53 B -12.406195 17.186130 5.389978 5.000000 -460.668686 45434.805222
54 B 15.647489 -12.524062 23.010563 5.000000 -843.039781 38396.299478
55 B -19.273578 -6.274771 1.087303 6.000000 -411.556595 14596.016290
56 B 5.146142 1.426134 -5.065139 6.000000 -78.312823 30.027385
57 B 15.563987 9.270207 -9.206333 7.000000 -453.616316 20797.521329
58 B 22.531196 -22.560840 -17.923590 8.000000 -1413.435759 258381.205463
59 B -24.841063 8.626927 -20.690753 9.000000 -1206.192525 45917.452844
60 B -4.701346 -10.953476 21.433582 9.000000 -519.565408 2642.679533
61 B -19.730685 13.203627 -17.581636 10.000000 -946.876185 67857.982408
62 B 19.924980 24.758510 9.675395 10.000000 -1068.700342 243336.710653
63 B -13.098592 16.514483 12.480183 11.000000 -553.915498 46774.898014
64 B 24.883419 -2.256655 15.742265 11.000000 -812.906879 3138.535226
65 B 20.767750 5.100050 7.006327 12.000000 -482.133256 11195.025809
66 B -20.753426 6.722294 -8.493205 13.000000 -585.741308 19443.511561
67 B 9.188644 -14.197229 9.560270 13.000000 -342.890175 16997.419370
68 B 19.748722 12.388509 -4.273483 13.000000 -582.583758 59833.230309
69 B 22.704036 7.048152 3.510313 14.000000 -567.150724 25580.286456
70 B 6.696213 10.530367 -23.159769 15.000000 -788.441890 4967.325117
71 B 21.518494 3.144919 0.740635 16.000000 -474.202083 4551.118096
72 B 20.531094 -19.168308 -12.210534 17.000000 -990.549119 154863.124657
73 B -8.683861 9.033405 -21.913301 21.000000 -728.437832 6148.106324
74 B 7.496234 18.391659 17.986360 22.000000 -649.570360 18996.319725
75 B 9.728443 20.987535 17.666272 24.000000 -780.071335 41676.421511
76 C -5.831737 -8.960161 -7.083759 -24.000000 22.395657 52.697655
77 C -24.113137 -16.190200 -0.277747 -19.000000 41.201085 468.823185
78 C 4.926193 18.530545 10.812482 -19.000000 -33.649219 2606.181526
79 C 1.772254 -15.587610 11.921262 -17.000000 2.554094 5344.969865
80 C -22.605975 2.497661 -5.744681 -16.000000 26.532995 15824.224624
81 C 14.307035 -19.520582 23.291055 -16.000000 -17.397508 39222.772794
82 C -7.582213 -17.359256 -19.657329 -15.000000 45.298798 1292.003853
83 C -21.918294 -10.169545 6.086042 -14.000000 26.721796 1629.656270
84 C -20.004963 12.930173 24.689578 -14.000000 -16.894788 36305.978047
85 C 5.470063 9.474365 -18.758036 -14.000000 4.533608 386.970592
86 C 21.329887 11.671916 -16.854766 -14.000000 -15.427036 1155.843845
87 C 19.539161 17.784338 13.160234 -13.000000 -49.743733 149.395573
88 C -20.917272 -20.474710 15.505911 -12.000000 26.646071 211.219943
89 C -21.784098 19.755378 6.624541 -10.000000 -3.795821 71691.917613
90 C -10.741769 15.268665 -0.423321 -10.000000 -3.303574 17567.847559
91 C 15.821083 -15.781162 -6.034411 -7.000000 6.854490 31567.833604
92 C 8.531093 -9.884859 20.528644 -5.000000 -18.274878 6637.145514
93 C 13.081688 20.387423 4.387055 -5.000000 -36.956167 379.180768
94 C -17.739625 9.604763 -21.226209 -4.000000 30.281071 20866.475941
95 C -2.853177 13.107882 -18.269428 -3.000000 8.954723 4370.138030
96 C 3.210616 24.937225 -17.142429 -3.000000 -10.065411 10520.011584
97 C -16.655970 -21.881044 21.395861 -2.000000 18.101153 570.734643
98 C -2.080176 -23.444723 24.237290 -2.000000 2.247609 10309.462006
99 C 8.694958 -14.870473 4.564312 -1.000000 2.591204 13077.812835
100 C 23.127571 20.554067 19.176652 -1.000000 -61.878290 355.188097
101 C 9.323574 -15.287395 -14.220860 0.000000 21.184681 15079.591098
102 C -11.389554 -12.332302 -7.305350 2.000000 32.067207 24.906032
103 C -20.475540 -1.108355 -14.834130 3.000000 37.478025 7455.247061
104 C -17.803758 10.369613 -1.246015 4.000000 9.760160 22334.750305
105 C 18.028613 1.304358 12.704385 4.000000 -30.957356 4810.087099
106 C 13.418784 24.235868 -9.935873 5.000000 -26.618778 1335.421171
107 C 5.710623 -17.567373 7.318302 6.000000 5.658448 12638.192479
108 C -19.434454 16.155709 14.231056 7.000000 -9.812312 45254.348996
109 C -9.683468 21.209833 -16.065327 7.000000 5.678962 29713.738553
110 C -0.320453 -18.531010 1.215687 9.000000 18.815776 6011.943254
111 C 0.835793 -16.400221 7.663662 10.000000 9.100766 5150.709906
112 C 19.013310 5.557029 14.411320 10.000000 -37.781659 2615.734857
113 C 3.476038 -8.468847 -7.423288 13.000000 13.676097 1731.204666
114 C -22.059959 -21.164216 -24.585359 14.000000 69.089534 577.058555
115 C -6.325696 15.990635 -2.144072 14.000000 -6.240868 11090.445636
116 C -18.295160 6.545157 8.043475 15.000000 5.006529 15364.199352
117 C -13.806225 22.836226 -13.152243 15.000000 5.422243 49343.672565
118 C -10.373673 -3.727474 -15.330518 16.000000 30.751666 500.700468
119 C 2.281337 -5.192917 -12.030689 16.000000 16.262269 534.382762
120 C -4.462328 -7.771892 -21.753338 17.000000 35.327558 481.658087
121 C 21.146049 -14.608302 5.740099 18.000000 -10.917847 45712.669075
122 C -18.951279 -11.405271 20.710325 21.000000 11.066224 831.204231
123 C -7.831855 19.556927 22.333207 21.000000 -32.638279 21016.941015
124 C 23.360712 -13.876460 13.848680 22.000000 -21.892932 51797.806988
125 C 4.729949 24.498143 17.281793 24.000000 -45.029886 7996.604624
126 D -13.770298 11.895459 -0.023356 -24.000000 1.331482 0.000000
127 D 17.567144 -7.225218 -8.750436 -23.000000 -19.632361 108.390195
128 D -4.126532 19.914544 -15.045330 -22.000000 -31.393343 283.752788
129 D 11.818309 6.956405 -17.681384 -19.000000 -37.076098 402.914645
130 D 0.115607 -8.782145 -18.440527 -18.000000 -10.413989 130.339412
131 D -21.480794 -13.570630 -10.728656 -16.000000 23.642768 1238.828623
132 D 3.002304 4.495153 0.096416 -15.000000 -8.101042 28.968261
133 D 12.562714 0.533960 10.000362 -14.000000 -3.816312 173.205495
134 D 20.252923 17.537564 -10.584421 -14.000000 -49.094908 1437.424574
135 D -22.386961 21.412562 -11.064169 -12.000000 -10.849770 12.474715
136 D -0.517316 5.295353 4.069962 -10.000000 -1.508074 1.574847
137 D 6.872080 18.151603 14.853342 -10.000000 -10.970342 652.563535
138 D 12.629210 4.768424 6.556609 -9.000000 -11.661025 289.483098
139 D 11.673524 -16.370760 -1.136842 -8.000000 2.720394 0.000000
140 D -13.564845 -15.867029 19.627035 -7.000000 48.198910 921.586297
141 D 5.276462 -14.338749 12.342726 -6.000000 20.525013 94.479729
142 D 17.003541 -6.659889 -15.588451 -6.000000 -26.812103 143.122577
143 D 22.344442 -18.130617 -24.973626 -4.000000 -30.107450 117.725280
144 D 4.086616 14.876338 20.105980 -2.000000 0.183026 417.606237
145 D -2.316885 -18.277115 -24.228444 -1.000000 -4.614444 518.181719
146 D -16.253289 -19.613181 16.586892 1.000000 51.433362 1321.825730
147 D 23.499180 -13.723865 22.974324 1.000000 12.179009 173.001016
148 D -22.404187 -19.376018 22.660247 2.000000 63.400452 1820.704177
149 D -19.996508 4.309753 -11.993512 3.000000 2.633242 260.934031
150 D -5.473957 -23.287979 11.555304 3.000000 39.257240 834.707288
151 D 1.277912 -23.614324 13.256793 3.000000 34.533205 515.178281
152 D 2.498129 -4.972672 21.138748 3.000000 22.553292 70.584969
153 D 11.203602 9.869679 18.623537 4.000000 -3.529744 491.838236
154 D 14.121821 -3.249553 7.476128 5.000000 -4.496140 107.131803
155 D -8.537657 -1.242517 15.962578 6.000000 24.622753 126.854521
156 D -10.106913 -1.557839 -1.823028 7.000000 8.701725 109.907091
157 D 11.431590 -2.900850 -21.168908 7.000000 -30.839648 143.942031
158 D 7.053067 21.636635 -14.781647 8.000000 -44.631350 853.037661
159 D 22.991143 18.962590 -6.778264 9.000000 -49.911998 1749.851245
160 D -14.256783 11.521523 9.241400 10.000000 10.776660 3.326347
161 D 0.417494 17.342175 -21.467286 12.000000 -40.466955 388.564913
162 D -15.976921 15.505758 19.918744 13.000000 19.129906 56.093995
163 D 1.964018 -13.142152 -1.646769 14.000000 8.251364 98.496093
164 D 10.468553 -0.973250 10.643617 16.000000 -0.171685 93.067220
165 D -24.716412 -3.958838 8.563422 18.000000 35.878673 815.967018
166 D -21.125212 -12.731932 -0.774389 19.000000 31.702755 1118.644863
167 D -12.047970 -9.470983 17.018937 19.000000 37.157890 501.104074
168 D 2.727322 23.673102 -15.736168 19.000000 -43.516592 733.304601
169 D -16.834971 14.192164 9.091326 20.000000 10.334133 3.166433
170 D 12.040565 2.983529 16.878054 20.000000 0.453961 263.005069
171 D 13.944306 22.356955 3.294550 20.000000 -34.406711 1293.453173
172 D 14.940998 -7.075409 -7.966005 20.000000 -17.231594 57.500521
173 D -1.270814 -7.495414 20.995284 21.000000 28.341512 140.732426
174 D -3.733825 18.600798 11.600514 23.000000 -4.726460 229.310978
175 D 5.833352 24.127898 -12.764145 23.000000 -44.185395 917.284477
176 E 20.006646 -0.153288 21.666654 -24.000000 -31974.107578 404.193653
177 E -23.038010 21.073417 -23.330376 -23.000000 4636.112709 4195.533562
178 E 6.195983 -22.943584 22.461297 -22.000000 -26579.057740 2704.815874
179 E 16.245268 15.137553 0.880801 -22.000000 -10184.034556 167.417171
180 E -21.350867 12.439604 -4.642786 -20.000000 18536.439073 2102.077006
181 E -14.628357 15.794512 10.505665 -20.000000 -4526.457444 2116.051949
182 E 18.871134 12.138799 -2.711325 -20.000000 -16299.876474 0.000000
183 E -12.794447 22.776829 15.174950 -18.000000 -15004.626263 3388.976388
184 E 16.682380 20.610454 -2.282480 -18.000000 -13302.112560 569.156833
185 E -20.305574 -10.786431 -10.989798 -16.000000 13783.119187 0.000000
186 E 6.307358 -11.362162 -4.173025 -15.000000 -2646.138117 807.665483
187 E -17.225421 3.972421 -20.369743 -12.000000 -3858.065940 581.872347
188 E 7.616770 -23.059600 -20.168036 -12.000000 -27167.999775 2836.086448
189 E 10.010355 22.525288 14.607970 -11.000000 -13249.883198 1211.025032
190 E 23.943470 -17.650924 -6.402953 -11.000000 -35363.019733 3472.204756
191 E -1.014539 3.619544 -11.232758 -10.000000 -5940.600977 25.389600
192 E 14.636260 1.059266 5.465642 -9.000000 -6652.254029 130.759176
193 E -0.821417 20.009007 18.842166 -8.000000 -20845.278704 1655.401228
194 E -9.950358 11.126279 22.083345 -7.000000 -28232.198936 1027.911102
195 E 16.907404 6.099710 0.361089 -7.000000 -10287.141006 0.000000
196 E -3.081522 -4.223421 14.038346 -6.000000 -11081.412738 11.724996
197 E -17.050321 4.967106 15.226754 -5.000000 -7975.704130 712.391770
198 E -18.435898 1.930725 8.316066 -4.000000 5063.826076 474.587817
199 E 18.606752 14.688257 -16.616940 -3.000000 -34455.680354 68.570834
200 E -8.023029 -4.420038 0.434913 -2.000000 664.915840 0.000000
201 E 13.311925 -2.046964 -22.790875 -2.000000 -36629.399548 249.472816
202 E -10.416572 -1.601818 2.501745 -1.000000 1100.285458 23.928203
203 E 8.297809 -0.248394 -10.043931 -1.000000 -7759.536657 36.701024
204 E 10.310865 -6.487137 -11.542924 0.000000 -11429.705792 500.154714
205 E 12.218049 23.408014 -18.994072 0.000000 -29487.405183 1147.526102
206 E 17.214199 -18.928510 18.055158 0.000000 -23322.090475 3020.394360
207 E 1.551124 0.642120 12.945618 1.000000 -8247.324053 0.000000
208 E 8.995612 -20.941194 11.322196 2.000000 -8814.017880 2569.593025
209 E -9.133289 -17.917642 -4.990067 7.000000 -841.738736 678.206446
210 E -11.083797 0.034713 -14.173360 8.000000 -4187.748676 80.521037
211 E -5.386620 1.766894 -13.941388 12.000000 -7725.304503 36.332292
212 E 1.022705 -21.606581 24.844159 12.000000 -33653.775859 1952.356040
213 E 6.492689 -16.628521 -19.300660 12.000000 -23013.048561 1531.440472
214 E -23.986389 5.898390 -20.895705 15.000000 14753.939745 1230.539434
215 E 14.553767 19.387155 19.497984 17.000000 -22511.394339 577.332638
216 E -4.366046 14.517047 16.209804 18.000000 -16033.500361 1103.079218
217 E 9.502935 11.320492 24.588816 18.000000 -28679.171276 168.497130
218 E -15.699048 -24.231317 -2.886816 20.000000 4204.777135 1042.065773
219 E -5.167663 -3.187755 19.387668 22.000000 -21047.103238 0.000000
220 E 12.909186 -22.199722 13.540494 22.000000 -13485.743118 3269.519518
221 E 7.895083 -11.709261 2.737337 23.000000 -1899.590358 955.079204
222 E 11.041923 -12.985100 -12.516456 23.000000 -14253.239216 1329.180824
223 E -6.459902 -8.018811 -5.896676 24.000000 -817.207295 57.736043
224 E 19.263435 -7.993129 -3.412719 25.000000 -17176.386289 1211.128165
225 E 20.994674 -21.229916 23.553790 25.000000 -40332.284383 4022.028224
226 F 9.818773 -9.139710 10.288903 -24.000000 -3.328183 10187.470731
227 F 18.417487 8.090833 -0.953140 -24.000000 -347.302093 291.649356
228 F 10.631856 16.334033 5.820420 -22.000000 -60.212583 3820.899920
229 F 24.664746 23.103011 7.992226 -22.000000 -535.979649 38857.051866
230 F 23.636282 -17.140457 -10.305092 -21.000000 -650.999669 59317.563787
231 F -18.055950 -24.030739 -3.185156 -17.000000 -354.343751 3303.248986
232 F -14.889831 5.642031 2.095940 -17.000000 -202.503613 954.293460
233 F -12.325576 -0.714643 -22.570659 -15.000000 -354.755758 77367.009159
234 F -2.612475 16.940755 -8.077506 -13.000000 -79.262577 436.547136
235 F -23.284330 -15.147803 -24.198715 -9.000000 -759.768480 317462.941872
236 F -13.221549 2.266590 17.495941 -8.000000 -17.185902 53486.602884
237 F -15.280742 -20.329058 9.963895 -5.000000 -143.726033 23172.631969
238 F -18.683388 -10.403276 -23.422777 -4.000000 -559.793974 191489.295024
239 F 2.847996 -12.085732 -7.626542 0.000000 -76.749961 453.859964
240 F -8.871809 2.767354 -22.327404 9.000000 -279.835633 39212.323369
241 F -10.810260 7.646235 -18.198162 11.000000 -280.865168 38681.000886
242 F -15.180503 -8.350587 12.110568 13.000000 -121.712570 33775.859500
243 F -9.235115 17.985894 -3.717756 14.000000 -119.027160 1168.402851
244 F -17.437920 8.210051 -4.464176 16.000000 -344.578638 6039.801695
245 F -11.816599 13.448938 23.647946 17.000000 72.859507 78070.910397
246 F 24.288096 -5.215347 4.836303 17.000000 -546.724858 13771.845734
247 F 18.308996 13.918872 -19.564148 18.000000 -511.656673 128292.894348
248 F -0.758684 -6.813210 21.978166 20.000000 196.827896 253.851888
249 F 22.163717 13.722565 13.713374 23.000000 -368.269978 92365.143190
250 F -6.647597 -21.458629 1.916103 25.000000 -27.445620 153.202059
251 E -13.668821 4.913034 5.349526 -19.000000 1532.582062 526.759302
252 E -10.463909 10.773197 -22.104503 -18.000000 -18029.767878 971.855037
253 E -11.389554 -11.817769 -7.218502 0.000000 993.331996 112.245633
254 A -12.324820 7.646235 -10.884551 11.000000 -327.619551 98.914842
255 F 22.050356 -15.154502 -22.226609 6.000000 -686.377704 240187.128205
256 F 14.553767 19.243701 17.043922 18.000000 -58.776843 61521.466963
257 B -17.050321 4.967106 15.205908 2.000000 -489.741606 7157.029168
258 A 13.081688 20.387423 3.140606 -5.000000 -595.740994 139.545697
259 E 11.478595 -20.358236 10.741972 2.000000 -9249.467758 2704.767087
260 E -7.884514 -17.546638 -19.657329 -15.000000 -16852.198278 689.659395
261 C 5.470063 9.474365 17.524949 -10.000000 -31.669377 341.830505
262 E -7.955111 0.034713 -14.173360 10.000000 -6659.462292 20.719846
263 F -8.537657 -1.242517 11.403574 10.000000 29.540566 9449.689141
264 A 17.051824 -2.256655 15.742265 12.000000 -542.436119 282.159623
265 F 20.870844 5.557029 14.411320 11.000000 -306.110235 90443.897140
266 B 7.838769 -9.728061 21.379660 -6.000000 -531.772695 5806.459872
267 D 8.109821 -5.276812 -22.077620 5.000000 -26.010629 85.805563
268 B 9.778452 21.807002 -18.994072 0.000000 -1011.914521 45461.250030
269 B -1.470097 7.455311 -7.545977 -9.000000 -149.048526 100.068182
270 C 4.603794 12.911771 16.691780 -25.000000 -33.707345 824.052635
271 C 23.360712 -14.240049 14.167377 20.000000 -21.888039 53333.817554
272 A -22.404187 -19.376018 22.660247 2.000000 -1389.824456 849.965428
273 F 9.327237 -15.287395 -19.945539 -4.000000 -266.427195 34595.364500
274 F -11.941112 -12.920850 -1.501199 7.000000 -156.240954 303.561873
275 B -23.188077 -10.542841 -23.267714 11.000000 -1287.075756 59759.573518
276 E -23.464391 8.417350 17.863384 -11.000000 -479.325498 1610.480117
277 C -0.029972 0.642120 12.741876 1.000000 -12.334023 133.258982
278 B 19.836979 -19.223508 -23.143199 17.000000 -1394.889454 145412.734564
279 D 5.567942 -3.997442 4.526787 -7.000000 2.096287 0.000000
280 B -14.256783 11.664977 9.147360 10.000000 -390.212295 27636.015331
281 B 5.276462 -16.994582 12.363572 -6.000000 -424.180509 8023.400310
282 E 24.514588 8.893610 -9.772465 -5.000000 -40416.133392 4.485027
283 D 22.209430 -18.033273 -23.596924 -4.000000 -28.693080 107.128752
284 B 2.281337 -5.005535 -12.030689 13.000000 -226.860106 114.231364
285 B 0.230969 -0.382598 -17.769863 -7.000000 -391.187214 0.000000
286 F -4.407315 -21.606581 24.844159 12.000000 203.933008 11979.785215
287 C 4.926193 18.530545 15.845094 -19.000000 -38.681831 2740.338759
288 E 24.889533 -19.298508 19.756061 0.000000 -44289.428057 4019.797958
289 E 23.943470 -17.650924 -6.402953 -12.000000 -35362.999733 3472.304756
290 B -6.691661 -18.922530 -18.300013 -3.000000 -814.990999 16023.524030
291 A 4.815593 0.412559 -13.616492 4.000000 -207.688980 129.684836
292 A -13.221549 2.266590 17.495941 -8.000000 -485.214742 376.629770
293 D -14.889831 5.642031 2.095940 -23.000000 10.803740 60.837971
294 A -11.092112 -1.927813 -0.499274 -6.000000 -126.120683 47.345093
295 D -20.305574 -10.786431 -10.399732 -16.000000 20.012273 975.297974
296 F -15.280742 -20.727684 9.645199 -4.000000 -146.614298 21713.702469
297 D 9.502935 17.696929 24.588816 18.000000 -3.971049 828.861373
298 C 17.978643 -20.771397 -14.149609 0.000000 17.942363 58356.438452
299 E -8.871809 2.767354 -20.794249 9.000000 -16358.955313 157.153479
300 C 8.887314 -4.972672 24.705135 3.000000 -27.559777 3243.636454
301 B -1.470097 7.620251 -7.545977 -6.000000 -151.475081 105.142085
302 B -7.367258 16.723492 -14.561103 -21.000000 -608.641796 15167.947825
303 D -0.343083 2.106557 19.851075 -9.000000 17.267602 60.134944
304 B -0.021442 1.460486 8.726753 12.000000 -47.142687 0.000000
305 B -20.305574 -10.786431 -10.645743 -16.000000 -688.898252 47955.553948
306 D 1.832691 -6.356442 13.189359 11.000000 16.493109 35.766514
307 C 16.907404 5.891671 0.361089 -7.000000 -22.300164 1307.049792
308 D -16.834971 -6.895821 9.091326 20.000000 31.422118 559.332494
309 C 0.754271 3.636309 -17.769863 -9.000000 14.199283 310.106668
310 A -13.736929 -1.509311 -0.499274 -10.000000 -190.430502 62.350345
311 F -14.205163 8.913898 2.275218 -23.000000 -180.849699 1028.785998
312 E -8.023029 0.137703 -0.073010 -2.000000 882.873590 38.091004
313 D 10.545307 4.495153 0.096416 -19.000000 -15.564045 199.371838
314 A 1.852232 -13.142152 -1.586231 15.000000 -177.363060 37.591042
315 A 8.109821 -5.276812 -22.237022 2.000000 -587.059088 424.401066
316 B 7.510261 -7.202651 21.316063 4.000000 -481.312496 2916.554351
317 B -11.294288 -1.249151 -7.004187 2.000000 -210.156711 177.347547
318 A 16.856749 10.198851 -5.236322 -21.000000 -415.005622 93.626999
319 A 10.672795 -16.370760 -1.136842 -10.000000 -382.402765 6.009357
320 A 1.551124 0.807563 11.765955 2.000000 -140.455850 137.462308
321 E 24.514588 5.422372 5.731750 -5.000000 -29694.058402 161.596398
322 E 15.577483 -7.806979 -6.871261 20.000000 -12715.125537 937.534733
323 B 8.362008 1.426134 -5.065139 4.000000 -121.793223 118.379050
324 A 17.636561 -19.633523 3.048122 6.000000 -704.694550 5.495493
325 A 18.606752 8.099009 -13.358456 -6.000000 -589.373523 224.457364
326 A -12.324820 7.481296 -12.265860 15.000000 -357.022292 129.303063
327 E -9.548682 8.395196 -6.176106 10.000000 491.402578 658.070677
328 C -21.800750 19.315898 -11.064169 -12.000000 14.309021 69604.049967
329 B -8.125406 -5.281448 -13.941388 -18.000000 -348.403765 1828.844924
330 B 2.112625 -3.497156 -11.270507 -9.000000 -192.979641 38.255729
331 A -14.883363 11.521523 9.241400 -5.000000 -438.763485 99.566087
332 E -14.538514 0.875652 5.097052 -25.000000 2775.964240 240.455262
333 B -1.492886 13.069169 -0.182418 24.000000 -177.314821 353.752837
334 C -1.014539 -0.399363 -11.232758 -10.000000 13.446660 96.907661
335 B -11.125481 11.476957 -0.023356 -24.000000 -260.070846 16277.808964
336 A -14.843076 -0.592968 -3.620988 -20.000000 -233.180070 71.253254
337 B -11.083797 -4.523027 -13.665436 7.000000 -388.574232 2498.114570
338 F 3.533316 -0.973250 10.643617 16.000000 82.988231 1384.933320
339 B -12.590108 0.245573 7.690597 -1.000000 -190.974029 0.000000
340 D 3.886027 3.308392 -6.877602 18.000000 -15.432022 42.598521
341 C -1.470097 7.455311 -8.304660 -9.000000 3.139446 750.391264
342 C -5.262929 -12.332302 19.552962 22.000000 -0.517731 708.317612
343 F -7.878366 12.060739 -2.736733 -17.000000 -86.359241 451.636721
344 D 3.584793 -3.997442 4.526787 -7.000000 4.079436 0.000000
345 E -11.798323 5.451505 -9.034733 11.000000 1009.804593 476.915778
346 D -0.517316 8.766591 -11.434252 -10.000000 -20.483527 81.278585
347 B -15.851063 15.505758 21.092478 13.000000 -855.947439 60400.050921
348 E 5.081943 -0.248394 -10.043931 -1.000000 -6160.171745 0.000000
349 C -5.831737 -9.249106 -6.028531 -24.000000 21.629374 48.152622
350 E -3.081522 -4.223421 14.038346 -3.000000 -11081.472738 12.024996
351 B -9.848110 12.624183 -4.359975 11.000000 -296.584560 15432.503441
352 A -16.834971 14.089815 9.383026 20.000000 -568.580303 101.362095
353 D -19.069098 -10.786431 -14.725135 -16.000000 14.450394 923.360186
354 B -8.023029 -4.420038 -16.071355 -2.000000 -410.519594 1245.331129
355 E -5.167663 -4.882787 -0.228844 23.000000 82.022604 0.000000
356 E 8.299345 -4.430147 4.526787 -4.000000 -1731.279927 268.080033
357 A -0.481939 1.460486 10.236225 6.000000 -106.025588 104.917197
358 E -8.023029 -1.880899 -0.073010 -2.000000 861.760676 0.000000
359 F -8.128987 10.667592 -5.261730 -15.000000 -113.135994 1814.657125
360 B -12.806925 0.249275 -19.269795 -1.000000 -616.503667 1.061544
361 E 15.404683 1.811865 0.712703 13.000000 -7566.212485 110.303559
362 B 3.002304 0.461392 0.096416 -4.000000 -12.930347 0.000000
363 B -22.833909 -5.167637 14.612522 -1.000000 -707.187591 13907.585830
364 C 3.584793 -13.023966 4.526787 18.000000 6.272386 4574.332755
365 F -9.373956 -5.740947 14.038346 -3.000000 38.534069 17293.241144
366 F -16.271448 7.929257 2.976629 -10.000000 -237.770372 2327.788036
367 D -5.831737 -14.570584 -6.027052 -8.000000 13.535270 404.730088
368 E 1.551124 8.771449 13.014665 -5.000000 -8795.222092 237.751468
369 E 10.672795 -16.370760 -1.136842 -11.000000 -4510.911388 1852.266001
370 E 0.318079 3.772816 3.048122 19.000000 -592.903042 26.685645
371 D -6.459902 -8.018811 -5.896676 24.000000 7.102037 197.211378
372 D -1.460105 3.202026 -11.865778 -17.000000 -14.267698 19.218556
373 E -0.021442 12.933071 9.134473 -16.000000 -5363.888838 648.401462
374 D -14.316791 12.077022 -0.023356 -24.000000 1.696412 0.000000
375 C 0.230969 2.106557 18.512329 -7.000000 -19.989855 319.504331
376 A -9.484862 16.825841 -3.651918 -22.000000 -385.848044 0.000000
377 D -17.055387 11.521523 10.585217 13.000000 14.859080 32.951504
378 B 0.230969 -6.581119 -1.263575 -11.000000 -54.235399 0.000000
379 E -10.416572 -1.535369 20.021704 -1.000000 -22629.317440 43.382974
380 F 5.566406 0.184311 -10.043931 -1.000000 -121.360260 3099.056028
381 A 11.001300 -21.921624 1.287468 12.000000 -602.003766 39.955051
382 B 5.146142 1.426134 -3.968012 6.000000 -64.013811 28.930259
383 D -5.198067 -8.960161 -7.083759 -22.000000 6.514469 194.540051
384 F -7.738294 0.031011 10.021266 10.000000 30.110196 5985.645843
385 A -5.438336 6.054739 -14.293002 -9.000000 -269.705258 156.781847
386 D 9.771736 -3.497156 -5.615585 -18.000000 -12.530165 27.294012
387 D -2.699673 23.525225 -11.064169 -12.000000 -32.649721 445.228875
388 D 1.852232 1.190318 -2.101442 -9.000000 -5.963992 0.000000
389 A 3.903307 8.890729 -9.699133 19.000000 -186.974053 69.334148
390 D 0.678857 15.243870 19.307534 13.000000 2.124808 305.397082
391 B 2.112625 -3.614075 -11.271987 -24.000000 -194.150355 43.468069
392 E 24.514588 0.764281 -10.707861 -1.000000 -41342.911195 487.049519
393 B 5.081943 -0.248394 -9.073518 0.000000 -148.510649 0.000000
394 C -7.393696 -12.332302 -7.305350 2.000000 28.071348 144.519948
395 D 10.761403 -22.754045 -6.877602 6.000000 3.995039 134.262312
396 D 1.832691 -6.356442 13.189359 14.000000 16.433109 36.066514
397 E 15.386563 -6.657891 -7.966005 20.000000 -13430.665887 787.358570
398 B 18.871134 -6.583649 -2.711325 -18.000000 -422.020728 15411.819367
399 A 12.220053 -16.596470 -0.546923 -6.000000 -424.191642 0.000000
400 E -4.726532 0.577401 14.736973 -5.000000 -12403.058415 18.327068
401 E 5.009730 17.189719 -1.443306 -24.000000 -2275.958875 831.036501
402 A -13.384242 1.050463 -6.366324 -3.000000 -219.831493 71.264641
403 E 19.311304 12.138799 -2.711325 -20.000000 -17318.224017 0.000000
404 D 16.907404 -4.770395 -2.850494 -7.000000 -15.847504 125.139859
405 D 5.567942 -7.370358 4.526787 21.000000 4.909202 0.000000
406 F -18.316032 11.429050 10.491918 -1.000000 -241.029782 36913.953995
407 D -20.305574 4.699619 -11.776356 -16.000000 3.149599 259.159279
408 E 0.395463 -0.382598 -17.769863 -7.000000 -15575.143868 0.000000
409 E 9.771736 -3.953600 -5.615585 -10.000000 -4675.524865 275.429188
410 E -7.955111 0.006030 -14.173360 12.000000 -6659.495280 20.002456
411 E 24.937668 -4.756346 -10.747574 -4.000000 -43219.473701 1145.179784
412 A -14.072455 12.077022 -1.297092 -24.000000 -345.050914 0.000000
413 C -14.265083 11.652320 -11.865778 4.000000 15.558541 17520.721984
414 E -4.770198 -4.223421 14.038346 -3.000000 -11430.303117 0.000000
415 E -8.023029 -2.209925 -0.073010 -2.000000 853.684754 0.000000
416 B -5.167663 -3.187755 19.387668 20.000000 -338.797501 261.255343
417 C -12.590108 3.580556 7.690597 0.000000 2.318955 4258.118619
418 E -1.523145 1.448398 -2.955221 6.000000 -305.909780 0.000000
419 A -8.023029 -19.788536 0.321736 -2.000000 -455.098661 159.896157
420 F 1.852232 1.190318 -2.101442 -25.000000 -21.843741 0.000000
421 E 3.584793 -3.997442 -2.682247 -10.000000 -699.557552 99.906681
422 C -13.482105 -20.368810 -3.880596 2.000000 38.771510 312.372705
423 A -3.730937 1.331449 1.533802 -5.000000 -17.145194 0.000000
424 B -13.721393 21.414176 -19.269795 0.000000 -1099.247765 86328.210397
425 B 1.551124 0.642120 -8.051053 -3.000000 -103.901970 0.000000
426 A -9.412649 -0.612290 -10.189461 -1.000000 -191.817971 112.785886
427 A -8.485896 16.250428 14.736973 -23.000000 -552.725206 224.548886
428 E -5.167663 -3.035434 -0.228844 22.000000 169.809081 0.000000
429 E -3.081522 6.646684 14.038346 -7.000000 -11239.439494 250.975362
430 D -16.834971 14.960677 7.995730 -9.000000 9.050024 0.000000
431 E -10.695522 -1.509345 2.595044 15.000000 1215.751452 32.528794
432 F 3.467821 -6.255472 0.096416 -15.000000 -10.858039 0.000000
433 B 0.318079 3.772816 3.048122 19.000000 -15.053875 0.000000
434 D -0.517316 2.165600 4.069962 -20.000000 1.821679 0.000000
435 F 0.230969 -3.105413 18.512329 -9.000000 166.737616 0.000000
436 B -0.021442 7.996944 9.701863 -16.000000 -123.590260 0.000000
437 D 4.901809 1.426134 -5.065139 6.000000 -12.513082 23.571332
438 D -1.451805 3.071229 9.241400 -16.000000 6.941977 1.067235
439 C 2.370307 7.755816 -5.149850 -18.000000 -4.336274 154.020740
440 E 3.002304 0.461392 0.096416 -7.000000 -59.883999 0.000000
441 C 2.034988 -4.006294 -1.263575 -11.000000 4.014881 192.685749
442 A 11.673524 -17.647175 -1.136842 -5.000000 -448.086352 6.870591
443 E 5.029517 3.597281 -11.232758 -10.000000 -7578.364859 0.000000
444 E 17.636561 -4.553899 9.795575 7.000000 -13188.132957 695.256261
445 D -13.770298 11.895459 -0.023356 -8.000000 1.011482 0.000000
446 D 10.672795 -16.370760 4.336309 -7.000000 9.174275 11.680796
447 A 19.454330 -11.597013 0.728766 4.000000 -512.412770 0.000000
448 A 13.233746 -16.467425 8.726753 12.000000 -521.224337 89.435764
449 C -23.374186 0.925251 -11.064169 -12.000000 34.273104 14441.025967
450 B 5.081943 -5.282715 12.009643 4.000000 -153.846181 701.841857
451 E -5.194684 -3.187755 -2.688061 -2.000000 114.425743 0.000000
452 A 5.719634 -3.930148 4.526787 -7.000000 -67.792083 6.997944
453 A 19.893646 -11.597013 -0.400662 5.000000 -529.308380 0.000000
454 D -1.033593 -3.290338 -0.228844 22.000000 2.655086 0.000000
455 D -7.080327 15.374079 -2.893423 7.000000 -12.327174 45.337424
456 B 0.318079 5.621441 2.207307 19.000000 -31.364753 0.000000
457 D -14.280823 12.077022 -4.860965 -25.000000 -3.157165 0.000000
458 C -4.770198 -4.223421 14.038346 -3.000000 -4.104727 167.438627
459 B -1.810102 -0.815778 0.434913 -2.000000 -6.431461 0.000000
460 F -14.681477 11.895459 -10.787216 -24.000000 -312.150701 25069.068876
461 A 18.871134 12.138799 -2.711325 -22.000000 -510.261439 107.779124
462 E 4.981468 -0.248394 -10.043931 -1.000000 -6123.104637 0.000000
463 E 5.081943 20.787304 -9.708452 -20.000000 -8393.379286 1291.506134
464 A -0.719377 11.965872 -5.585892 23.000000 -173.441784 8.942263
465 B -0.021442 1.460486 8.726753 11.000000 -47.162687 0.000000
466 F -0.517328 1.400419 4.069962 -19.000000 36.742034 0.000000
467 E -0.059692 8.665774 12.992373 -16.000000 -9167.944962 284.547605
468 F 19.588754 -8.962719 -11.788549 -13.000000 -489.556218 53305.685197
469 A 1.652967 1.331449 5.006490 -8.000000 -28.729996 9.739472
470 A 1.852232 1.190318 -2.468773 -25.000000 -10.442463 0.000000
471 F 0.230969 11.749076 15.139913 -9.000000 136.385872 0.000000
472 D -1.458819 2.106557 9.201606 -6.000000 7.673868 0.000000
473 B -0.021442 -5.587856 8.726753 -17.000000 -76.813797 0.000000
474 F 3.002304 0.232455 7.568257 -4.000000 59.180480 489.931265
475 F 0.238771 -6.555952 -1.115321 -11.000000 -9.874905 0.000000
476 C -7.996007 -1.880899 21.979532 22.000000 -10.662626 684.471494
477 E 0.079277 6.426675 -17.769863 -7.000000 -15710.548654 114.207056
478 F 3.365161 -6.255472 0.096416 -17.000000 -10.116568 0.000000
479 A 0.395463 1.841082 -20.517217 -7.000000 -423.642149 356.215610
480 D -16.834971 1.034995 7.303237 -9.000000 22.283213 239.284135
481 B -12.806925 0.249275 -19.492399 -1.000000 -626.022705 1.284148
482 C 5.531977 -5.454531 4.526787 21.000000 -3.184233 1319.200341
483 D -0.517316 5.295353 5.063747 -16.000000 -0.394290 5.179136
484 E -7.543466 1.230060 -2.101442 -9.000000 841.893946 66.570272
485 E 5.237959 0.461392 -0.126546 -5.000000 -336.043989 0.000000
486 A -10.127870 16.825841 -3.651918 -20.000000 -398.419196 0.000000
487 F 11.773999 -16.509286 -1.136842 -8.000000 -148.698632 166.472266
488 E 19.311304 -0.222345 -9.089330 0.000000 -22533.841728 350.709953
489 B -5.167663 -4.568865 0.756619 -18.000000 -49.485263 529.992218
490 E -11.180064 -1.374719 0.374526 0.000000 2388.582430 40.949980
491 D 1.551136 2.172247 -9.477852 -5.000000 -14.101235 16.881360
492 C 1.589374 0.642120 9.655108 1.000000 -10.866603 64.671078
493 E -22.748920 4.275998 0.446798 -7.000000 22085.952530 948.994153
494 D -13.770298 11.895459 -0.023356 -5.000000 0.951482 0.000000
495 E 12.220053 -16.596470 -0.448597 -9.000000 -5664.617252 2030.491362
496 E -13.841242 -4.159503 -1.297092 -24.000000 5060.442624 0.000000
497 B 0.237982 2.533346 18.552123 -16.000000 -280.767258 0.000000
498 E 4.894981 3.597281 -11.232758 -10.000000 -7526.130152 0.000000
499 D -12.590108 0.451556 0.218756 -2.000000 11.397309 118.693608
500 C 3.576991 -4.022609 4.378534 -7.000000 -3.072915 428.278204
501 A -14.890190 13.867254 -0.012597 -8.000000 -413.178646 0.000000
502 F 17.449611 11.770672 -2.465653 -21.000000 -326.259819 1837.995020
503 D -0.517316 2.165600 4.069962 -21.000000 1.841679 0.000000
504 B -0.844160 8.555062 9.716068 -17.000000 -133.779393 33.071074
505 B -14.595233 12.077022 -1.298477 -8.000000 -369.915249 31043.638053
506 A 0.230969 -6.581119 0.524259 -11.000000 -42.859327 11.662004
507 C 19.454330 -11.597013 9.032993 4.000000 -15.810310 29991.762374
508 E 4.563068 0.605744 14.950762 -3.000000 -10328.405396 0.000000
509 B 2.971226 -5.587856 8.726753 -18.000000 -85.661521 255.679121
510 C -2.552276 0.025770 -16.704013 -21.000000 19.810519 267.758560
511 F -0.240673 -0.382598 -17.769863 -5.000000 -159.886691 0.000000
512 C 5.237959 0.505621 -0.126546 23.000000 -4.157034 78.796784
513 D 0.232998 -0.180808 -5.304516 -5.000000 -6.256705 0.000000
514 B -14.316791 12.077022 -0.023356 -24.000000 -355.398933 29869.785427
515 E -1.579497 -0.307898 -10.126902 -1.000000 -4611.236303 0.000000
516 A -8.815180 1.626505 1.482695 -7.000000 -81.691301 19.417219
517 F 20.697996 -13.284857 -9.507591 2.000000 -514.015353 38708.632144
518 D -6.854087 0.325285 -0.023356 -11.000000 5.725446 15.103869
519 B 1.852232 1.190318 -3.925135 -25.000000 -40.454851 0.000000
520 B 0.265277 2.533346 18.337370 -16.000000 -273.717868 0.000000
521 D -9.484862 12.392441 -4.038717 -22.000000 -7.506296 0.000000
522 E -1.196193 1.323646 -2.955221 5.000000 -323.697273 0.000000
523 B 1.551124 0.642120 -4.272095 13.000000 -41.897481 0.000000
524 A -0.448436 19.141868 -2.468773 -25.000000 -372.207054 25.329343
525 D 19.975865 12.251108 -2.722084 -20.000000 -35.549057 1017.361451
526 A 5.081943 0.119733 -9.075540 -1.000000 -107.225913 35.404919
527 B 1.852232 1.190318 -3.821748 -8.000000 -38.900377 0.000000
528 D -0.021442 -5.980180 10.726204 -14.000000 16.007826 41.121265
529 A 12.742882 -16.122703 -0.545538 -24.000000 -422.100204 0.000000
530 B -5.165744 -0.815778 -1.352920 -2.000000 -38.632478 0.000000
531 C -2.228055 1.460486 0.422526 13.000000 1.605042 22.162362
532 B -4.770198 -6.334535 -0.192387 -3.000000 -67.747684 885.058690
533 A -5.215648 -4.759318 -0.863844 -16.000000 -49.920312 29.567912
534 E -9.654707 16.417467 -3.491138 -7.000000 90.329529 1770.678567
535 F -13.298656 14.505363 0.033187 -23.000000 -176.095568 0.000000
536 F -5.167663 -3.231984 19.387668 -6.000000 147.904272 10011.652479
537 E 5.087717 -6.623539 -1.974884 -11.000000 -916.279844 302.789814
538 D -12.590108 0.245573 7.690597 -1.000000 19.055133 142.769343
539 C 3.970947 3.832320 3.131092 19.000000 -9.554358 0.000000
540 E 5.029517 -0.129375 -11.232758 -10.000000 -7500.822716 0.000000
541 E 16.907404 5.804653 0.412196 -10.000000 -10251.722698 0.000000
542 E 5.465667 0.495187 -0.348029 -13.000000 -404.792897 0.000000
543 D 1.012282 12.119068 0.096416 -10.000000 -13.834935 144.688758
544 F 0.318079 5.621441 2.207307 19.000000 19.384585 0.000000
545 F 3.440526 -6.930290 0.311110 -15.000000 -8.737227 0.000000
546 E -14.280823 16.510423 -4.860965 -25.000000 4026.987028 2202.586857
547 B 0.230969 2.231308 18.512329 -6.000000 -277.809098 0.000000
548 B -0.021442 1.460486 8.726753 -3.000000 -47.442687 0.000000
549 A -8.236693 0.613714 -3.566092 -18.000000 -80.296767 23.232798
550 B 4.894981 3.597281 -14.832037 -8.000000 -320.378728 297.195513
551 A -3.550772 1.448398 -10.144005 6.000000 -116.486678 73.140856
552 E -0.101697 6.099710 0.361089 -9.000000 -239.959599 120.278560
553 B -1.131096 -0.309593 -10.044833 -1.000000 -146.473229 0.000000
554 A 18.871134 14.282605 -2.711325 -1.000000 -566.483799 122.412648
555 D -1.196193 1.605110 8.262359 5.000000 6.753442 0.000000
556 B 0.327024 -0.214054 18.495145 -16.000000 -272.562560 0.000000
557 E 17.232172 -15.226448 1.589244 -24.000000 -11762.011436 2245.354904
558 E -5.485579 14.505363 19.709258 24.000000 -22996.160830 1181.604367
559 A 19.454330 -11.597013 0.728766 3.000000 -512.432770 0.000000
560 B 2.500609 2.542088 -4.272095 13.000000 -51.794434 16.480606
561 E 5.029517 0.713495 -11.232758 -10.000000 -7503.776739 0.000000
562 A 0.230969 2.231308 18.512329 -6.000000 -346.858415 355.373641
563 A 2.606031 -0.382598 -17.769863 -22.000000 -322.145813 258.054911
564 B 1.536631 0.642120 -9.158784 -1.000000 -127.312007 0.000000
565 B 1.486478 11.353151 -5.475676 -8.000000 -187.149382 262.582262
566 E 2.869218 1.473881 0.096416 11.000000 -64.343435 0.000000
567 A 13.080932 -16.596470 -0.546923 -6.000000 -445.972723 0.000000
568 C -14.728846 -0.537266 -9.073518 -4.000000 25.259629 2910.626356
569 F 16.330548 16.754261 0.493888 -22.000000 -261.801817 57.006059
570 D 19.288200 -10.881182 -0.106081 5.000000 -9.613099 41.649789
571 D 0.230969 -6.363814 -1.263575 -11.000000 4.089270 12.053810
572 A 1.852232 1.431154 -3.925135 -6.000000 -20.005654 0.000000
573 B 0.073033 0.461392 -0.126546 -5.000000 -4.840415 0.000000
574 F 5.289529 -0.421178 -11.277960 -5.000000 -129.380761 3531.809595
575 A 1.114015 11.801749 -2.319427 -20.000000 -145.302038 0.000000
576 E 4.981468 -0.248394 -9.835596 -1.000000 -5899.434099 0.000000
577 B 6.810629 1.460486 8.726753 12.000000 -93.526899 77.366202
578 E 4.633543 0.225156 -10.126000 -1.000000 -6088.310380 0.000000
579 D -12.590108 0.245573 7.690597 -20.000000 19.435133 144.669343
580 C -0.021442 -5.869319 -2.490826 -16.000000 9.061587 177.287975
581 E 1.462083 0.676377 13.002597 -2.000000 -8342.593625 0.000000
582 B -15.087741 12.971196 -0.003665 -10.000000 -400.106521 38273.359306
583 E -13.212006 -3.187755 -0.288896 -24.000000 4225.988724 16.348784
584 E -5.456289 -4.223421 18.057921 -3.000000 -18501.620213 0.000000
585 B 0.211493 0.633378 18.337370 -14.000000 -267.635553 0.000000
586 E -12.796616 16.825841 -3.651918 -7.000000 2452.628196 2122.592486
587 C 5.044011 -0.129375 -8.628779 -10.000000 4.514143 183.415936
588 D -7.870939 1.119071 -4.709173 -17.000000 1.382694 30.176935
589 B 0.111645 0.447998 8.210111 -7.000000 -38.918642 0.000000
590 B 8.122387 0.605744 14.950762 -1.000000 -234.082322 8.758023
591 B 5.738341 12.365893 -1.297092 -21.000000 -197.134692 5010.178189
592 C -8.305560 5.876233 -3.733610 -12.000000 6.922937 2836.928240
593 B -0.021442 7.281114 9.701863 -16.000000 -112.653764 0.000000
594 B 0.230969 1.889252 18.512329 -7.000000 -276.419633 0.000000
595 D -0.021442 1.219651 8.726753 -24.000000 7.008544 0.000000
596 F 6.128006 -4.632710 -17.769863 -6.000000 -197.361227 11833.098990
597 C -0.635221 3.635861 -17.724661 -15.000000 15.424021 363.077285
598 C 18.729939 -5.250805 8.334855 -17.000000 -21.153989 13831.422664
599 B -0.033343 -6.401414 8.726753 -17.000000 -86.568414 0.000000
600 A 1.563026 -3.606959 12.945618 -1.000000 -182.062238 183.275156
601 A -4.688394 6.245563 0.466892 -10.000000 -60.406083 0.000000
602 A 19.393608 -11.456148 -0.546923 -6.000000 -506.774471 0.000000
603 E -9.913610 16.825841 0.838556 -19.000000 -206.067234 1868.173217
604 F -0.407192 2.121648 18.512329 -6.000000 166.565157 32.544120
605 B 5.237959 0.461392 -0.126546 24.000000 -31.691291 0.000000
606 E 6.804985 3.767656 0.167770 -2.000000 -764.704310 0.000000
607 B 0.230969 1.889252 16.188017 -8.000000 -205.082453 0.000000
608 B 19.454330 0.547100 0.728766 -4.000000 -380.466314 84.454554
609 E 16.907404 4.621572 -0.582056 -5.000000 -10502.575630 27.158824
610 C -13.597234 1.384316 18.526362 -1.000000 -5.333444 3676.187520
611 E 2.407280 -0.299063 -11.232758 -9.000000 -6657.113317 0.000000
612 E -0.869758 14.625840 0.205469 -1.000000 -1298.941744 876.906557
613 B -15.183845 13.867254 -0.012597 -8.000000 -427.060410 44307.079278
614 C 13.080932 -14.906479 -0.820365 -6.000000 3.525912 21893.175682
615 E 1.114015 11.801749 -2.112446 -20.000000 -1066.017144 473.164380
616 B 5.287917 1.356689 -4.194134 0.000000 -68.169967 27.161225
617 B 4.435093 3.519219 -17.073448 -3.000000 -395.911385 232.485114
618 F 19.311304 12.138799 -5.250700 -18.000000 -419.822746 10268.464624
619 B -5.367339 0.010509 18.495145 -16.000000 -301.218231 0.000000
620 B 0.266418 4.484365 18.337370 -19.000000 -287.470168 0.000000
621 D 20.202132 -11.681522 0.728766 3.000000 -8.851844 43.410210
622 E 4.611973 12.121628 -10.190102 -20.000000 -7031.528111 344.697167
623 E 1.516267 1.283564 -12.926155 -15.000000 -8504.830657 0.000000
624 E -7.994817 10.878514 -0.531739 -16.000000 231.985753 853.740595
625 D -1.435208 12.077022 -1.297092 -24.000000 -12.458906 89.057305
626 D 17.041467 -4.223421 14.249998 -3.000000 0.491952 186.588681
627 A 12.720091 -16.737335 -0.400662 8.000000 -440.939629 0.000000
628 B -3.286135 -1.225465 -7.850377 -1.000000 -109.350373 0.000000
629 C 0.154595 0.751781 12.945618 -6.000000 -12.971994 137.902008
630 E -5.167663 -1.400639 21.415442 -5.000000 -25384.471095 0.000000
631 B -0.935020 1.323646 -10.273177 4.000000 -153.177173 0.000000
632 E 0.395463 -0.382598 -17.769863 -8.000000 -15575.123868 0.000000
633 A -1.579497 -11.149507 -10.126902 4.000000 -228.280463 128.349771
634 A 12.742882 -16.583733 0.397606 -23.000000 -437.019328 0.540311
635 B 1.245109 0.007035 7.690597 -16.000000 -34.253244 0.000000
636 C 5.405465 1.216467 -10.043931 -1.000000 4.401999 144.787833
637 B -13.559994 -0.430070 -7.567169 -23.000000 -276.049118 15.376504
638 A -13.802571 16.825841 -3.122016 -22.000000 -482.806880 0.000000
639 F -0.240673 -0.007750 -18.547393 -5.000000 -166.884462 0.000000
640 A 7.583602 0.225769 -10.042576 -1.000000 -157.435320 56.577013
641 E -1.729119 -2.769924 -9.759584 7.000000 -4280.504386 0.000000
642 A 0.358944 -1.209068 14.255519 -7.000000 -203.950520 217.580586
643 B 5.029517 3.597281 -7.012629 -10.000000 -119.663951 306.854262
644 E 0.238074 -4.447984 18.057921 -3.000000 -16699.436845 70.688644
645 B 0.229828 2.093462 18.512329 -7.000000 -277.232419 0.000000
646 A 4.281480 -0.044867 -11.232758 -10.000000 -143.707940 76.376323
647 E 19.247748 0.225156 -2.966510 -1.000000 -16450.546086 319.777064
648 D 4.975333 0.676377 13.002597 -2.000000 6.390886 47.349777
649 E 2.369343 0.495187 -5.078020 -17.000000 -1459.868690 0.000000
650 E -15.610268 0.633378 18.337370 -15.000000 -15850.803177 272.171321
651 E -1.998149 -2.769924 -7.742657 7.000000 -2581.361431 0.000000
652 A 2.514852 -16.737335 -0.120738 12.000000 -285.237443 56.251101
653 D 6.804985 3.682126 -0.774537 -2.000000 -12.221647 82.618380
654 E 5.081943 5.525640 -10.156952 -1.000000 -6466.380795 0.000000
655 E 12.220053 -16.151965 -0.546923 -6.000000 -5604.294896 1950.738083
656 C 20.282111 -11.597013 3.243907 3.000000 -10.869005 32379.393120
657 A -5.726467 -3.122218 18.057921 -3.000000 -367.689184 385.040603
658 A -16.655914 14.118759 -0.012597 -8.000000 -475.918972 0.000000
659 B -13.810265 11.635121 1.780042 -11.000000 -326.367861 25791.764629
660 E 4.563068 3.223584 14.950762 -2.000000 -10388.572813 0.000000
661 A -2.153776 0.852493 -0.546923 -6.000000 -4.784618 0.000000
662 B -1.376240 -11.597013 0.728766 5.000000 -137.900782 225.001476
663 E 0.449454 1.520635 -6.275656 -15.000000 -1914.453905 0.000000
664 D 18.482057 2.822423 -2.352612 -2.000000 -24.617091 429.898828
665 E -4.806128 -5.632582 9.427197 -22.000000 -5573.618417 20.846337
666 B 0.237878 2.533346 -16.777406 -16.000000 -359.385412 0.000000
667 B 5.029517 16.864756 -11.528534 -10.000000 -492.937259 7178.728595
668 E 6.628009 0.838480 -11.120438 -10.000000 -8084.636535 0.000000
669 E 1.516267 1.283564 -12.926155 -11.000000 -8504.910657 0.000000
670 E -5.323613 3.426548 -11.563573 -5.000000 -5071.911769 105.708662
671 E 0.230954 -0.299063 -11.232758 -9.000000 -6137.536755 0.000000
672 C 0.615940 18.043329 1.377517 -22.000000 -19.476787 5266.537425
673 E -2.575139 4.484365 18.491511 -19.000000 -18530.681203 121.152455
674 E 3.807099 -0.248394 -10.043931 -1.000000 -5734.384150 0.000000
675 E 1.031536 -0.445865 18.670314 -7.000000 -17420.505839 0.000000
676 E 4.495588 0.225156 -10.126000 -1.000000 -6041.157417 0.000000
677 A 11.690019 0.495187 -5.768329 -18.000000 -169.535377 13.797074
678 E -1.579497 -0.222367 -10.126902 5.000000 -4611.084180 0.000000
679 A 18.651944 0.325675 0.474110 -7.000000 -347.365871 25.130642
680 F 16.907404 6.330192 4.071142 -10.000000 -249.020041 4718.234373
681 F -5.167663 -3.187755 17.635569 22.000000 131.575388 8277.916145
682 E 13.013059 -16.488711 -0.545538 -24.000000 -6472.620500 2084.478772
683 E 18.731080 12.204545 -2.711325 -13.000000 -15995.010845 0.000000
684 E 12.818757 -14.493551 -1.305528 -21.000000 -6145.908619 1716.024306
685 F 4.806890 0.461392 -0.126546 -5.000000 -24.145107 0.000000
686 E 18.919499 -13.703931 -2.955221 5.000000 -16809.264702 2113.269231
687 C 18.671785 0.010509 18.495145 -17.000000 -36.517439 6811.933076
688 E -0.232829 1.131429 -18.150971 -8.000000 -16035.881516 0.000000
689 E 5.102650 15.964578 -10.194309 -20.000000 -7860.856070 678.967076
690 B -13.766641 11.926687 -3.109727 -3.000000 -357.935579 26933.403199
691 E 0.231074 -0.382598 17.558026 -5.000000 -15686.215197 0.000000
692 F -10.127870 1.650334 -3.651918 -20.000000 -135.041020 1344.625680
693 E 19.680399 -12.564868 -0.512982 3.000000 -17095.191781 1977.235212
694 E -2.785215 4.295698 -4.188657 2.000000 -656.344832 94.938600
695 E 5.050931 -1.229906 21.708857 -10.000000 -22104.315719 46.620131
696 E 0.395463 -11.188279 -17.769863 -6.000000 -16325.351056 469.695049
697 A -8.300231 0.242892 14.198019 -2.000000 -269.576557 248.362381
698 B 0.231164 2.231308 18.358188 -6.000000 -272.742483 0.000000
699 E 1.598523 -7.655290 12.787633 1.000000 -8383.630893 268.305365
700 E 3.561657 0.605744 14.950762 -2.000000 -10515.937288 0.000000
701 E 12.720091 -14.777153 1.846104 8.000000 -5438.981125 1759.270803
702 A -17.355476 13.862726 -0.012597 -8.000000 -492.547900 0.000000
703 A 3.807099 -0.248394 -10.043931 -1.000000 -114.456262 53.623027
704 F 5.029517 3.597281 -11.232758 -10.000000 -126.190865 3169.321787
705 E -4.876566 0.495187 22.420699 -16.000000 -27607.801876 25.941675
706 E 0.699917 0.642554 -9.652795 3.000000 -4604.292740 0.000000
707 A 13.080932 -16.596470 -1.493378 -6.000000 -447.903776 0.000000
708 D -4.770198 -2.647292 -11.033828 -4.000000 -4.536337 65.589763
709 C -13.802571 16.825841 -1.904221 -6.000000 -0.239049 28706.227796
710 C 1.465510 0.642120 12.945618 3.000000 -13.993249 138.947267
711 B -1.601948 0.869726 -10.086497 -11.000000 -149.626072 0.000000
712 D 18.871134 13.011746 -2.711325 -19.000000 -35.214205 995.172783
713 A 19.098824 -11.988654 0.361089 -4.000000 -507.703285 0.000000
714 A 5.029517 -0.129375 -11.232758 8.000000 -150.327634 75.540893
715 A 19.454330 -11.597013 0.728766 2.000000 -512.452770 0.000000
716 F 9.740736 12.204545 -2.001948 -13.000000 -112.639460 366.771799
717 B 0.395463 1.178589 -17.769863 -3.000000 -392.452950 0.000000
718 E -5.045019 -4.223421 18.057921 -5.000000 -18410.829294 0.000000
719 E 8.221525 1.237964 20.232143 -11.000000 -18769.560087 21.844026
720 C 1.462083 0.693312 7.137408 -2.000000 -8.332803 21.696938
721 C -0.084295 1.743495 -5.155155 -5.000000 4.395956 2.681935
722 B -1.338581 -2.720753 -9.835596 1.000000 -149.255621 0.000000
723 D 3.561657 2.424098 17.506189 -2.000000 10.560434 77.160341
724 E 0.389588 -0.299063 -10.122031 -1.000000 -5000.583363 0.000000
725 A 19.311304 10.178883 -2.711325 -20.000000 -483.287379 96.124589
726 A 16.674981 -11.340998 0.728766 5.000000 -406.104314 0.000000
727 E 16.907404 5.804653 0.412196 -15.000000 -10251.622698 0.000000
728 E 3.732455 0.713495 -11.232758 -7.000000 -7044.445171 0.000000
729 E 4.992691 -1.400639 -6.811232 -6.000000 -3155.986332 22.834727
730 E -1.724223 -2.262431 14.476625 -3.000000 -11302.627436 0.000000
731 F 0.590090 7.133259 0.133659 -2.000000 0.894724 0.000000
732 D 4.633543 0.225156 14.647547 0.000000 8.788848 47.820446
733 F 19.393608 -11.456148 -0.560417 -24.000000 -380.675772 101.980681
734 E 5.167557 -0.248394 -15.258142 -1.000000 -13223.400798 0.000000
735 E 1.047965 -5.371780 -10.126902 5.000000 -5312.964415 98.913136
736 C 0.449454 1.520635 -4.704798 -15.000000 3.434709 0.000000
737 A 16.493724 8.981943 -0.400662 -1.000000 -351.898771 63.111697
738 C -1.998149 -7.178430 -20.485590 -11.000000 30.442169 529.273865
739 F -5.167663 -2.837321 19.387668 21.000000 147.364272 10009.757816
740 C 18.642015 -5.526496 -15.569962 -10.000000 3.254443 14330.160277
741 E 4.534587 -0.248394 -10.043931 -8.000000 -5965.732240 0.000000
742 F 10.469266 4.640059 7.673561 -2.000000 -40.503479 6431.800816
743 E -0.860489 -0.400265 -15.901997 -5.000000 -12058.475247 0.000000
744 E 2.407280 -5.707959 -11.232758 -9.000000 -6852.061441 148.448033
745 F 4.933409 5.525640 -15.390326 -1.000000 -162.831460 5743.501175
746 E 4.590931 -0.297565 -9.759584 7.000000 -5683.377721 0.000000
747 E 0.231074 -0.723460 15.002598 -5.000000 -11488.863194 0.000000
748 F 4.336954 0.225156 -11.330673 -9.000000 -120.605233 2388.924973
749 C 1.462083 2.158046 12.491179 -2.000000 -15.151308 126.666652
750 F 19.454330 -13.078682 1.240184 1.000000 -367.329305 565.088273
751 E 6.175441 -6.363921 14.741181 -3.000000 -10106.799888 341.275297
752 E -5.458784 -3.332563 -10.329603 2.000000 -3825.483755 0.000000
753 E -1.563760 -3.596436 -17.116089 -3.000000 -13853.438413 0.000000
754 E 7.192127 -0.212495 -8.526732 -1.000000 -5512.215426 18.893751
755 E 5.125370 0.683150 12.084061 -10.000000 -6610.120355 0.000000
756 E 2.613845 -0.314504 -9.907078 8.000000 -5268.958007 0.000000
757 D 6.642745 1.818398 16.662804 -8.000000 7.361661 108.370251
758 E 5.366469 5.804653 -2.063508 -2.000000 -942.462048 6.209506
759 E 4.981468 -0.241523 -11.151610 1.000000 -7385.220638 0.000000
760 E -3.513944 12.138799 -2.791211 -17.000000 -975.290658 738.778628
761 D 3.962098 -2.822864 -9.504138 -2.000000 -11.603373 4.140264
762 E -0.859140 1.283564 -12.381929 -7.000000 -7220.603558 0.000000
763 E 17.225763 -0.489128 -2.655300 -10.000000 -11964.697369 297.231041
764 E 5.081943 0.020203 -11.202754 -3.000000 -7485.426427 0.000000
765 C 18.712883 0.013760 -10.560275 -1.000000 -7.186368 6620.201871
766 F 18.731080 12.204545 -2.932499 -13.000000 -376.985846 3003.685792
767 E 0.664343 1.131429 -10.179533 -8.000000 -5121.140588 0.000000
768 E -1.729119 -2.769924 -9.603496 -13.000000 -4137.506746 0.000000
769 E 5.070951 3.930903 -8.588068 -1.000000 -4773.609617 0.000000
770 E -0.860489 -0.400265 -15.901997 -6.000000 -12058.455247 0.000000
771 C -5.045198 -4.283992 -11.243925 -8.000000 21.413115 97.166907
772 E 4.633543 0.225156 -11.386409 -1.000000 -7535.626858 0.000000
773 E -1.582016 -8.325053 -10.668570 -3.000000 -5561.184596 185.578771
774 E 0.641305 0.605744 15.034602 -3.000000 -11412.746025 0.000000
775 B -5.201934 -3.662822 -12.926155 -12.000000 -263.506477 348.671958
776 E -5.674837 4.586142 -11.232758 -11.000000 -4658.786842 177.804224
777 E 1.594472 -3.001365 21.591166 -4.000000 -23114.999312 48.408646
778 F 1.406238 -0.460415 13.823984 -8.000000 122.598354 351.245709
779 E 4.204581 0.677596 -15.543313 -10.000000 -13247.680569 0.000000
780 F 1.231693 3.590508 -11.232758 -2.000000 -102.571891 168.206370
781 D 6.594526 -2.752985 -7.595164 7.000000 -12.576705 8.089796
782 D 0.216338 -0.382598 -9.396323 -10.000000 -10.030063 3.159914
783 C 16.036522 0.225156 -10.126000 -14.000000 -5.415678 4026.266062
784 F 3.732455 0.713495 -9.916744 -6.000000 -103.061912 1344.334806
785 E 21.553758 0.670132 18.749953 -21.000000 -30743.805928 396.935252
786 E 2.701913 -0.255573 15.002598 -5.000000 -10788.770021 0.000000
787 C 4.162765 -1.195105 14.406485 1.000000 -16.354145 331.953951
788 E 0.786380 5.911184 -17.769863 -9.000000 -15923.018235 72.623155
789 F 1.551124 0.562485 12.945618 3.000000 114.044577 376.479525
790 A 9.294109 5.837555 0.877433 -10.000000 -120.427408 6.774122
791 F 2.407280 -0.299063 -11.232758 -9.000000 -106.709821 704.783965
792 E -0.197255 -3.223960 -17.941637 3.000000 -15730.777928 0.000000
793 E 18.871134 12.138799 -2.292834 7.000000 -16046.128494 0.000000
794 E 0.812445 0.605744 13.817432 -3.000000 -9601.186348 0.000000
795 F 5.029517 -0.129375 -11.232758 -10.000000 -126.190865 3165.595131
796 E 4.127849 -0.239533 18.055962 -9.000000 -15331.763264 7.879639
797 E 0.230954 -0.299063 -10.127969 -9.000000 -4974.574639 0.000000
798 B -5.453770 -0.379167 18.597601 -1.000000 -305.387736 0.000000
799 E 3.309939 -1.965271 -10.205909 -1.000000 -5785.879942 11.618647
800 E 1.550538 1.785218 19.387668 21.000000 -18608.213352 0.000000
801 A 4.880269 -0.248394 -15.258142 -1.000000 -255.709617 173.617963
802 E -0.738121 -0.400265 -15.901997 -5.000000 -12096.982351 0.000000
803 E 16.907404 -0.683186 7.614601 -6.000000 -10651.619950 310.445506
804 F 5.049206 0.242089 -11.233792 -1.000000 -126.578610 3190.696648
805 E -0.623621 -0.145257 14.285958 -6.000000 -10673.122675 0.000000
806 E -4.637685 0.065127 -2.711325 -21.000000 74.471139 0.000000
807 B 4.563068 3.258675 14.950762 -1.000000 -199.182782 205.654408
808 E -3.716667 1.283564 -15.876669 -14.000000 -11057.150129 0.000000
809 E 0.512518 -0.511447 -19.370365 -2.000000 -18573.971978 0.000000
810 B 2.059103 -0.600856 15.002598 -5.000000 -173.768496 0.000000
811 F -5.220498 -0.248394 18.549226 -1.000000 139.709429 9350.100929
812 E 1.549613 0.143353 15.107065 1.000000 -11253.299879 0.000000
813 F 18.871134 11.976614 -8.429810 -20.000000 -431.587996 25293.444581
814 E 1.445313 5.804653 0.412196 -6.000000 -213.303064 72.618949
815 C 4.431882 0.699751 -15.543313 -7.000000 11.271680 263.778707
816 A -0.084830 1.507987 14.476625 -5.000000 -210.953902 216.790650
817 E -0.060998 12.396570 -4.636966 -13.000000 -1900.717295 581.891144
818 E 1.246118 2.065436 -17.719009 -3.000000 -15814.909915 0.000000
819 D 5.074272 -3.750801 15.188484 -3.000000 12.925013 29.346013
820 C 18.932831 -4.657947 0.823009 -5.000000 -14.197893 13099.531974
821 B 1.545793 0.683150 12.194357 21.000000 -106.361086 0.000000
822 C 4.981468 -0.241523 14.772435 3.000000 -18.452380 331.506160
823 E 6.349926 -0.146667 -11.232758 -10.000000 -8079.881318 1.400150
824 E -5.338032 -1.407135 20.995361 -9.000000 -24489.476707 0.000000
825 E 7.764140 2.648339 -11.232758 -6.000000 -8897.884616 0.000000
826 E 4.959575 5.525640 -10.156952 -5.000000 -6420.966285 0.000000
827 E 2.729993 8.558740 0.407464 -18.000000 -480.033581 176.707257
828 E 2.410560 0.696562 -11.385375 -11.000000 -6837.218175 0.000000
829 F 4.680506 -0.707578 -10.258248 -10.000000 -114.031374 2278.617133
830 E 18.780511 11.611959 19.387668 20.000000 -26589.406186 10.631528
831 E 0.231074 -0.417688 17.558026 -5.000000 -15686.383691 0.000000
832 E 1.723627 0.713495 -12.885759 -7.000000 -8502.831983 0.000000
833 E 8.741486 0.605744 17.593801 -2.000000 -14211.008264 43.594672
834 F 6.510954 0.791567 -19.580839 -7.000000 -218.480076 16228.178592
835 E 20.237855 12.138799 -2.396278 13.000000 -19411.314107 0.000000
836 A 4.973476 -4.223421 -10.537047 -3.000000 -152.662101 70.016696
837 E 0.396974 -0.382598 -17.769863 -8.000000 -15575.658638 0.000000
838 E 2.407280 -0.316329 0.416880 -8.000000 -29.257741 0.000000
839 E 14.866355 -3.223960 -17.941637 3.000000 -28088.976259 406.156639
840 E -1.086440 1.261409 -12.381929 -10.000000 -7164.414018 0.000000
841 E 1.139865 -2.228243 15.034602 -4.000000 -11292.618340 15.453745
842 F 18.524512 6.619430 -14.800017 1.000000 -476.377702 75144.923433
843 D -1.293611 -4.818733 -12.926155 -15.000000 -7.513810 59.056489
844 F -2.475476 -0.480250 -13.388779 -6.000000 -126.506995 1071.618258
845 E -7.072161 6.099710 18.027453 -7.000000 -18805.846155 358.221273
846 D 1.446130 1.785218 19.277371 -11.000000 15.266023 63.909338
847 E -4.770198 -4.223421 -11.153862 -3.000000 -4889.696172 0.000000
848 D 1.031536 -0.445865 18.406416 -8.000000 16.980744 47.915754
849 E -4.726819 1.137924 -17.768606 -5.000000 -13613.058001 0.268738
850 E 18.732637 12.138465 -5.811223 -18.000000 -18409.071228 0.000000
851 E 0.188459 -0.436071 17.659985 -9.000000 -15882.681210 0.000000
852 D -3.799366 2.668462 -12.885759 -7.000000 -12.614854 21.952823
853 E 18.309549 0.084484 14.950762 7.000000 -18876.039586 314.231465
854 E 0.366168 1.131429 -18.138308 -9.000000 -16228.380334 0.000000
855 D 16.861162 1.268271 0.361089 -2.000000 -18.728344 299.928110
856 E 0.251689 0.407643 14.387365 -7.000000 -10567.146426 0.000000
857 E -0.871084 -0.400265 -15.901997 -5.000000 -12055.136990 0.000000
858 C -0.860489 -0.400265 0.733461 -6.000000 1.407292 0.000000
859 E 0.396974 -0.382598 0.563934 -7.000000 -24.293114 0.000000
860 F 5.488554 3.486158 12.711781 -2.000000 84.321801 4844.440521
861 C 1.470902 -0.511447 -19.370365 -2.000000 19.370910 353.301094
862 E -1.956276 -3.187755 19.387668 24.000000 -20004.345199 10.817291
863 A 1.222030 -1.400063 17.558026 -5.000000 -310.837797 326.683079
864 E -1.724223 -0.450142 -20.159854 -5.000000 -19228.293149 0.000000
865 E 1.426411 0.676377 10.650898 -4.000000 -5590.081783 0.000000
866 B 0.801942 -0.325126 20.696495 -7.000000 -350.447762 0.000000
867 B 5.108623 1.493205 14.285958 -8.000000 -179.432446 42.775719
868 C 20.611964 2.582364 -15.124428 -4.000000 -7.149900 6059.666148
869 E -0.197255 -0.816575 -17.941637 3.000000 -15672.415205 0.000000
870 A -5.804106 11.787450 -2.711325 -20.000000 -179.382895 0.000000
871 E 0.336408 6.161054 15.002598 -11.000000 -11681.498272 127.259627
872 E 12.458088 0.677596 -17.240041 -3.000000 -22944.067888 75.234262
873 E 3.761611 1.283564 -12.926155 -13.000000 -9199.543434 0.000000
874 E 18.908423 17.513969 12.178582 -2.000000 -19056.324967 241.317338
875 A 1.550340 12.204545 18.849566 -11.000000 -505.880621 391.009805
876 E -5.295418 -2.977669 20.893402 -5.000000 -24292.747053 0.000000
877 A 4.858439 1.283564 -15.876669 -14.000000 -276.600591 193.935685
878 C 4.123224 12.660060 -2.292834 -2.000000 -13.530450 597.700814
879 E -0.203533 -1.838349 -17.782526 -13.000000 -15405.771429 0.000000
880 B -4.770198 -4.223421 14.038346 -9.000000 -185.693850 390.321999
881 E -1.584375 -0.615986 -16.500255 -5.000000 -12767.643433 0.000000
882 E 1.560209 0.143353 15.107065 -1.000000 -11250.235865 0.000000
883 E 16.907404 5.804653 -18.283313 -4.000000 -32905.265181 0.000000
884 E 16.907404 6.886532 -17.921562 -13.000000 -32217.517652 0.000000
885 A -5.931522 -4.485995 18.057921 -3.000000 -380.455613 394.041456
886 E 0.512422 -1.524082 13.817432 -3.000000 -9695.434408 0.000000
887 B 5.394631 0.605744 14.950762 -3.000000 -197.251198 0.000000
888 E 1.516267 3.808610 -12.926155 -11.000000 -8582.058510 0.000000
889 B 0.395463 -2.194888 13.964831 -8.000000 -148.291115 0.000000
890 B -4.039640 -4.223421 18.057921 -5.000000 -292.112797 279.138993
891 E -0.691808 -2.259786 13.935471 2.000000 -10217.133206 0.000000
892 E -0.564687 -0.406617 -15.258142 1.000000 -11168.608669 0.000000
893 F -1.114364 12.138799 -3.734813 18.000000 -35.215123 1.260558
894 E 11.644858 2.062011 -11.232758 -6.000000 -12110.331312 14.230234
895 A 17.729477 -1.049290 22.711112 -5.000000 -830.329969 572.635387
896 A 6.628009 0.838480 -11.120438 -7.000000 -167.437698 76.996900
897 B 0.357446 2.065436 -22.611618 -11.000000 -610.345531 0.000000
898 E 19.510391 12.138799 -2.711325 -20.000000 -17793.759390 0.000000
899 A 0.465411 -0.588406 -2.955209 -19.000000 -8.676087 0.000000
900 E 17.987921 1.785218 -2.173683 21.000000 -13212.026797 177.290185
901 D -0.623621 0.025683 14.285958 -5.000000 13.983896 23.044027
902 C -1.962645 2.065436 -17.719009 -3.000000 18.556217 349.520652
903 B -6.612681 -2.987638 20.893402 -5.000000 -409.714161 381.204611
904 D -6.105121 -4.223421 19.625346 0.000000 28.953888 161.318756
905 E 0.700094 -2.231671 14.389861 -7.000000 -10470.325105 9.850922
906 E 4.428431 0.143353 15.504542 4.000000 -11153.819604 2.558424
907 E -1.563760 -3.404692 -16.484388 -3.000000 -12816.502044 0.000000
908 E -3.819185 7.452660 15.034602 -3.000000 -13019.281044 334.841719
909 D 24.098175 12.138799 -1.092275 11.000000 -38.549249 1285.227499
910 F 3.639704 -0.382598 16.595474 -5.000000 136.211818 3621.593997
911 E 3.546823 -0.382598 -16.307332 -14.000000 -14229.900742 0.000000
912 E 19.311304 12.138799 -2.931156 -18.000000 -17460.791791 0.000000
913 E 3.753156 -0.413464 -11.839072 -1.000000 -7781.978410 0.000000
914 F 0.397685 -0.567375 -20.163266 -9.000000 -181.447547 37.631151
915 C -12.294479 -2.953048 -20.236913 19.000000 36.864440 1197.087615
916 D 16.481615 5.804653 -18.283313 -4.000000 -41.489582 549.484105
917 E -0.199447 -4.906230 -14.230345 -7.000000 -9930.913413 46.979673
918 B -5.725420 -4.223421 14.038346 -2.000000 -195.579493 568.452211
919 E 16.920583 -0.400265 -15.901997 -6.000000 -27903.761743 267.035882
920 E -0.764312 -3.610501 15.708446 -5.000000 -12975.502358 26.397294
921 E 1.550538 -5.215197 24.856683 -7.000000 -30790.154801 137.199433
922 E 19.510391 12.138799 -1.516595 -21.000000 -17098.879735 0.000000
923 E 1.559668 1.032306 23.403166 -7.000000 -27137.916576 0.000000
924 E -0.871084 -3.568267 -15.901997 -5.000000 -12130.570886 0.000000
925 E 18.731080 12.204545 -2.711325 -14.000000 -15994.990845 0.000000
926 A 1.484540 -1.234556 -20.159854 -5.000000 -409.247694 347.952435
927 E -0.879614 -0.372629 -17.769863 -10.000000 -15126.729839 0.000000
928 E -0.564687 -0.406617 -16.839073 1.000000 -13656.308990 0.000000
929 B -1.707152 0.376882 14.474129 1.000000 -158.640306 0.000000
930 A -1.584375 -0.807731 -16.247781 -5.000000 -266.253068 223.092805
931 D 0.743824 4.728385 -23.338446 -14.000000 -29.530655 118.735404
932 E 1.031536 4.464089 20.387429 -7.000000 -20891.130016 51.544366
933 D 0.542758 0.677596 -15.541132 -3.000000 -17.701486 37.036217
934 E -5.338032 -1.407135 20.995361 -14.000000 -24489.376707 0.000000
935 E -0.498789 -0.832447 13.140777 -13.000000 -9036.048570 0.000000
936 A 0.365456 -1.091396 -17.769863 -8.000000 -316.252738 265.729872
937 E 0.377205 -0.746154 20.253853 -2.000000 -20767.390991 0.000000
938 D 0.656858 -0.417688 17.558026 -5.000000 16.418856 42.009172
939 C 0.190651 0.766845 15.213358 2.000000 -15.130854 202.337545
940 A 19.823397 11.658699 6.529807 9.000000 -570.350697 163.876861
941 F -0.873677 8.554548 -18.909204 -15.000000 -170.646148 255.982791
942 E -5.141196 -4.200054 -15.901997 -5.000000 -10599.917813 0.000000
943 F 2.701913 1.818848 12.829492 21.000000 107.745092 1175.523797
944 E 18.871134 21.467858 -2.711325 -20.000000 -18180.987286 545.892739
945 A -5.167663 -1.192012 -21.289929 -2.000000 -480.426727 420.168018
946 F -0.738121 -0.400265 -15.851229 -10.000000 -143.005886 110.492638
947 E -2.942155 -1.838349 -18.569036 -11.000000 -15776.615947 0.000000
948 F -1.584375 -0.615986 -17.793088 -5.000000 -162.548033 767.611861
949 E 7.038604 -0.445865 18.670314 -7.000000 -15945.573574 50.360511
950 E -5.167663 -3.187755 19.387668 23.000000 -21047.123238 0.000000
951 E 19.311304 9.333143 -2.711325 -20.000000 -16956.766672 0.000000
952 E 14.632677 -7.515988 19.904200 -5.000000 -21358.606270 868.895799
953 E -5.091732 -1.407135 20.995361 -8.000000 -24420.146724 0.000000
954 E -5.167663 -3.451062 -17.849057 -3.000000 -13599.179253 0.000000
955 C -1.563760 -3.596436 -17.180420 -3.000000 23.280616 273.765402
956 F -1.580347 12.475770 -20.159854 -4.000000 -183.856180 1000.907267
957 E -2.955983 -6.405990 -18.656917 -3.000000 -16153.700878 47.683760
958 E -0.468888 -0.382598 -12.484149 -8.000000 -7430.769522 0.000000
959 C 3.849156 -0.382598 -16.307332 -16.000000 13.520775 312.810222
960 E 3.161701 1.131429 -16.597932 -5.000000 -14572.300030 0.000000
961 C -0.871084 -3.568267 -15.901997 -4.000000 21.261347 242.594960
962 E -0.860489 -0.400265 -15.901997 -4.000000 -12058.495247 0.000000
963 E -0.232829 4.382858 -18.150971 -4.000000 -16143.537404 31.922842
964 E 19.311304 12.492786 -1.714428 -17.000000 -16784.908961 0.000000
965 F 0.231074 -0.399757 -14.605299 -5.000000 -131.401083 0.000000
966 E 1.238602 -0.600224 -1.888856 -7.000000 -193.338315 0.000000
967 E 1.246118 2.065436 -19.262977 -3.000000 -18677.461569 0.000000
968 E 3.554923 -6.233232 -2.711325 -18.000000 -841.773522 223.273501
969 F 1.559668 1.032306 23.403166 22.000000 207.755927 1305.568062
970 B -5.491386 -3.394773 21.322311 -14.000000 -415.311490 339.746876
971 E 18.845264 6.886532 -17.387863 -13.000000 -35629.466164 0.000000
972 E 0.265992 -0.436071 18.620811 -5.000000 -17612.243488 0.000000
973 E -5.045019 -4.321308 18.048064 -5.000000 -18396.861127 0.000000
974 B 19.513022 10.846791 -2.711325 -22.000000 -521.047496 44773.690829
975 A 4.173120 0.677596 -14.179417 0.000000 -217.929932 143.754713
976 E 5.723768 1.188257 19.424461 21.000000 -17458.910107 2.228572
977 E 0.347271 5.804653 -20.610369 -15.000000 -21173.104830 75.223076
978 F 0.150673 -0.382598 -17.769863 -8.000000 -159.791470 0.000000
979 E -2.834180 -1.354270 19.974629 -3.000000 -21475.830998 0.000000
980 E 0.512518 -0.511447 -19.306034 -2.000000 -18450.194059 0.000000
981 E 19.510391 -0.787113 4.652286 -22.000000 -14901.891798 418.913341
982 E -5.442461 -1.803571 18.147317 -11.000000 -18584.415187 0.000000
983 B -4.609885 -1.838349 -17.782526 -13.000000 -416.238903 62.401033
984 E 6.001743 -0.746154 21.912467 -4.000000 -22301.471203 47.173256
985 F -1.584375 -0.615986 -18.040631 -10.000000 -164.675919 790.378672
986 F 22.662191 12.138465 -5.811223 -18.000000 -565.515890 17330.525636
987 F 5.167557 -0.248394 -15.258142 -1.000000 -164.006926 6189.751992
988 E -0.197255 0.444646 -17.941637 3.000000 -15669.600699 0.000000
989 E -5.295418 -3.331656 20.892035 -1.000000 -24303.199494 0.000000
990 E -0.738121 -0.383106 16.260453 -10.000000 -13791.286926 0.000000
991 E 20.117405 8.687544 -18.277257 13.000000 -41158.661015 0.000000
992 E 18.364143 12.320154 -17.769863 -14.000000 -35859.345604 0.000000
993 C -5.167663 -3.187755 19.387668 -6.000000 -10.152250 353.742962
994 E -5.338032 -1.407135 19.367053 21.000000 -20997.548126 0.000000
995 E 12.667714 12.138799 0.311158 7.000000 -5154.345787 105.300571
996 E -5.498566 -0.445865 17.709488 -7.000000 -17736.049472 7.732428
997 F -0.589325 -3.574560 -16.839073 0.000000 -151.898957 72.054257
998 E 18.898631 12.138799 -2.711325 -20.000000 -16362.173932 0.000000
999 E -0.165793 -3.223960 -16.351806 2.000000 -13052.934617 0.000000
1000 C 0.377205 -0.748338 20.647145 -4.000000 -19.356012 397.830482
1001 C 18.096332 -1.838349 -18.569036 -11.000000 3.091053 8237.282038
1002 D 0.231074 -3.419166 17.540720 -4.000000 19.808813 51.908721
1003 E -1.908939 1.131429 -18.138308 -9.000000 -15405.158277 0.000000
1004 D -2.191244 12.138799 -2.292834 -2.000000 -13.200389 74.821176
1005 E 2.348582 1.032306 -24.084720 -7.000000 -29689.090463 0.000000
1006 E 14.920400 12.138465 -18.105704 -16.000000 -29345.998120 38.538931
1007 E 23.213033 16.222875 -2.711325 -23.000000 -29154.014491 52.331750
1008 B -5.093814 -1.407135 20.829335 21.000000 -382.050827 42.805003
1009 F 17.027631 -2.977669 -18.445985 -5.000000 -455.854083 98626.903734
1010 E -0.086354 2.826842 -2.367253 -5.000000 -278.966124 0.000000
1011 E 20.450572 12.114087 -2.050920 -20.000000 -19750.818407 0.000000
1012 E 19.311304 9.898285 -14.653614 -20.000000 -31764.411258 0.000000
1013 E 17.476549 -0.992024 -1.832555 -5.000000 -11996.271742 345.882262
1014 E 19.311304 12.138799 -1.734472 -18.000000 -16743.370668 0.000000
1015 D -5.045019 -4.223421 18.057921 -5.000000 26.426360 130.975474
1016 E 1.032796 -0.436071 18.620811 -5.000000 -17327.763423 0.000000
1017 E -5.849422 -1.377693 20.336717 -9.000000 -23169.750182 0.000000
1018 E -1.706653 -0.462383 -20.174534 3.000000 -19264.533798 0.000000
1019 C 0.188459 -0.436071 17.644690 -9.000000 -16.577078 281.978666
1020 C -4.998888 -0.579253 20.208744 -2.000000 -13.670603 465.022804
1021 E 19.869958 12.138799 -20.340547 -22.000000 -45649.134559 0.000000
1022 E 0.512518 -0.511447 -23.964413 -2.000000 -28483.283385 0.000000
1023 E -5.295418 -4.141849 -3.115324 -1.000000 21.791486 0.000000
1024 A -5.442461 -3.096207 18.080438 -11.000000 -365.329122 384.978552
1025 E 1.702078 -0.292185 17.558026 -3.000000 -15178.971340 0.000000
1026 E -1.815154 12.204545 -2.711325 -5.000000 -1112.402809 653.999670
1027 E -5.167663 -4.512567 19.404973 23.000000 -21144.032328 6.085055
1028 D -3.472669 -1.354270 16.805372 -4.000000 20.712310 60.540280
1029 E 17.442854 -4.223421 9.420258 7.000000 -12601.129333 649.896552
1030 E 17.512491 4.933717 24.547491 -13.000000 -33454.995245 51.794401
1031 C 20.128556 8.687544 -5.982775 13.000000 -21.573325 1505.184628
1032 F 18.364143 10.216273 -15.225609 -14.000000 -473.992226 78163.720183
1033 E -5.335950 -1.407135 19.533079 -8.000000 -21340.425455 0.000000
1034 E -3.341211 0.116717 17.948132 -13.000000 -17628.017891 0.000000
1035 E 20.237855 12.138799 -19.291930 12.000000 -44233.836754 0.000000
1036 A 1.160730 1.353066 18.726809 15.000000 -352.571440 364.567148
1037 C 3.790084 -2.971934 2.987284 3.000000 -2.745434 288.916422
1038 E -3.333633 12.084170 21.527029 -17.000000 -25875.743590 747.085549
1039 E -5.080246 -1.842616 19.795354 -17.000000 -21831.753306 0.000000
1040 E 18.731080 12.533918 -2.711325 -13.000000 -16043.899911 6.243152
1041 E 0.264732 -0.445865 18.670314 -7.000000 -17705.756466 0.000000
1042 E 0.278561 11.374042 -17.517934 -8.000000 -15868.275568 456.061545
1043 E -0.214824 1.342428 -18.493939 -7.000000 -16665.555700 0.000000
1044 E 18.898631 12.138799 -2.346252 -20.000000 -16139.168387 0.000000
1045 E 0.331074 -4.488209 18.734445 -5.000000 -17921.341877 74.363833
1046 D 1.246118 2.065436 -1.300671 -3.000000 -5.552225 0.000000
1047 E 3.829201 -0.511447 -19.306034 -2.000000 -19858.391521 0.000000
1048 E 19.311304 12.948991 21.288295 -20.000000 -30942.904507 34.172640
1049 E -5.167663 -1.895118 19.454546 22.000000 -21145.816907 0.000000
1050 E 15.785028 5.714240 -18.283313 -4.000000 -30619.612132 0.000000
1051 B -5.338040 -1.169781 19.533079 21.000000 -336.851911 29.124820
1052 F 18.472591 -0.684589 -19.344619 -13.000000 -515.078174 127669.224494
1053 E -5.080246 -1.842616 20.244973 -17.000000 -22786.573712 0.000000
1054 D 0.264732 -0.447500 16.847764 -7.000000 16.170532 37.831288
1055 A -4.831092 -1.400639 21.389543 -21.000000 -482.233804 511.033423
1056 E 2.480647 -0.511447 -13.726697 -20.000000 -9863.682131 0.000000
1057 E -5.664821 -0.030840 18.054792 21.000000 -18431.109705 21.049982
1058 E 1.279311 -0.561243 -1.045412 -23.000000 -66.257779 0.000000
1059 F -5.338032 -7.156216 -23.602409 -9.000000 -240.736276 15851.644165
1060 F -5.442461 1.099210 18.147317 22.000000 133.265470 9728.034421
1061 A 17.719116 8.805464 -14.653614 -20.000000 -605.631688 258.283586
1062 F -4.391352 12.320154 -7.285625 -5.000000 -84.754599 1009.419815
1063 E 18.269285 13.878837 -5.811223 -18.000000 -17642.818715 53.518297
1064 B -4.280322 5.865514 -24.366640 -4.000000 -748.005117 626.592510
1065 E 0.921806 -5.065821 18.663556 -4.000000 -17601.077959 109.942266
1066 E 2.380414 2.065436 -19.262977 -3.000000 -19141.256797 0.000000
1067 C 0.498107 -2.950700 24.896714 -5.000000 -21.544121 630.867436
1068 E -1.555707 -0.462383 20.633724 3.000000 -22349.078840 0.000000
1069 E 0.512518 -0.549830 20.654607 -4.000000 -21534.492893 0.000000
1070 E -3.292278 12.172829 10.637108 13.000000 -7425.355399 745.292672
1071 A -5.291845 -2.413593 19.692925 23.000000 -420.180343 445.785277
1072 A 16.930393 5.804653 -18.283313 4.000000 -653.531761 343.800518
1073 E -5.795039 -1.407135 21.016069 -8.000000 -24654.700508 0.000000
1074 C 20.450572 12.111126 -2.050920 -20.000000 -29.910777 555.684415
1075 F -5.240521 0.116717 -20.043614 -9.000000 -207.675591 11007.205839
1076 E -5.335943 -2.250281 19.367053 -10.000000 -21014.925402 0.000000
1077 E 0.885117 7.059674 -17.413609 -2.000000 -15422.086523 127.031261
1078 C 0.377205 -0.746154 15.160760 -2.000000 -13.831812 201.566262
1079 E -5.167663 -2.430618 18.676041 23.000000 -19579.460893 0.000000
1080 B 20.157118 11.712708 -20.199869 -8.000000 -1036.491110 55733.079041
1081 E 18.203802 12.138799 -1.516595 -3.000000 -14177.504978 4.574408
1082 D 1.759071 -4.024229 19.390797 -3.000000 20.715955 58.537039
1083 E 19.263714 12.263971 21.649269 -5.000000 -31393.247818 18.361365
1084 E 16.907404 6.886532 21.482139 -13.000000 -26696.302868 0.106225
1085 E -5.167663 -1.895118 19.454546 -9.000000 -21145.196907 0.000000
1086 E 20.209810 -0.436071 18.620811 -14.000000 -27430.424455 431.969500
1087 D 1.852126 3.515669 17.453251 -7.000000 11.225456 70.317090
1088 C 15.785028 -4.374695 17.534474 -4.000000 -28.024808 8470.759595
1089 D -4.935288 -0.445865 18.054822 -8.000000 22.595975 74.308834
1090 E 4.004764 1.032306 -24.084720 -7.000000 -30603.833342 0.000000
1091 E -5.281007 -0.538416 -22.969245 -2.000000 -23279.947331 0.000000
1092 A -2.796177 -1.377693 -22.566363 -9.000000 -518.137398 463.794209
1093 E -5.936803 -1.315886 -23.563142 -4.000000 -24180.080351 0.000000
1094 E 20.237855 -1.441165 -2.396278 -14.000000 -18539.133168 501.046673
1095 D -5.171236 -3.332702 20.586778 -1.000000 28.110715 133.442432
1096 E 21.654122 9.498314 -18.277257 14.000000 -45954.973547 0.000000
1097 C 21.203240 12.138799 -19.291930 16.000000 -12.730109 1089.050063
1098 C 19.311304 12.141761 -2.711325 -21.000000 -28.161739 347.482620
1099 C -1.724223 -0.450142 16.575290 -13.000000 -13.660925 247.608417
1100 E -5.167663 12.602372 19.454546 22.000000 -22077.186752 913.637633
1101 E 3.829201 4.588062 -19.306034 -3.000000 -19983.103929 0.000000
1102 B 19.311304 9.600907 -19.332018 -20.000000 -920.558834 34368.227085
1103 B -5.295418 -2.977669 19.271886 -7.000000 -335.366019 238.101805
1104 A -1.998840 12.114087 -18.943256 -19.000000 -508.973410 305.429540
1105 E 1.246118 2.584507 -19.281153 -3.000000 -18727.061233 0.000000
1106 F 3.709713 -0.047953 -24.631625 13.000000 -235.706597 8321.274142
1107 E 17.062447 8.640504 -16.674997 -13.000000 -30157.977209 0.000000
1108 E -5.275024 -0.538416 -20.157595 5.000000 -17573.670129 0.000000
1109 D -5.791062 -1.407135 18.516451 -3.000000 24.774648 99.586288
1110 F -1.825500 2.676640 19.533079 -8.000000 172.625260 1247.943534
1111 A 0.512880 -5.653693 21.500127 -2.000000 -493.522765 508.748783
1112 E -3.316735 1.032306 21.033385 -7.000000 -23906.625441 18.792285
1113 F -5.167663 -3.187755 19.446984 22.000000 147.878116 10071.723065
1114 E -5.167663 -1.410025 19.359721 23.000000 -20940.491543 0.000000
1115 A 0.512518 -0.511447 -19.370365 -4.000000 -374.815293 319.047058
1116 E -3.326616 -1.395213 20.892035 -1.000000 -23607.163973 0.000000
1117 B 21.510518 2.555611 -18.283313 -4.000000 -880.726313 3012.161261
1118 E -0.712081 -0.462383 -20.174534 3.000000 -19666.264378 0.000000
1119 E 19.279246 12.385560 16.942147 -3.000000 -24078.417780 16.302822
1120 F 18.364143 12.320154 -17.769863 -15.000000 -496.870510 106476.982206
1121 E 2.380414 1.031517 -20.408946 -3.000000 -21426.822804 0.000000
1122 E -5.167663 -2.508789 17.684697 24.000000 -17657.211905 0.000000
1123 A -1.621071 -1.803571 18.147317 -12.000000 -334.445844 362.272458
1124 E -5.958954 -1.895118 19.454546 -5.000000 -21326.742735 0.000000
1125 E -0.084228 -0.549830 18.203481 -2.000000 -16967.193537 0.000000
1126 E -5.167663 -5.736607 19.454546 23.000000 -21321.739998 31.014516
1127 E 20.237855 14.786095 -14.613526 10.000000 -34930.246211 43.016271
1128 E 2.014813 4.427095 -24.084720 -5.000000 -29628.428929 0.000000
1129 F 22.896541 -0.511447 -2.413620 -4.000000 -545.894177 3026.949510
1130 E 20.532493 12.420947 -1.560011 -7.000000 -19731.985800 0.000000
1131 E 20.240636 9.849430 -18.276423 13.000000 -41641.615853 0.000000
1132 E -6.655797 -1.842616 17.110759 -19.000000 -16806.349027 0.000000
1133 C -5.308469 2.172064 20.995077 -8.000000 -17.018671 829.691789
1134 E -5.932652 -1.315886 -23.563142 -17.000000 -24182.538580 0.000000
1135 E 0.376843 3.218431 -24.798430 -2.000000 -30502.034209 0.000000
1136 A 0.835203 -1.407135 23.023744 -21.000000 -532.190392 562.392799
1137 E -5.167663 -1.400639 21.356126 -1.000000 -25250.382306 0.000000
1138 F -4.187730 -3.184865 21.023308 -9.000000 171.852685 7725.116462
1139 E -5.848538 -1.230105 20.336717 -9.000000 -23167.238422 0.417481
1140 E 17.051009 10.785024 -20.281909 15.000000 -38206.879220 0.000000
1141 E 16.434391 6.886532 -17.921562 -18.000000 -31229.417055 0.000000
1142 E -5.160766 -4.564482 -20.340547 -22.000000 -18106.203365 0.000000
1143 D -2.834180 2.337326 19.974629 -3.000000 19.531483 57.488534
1144 B 15.809218 5.827434 -17.293068 -4.000000 -656.192846 8476.610315
1145 E -6.284377 3.437200 20.633724 4.000000 -23974.312025 163.687132
1146 E -1.409706 -0.450142 -20.159854 -9.000000 -19356.445204 0.000000
1147 E -5.080246 -1.842616 20.250078 -17.000000 -22797.530773 0.000000
1148 F 4.004764 1.171313 -24.084720 -5.000000 -232.700614 9277.973037
1149 F -5.338032 -1.407135 20.995361 -9.000000 160.643661 12533.056409
1150 C -3.390889 -0.589148 -20.159854 -8.000000 24.979892 398.712681
1151 A -5.389686 -2.937467 21.356126 -1.000000 -492.781555 518.548979
1152 E -3.326616 -1.395700 19.859493 -1.000000 -21413.940775 0.000000
1153 E -5.924741 -1.574760 -22.687615 -16.000000 -22288.791615 0.000000
1154 E -5.337965 5.173815 19.367053 -10.000000 -21145.641736 233.904922
1155 F 19.967813 8.632353 -18.277257 3.000000 -563.268887 133174.841363
1156 C -5.167663 -1.400639 21.415442 -5.000000 -13.947140 482.076968
1157 D 4.004764 1.032306 -24.084720 -14.000000 -29.841790 119.670445
1158 E 0.509203 -0.746154 22.243093 -2.000000 -24960.142725 0.000000
1159 E -5.080246 -1.842616 19.795354 22.000000 -21832.533306 0.000000
1160 E 16.467426 6.886532 -18.173254 -19.000000 -31829.022466 0.000000
1161 B -4.848672 -2.597782 19.627190 -7.000000 -341.115921 148.481221
1162 F 19.311304 9.898285 -12.209088 -20.000000 -482.408240 55573.997921
1163 E 17.874871 11.153292 -18.283313 -4.000000 -35622.803460 0.000000
1164 C 18.848032 5.444937 -17.769863 -20.000000 -5.923106 2695.039620
1165 E -5.326589 -1.895118 19.534397 -5.000000 -21350.597825 0.000000
1166 B 21.654122 9.498314 -16.898878 -9.000000 -916.466575 42292.595205
1167 E 0.512046 6.746945 -24.485759 -13.000000 -30012.273312 112.842494
1168 E 2.414797 1.036649 19.701049 -9.000000 -18887.541597 0.000000
1169 E 0.011573 4.231343 -16.114039 -13.000000 -12773.681093 24.107267
1170 E -6.434505 -1.315886 -24.186671 0.000000 -25241.552736 0.000000
1171 E 1.561544 12.159760 16.786282 22.000000 -14796.283490 506.411719
1172 E -2.892163 -1.378820 17.916190 -3.000000 -17437.409729 0.000000
1173 C -2.579813 -1.407135 24.155589 -5.000000 -19.268641 555.105116
1174 E 20.224116 12.123395 -20.333811 -20.000000 -46655.706012 0.000000
1175 C -5.167663 0.861129 23.472080 22.000000 -17.725547 742.763024
1176 D -9.671634 -1.440841 20.893402 -5.000000 31.105877 187.081782
1177 A -5.080246 -1.842129 20.878878 -15.000000 -464.429899 491.351837
1178 E -8.958197 -1.834251 19.609447 -18.000000 -21912.395123 16.890316
1179 B -5.336011 -1.407135 20.995361 -14.000000 -391.556791 48.272724
1180 E -1.406986 -0.407191 20.633724 10.000000 -22288.040829 0.000000
1181 E 16.907404 5.804653 -18.283313 -9.000000 -32905.165181 0.000000
1182 E 17.051009 10.459847 -20.281909 15.000000 -38165.429254 0.000000
1183 E 2.216583 1.032306 -24.084720 -7.000000 -29620.702659 0.000000
1184 C -5.167663 -2.788121 19.359721 -17.000000 -10.743937 359.472280
1185 E -5.371102 -4.355204 19.367053 21.000000 -21107.435643 2.118010
1186 E -5.091146 -1.098587 20.755839 23.000000 -23886.762275 0.930910
1187 A -5.338032 -0.034476 20.126943 -1.000000 -432.609602 449.853802
1188 E 1.172348 -0.549830 20.654607 -6.000000 -21264.419802 0.000000
1189 C 18.361375 6.875024 -17.387863 -14.000000 -7.128535 1788.703749
1190 E -9.193143 -1.407135 19.453228 -8.000000 -21552.819300 28.843257
1191 A -5.849422 -2.254775 20.336717 14.000000 -451.601796 474.092305
1192 E 18.313857 2.337494 -17.959434 -1.000000 -35263.146339 137.459305
1193 E 3.054690 -1.900251 -20.640395 -3.000000 -22236.544186 0.000000
1194 E 15.366136 8.836256 -20.693511 -5.000000 -35494.381045 0.000000
1195 D -5.295418 -3.331656 22.458401 -5.000000 30.185475 148.823013
1196 E 20.237855 -1.916079 -19.291930 14.000000 -43371.802230 530.973609
1197 E 0.570501 -0.486896 -21.591400 2.000000 -23126.160141 0.000000
1198 C -8.676973 -0.538416 -23.251921 -8.000000 33.307310 1050.018064
1199 D 21.410563 9.864834 -18.283159 10.000000 -50.758556 1029.555820
1200 E 1.519255 -3.016578 21.692633 -7.000000 -23365.247580 47.531553
1201 E 1.243504 9.375544 -18.276423 15.000000 -17322.059258 259.239060
1202 E -5.565441 -1.842616 20.807228 0.000000 -24141.020997 0.000000
1203 D -5.158251 -1.315886 -23.657411 -16.000000 -17.863273 133.248588
1204 E 15.785028 5.724126 -24.203565 -7.000000 -44947.504259 0.000000
1205 C 18.184874 11.153292 -18.283313 -13.000000 -10.314853 652.743089
1206 E -1.555707 -0.462383 20.633724 1.000000 -22349.038840 0.000000
1207 B 16.381636 6.886532 -17.387863 -13.000000 -691.931575 12716.885379
1208 F -5.746056 3.218431 -24.798430 -1.000000 -256.183030 20280.620847
1209 E -3.284907 5.804653 -18.283313 -3.000000 -15315.063809 172.754285
1210 B 17.537383 14.240975 -19.810671 10.000000 -985.870537 62366.090322
1211 F -5.080246 -1.842616 20.244973 -23.000000 156.855855 10552.151033
1212 A -2.937703 -4.240097 20.985875 -1.000000 -466.035466 495.975203
1213 B -5.080246 -1.842616 19.957095 22.000000 -351.221380 78.284365
1214 E 20.515499 8.990264 20.753907 -9.000000 -31951.614316 0.000000
1215 B -1.569215 1.032306 -23.988057 -6.000000 -679.027185 0.000000
1216 E 15.566027 10.736758 -20.693511 -19.000000 -36098.473449 0.000000
1217 B 20.626153 8.692359 -17.481143 14.000000 -880.230222 32134.261555
1218 E 18.324539 10.797419 -21.729236 17.000000 -44743.439267 0.000000
1219 A -5.197091 -2.767648 24.220112 -4.000000 -620.363464 653.135653
1220 E 20.024929 -1.407135 19.826005 -1.000000 -28905.417025 510.854965
1221 F -5.295418 -2.977669 23.843334 -5.000000 186.648554 15915.170308
1222 E -5.156654 -1.400639 21.415442 -7.000000 -25381.204898 0.000000
1223 B -5.295418 -4.670279 -20.548935 -5.000000 -558.407406 604.175194
1224 E 15.871028 5.605719 -17.921562 -18.000000 -30015.329826 0.000000
1225 E 0.570501 -0.042935 -21.591400 2.000000 -23124.748794 0.000000
1226 E 19.505810 -0.272267 22.243093 -1.000000 -32033.594710 393.659420
1227 E 0.512518 -0.511447 -23.441366 -19.000000 -27248.271732 0.000000
1228 E -5.795039 -1.407135 21.436735 -8.000000 -25604.791814 0.000000
1229 D 2.348582 1.022420 -18.161130 -5.000000 -22.432132 63.476990
1230 E 18.732145 6.352439 -17.921562 -5.000000 -36431.719341 0.000000
1231 E -1.406986 -0.407191 20.835371 10.000000 -22715.854218 0.000000
1232 A 23.057378 5.274361 -18.173254 -19.000000 -889.108731 379.519815
1233 A 0.198158 -1.574760 -21.324072 -12.000000 -456.475199 400.370073
1234 E 16.976394 1.032306 23.403166 -8.000000 -30209.293357 214.464421
1235 E 16.907404 5.802976 -18.283313 -7.000000 -32905.088389 0.000000
1236 E -1.401207 -5.598790 -24.084720 -1.000000 -28041.126243 41.284219
1237 E -5.134963 2.490983 20.901521 -8.000000 -24249.830123 91.953753
1238 E 17.051009 10.459847 -20.436272 14.000000 -38529.232747 0.000000
1239 B -6.120062 -3.122953 -12.035579 -20.000000 -244.605481 350.829485
1240 E -5.370821 -0.538416 -22.974694 -2.000000 -23237.499349 0.000000
1241 E 18.912184 8.821617 -17.354730 -6.000000 -35913.720358 0.000000
1242 E 21.654122 9.493499 -23.393938 17.000000 -58729.007042 0.000000
1243 E 18.969617 12.307758 -17.773032 -13.000000 -37388.260858 0.000000
1244 C -5.907374 -1.400639 -24.442723 -1.000000 32.730737 659.381485
1245 E -3.187464 15.005858 -18.465047 -22.000000 -16822.379992 1053.420539
1246 E 17.062447 19.477290 -15.010303 -14.000000 -28814.099262 433.155169
1247 E 2.003805 4.427095 -24.084720 -5.000000 -29622.815198 0.000000
1248 E 6.667317 -1.872167 20.795082 -3.000000 -19942.698266 98.397543
1249 A -5.338032 -1.935159 20.995361 -14.000000 -472.324624 498.192728
1250 E -6.434505 -1.315886 -24.320110 -4.000000 -25545.268318 0.000000
