1 10.25496207850319 0
2 10.04896310304762 0
3 9.21335077368898 0
4 9.68045018584283 0
5 9.03337534708422 0
6 10.26505728823266 0
7 9.22968428202637 0
8 11.52060731257244 0
9 11.23715282637437 0
10 9.00731548051706 0
11 10.37109529293551 0
12 10.00343078377460 0
13 12.41878760275492 0
14 13.86710391539317 0
15 9.71214474409749 0
16 9.07697880586546 0
17 9.23445507363015 0
18 9.21309105575123 0
19 9.96557246054145 0
20 13.99531350649058 0
21 9.42215642897849 0
22 9.18309245183821 0
23 10.66775143312598 0
24 11.85157415101962 0
25 11.87099777486491 0
26 8.97376126384105 0
27 11.21111112907924 0
28 9.34809738079661 0
29 9.02656535127732 0
30 11.18599222179392 0
31 9.38533533512851 0
32 12.99615738457391 0
33 11.69703557712132 0
34 13.67311033732374 0
35 9.30767873910940 0
36 11.83500511897411 0
37 9.76223920370417 0
38 9.86524672662385 0
39 13.71198521764772 0
40 10.74072104066188 0
41 10.85403473213066 0
42 13.12845161077217 0
43 9.36718103340720 0
44 12.55572579877426 0
45 10.11966064822494 0
46 10.63416849960237 0
47 11.00489124135553 0
48 12.25350086631851 0
49 9.27218172744551 0
50 14.18715535956886 0
51 12.15316832775917 0
52 14.30487542562406 0
53 12.07689593900626 0
54 9.63373711695109 0
55 10.38605556251680 0
56 11.44168447452188 0
57 8.96022032650122 0
58 9.95868944515929 0
59 14.07536250853551 0
60 9.31061111219266 0
61 13.75456513537947 0
62 11.72683845010290 0
63 15.29999168285910 0
64 11.33169000470530 0
65 9.29906335698670 0
66 14.76778956824853 0
67 11.32730900949356 0
68 13.75882408398800 0
69 9.84354073639268 0
70 12.99987133537352 0
71 9.62695703421768 0
72 9.55380802359660 0
73 9.91796649074057 0
74 11.28501702610403 0
75 13.20778186873789 0
76 10.43065460174796 0
77 10.19131622503689 0
78 10.40297637042410 0
79 10.00652893236403 0
80 10.37408382406364 0
81 11.22736828415480 0
82 11.13792965924412 0
83 10.03685574558805 0
84 9.58626541843971 0
85 10.80694357594031 0
86 9.65052066159836 0
87 9.58719583119714 0
88 10.48532551023905 0
89 9.93971470415200 0
90 10.57754615584216 0
91 11.66545004055902 0
92 11.61820945909536 0
93 11.78994028361884 0
94 9.82382476436558 0
95 9.62314161331382 0
96 11.28370639217272 0
97 9.64736825896830 0
98 11.31372221737758 0
99 10.03380319345544 0
100 10.36546190898114 0
101 9.72433079313208 0
102 10.66837403754796 0
103 10.05496042929646 0
104 10.22655091968388 0
105 9.58626291062791 0
106 11.01550939439523 0
107 9.80614562284530 0
108 11.02127809611778 0
109 11.55616757846965 0
110 9.72898150984357 0
111 9.59216205588850 0
112 9.64395492265432 0
113 11.62729458060892 0
114 10.94169374147318 0
115 11.66347794545445 0
116 9.74443157935383 0
117 9.64833032643363 0
118 10.38562456511227 0
119 11.20763813215389 0
120 9.67309300200393 0
121 10.44947465400827 0
122 11.25784676211270 0
123 9.84923867406978 0
124 10.51180727922264 0
125 11.56746410481757 0
126 10.52431944646743 0
127 9.76304409239935 0
128 9.71981276336848 0
129 10.85420348856522 0
130 11.10406255140372 0
131 9.61484861300472 0
132 10.18681737039101 0
133 10.02177125325314 0
134 9.77895174427072 0
135 10.75504753011421 0
136 10.36155326282630 0
137 9.57914212057414 0
138 9.95640931687015 0
139 10.58658466314309 0
140 11.61668113216638 0
141 10.05736796417286 0
142 9.81436667891027 0
143 11.88411647761645 0
144 9.97400963081418 0
145 10.30330095264459 0
146 9.89437133081432 0
147 10.34424407171370 0
148 9.97554969792897 0
149 9.85802055168066 0
150 11.38850382555632 0
151 10.60135499946997 0
152 8.87472078994255 0
153 10.55988545769232 0
154 8.83538021505330 0
155 9.73739972064398 0
156 8.13690120626973 0
157 7.83290319531767 0
158 10.72842950060070 0
159 10.64380187986766 0
160 10.65132837801667 0
161 9.99554826359463 0
162 9.70370280345919 0
163 10.65318351171305 0
164 8.19951767142991 0
165 9.58341795331726 0
166 10.29175875392938 0
167 6.93695423581217 0
168 10.43774470907066 0
169 10.69231258651206 0
170 10.72875675237710 0
171 10.61351899015293 0
172 10.12796403830152 0
173 10.54902869956547 0
174 10.00304427394666 0
175 9.96974412746477 0
176 6.99007148791870 0
177 9.62998150096022 0
178 8.33080160594942 0
179 7.32628714831416 0
180 9.24600060313013 0
181 10.43377176063462 0
182 9.87126220350613 0
183 8.73201009008634 0
184 10.57348140309617 0
185 10.52382506002510 0
186 10.03336491474345 0
187 6.43155427566456 0
188 10.71776179095319 0
189 9.92078732693831 0
190 8.12266358535765 0
191 10.05345995538135 0
192 7.74947016085189 0
193 10.76572249457605 0
194 10.62471064493742 0
195 5.74807711293953 0
196 7.81312168770438 0
197 10.63818585605137 0
198 10.31726653488617 0
199 7.92899147710405 0
200 7.56667405689398 0
201 8.16426755912617 0
202 10.09228020483374 0
203 9.94743634350751 0
204 10.68597690095254 0
205 9.93877067233545 0
206 9.14801382968129 0
207 10.29515438349949 0
208 9.66868597389231 0
209 10.49034583935346 0
210 10.65281086878152 0
211 9.14235204654854 0
212 8.79248720660358 0
213 8.43882158553874 0
214 6.55106141565182 0
215 9.66444583407973 0
216 9.48315450811360 0
217 10.47813910679279 0
218 6.20973593517095 0
219 8.85263706962486 0
220 5.49110758902925 0
221 10.33212930262922 0
222 9.85483019204803 0
223 10.27811091939315 0
224 9.25333510863117 0
225 9.05387572769030 0
226 9.78954613486043 0
227 10.35939573881377 0
228 9.17318335100349 0
229 9.69963025395981 0
230 9.64355968477795 0
231 8.59640233864296 0
232 9.73577986332003 0
233 9.13046957947664 0
234 10.26913143082973 0
235 8.55190511182333 0
236 8.29994683226676 0
237 9.73002162460174 0
238 10.37575147345625 0
239 10.26001060258839 0
240 8.50851355254570 0
241 9.35657323477291 0
242 10.09288619790917 0
243 10.43624722212272 0
244 9.75188778554617 0
245 9.60063166725998 0
246 10.32351327913018 0
247 8.07749168065199 0
248 10.22778918794683 0
249 10.51545533244795 0
250 8.77233161859205 0
251 10.44827431070540 0
252 8.38976291713769 0
253 10.37726572843049 0
254 8.41778887961782 0
255 10.31770616492701 0
256 10.32580911482890 0
257 10.37155465096791 0
258 7.47186264114267 0
259 8.89499077398039 0
260 10.37646720637768 0
261 9.21864401586973 0
262 10.10294520211288 0
263 7.74339126339288 0
264 8.85780902849305 0
265 8.52465009523461 0
266 10.44632601264172 0
267 8.07583505097571 0
268 10.29350415844710 0
269 8.36805265570695 0
270 10.14077842853027 0
271 10.04480215011885 0
272 9.89519046844842 0
273 9.26808769974941 0
274 9.08859061003062 0
275 10.22851874536276 0
276 10.17700612780158 0
277 10.36988644070120 0
278 10.38501581722745 0
279 10.33119319049253 0
280 8.83785082040592 0
281 10.15033381048387 0
282 10.05478589935989 0
283 10.01947045907866 0
284 9.81572010502179 0
285 8.66897654463203 0
286 9.77223512145020 0
287 9.50272100433160 0
288 9.52623352884248 0
289 9.03068990077105 0
290 10.17576165815838 0
291 9.65430645809132 0
292 8.37254047402437 0
293 9.87952858047343 0
294 7.53694121747434 0
295 9.61433353351371 0
296 8.17752193453922 0
297 9.86019330150123 0
298 9.81597342863534 0
299 10.45348164526612 0
300 9.05911790777006 0
301 9.16442814412997 0
302 9.08544791972954 0
303 9.12509121583189 0
304 9.35744908113953 0
305 8.95680628843312 0
306 9.16942488873361 0
307 8.95804440735461 0
308 8.97169687919024 0
309 11.94860835730388 0
310 12.99117590778888 0
311 8.98323849232047 0
312 9.73157914338874 0
313 8.96968652475975 0
314 8.95364708022066 0
315 9.74163556316617 0
316 9.37525406002242 0
317 9.21237836276373 0
318 13.66333097089400 0
319 11.35473227491142 0
320 9.58646794715167 0
321 12.11103719593034 0
322 8.99716962606205 0
323 9.13667708683823 0
324 9.39480229162391 0
325 8.99744341619527 0
326 9.10030526279653 0
327 9.44342705242144 0
328 11.53070290777633 0
329 15.37256789058825 0
330 13.34648221382604 0
331 13.10437152781385 0
332 8.97532549486304 0
333 10.21522176165479 0
334 9.02807873659256 0
335 9.03930149925674 0
336 8.98920626819967 0
337 9.56725958184720 0
338 8.99964592207050 0
339 9.48816694516579 0
340 13.58104587308776 0
341 8.99635865220039 0
342 10.39362903323737 0
343 8.98632433291989 0
344 8.95904670934272 0
345 10.18422579235030 0
