1 A A 0.020035 0.561637 1.000000 1.000000 10.254962 0.000000
2 A A 0.090057 0.496937 1.000000 1.000000 10.048963 0.000000
3 A A 0.999684 0.280998 1.000000 1.000000 9.213351 0.000000
4 A A 0.073829 0.430770 1.000000 2.000000 9.680450 0.000000
5 A A 0.160223 0.131807 1.000000 2.000000 9.033375 0.000000
6 A A 0.442491 0.486214 1.000000 2.000000 10.265057 0.000000
7 A A 0.916895 0.238114 1.000000 2.000000 9.229684 0.000000
8 A A 0.254607 0.750969 1.000000 3.000000 11.520607 0.000000
9 A A 0.560596 0.661890 1.000000 3.000000 11.237153 0.000000
10 A A 0.024425 0.200869 1.000000 4.000000 9.007315 0.000000
11 A A 0.228015 0.582850 1.000000 4.000000 10.371095 0.000000
12 A A 0.396320 0.452405 1.000000 4.000000 10.003431 0.000000
13 A A 0.841276 0.835090 1.000000 4.000000 12.418788 0.000000
14 A A 0.208931 0.987879 2.000000 1.000000 13.867104 0.000000
15 A A 0.764221 0.325281 2.000000 1.000000 9.712145 0.000000
16 A A 0.042639 0.220841 2.000000 2.000000 9.076979 0.000000
17 A A 0.305023 0.136751 2.000000 2.000000 9.234455 0.000000
18 A A 0.412361 0.104578 2.000000 2.000000 9.213091 0.000000
19 A A 0.480263 0.352180 2.000000 2.000000 9.965572 0.000000
20 A A 0.551221 0.946400 2.000000 2.000000 13.995314 0.000000
21 A A 0.804375 0.223398 2.000000 2.000000 9.422156 0.000000
22 A A 0.009246 0.360765 2.000000 3.000000 9.183092 0.000000
23 A A 0.218617 0.613063 2.000000 3.000000 10.667751 0.000000
24 A A 0.407447 0.712029 2.000000 3.000000 11.851574 0.000000
25 A A 0.888541 0.740876 2.000000 3.000000 11.870998 0.000000
26 A A 0.958493 0.034749 2.000000 3.000000 8.973761 0.000000
27 A A 0.012885 0.927109 2.000000 4.000000 11.211111 0.000000
28 A A 0.271464 0.277988 2.000000 4.000000 9.348097 0.000000
29 A A 0.872281 0.002470 2.000000 4.000000 9.026565 0.000000
30 A A 0.992514 0.656839 2.000000 4.000000 11.185992 0.000000
31 A A 0.774834 0.157881 2.000000 5.000000 9.385335 0.000000
32 A A 0.056581 0.973616 3.000000 1.000000 12.996157 0.000000
33 A A 0.258273 0.644008 3.000000 1.000000 11.697036 0.000000
34 A A 0.556009 0.850284 3.000000 1.000000 13.673111 0.000000
35 A A 0.168121 0.252389 3.000000 2.000000 9.307679 0.000000
36 A A 0.220024 0.735498 3.000000 2.000000 11.835005 0.000000
37 A A 0.426638 0.234064 3.000000 2.000000 9.762239 0.000000
38 A A 0.173292 0.483333 3.000000 3.000000 9.865247 0.000000
39 A A 0.446190 0.877506 3.000000 3.000000 13.711985 0.000000
40 A A 0.891883 0.523608 3.000000 3.000000 10.740721 0.000000
41 A A 0.907338 0.555513 3.000000 3.000000 10.854035 0.000000
42 A A 0.983902 0.934231 3.000000 3.000000 13.128452 0.000000
43 A A 0.387890 0.175157 3.000000 4.000000 9.367181 0.000000
44 A A 0.473518 0.760653 3.000000 4.000000 12.555726 0.000000
45 A A 0.548337 0.342043 3.000000 4.000000 10.119661 0.000000
46 A A 0.895942 0.470100 3.000000 4.000000 10.634169 0.000000
47 A A 0.911224 0.544970 3.000000 4.000000 11.004891 0.000000
48 A A 0.969145 0.765546 3.000000 4.000000 12.253501 0.000000
49 A A 0.335894 0.219098 3.000000 5.000000 9.272182 0.000000
50 A A 0.831534 0.899022 3.000000 5.000000 14.187156 0.000000
51 A A 0.378366 0.592948 4.000000 1.000000 12.153168 0.000000
52 A A 0.619778 0.868361 4.000000 1.000000 14.304876 0.000000
53 A A 0.265032 0.693068 4.000000 2.000000 12.076896 0.000000
54 A A 0.464761 0.129824 4.000000 2.000000 9.633737 0.000000
55 A A 0.656977 0.308999 4.000000 2.000000 10.386056 0.000000
56 A A 0.127264 0.859775 4.000000 3.000000 11.441684 0.000000
57 A A 0.165601 0.050044 4.000000 3.000000 8.960220 0.000000
58 A A 0.215214 0.449809 4.000000 3.000000 9.958689 0.000000
59 A A 0.609300 0.818053 4.000000 3.000000 14.075363 0.000000
60 A A 0.613910 0.007504 4.000000 3.000000 9.310611 0.000000
61 A A 0.719084 0.786492 4.000000 3.000000 13.754565 0.000000
62 A A 0.873433 0.624809 4.000000 3.000000 11.726839 0.000000
63 A A 0.687001 0.933209 4.000000 4.000000 15.299992 0.000000
64 A A 0.838885 0.496109 4.000000 4.000000 11.331690 0.000000
65 A A 0.492447 0.113027 4.000000 5.000000 9.299063 0.000000
66 A A 0.812596 0.885951 4.000000 5.000000 14.767790 0.000000
67 A A 0.241566 0.503342 5.000000 1.000000 11.327309 0.000000
68 A A 0.429629 0.714943 5.000000 1.000000 13.758824 0.000000
69 A A 0.309972 0.183794 5.000000 2.000000 9.843541 0.000000
70 A A 0.693198 0.653140 5.000000 2.000000 12.999872 0.000000
71 A A 0.767616 0.092140 5.000000 2.000000 9.626957 0.000000
72 A A 0.145514 0.465528 5.000000 3.000000 9.553808 0.000000
73 A A 0.077981 0.061813 5.000000 5.000000 9.917967 0.000000
74 A A 0.580832 0.455011 5.000000 5.000000 11.285017 0.000000
75 A A 0.818067 0.649523 5.000000 5.000000 13.207782 0.000000
76 A B 0.071428 0.721698 1.000000 2.000000 10.430655 0.000000
77 A B 0.675995 0.523130 1.000000 4.000000 10.191316 0.000000
78 A B 0.761896 0.619317 1.000000 4.000000 10.402976 0.000000
79 A B 0.048990 0.615973 1.000000 5.000000 10.006529 0.000000
80 A B 0.094184 0.775302 1.000000 5.000000 10.374084 0.000000
81 A B 0.316437 0.855217 2.000000 1.000000 11.227368 0.000000
82 A B 0.602517 0.824158 2.000000 1.000000 11.137930 0.000000
83 A B 0.941681 0.538885 2.000000 1.000000 10.036856 0.000000
84 A B 0.084970 0.088841 2.000000 2.000000 9.586265 0.000000
85 A B 0.121768 0.849606 2.000000 2.000000 10.806944 0.000000
86 A B 0.703086 0.046861 2.000000 2.000000 9.650521 0.000000
87 A B 0.188462 0.044467 2.000000 3.000000 9.587196 0.000000
88 A B 0.435940 0.609437 2.000000 3.000000 10.485326 0.000000
89 A B 0.451828 0.336986 2.000000 3.000000 9.939715 0.000000
90 A B 0.467903 0.640199 2.000000 3.000000 10.577546 0.000000
91 A B 0.544790 0.968448 2.000000 3.000000 11.665450 0.000000
92 A B 0.726001 0.952756 2.000000 3.000000 11.618210 0.000000
93 A B 0.739580 0.999942 2.000000 3.000000 11.789940 0.000000
94 A B 0.883249 0.289063 2.000000 3.000000 9.823825 0.000000
95 A B 0.903609 0.079261 2.000000 3.000000 9.623142 0.000000
96 A B 0.948577 0.941356 2.000000 3.000000 11.283706 0.000000
97 A B 0.299528 0.133367 2.000000 4.000000 9.647368 0.000000
98 A B 0.668567 0.862028 2.000000 4.000000 11.313722 0.000000
99 A B 0.829509 0.383157 2.000000 4.000000 10.033803 0.000000
100 A B 0.119462 0.626814 3.000000 1.000000 10.365462 0.000000
101 A B 0.749709 0.120374 3.000000 1.000000 9.724331 0.000000
102 A B 0.796881 0.688789 3.000000 1.000000 10.668374 0.000000
103 A B 0.924399 0.542164 3.000000 1.000000 10.054961 0.000000
104 A B 0.142097 0.603034 3.000000 2.000000 10.226551 0.000000
105 A B 0.156984 0.033015 3.000000 2.000000 9.586263 0.000000
106 A B 0.285586 0.779094 3.000000 2.000000 11.015509 0.000000
107 A B 0.363169 0.167097 3.000000 2.000000 9.806146 0.000000
108 A B 0.367818 0.737830 3.000000 2.000000 11.021278 0.000000
109 A B 0.642501 0.872072 3.000000 2.000000 11.556168 0.000000
110 A B 0.788539 0.113823 3.000000 2.000000 9.728982 0.000000
111 A B 0.139971 0.148797 3.000000 3.000000 9.592162 0.000000
112 A B 0.179280 0.203644 3.000000 3.000000 9.643955 0.000000
113 A B 0.684324 0.883153 3.000000 3.000000 11.627295 0.000000
114 A B 0.716181 0.684033 3.000000 3.000000 10.941694 0.000000
115 A B 0.751850 0.905189 3.000000 3.000000 11.663478 0.000000
116 A B 0.291602 0.245389 3.000000 4.000000 9.744432 0.000000
117 A B 0.381079 0.037401 3.000000 4.000000 9.648330 0.000000
118 A B 0.423083 0.549288 3.000000 4.000000 10.385625 0.000000
119 A B 0.903284 0.821391 3.000000 4.000000 11.207638 0.000000
120 A B 0.927033 0.096677 3.000000 4.000000 9.673093 0.000000
121 A B 0.323278 0.700157 3.000000 5.000000 10.449475 0.000000
122 A B 0.532231 0.839697 3.000000 5.000000 11.257847 0.000000
123 A B 0.759231 0.160837 3.000000 5.000000 9.849239 0.000000
124 A B 0.415176 0.458722 4.000000 1.000000 10.511807 0.000000
125 A B 0.577063 0.816537 4.000000 1.000000 11.567464 0.000000
126 A B 0.287646 0.557239 4.000000 2.000000 10.524319 0.000000
127 A B 0.454928 0.053424 4.000000 2.000000 9.763044 0.000000
128 A B 0.515921 0.018685 4.000000 2.000000 9.719813 0.000000
129 A B 0.154271 0.918544 4.000000 3.000000 10.854203 0.000000
130 A B 0.182830 0.957332 4.000000 3.000000 11.104063 0.000000
131 A B 0.203929 0.094404 4.000000 3.000000 9.614849 0.000000
132 A B 0.631322 0.314848 4.000000 3.000000 10.186817 0.000000
133 A B 0.965196 0.421545 4.000000 3.000000 10.021771 0.000000
134 A B 0.245561 0.333824 4.000000 4.000000 9.778952 0.000000
135 A B 0.293726 0.771063 4.000000 4.000000 10.755048 0.000000
136 A B 0.746167 0.384666 4.000000 4.000000 10.361553 0.000000
137 A B 0.108218 0.359911 4.000000 5.000000 9.579142 0.000000
138 A B 0.852037 0.194988 4.000000 5.000000 9.956409 0.000000
139 A B 0.536305 0.434391 5.000000 1.000000 10.586585 0.000000
140 A B 0.795505 0.845418 5.000000 2.000000 11.616681 0.000000
141 A B 0.000396 0.891732 5.000000 3.000000 10.057368 0.000000
142 A B 0.032577 0.664142 5.000000 3.000000 9.814367 0.000000
143 A B 0.663583 0.812241 5.000000 3.000000 11.884117 0.000000
144 A B 0.943831 0.344387 5.000000 3.000000 9.974010 0.000000
145 A B 0.961256 0.536274 5.000000 3.000000 10.303301 0.000000
146 A B 0.970026 0.327859 5.000000 3.000000 9.894371 0.000000
147 A B 0.489449 0.399603 5.000000 4.000000 10.344244 0.000000
148 A B 0.728137 0.102135 5.000000 4.000000 9.975550 0.000000
149 A B 0.732612 0.014862 5.000000 4.000000 9.858021 0.000000
150 A B 0.504640 0.803591 5.000000 5.000000 11.388504 0.000000
151 B A 0.419181 0.164873 1.000000 1.000000 10.601355 0.000000
152 B A 0.981105 0.794536 1.000000 1.000000 8.874721 0.000000
153 B A 0.239838 0.227472 1.000000 2.000000 10.559885 0.000000
154 B A 0.364693 0.717330 1.000000 2.000000 8.835380 0.000000
155 B A 0.977443 0.571376 1.000000 2.000000 9.737400 0.000000
156 B A 0.349233 0.875511 1.000000 4.000000 8.136901 0.000000
157 B A 0.351901 0.925468 1.000000 4.000000 7.832903 0.000000
158 B A 0.644489 0.056868 1.000000 4.000000 10.728429 0.000000
159 B A 0.135093 0.290568 1.000000 5.000000 10.643802 0.000000
160 B A 0.392284 0.172137 1.000000 5.000000 10.651328 0.000000
161 B A 0.340686 0.377558 2.000000 2.000000 9.995548 0.000000
162 B A 0.344379 0.462816 2.000000 2.000000 9.703703 0.000000
163 B A 0.529180 0.072404 2.000000 2.000000 10.653183 0.000000
164 B A 0.706217 0.769151 2.000000 2.000000 8.199518 0.000000
165 B A 0.067686 0.704787 2.000000 3.000000 9.583418 0.000000
166 B A 0.337806 0.295757 2.000000 3.000000 10.291759 0.000000
167 B A 0.791427 0.971152 2.000000 3.000000 6.936954 0.000000
168 B A 0.060144 0.487889 2.000000 4.000000 10.437745 0.000000
169 B A 0.082444 0.312382 2.000000 4.000000 10.692313 0.000000
170 B A 0.211102 0.150093 2.000000 4.000000 10.728757 0.000000
171 B A 0.279895 0.191165 2.000000 4.000000 10.613519 0.000000
172 B A 0.329370 0.395068 2.000000 4.000000 10.127964 0.000000
173 B A 0.384639 0.179271 2.000000 4.000000 10.549029 0.000000
174 B A 0.557366 0.371371 2.000000 4.000000 10.003044 0.000000
175 B A 0.833740 0.374331 2.000000 4.000000 9.969744 0.000000
176 B A 0.931130 0.993762 2.000000 4.000000 6.990071 0.000000
177 B A 0.447476 0.528716 2.000000 5.000000 9.629981 0.000000
178 B A 0.113099 0.889913 3.000000 2.000000 8.330802 0.000000
179 B A 0.572098 0.832572 3.000000 2.000000 7.326287 0.000000
180 B A 0.753544 0.516452 3.000000 2.000000 9.246000 0.000000
181 B A 0.988821 0.347154 3.000000 2.000000 10.433772 0.000000
182 B A 0.398266 0.367831 3.000000 3.000000 9.871262 0.000000
183 B A 0.653514 0.588407 3.000000 3.000000 8.732010 0.000000
184 B A 0.770170 0.028675 3.000000 3.000000 10.573481 0.000000
185 B A 0.806709 0.085182 3.000000 3.000000 10.523825 0.000000
186 B A 0.251607 0.478912 3.000000 4.000000 10.033365 0.000000
187 B A 0.854894 0.985257 3.000000 4.000000 6.431554 0.000000
188 B A 0.029749 0.501652 3.000000 5.000000 10.717762 0.000000
189 B A 0.266701 0.566223 3.000000 5.000000 9.920787 0.000000
190 B A 0.593642 0.732937 3.000000 5.000000 8.122664 0.000000
191 B A 0.647743 0.274784 3.000000 5.000000 10.053460 0.000000
192 B A 0.710431 0.757205 3.000000 5.000000 7.749470 0.000000
193 B A 0.059903 0.022581 4.000000 1.000000 10.765722 0.000000
194 B A 0.232545 0.010810 4.000000 1.000000 10.624711 0.000000
195 B A 0.494791 0.977655 4.000000 1.000000 5.748077 0.000000
196 B A 0.708634 0.749760 4.000000 1.000000 7.813122 0.000000
197 B A 0.921261 0.231216 4.000000 1.000000 10.638186 0.000000
198 B A 0.088634 0.438566 4.000000 2.000000 10.317267 0.000000
199 B A 0.461005 0.678352 4.000000 2.000000 7.928991 0.000000
200 B A 0.592817 0.729717 4.000000 2.000000 7.566674 0.000000
201 B A 0.627324 0.634207 4.000000 2.000000 8.164267 0.000000
202 B A 0.844034 0.303251 4.000000 2.000000 10.092280 0.000000
203 B A 0.936989 0.466694 4.000000 2.000000 9.947436 0.000000
204 B A 0.183571 0.181497 4.000000 3.000000 10.685977 0.000000
205 B A 0.196643 0.507078 4.000000 3.000000 9.938771 0.000000
206 B A 0.301000 0.574320 4.000000 3.000000 9.148014 0.000000
207 B A 0.499598 0.140960 4.000000 3.000000 10.295154 0.000000
208 B A 0.816433 0.356361 4.000000 3.000000 9.668686 0.000000
209 B A 0.051170 0.633051 4.000000 4.000000 10.490346 0.000000
210 B A 0.105473 0.040302 4.000000 4.000000 10.652811 0.000000
211 B A 0.275245 0.680940 4.000000 4.000000 9.142352 0.000000
212 B A 0.281244 0.746655 4.000000 4.000000 8.792487 0.000000
213 B A 0.567742 0.604609 4.000000 4.000000 8.438822 0.000000
214 B A 0.734928 0.864233 4.000000 4.000000 6.551061 0.000000
215 B A 0.936236 0.416607 4.000000 4.000000 9.664446 0.000000
216 B A 0.993996 0.510786 4.000000 4.000000 9.483154 0.000000
217 B A 0.098580 0.074470 4.000000 5.000000 10.478139 0.000000
218 B A 0.952986 0.982077 4.000000 5.000000 6.209736 0.000000
219 B A 0.046276 0.796991 5.000000 1.000000 8.852637 0.000000
220 B A 0.541463 0.949901 5.000000 1.000000 5.491107 0.000000
221 B A 0.862161 0.196825 5.000000 2.000000 10.332129 0.000000
222 B A 0.064015 0.780523 5.000000 3.000000 9.854830 0.000000
223 B A 0.605487 0.064527 5.000000 4.000000 10.278111 0.000000
224 B A 0.576285 0.411438 5.000000 5.000000 9.253335 0.000000
225 B A 0.587363 0.446262 5.000000 5.000000 9.053876 0.000000
226 B B 0.130452 0.584518 1.000000 2.000000 9.789546 0.000000
227 B B 0.199318 0.254536 1.000000 2.000000 10.359396 0.000000
228 B B 0.585533 0.723932 1.000000 2.000000 9.173183 0.000000
229 B B 0.801453 0.569068 1.000000 2.000000 9.699630 0.000000
230 B B 0.325276 0.598159 1.000000 3.000000 9.643560 0.000000
231 B B 0.956239 0.920799 1.000000 3.000000 8.596402 0.000000
232 B B 0.006437 0.708861 1.000000 4.000000 9.735780 0.000000
233 B B 0.260629 0.801131 1.000000 4.000000 9.130470 0.000000
234 B B 0.670432 0.270228 1.000000 4.000000 10.269131 0.000000
235 B B 0.149803 0.907035 2.000000 1.000000 8.551905 0.000000
236 B B 0.353631 0.902338 2.000000 2.000000 8.299947 0.000000
237 B B 0.509189 0.473888 2.000000 2.000000 9.730022 0.000000
238 B B 0.694406 0.117750 2.000000 2.000000 10.375751 0.000000
239 B B 0.317503 0.261538 2.000000 3.000000 10.260011 0.000000
240 B B 0.625785 0.829111 2.000000 3.000000 8.508514 0.000000
241 B B 0.680918 0.595982 2.000000 3.000000 9.356573 0.000000
242 B B 0.821178 0.330627 2.000000 3.000000 10.092886 0.000000
243 B B 0.190095 0.248198 2.000000 4.000000 10.436247 0.000000
244 B B 0.200925 0.639107 2.000000 4.000000 9.751888 0.000000
245 B B 0.223767 0.676601 2.000000 4.000000 9.600632 0.000000
246 B B 0.404906 0.211415 2.000000 4.000000 10.323513 0.000000
247 B B 0.500632 0.955433 2.000000 4.000000 8.077492 0.000000
248 B B 0.898516 0.268032 2.000000 4.000000 10.227789 0.000000
249 B B 0.102936 0.257540 2.000000 5.000000 10.515455 0.000000
250 B B 0.235220 0.964626 2.000000 5.000000 8.772332 0.000000
251 B B 0.311975 0.153380 2.000000 5.000000 10.448274 0.000000
252 B B 0.372838 0.961456 2.000000 5.000000 8.389763 0.000000
253 B B 0.437164 0.187826 2.000000 5.000000 10.377266 0.000000
254 B B 0.458799 0.915960 2.000000 5.000000 8.417789 0.000000
255 B B 0.525580 0.216226 2.000000 5.000000 10.317706 0.000000
256 B B 0.018167 0.407263 3.000000 2.000000 10.325809 0.000000
257 B B 0.114867 0.285848 3.000000 2.000000 10.371555 0.000000
258 B B 0.486577 0.990849 3.000000 2.000000 7.471863 0.000000
259 B B 0.538348 0.668355 3.000000 2.000000 8.894991 0.000000
260 B B 0.779175 0.069265 3.000000 2.000000 10.376467 0.000000
261 B B 0.883410 0.697153 3.000000 2.000000 9.218644 0.000000
262 B B 0.916096 0.390172 3.000000 2.000000 10.102945 0.000000
263 B B 0.563659 0.936978 3.000000 3.000000 7.743391 0.000000
264 B B 0.639491 0.671850 3.000000 3.000000 8.857809 0.000000
265 B B 0.677787 0.755676 3.000000 3.000000 8.524650 0.000000
266 B B 0.374855 0.026135 3.000000 4.000000 10.446326 0.000000
267 B B 0.478558 0.910113 3.000000 4.000000 8.075835 0.000000
268 B B 0.652803 0.107309 3.000000 4.000000 10.293504 0.000000
269 B B 0.722846 0.787466 3.000000 4.000000 8.368053 0.000000
270 B B 0.857397 0.240299 3.000000 4.000000 10.140778 0.000000
271 B B 0.868389 0.298357 3.000000 4.000000 10.044802 0.000000
272 B B 0.432563 0.443329 3.000000 5.000000 9.895190 0.000000
273 B B 0.697963 0.551159 3.000000 5.000000 9.268088 0.000000
274 B B 0.247787 0.620308 4.000000 1.000000 9.088591 0.000000
275 B B 0.356834 0.080663 4.000000 1.000000 10.228519 0.000000
276 B B 0.473309 0.124671 4.000000 1.000000 10.177006 0.000000
277 B B 0.522649 0.003428 4.000000 1.000000 10.369886 0.000000
278 B B 0.016035 0.387527 4.000000 2.000000 10.385016 0.000000
279 B B 0.034657 0.417816 4.000000 2.000000 10.331193 0.000000
280 B B 0.124163 0.895022 4.000000 2.000000 8.837851 0.000000
281 B B 0.613094 0.145277 4.000000 2.000000 10.150334 0.000000
282 B B 0.039879 0.696605 4.000000 3.000000 10.054786 0.000000
283 B B 0.332498 0.304336 4.000000 3.000000 10.019470 0.000000
284 B B 0.512482 0.322146 4.000000 3.000000 9.815720 0.000000
285 B B 0.622870 0.653580 4.000000 3.000000 8.668976 0.000000
286 B B 0.863764 0.401364 4.000000 3.000000 9.772235 0.000000
287 B B 0.599549 0.427983 4.000000 4.000000 9.502721 0.000000
288 B B 0.635055 0.406433 4.000000 4.000000 9.526233 0.000000
289 B B 0.824479 0.578263 4.000000 4.000000 9.030690 0.000000
290 B B 0.975831 0.263728 4.000000 4.000000 10.175762 0.000000
291 B B 0.402500 0.532808 4.000000 5.000000 9.654306 0.000000
292 B B 0.781713 0.809511 5.000000 1.000000 8.372540 0.000000
293 B B 0.150570 0.518396 5.000000 2.000000 9.879529 0.000000
294 B B 0.518011 0.843324 5.000000 2.000000 7.536941 0.000000
295 B B 0.662947 0.317979 5.000000 2.000000 9.614333 0.000000
296 B B 0.785215 0.791351 5.000000 2.000000 8.177522 0.000000
297 B B 0.847470 0.364092 5.000000 2.000000 9.860193 0.000000
298 B B 0.877135 0.426643 5.000000 2.000000 9.815973 0.000000
299 B B 0.174101 0.209996 5.000000 3.000000 10.453482 0.000000
300 B B 0.740118 0.490940 5.000000 3.000000 9.059118 0.000000
301 B A 0.487376 0.986551 3.000000 2.000000 6.240315 0.000000
302 B A 0.481175 0.983391 3.000000 2.000000 6.268841 0.000000
303 B A 0.488239 0.987662 3.000000 2.000000 6.231216 0.000000
304 B A 0.481666 0.989225 3.000000 2.000000 6.223738 0.000000
305 B A 0.487758 0.992711 3.000000 2.000000 6.192647 0.000000
306 B A 0.487406 0.987993 3.000000 2.000000 6.229216 0.000000
307 B A 0.487773 0.988907 3.000000 2.000000 6.221950 0.000000
308 B A 0.479825 0.991676 3.000000 2.000000 6.206235 0.000000
309 B A 0.476264 0.987273 3.000000 2.000000 6.242822 0.000000
310 B A 0.484612 0.994732 3.000000 2.000000 6.179180 0.000000
311 B A 0.481404 0.992244 3.000000 2.000000 6.200685 0.000000
312 B A 0.479786 0.991244 3.000000 2.000000 6.209594 0.000000
313 B A 0.487666 0.994759 3.000000 2.000000 6.176886 0.000000
314 B A 0.484802 0.988776 3.000000 2.000000 6.224960 0.000000
315 B A 0.485390 0.991658 3.000000 2.000000 6.202371 0.000000
316 B A 0.491664 0.990037 3.000000 2.000000 6.210764 0.000000
317 B A 0.484897 0.990610 3.000000 2.000000 6.210785 0.000000
318 B A 0.479457 0.982035 3.000000 2.000000 6.280471 0.000000
319 B A 0.483925 0.982807 3.000000 2.000000 6.271351 0.000000
320 B A 0.483021 0.974709 3.000000 2.000000 6.333711 0.000000
321 B A 0.478513 0.983687 3.000000 2.000000 6.268550 0.000000
322 B A 0.479224 0.985284 3.000000 2.000000 6.255787 0.000000
323 B A 0.483777 0.979364 3.000000 2.000000 6.297751 0.000000
324 B A 0.467209 0.996915 3.000000 2.000000 6.176326 0.000000
325 B A 0.464511 0.996897 3.000000 2.000000 6.178985 0.000000
326 B A 0.457010 0.999906 3.000000 2.000000 6.163287 0.000000
327 B A 0.455763 0.999266 3.000000 2.000000 6.169568 0.000000
328 B A 0.448003 0.998322 3.000000 2.000000 6.185674 0.000000
329 B A 0.458405 0.950130 3.000000 2.000000 6.538552 0.000000
330 B A 0.449534 0.999000 3.000000 2.000000 6.178635 0.000000
331 B A 0.447345 0.995163 3.000000 2.000000 6.210768 0.000000
332 B A 0.451794 0.999758 3.000000 2.000000 6.170175 0.000000
333 B A 0.443445 0.958250 3.000000 2.000000 6.494532 0.000000
334 B A 0.453099 0.999154 3.000000 2.000000 6.173361 0.000000
335 B A 0.451668 0.999568 3.000000 2.000000 6.171782 0.000000
336 B A 0.448485 0.995476 3.000000 2.000000 6.207005 0.000000
337 B A 0.457105 0.999895 3.000000 2.000000 6.163275 0.000000
338 B A 0.451827 0.999988 3.000000 2.000000 6.168357 0.000000
339 B A 0.444578 0.946162 3.000000 2.000000 6.582626 0.000000
340 B A 0.421262 0.998724 3.000000 2.000000 6.220656 0.000000
341 B A 0.454131 0.999241 3.000000 2.000000 6.171545 0.000000
342 B A 0.460210 0.965481 3.000000 2.000000 6.422315 0.000000
343 B A 0.431938 0.961348 3.000000 2.000000 6.486466 0.000000
344 B A 0.452302 0.999954 3.000000 2.000000 6.168087 0.000000
345 B A 0.460990 0.999441 3.000000 2.000000 6.162775 0.000000
346 B A 0.455413 0.938238 3.000000 2.000000 6.629099 0.000000
347 B A 0.423819 0.966071 3.000000 2.000000 6.463301 0.000000
348 B A 0.452048 0.999601 3.000000 2.000000 6.171096 0.000000
349 B A 0.459757 0.998316 3.000000 2.000000 6.172712 0.000000
350 B A 0.450333 0.998329 3.000000 2.000000 6.182874 0.000000
351 B A 0.435828 0.964139 3.000000 2.000000 6.460344 0.000000
352 B A 0.457552 0.998400 3.000000 2.000000 6.174348 0.000000
353 B A 0.458066 0.948412 3.000000 2.000000 6.551597 0.000000
354 B A 0.406519 0.999999 3.000000 2.000000 6.237646 0.000000
355 B A 0.458894 0.963560 3.000000 2.000000 6.438016 0.000000
356 B A 0.424099 0.999974 3.000000 2.000000 6.206416 0.000000
357 B A 0.511959 0.967658 3.000000 2.000000 6.371372 0.000000
358 B A 0.443441 0.937417 3.000000 2.000000 6.648072 0.000000
359 B A 0.459362 0.968735 3.000000 2.000000 6.398675 0.000000
360 B A 0.417635 0.998896 3.000000 2.000000 6.225505 0.000000
361 B A 0.458959 0.999888 3.000000 2.000000 6.161387 0.000000
362 B A 0.433207 0.969120 3.000000 2.000000 6.426685 0.000000
363 B A 0.458762 0.999776 3.000000 2.000000 6.162456 0.000000
364 B A 0.459355 0.949320 3.000000 2.000000 6.543638 0.000000
365 B A 0.439521 0.967786 3.000000 2.000000 6.428236 0.000000
366 B A 0.508891 0.969105 3.000000 2.000000 6.361709 0.000000
367 B A 0.462905 0.940451 3.000000 2.000000 6.605760 0.000000
368 B A 0.414987 0.971120 3.000000 2.000000 6.440136 0.000000
369 B A 0.441760 0.972931 3.000000 2.000000 6.386741 0.000000
370 B A 0.460966 0.948903 3.000000 2.000000 6.545198 0.000000
371 B A 0.503833 0.999243 3.000000 2.000000 6.132693 0.000000
372 B A 0.510675 0.999069 3.000000 2.000000 6.130819 0.000000
373 B A 0.540500 0.998629 3.000000 2.000000 6.124991 0.000000
374 B A 0.546321 0.971221 3.000000 2.000000 6.335031 0.000000
375 B A 0.507801 0.999115 3.000000 2.000000 6.131762 0.000000
376 B A 0.527786 0.998954 3.000000 2.000000 6.125486 0.000000
377 B A 0.540909 0.953022 3.000000 2.000000 6.473264 0.000000
378 B A 0.525732 0.971811 3.000000 2.000000 6.334994 0.000000
379 B A 0.509046 0.933356 3.000000 2.000000 6.628520 0.000000
380 B A 0.512157 0.973096 3.000000 2.000000 6.330006 0.000000
381 B A 0.506547 0.971199 3.000000 2.000000 6.346870 0.000000
382 B A 0.541823 0.999474 3.000000 2.000000 6.118168 0.000000
383 B A 0.560769 0.998622 3.000000 2.000000 6.122955 0.000000
384 B A 0.553683 0.999636 3.000000 2.000000 6.115403 0.000000
385 B A 0.529749 0.954680 3.000000 2.000000 6.463258 0.000000
386 B A 0.547014 0.975316 3.000000 2.000000 6.303720 0.000000
387 B A 0.558496 0.950414 3.000000 2.000000 6.490855 0.000000
388 B A 0.548789 0.975202 3.000000 2.000000 6.304372 0.000000
389 B A 0.528402 0.999133 3.000000 2.000000 6.123917 0.000000
390 B A 0.560980 0.974633 3.000000 2.000000 6.307875 0.000000
391 B A 0.531566 0.928346 3.000000 2.000000 6.658015 0.000000
392 B A 0.570339 0.999667 3.000000 2.000000 6.115031 0.000000
393 B A 0.570382 0.974953 3.000000 2.000000 6.305603 0.000000
394 B A 0.531345 0.999083 3.000000 2.000000 6.123504 0.000000
395 B A 0.534737 0.999517 3.000000 2.000000 6.119280 0.000000
396 B A 0.542827 0.955327 3.000000 2.000000 6.455660 0.000000
397 B A 0.531212 0.973595 3.000000 2.000000 6.319894 0.000000
398 B A 0.557119 0.955308 3.000000 2.000000 6.454266 0.000000
399 B A 0.522532 0.999657 3.000000 2.000000 6.121657 0.000000
400 B A 0.523602 0.977510 3.000000 2.000000 6.292188 0.000000
401 B A 0.573435 0.999599 3.000000 2.000000 6.115805 0.000000
402 B A 0.574382 0.934993 3.000000 2.000000 6.605603 0.000000
403 B A 0.580055 0.977478 3.000000 2.000000 6.287299 0.000000
404 B A 0.546704 0.955375 3.000000 2.000000 6.454728 0.000000
405 B A 0.511646 0.970684 3.000000 2.000000 6.348556 0.000000
406 B A 0.528126 0.978351 3.000000 2.000000 6.284401 0.000000
407 B A 0.558916 0.951868 3.000000 2.000000 6.479968 0.000000
408 B A 0.507682 0.999762 3.000000 2.000000 6.126786 0.000000
409 B A 0.545018 0.976792 3.000000 2.000000 6.292723 0.000000
410 B A 0.507644 0.976900 3.000000 2.000000 6.302973 0.000000
411 B A 0.527240 0.956534 3.000000 2.000000 6.450024 0.000000
412 B A 0.588909 0.928436 3.000000 2.000000 6.655806 0.000000
413 B A 0.561708 0.997969 3.000000 2.000000 6.128023 0.000000
414 B A 0.562749 0.976504 3.000000 2.000000 6.293563 0.000000
415 B A 0.577530 0.999292 3.000000 2.000000 6.118651 0.000000
416 B A 0.601055 0.976712 3.000000 2.000000 6.298355 0.000000
417 B A 0.573637 0.954558 3.000000 2.000000 6.460101 0.000000
418 B A 0.544322 0.999499 3.000000 1.000000 6.147647 0.000000
419 B A 0.547617 0.999872 3.000000 1.000000 6.148170 0.000000
420 B A 0.556601 0.977536 3.000000 1.000000 6.329608 0.000000
421 B A 0.540338 0.950053 3.000000 1.000000 6.519902 0.000000
422 B A 0.582073 0.979817 3.000000 1.000000 6.342968 0.000000
423 B A 0.534250 0.999241 3.000000 1.000000 6.139727 0.000000
424 B A 0.528917 0.961345 3.000000 1.000000 6.424863 0.000000
425 B A 0.551384 0.979994 3.000000 1.000000 6.305223 0.000000
426 B A 0.578227 0.999954 3.000000 1.000000 6.183590 0.000000
427 B A 0.519484 0.965211 3.000000 1.000000 6.387750 0.000000
428 B A 0.536284 0.937558 3.000000 1.000000 6.608705 0.000000
429 B A 0.562048 0.979771 3.000000 1.000000 6.318704 0.000000
430 B A 0.507138 0.999357 3.000000 1.000000 6.116311 0.000000
431 B A 0.510946 0.999959 3.000000 1.000000 6.114393 0.000000
432 B A 0.508986 0.924728 3.000000 1.000000 6.680739 0.000000
433 B A 0.537996 0.960662 3.000000 1.000000 6.438274 0.000000
434 B A 0.592006 0.977861 3.000000 1.000000 6.371307 0.000000
435 B A 0.512090 0.980635 3.000000 1.000000 6.264582 0.000000
436 B A 0.552215 0.945304 3.000000 1.000000 6.566998 0.000000
437 B A 0.525426 0.999843 3.000000 1.000000 6.127022 0.000000
438 B A 0.525679 0.963454 3.000000 1.000000 6.406163 0.000000
439 B A 0.571224 0.978930 3.000000 1.000000 6.335963 0.000000
440 B A 0.542210 0.979309 3.000000 1.000000 6.301030 0.000000
441 B A 0.505579 0.944621 3.000000 1.000000 6.531812 0.000000
442 B A 0.558873 0.962730 3.000000 1.000000 6.444098 0.000000
443 B A 0.524074 0.999259 3.000000 1.000000 6.130392 0.000000
444 B A 0.523358 0.976829 3.000000 1.000000 6.302665 0.000000
445 B A 0.606774 0.978575 3.000000 1.000000 6.387782 0.000000
446 B A 0.511053 0.956652 3.000000 1.000000 6.445781 0.000000
447 B A 0.533587 0.999696 3.000000 1.000000 6.135567 0.000000
448 B A 0.504063 0.924967 3.000000 1.000000 6.675640 0.000000
449 B A 0.531801 0.978142 3.000000 1.000000 6.300037 0.000000
450 B A 0.571675 0.960475 3.000000 1.000000 6.475744 0.000000
451 B A 0.526393 0.980238 3.000000 1.000000 6.279197 0.000000
452 B A 0.503043 0.998550 3.000000 1.000000 6.119764 0.000000
453 B A 0.499446 0.999866 3.000000 1.000000 6.107169 0.000000
454 B A 0.592971 0.941743 3.000000 1.000000 6.641718 0.000000
455 B A 0.501673 0.961916 3.000000 1.000000 6.399678 0.000000
456 B A 0.503634 0.981757 3.000000 1.000000 6.249965 0.000000
457 B A 0.502741 0.980035 3.000000 1.000000 6.262573 0.000000
458 B A 0.562451 0.999642 3.000000 1.000000 6.166453 0.000000
459 B A 0.503826 0.958319 3.000000 1.000000 6.428197 0.000000
460 B A 0.523256 0.938532 3.000000 1.000000 6.590209 0.000000
461 B A 0.549332 0.977568 3.000000 1.000000 6.321569 0.000000
462 B A 0.579137 0.998781 3.000000 1.000000 6.193848 0.000000
463 B A 0.517378 0.999948 3.000000 1.000000 6.119460 0.000000
464 B A 0.522392 0.962907 3.000000 1.000000 6.407528 0.000000
465 B A 0.563696 0.979644 3.000000 1.000000 6.321577 0.000000
466 B A 0.547108 0.979833 3.000000 1.000000 6.301978 0.000000
467 B A 0.602448 0.999762 3.000000 1.000000 6.219592 0.000000
468 B A 0.517794 0.940499 3.000000 1.000000 6.571300 0.000000
469 B A 0.538669 0.961494 3.000000 1.000000 6.432655 0.000000
470 B A 0.581403 0.978938 3.000000 1.000000 6.348761 0.000000
471 B A 0.500459 0.963041 3.000000 1.000000 6.390408 0.000000
472 B A 0.564978 0.915640 3.000000 1.000000 6.797279 0.000000
473 B A 0.526165 0.980226 3.000000 1.000000 6.279093 0.000000
474 B A 0.545929 0.999006 3.000000 1.000000 6.153131 0.000000
475 B A 0.517757 0.999926 3.000000 1.000000 6.119934 0.000000
476 B A 0.520720 0.963754 3.000000 1.000000 6.399766 0.000000
477 B A 0.556052 0.941172 3.000000 1.000000 6.601558 0.000000
478 B A 0.589202 0.980120 3.000000 1.000000 6.350276 0.000000
479 B A 0.534175 0.979720 3.000000 1.000000 6.290166 0.000000
480 B A 0.499472 0.999176 3.000000 1.000000 6.112555 0.000000
481 B A 0.612058 0.952085 3.000000 1.000000 6.593602 0.000000
482 B A 0.500455 0.981361 3.000000 1.000000 6.250921 0.000000
483 B A 0.568696 0.958038 3.000000 1.000000 6.490436 0.000000
484 B A 0.541343 0.981141 3.000000 1.000000 6.286168 0.000000
485 B A 0.525047 0.999823 3.000000 1.000000 6.126850 0.000000
486 B A 0.553579 0.999204 3.000000 1.000000 6.159777 0.000000
487 B A 0.495410 0.960871 3.000000 1.000000 6.403687 0.000000
488 B A 0.583473 0.928216 3.000000 1.000000 6.728023 0.000000
489 B A 0.520490 0.982525 3.000000 1.000000 6.256678 0.000000
490 B A 0.542851 0.999693 3.000000 1.000000 6.144636 0.000000
491 B A 0.496985 0.964830 3.000000 1.000000 6.374727 0.000000
492 B A 0.564762 0.947912 3.000000 1.000000 6.561258 0.000000
493 B A 0.520677 0.978100 3.000000 1.000000 6.290726 0.000000
494 B A 0.539074 0.977553 3.000000 1.000000 6.311361 0.000000
495 B A 0.569543 0.999853 3.000000 1.000000 6.173346 0.000000
496 B A 0.596055 0.961047 3.000000 1.000000 6.503298 0.000000
497 B A 0.506896 0.980244 3.000000 1.000000 6.263806 0.000000
498 B A 0.546126 0.944603 3.000000 1.000000 6.566022 0.000000
499 B A 0.523810 0.978551 3.000000 1.000000 6.289891 0.000000
500 B A 0.497768 0.999733 3.000000 1.000000 6.107149 0.000000
501 B A 0.493883 0.959748 3.000000 1.000000 6.411271 0.000000
502 B A 0.500547 0.981711 3.000000 1.000000 6.248289 0.000000
503 B A 0.518642 0.999469 3.000000 1.000000 6.124214 0.000000
504 B A 0.491969 0.999659 3.000000 1.000000 6.104318 0.000000
505 B A 0.494717 0.931350 3.000000 1.000000 6.623081 0.000000
506 B A 0.496269 0.964501 3.000000 1.000000 6.376785 0.000000
507 B A 0.513440 0.978014 3.000000 1.000000 6.285665 0.000000
508 B A 0.491336 0.981628 3.000000 1.000000 6.243441 0.000000
509 B A 0.539864 0.999635 3.000000 1.000000 6.142098 0.000000
510 B A 0.511713 0.946505 3.000000 1.000000 6.522123 0.000000
511 B A 0.486111 0.911900 3.000000 1.000000 6.760207 0.000000
512 B A 0.550844 0.965034 3.000000 1.000000 6.418140 0.000000
513 B A 0.515586 0.978003 3.000000 1.000000 6.287395 0.000000
514 B A 0.477202 0.946174 3.000000 1.000000 6.504870 0.000000
515 B A 0.535718 0.999109 3.000000 1.000000 6.142151 0.000000
516 B A 0.577236 0.964968 3.000000 1.000000 6.448889 0.000000
517 B A 0.613449 0.979301 3.000000 1.000000 6.392985 0.000000
518 B A 0.497713 0.999513 3.000000 1.000000 6.108834 0.000000
519 B A 0.558004 0.979188 3.000000 1.000000 6.318582 0.000000
520 B A 0.502045 0.963578 3.000000 1.000000 6.387369 0.000000
521 B A 0.529015 0.999344 3.000000 1.000000 6.134088 0.000000
522 B A 0.477062 0.931645 3.000000 1.000000 6.612309 0.000000
523 B A 0.496372 0.981487 3.000000 1.000000 6.247417 0.000000
524 B A 0.538060 0.961766 3.000000 1.000000 6.430027 0.000000
525 B A 0.588690 0.981519 3.000000 1.000000 6.338949 0.000000
526 B A 0.518995 0.947217 3.000000 1.000000 6.522375 0.000000
527 B A 0.560296 0.981528 3.000000 1.000000 6.303306 0.000000
528 B A 0.477480 0.999171 3.000000 1.000000 6.101249 0.000000
529 B A 0.489146 0.961952 3.000000 1.000000 6.392052 0.000000
530 B A 0.474937 0.983532 3.000000 1.000000 6.221329 0.000000
531 B A 0.477098 0.999489 3.000000 1.000000 6.098621 0.000000
532 B A 0.473908 0.999500 3.000000 1.000000 6.097374 0.000000
533 B A 0.480673 0.945712 3.000000 1.000000 6.509739 0.000000
534 B A 0.473903 0.999967 3.000000 1.000000 6.093735 0.000000
535 B A 0.479464 0.962650 3.000000 1.000000 6.382221 0.000000
536 B A 0.479701 0.978365 3.000000 1.000000 6.262817 0.000000
537 B A 0.473774 0.999856 3.000000 1.000000 6.094555 0.000000
538 B A 0.477589 0.919979 3.000000 1.000000 6.697832 0.000000
539 B A 0.476579 0.964774 3.000000 1.000000 6.365013 0.000000
540 B A 0.469223 0.984927 3.000000 1.000000 6.208752 0.000000
541 B A 0.496271 0.945470 3.000000 1.000000 6.519571 0.000000
542 B A 0.468416 0.979157 3.000000 1.000000 6.252820 0.000000
543 B A 0.497422 0.999071 3.000000 1.000000 6.112095 0.000000
544 B A 0.498352 0.965257 3.000000 1.000000 6.372329 0.000000
545 B A 0.474942 0.999915 3.000000 1.000000 6.094498 0.000000
546 B A 0.477676 0.979854 3.000000 1.000000 6.250589 0.000000
547 B A 0.469733 0.962086 3.000000 1.000000 6.382992 0.000000
548 B A 0.494735 0.981052 3.000000 1.000000 6.249783 0.000000
549 B A 0.431501 0.934656 3.000000 1.000000 6.586246 0.000000
550 B A 0.472032 0.999915 3.000000 1.000000 6.093517 0.000000
551 B A 0.469857 0.963025 3.000000 1.000000 6.375938 0.000000
552 B A 0.488414 0.979377 3.000000 1.000000 6.259146 0.000000
553 B A 0.470211 0.947106 3.000000 1.000000 6.495476 0.000000
554 B A 0.468206 0.999383 3.000000 1.000000 6.096539 0.000000
555 B A 0.428661 0.980055 3.000000 1.000000 6.246814 0.000000
556 B A 0.439160 0.981060 3.000000 1.000000 6.236383 0.000000
557 B A 0.470232 0.999957 3.000000 1.000000 6.092633 0.000000
558 B A 0.416589 0.999674 3.000000 1.000000 6.101544 0.000000
559 B A 0.423585 0.961045 3.000000 1.000000 6.392890 0.000000
560 B A 0.405850 0.964175 3.000000 1.000000 6.380238 0.000000
561 B A 0.427698 0.981750 3.000000 1.000000 6.234202 0.000000
562 B A 0.468852 0.927131 3.000000 1.000000 6.642596 0.000000
563 B A 0.440146 0.999566 3.000000 1.000000 6.093396 0.000000
564 B A 0.464997 0.950091 3.000000 1.000000 6.471781 0.000000
565 B A 0.383390 0.980389 3.000000 1.000000 6.281532 0.000000
566 B A 0.434611 0.999563 3.000000 1.000000 6.094595 0.000000
567 B A 0.391959 0.964601 3.000000 1.000000 6.390243 0.000000
568 B A 0.416686 0.999997 3.000000 1.000000 6.098980 0.000000
569 B A 0.399794 0.980083 3.000000 1.000000 6.265197 0.000000
570 B A 0.410556 0.952330 3.000000 1.000000 6.465359 0.000000
571 B A 0.412907 0.980139 3.000000 1.000000 6.254191 0.000000
572 B A 0.436562 0.980480 3.000000 1.000000 6.241318 0.000000
573 B A 0.415771 0.900864 3.000000 1.000000 6.836891 0.000000
574 B A 0.436361 0.998967 3.000000 1.000000 6.098802 0.000000
575 B A 0.433200 0.943509 3.000000 1.000000 6.520484 0.000000
576 B A 0.438716 0.962270 3.000000 1.000000 6.379182 0.000000
577 B A 0.395947 0.980761 3.000000 1.000000 6.263859 0.000000
578 B A 0.427068 0.968584 3.000000 1.000000 6.334627 0.000000
579 B A 0.373871 0.999525 3.000000 1.000000 6.149127 0.000000
580 B A 0.437427 0.933805 3.000000 1.000000 6.591221 0.000000
581 B A 0.413007 0.999862 3.000000 1.000000 6.102413 0.000000
582 B A 0.420968 0.999810 3.000000 1.000000 6.098004 0.000000
583 B A 0.404909 0.963150 3.000000 1.000000 6.388699 0.000000
584 B A 0.384359 0.999691 3.000000 1.000000 6.132491 0.000000
585 B A 0.409464 0.978044 3.000000 1.000000 6.272570 0.000000
586 B A 0.427322 0.948173 3.000000 1.000000 6.487623 0.000000
587 B A 0.395292 0.982349 3.000000 1.000000 6.252446 0.000000
588 B A 0.442168 0.964896 3.000000 1.000000 6.358901 0.000000
589 B A 0.442936 0.999869 3.000000 1.000000 6.090646 0.000000
590 B A 0.417974 0.980887 3.000000 1.000000 6.245363 0.000000
591 B A 0.443548 0.981723 3.000000 1.000000 6.230725 0.000000
592 B A 0.408660 0.920872 3.000000 1.000000 6.697606 0.000000
593 B A 0.442894 0.999659 3.000000 1.000000 6.092286 0.000000
594 B A 0.380890 0.951696 3.000000 1.000000 6.499969 0.000000
595 B A 0.423334 0.966016 3.000000 1.000000 6.355567 0.000000
596 B A 0.439988 0.999929 3.000000 1.000000 6.090597 0.000000
597 B A 0.426927 0.980206 3.000000 1.000000 6.246303 0.000000
598 B A 0.440825 0.965049 3.000000 1.000000 6.357907 0.000000
599 B A 0.446278 0.939751 3.000000 1.000000 6.546556 0.000000
600 B A 0.394670 0.981589 3.000000 1.000000 6.258893 0.000000
601 B A 0.416648 0.999110 3.000000 1.000000 6.105885 0.000000
602 B A 0.367446 0.965106 3.000000 1.000000 6.420714 0.000000
603 B A 0.407304 0.980247 3.000000 1.000000 6.257431 0.000000
604 B A 0.423701 0.999502 3.000000 1.000000 6.099044 0.000000
605 B A 0.417657 0.945452 3.000000 1.000000 6.512107 0.000000
606 B A 0.391611 0.982232 3.000000 1.000000 6.257376 0.000000
607 B A 0.430658 0.999756 3.000000 1.000000 6.094282 0.000000
608 B A 0.420508 0.999985 3.000000 1.000000 6.096893 0.000000
609 B A 0.433719 0.967815 3.000000 1.000000 6.338348 0.000000
610 B A 0.407146 0.950085 3.000000 1.000000 6.484503 0.000000
611 B A 0.440975 0.918786 3.000000 1.000000 6.700418 0.000000
612 B A 0.420612 0.981852 3.000000 1.000000 6.236563 0.000000
613 B A 0.363117 0.963352 3.000000 1.000000 6.441367 0.000000
614 B A 0.382563 0.980655 5.000000 1.000000 5.228361 0.000000
615 B A 0.384947 0.936235 5.000000 1.000000 5.589602 0.000000
616 B A 0.375546 0.936201 5.000000 1.000000 5.613860 0.000000
617 B A 0.356378 0.920420 5.000000 1.000000 5.800591 0.000000
618 B A 0.374221 0.882584 5.000000 1.000000 6.042217 0.000000
619 B A 0.352307 0.890191 5.000000 1.000000 6.051971 0.000000
620 B A 0.342859 0.899716 5.000000 1.000000 6.014408 0.000000
621 B A 0.331184 0.883666 5.000000 1.000000 6.187712 0.000000
622 B A 0.323584 0.883222 5.000000 1.000000 6.226507 0.000000
623 B A 0.345667 0.892782 5.000000 1.000000 6.056910 0.000000
624 B A 0.340449 0.860520 5.000000 1.000000 6.323116 0.000000
625 B A 0.341709 0.880932 5.000000 1.000000 6.163623 0.000000
626 B A 0.356992 0.906419 5.000000 1.000000 5.908981 0.000000
627 B A 0.358091 0.903050 5.000000 1.000000 5.931625 0.000000
628 B A 0.355213 0.873651 5.000000 1.000000 6.168769 0.000000
629 B A 0.359954 0.906304 5.000000 1.000000 5.899827 0.000000
630 B A 0.354741 0.895490 5.000000 1.000000 6.002213 0.000000
631 B A 0.309185 0.854774 5.000000 1.000000 6.511545 0.000000
632 B A 0.352999 0.893097 5.000000 1.000000 6.026982 0.000000
633 B A 0.355519 0.897645 5.000000 1.000000 5.982713 0.000000
634 B A 0.353425 0.899901 5.000000 1.000000 5.972562 0.000000
635 B A 0.355881 0.892954 5.000000 1.000000 6.017920 0.000000
636 B A 0.353030 0.890483 5.000000 1.000000 6.047109 0.000000
637 B A 0.353277 0.895988 5.000000 1.000000 6.003548 0.000000
638 B A 0.343934 0.899063 5.000000 1.000000 6.015141 0.000000
639 B A 0.356565 0.897468 5.000000 1.000000 5.980462 0.000000
640 B A 0.353588 0.902852 5.000000 1.000000 5.948936 0.000000
641 B A 0.361522 0.899443 5.000000 1.000000 5.948455 0.000000
642 B A 0.352399 0.895777 5.000000 1.000000 6.008353 0.000000
643 B A 0.352600 0.891680 5.000000 1.000000 6.039396 0.000000
644 B A 0.359624 0.901717 5.000000 1.000000 5.936901 0.000000
645 B A 0.364092 0.897488 5.000000 1.000000 5.955544 0.000000
646 B A 0.307132 0.865424 5.000000 1.000000 6.444110 0.000000
647 B A 0.364955 0.904291 5.000000 1.000000 5.899535 0.000000
648 B A 0.328201 0.898726 5.000000 1.000000 6.086116 0.000000
649 B A 0.364345 0.904861 5.000000 1.000000 5.896955 0.000000
650 B A 0.366912 0.844581 5.000000 1.000000 6.351674 0.000000
651 B A 0.336501 0.900357 5.000000 1.000000 6.036100 0.000000
652 B A 0.364430 0.906433 5.000000 1.000000 5.884328 0.000000
653 B A 0.321117 0.910424 5.000000 1.000000 6.030209 0.000000
654 B A 0.296505 0.866629 5.000000 1.000000 6.495129 0.000000
655 B A 0.369212 0.905929 5.000000 1.000000 5.873772 0.000000
656 B A 0.368414 0.904507 5.000000 1.000000 5.887329 0.000000
657 B A 0.374974 0.867930 5.000000 1.000000 6.153073 0.000000
658 B A 0.365822 0.908856 5.000000 1.000000 5.860885 0.000000
659 B A 0.370508 0.909476 5.000000 1.000000 5.841983 0.000000
660 B A 0.367548 0.914640 5.000000 1.000000 5.809827 0.000000
661 B A 0.373720 0.911775 5.000000 1.000000 5.814702 0.000000
662 B A 0.373402 0.911870 5.000000 1.000000 5.814822 0.000000
663 B A 0.372917 0.910769 5.000000 1.000000 5.824902 0.000000
664 B A 0.376443 0.914616 5.000000 1.000000 5.784753 0.000000
665 B A 0.380313 0.914035 5.000000 1.000000 5.779425 0.000000
666 B A 0.378009 0.917911 5.000000 1.000000 5.754364 0.000000
667 B A 0.385870 0.913776 5.000000 1.000000 5.768292 0.000000
668 B A 0.380469 0.919763 5.000000 1.000000 5.733298 0.000000
669 B A 0.381158 0.919224 5.000000 1.000000 5.735898 0.000000
670 B A 0.383235 0.915760 5.000000 1.000000 5.758564 0.000000
671 B A 0.379953 0.915313 5.000000 1.000000 5.770143 0.000000
672 B A 0.386904 0.920079 5.000000 1.000000 5.715542 0.000000
673 B A 0.384735 0.920559 5.000000 1.000000 5.716630 0.000000
674 B A 0.384512 0.917985 5.000000 1.000000 5.737773 0.000000
675 B A 0.384307 0.922442 5.000000 1.000000 5.702515 0.000000
676 B A 0.386638 0.919431 5.000000 1.000000 5.721330 0.000000
677 B A 0.384032 0.921219 5.000000 1.000000 5.712982 0.000000
678 B A 0.388484 0.921471 5.000000 1.000000 5.700884 0.000000
679 B A 0.391844 0.924757 5.000000 1.000000 5.667341 0.000000
680 B A 0.385613 0.871388 5.000000 1.000000 6.101251 0.000000
681 B A 0.390308 0.925616 5.000000 1.000000 5.663607 0.000000
682 B A 0.390367 0.925109 5.000000 1.000000 5.667566 0.000000
683 B A 0.387576 0.925973 5.000000 1.000000 5.666637 0.000000
684 B A 0.394549 0.926662 5.000000 1.000000 5.646574 0.000000
685 B A 0.390678 0.924008 5.000000 1.000000 5.675789 0.000000
686 B A 0.390725 0.927196 5.000000 1.000000 5.649974 0.000000
687 B A 0.390583 0.925079 5.000000 1.000000 5.667354 0.000000
688 B A 0.387720 0.922685 5.000000 1.000000 5.692800 0.000000
689 B A 0.389780 0.929772 5.000000 1.000000 5.631148 0.000000
690 B A 0.395063 0.927818 5.000000 1.000000 5.636229 0.000000
691 B A 0.391971 0.925399 5.000000 1.000000 5.661906 0.000000
692 B A 0.392603 0.928631 5.000000 1.000000 5.634499 0.000000
693 B A 0.397236 0.928414 5.000000 1.000000 5.627317 0.000000
694 B A 0.397334 0.929846 5.000000 1.000000 5.615525 0.000000
695 A A 0.397921 0.930277 5.000000 1.000000 15.852052 0.000000
696 B A 0.398396 0.929176 5.000000 1.000000 5.619029 0.000000
697 B A 0.395341 0.930037 5.000000 1.000000 5.617723 0.000000
698 B A 0.398271 0.932471 5.000000 1.000000 5.592503 0.000000
699 B A 0.397611 0.932659 5.000000 1.000000 5.592174 0.000000
700 B A 0.397535 0.931968 5.000000 1.000000 5.597931 0.000000
701 B A 0.401094 0.933192 5.000000 1.000000 5.581686 0.000000
702 B A 0.400230 0.927379 5.000000 1.000000 5.630368 0.000000
703 B A 0.408366 0.933157 5.000000 1.000000 5.570631 0.000000
704 B A 0.398663 0.933017 5.000000 1.000000 5.587358 0.000000
705 B A 0.402163 0.937019 5.000000 1.000000 5.548687 0.000000
706 B A 0.406899 0.936413 5.000000 1.000000 5.546187 0.000000
707 B A 0.408426 0.935500 5.000000 1.000000 5.551422 0.000000
708 B A 0.404054 0.937659 5.000000 1.000000 5.540378 0.000000
709 B A 0.405762 0.935301 5.000000 1.000000 5.556979 0.000000
710 B A 0.404986 0.938144 5.000000 1.000000 5.534942 0.000000
711 B A 0.411969 0.937071 5.000000 1.000000 5.533764 0.000000
712 B A 0.408940 0.934297 5.000000 1.000000 5.560527 0.000000
713 A A 0.407938 0.936606 5.000000 1.000000 15.942552 0.000000
714 B A 0.404885 0.936548 5.000000 1.000000 5.548149 0.000000
715 B A 0.409385 0.938249 5.000000 1.000000 5.527588 0.000000
716 B A 0.406393 0.938821 5.000000 1.000000 5.527247 0.000000
717 B A 0.412651 0.936723 5.000000 1.000000 5.535733 0.000000
718 B A 0.413787 0.941040 5.000000 1.000000 5.498908 0.000000
719 B A 0.404958 0.934265 5.000000 1.000000 5.566665 0.000000
720 B A 0.406199 0.939968 5.000000 1.000000 5.518141 0.000000
721 B A 0.407484 0.941929 5.000000 1.000000 5.500137 0.000000
722 B A 0.413955 0.942626 5.000000 1.000000 5.485661 0.000000
723 B A 0.407063 0.940395 5.000000 1.000000 5.513347 0.000000
724 B A 0.412456 0.942562 5.000000 1.000000 5.488077 0.000000
725 B A 0.411660 0.942040 5.000000 1.000000 5.493407 0.000000
726 B A 0.413986 0.876240 5.000000 1.000000 6.017422 0.000000
727 B A 0.414641 0.944925 5.000000 1.000000 5.465895 0.000000
728 B A 0.415054 0.943893 5.000000 1.000000 5.473902 0.000000
729 B A 0.414833 0.941465 5.000000 1.000000 5.494143 0.000000
730 B A 0.416477 0.945976 5.000000 1.000000 5.455063 0.000000
731 A A 0.420568 0.944387 5.000000 1.000000 16.048296 0.000000
732 B A 0.413611 0.944772 5.000000 1.000000 5.468424 0.000000
733 B A 0.422289 0.945367 5.000000 1.000000 5.454025 0.000000
734 B A 0.421622 0.946852 5.000000 1.000000 5.442386 0.000000
735 B A 0.424318 0.945859 5.000000 1.000000 5.448119 0.000000
736 B A 0.422269 0.946326 5.000000 1.000000 5.446116 0.000000
737 B A 0.420819 0.946376 5.000000 1.000000 5.447108 0.000000
738 B A 0.420083 0.942409 5.000000 1.000000 5.480572 0.000000
739 B A 0.427941 0.948018 5.000000 1.000000 5.427321 0.000000
740 B A 0.424958 0.951355 5.000000 1.000000 5.402047 0.000000
741 B A 0.426472 0.947528 5.000000 1.000000 5.432513 0.000000
742 B A 0.427109 0.949258 5.000000 1.000000 5.417685 0.000000
743 B A 0.428144 0.948726 5.000000 1.000000 5.421300 0.000000
744 B A 0.429940 0.944803 5.000000 1.000000 5.452489 0.000000
745 B A 0.427903 0.950059 5.000000 1.000000 5.410430 0.000000
746 B A 0.430366 0.948462 5.000000 1.000000 5.421916 0.000000
747 B A 0.433266 0.950107 5.000000 1.000000 5.406460 0.000000
748 B A 0.430492 0.949088 5.000000 1.000000 5.416640 0.000000
749 B A 0.430422 0.948272 5.000000 1.000000 5.423456 0.000000
750 B A 0.432894 0.951366 5.000000 1.000000 5.396210 0.000000
751 B A 0.434175 0.948266 5.000000 1.000000 5.421227 0.000000
752 B A 0.437178 0.951191 5.000000 1.000000 5.395428 0.000000
753 B A 0.443461 0.950221 5.000000 1.000000 5.401261 0.000000
754 B A 0.438779 0.952783 5.000000 1.000000 5.381496 0.000000
755 B A 0.442239 0.951991 5.000000 1.000000 5.386870 0.000000
756 A A 0.440604 0.954605 5.000000 1.000000 16.179179 0.000000
757 B A 0.439866 0.954315 5.000000 1.000000 5.368299 0.000000
758 B A 0.447984 0.954389 5.000000 1.000000 5.365652 0.000000
759 B A 0.443768 0.956490 5.000000 1.000000 5.348913 0.000000
760 B A 0.446765 0.954019 5.000000 1.000000 5.368916 0.000000
761 B A 0.451327 0.957709 5.000000 1.000000 5.337616 0.000000
762 B A 0.446296 0.957806 5.000000 1.000000 5.337349 0.000000
763 B A 0.448163 0.957246 5.000000 1.000000 5.341749 0.000000
764 B A 0.448530 0.954042 5.000000 1.000000 5.368482 0.000000
765 B A 0.453076 0.957519 5.000000 1.000000 5.339192 0.000000
766 B A 0.451611 0.956509 5.000000 1.000000 5.347651 0.000000
767 B A 0.451025 0.958810 5.000000 1.000000 5.328409 0.000000
768 B A 0.456390 0.959732 5.000000 1.000000 5.320841 0.000000
769 B A 0.452404 0.952089 5.000000 1.000000 5.384555 0.000000
770 A A 0.453453 0.961443 5.000000 1.000000 16.258279 0.000000
771 B A 0.453976 0.958338 5.000000 1.000000 5.332352 0.000000
772 B A 0.456144 0.957672 5.000000 1.000000 5.338087 0.000000
773 B A 0.453945 0.958708 5.000000 1.000000 5.329252 0.000000
774 B A 0.454333 0.960441 5.000000 1.000000 5.314734 0.000000
775 B A 0.452643 0.960334 5.000000 1.000000 5.315590 0.000000
776 B A 0.455657 0.961759 5.000000 1.000000 5.303749 0.000000
777 B A 0.459806 0.961217 5.000000 1.000000 5.308885 0.000000
778 B A 0.451980 0.963225 5.000000 1.000000 5.291316 0.000000
779 B A 0.455368 0.961078 5.000000 1.000000 5.309448 0.000000
780 B A 0.459853 0.961932 5.000000 1.000000 5.302885 0.000000
781 B A 0.453661 0.964893 5.000000 1.000000 5.277283 0.000000
782 B A 0.459114 0.963842 5.000000 1.000000 5.286683 0.000000
783 B A 0.458874 0.961161 5.000000 1.000000 5.309188 0.000000
784 B A 0.457986 0.970287 5.000000 1.000000 5.232108 0.000000
785 B A 0.462108 0.966660 5.000000 1.000000 5.263573 0.000000
786 B A 0.459823 0.962373 5.000000 1.000000 5.299168 0.000000
787 B A 0.461628 0.960339 5.000000 1.000000 5.316660 0.000000
788 B A 0.460799 0.963242 5.000000 1.000000 5.292064 0.000000
789 B A 0.462560 0.964806 5.000000 1.000000 5.279319 0.000000
790 A A 0.464237 0.965998 5.000000 1.000000 16.306990 0.000000
791 B A 0.462167 0.966581 5.000000 1.000000 5.264248 0.000000
792 B A 0.463718 0.969065 5.000000 1.000000 5.243698 0.000000
793 B A 0.463779 0.963894 5.000000 1.000000 5.287346 0.000000
794 B A 0.467102 0.968933 5.000000 1.000000 5.245954 0.000000
795 B A 0.466242 0.967259 5.000000 1.000000 5.259784 0.000000
796 B A 0.468632 0.966542 5.000000 1.000000 5.266772 0.000000
797 B A 0.466077 0.969217 5.000000 1.000000 5.243178 0.000000
798 B A 0.466629 0.968502 5.000000 1.000000 5.249418 0.000000
799 B A 0.474604 0.969339 5.000000 1.000000 5.246077 0.000000
800 B A 0.466890 0.965313 5.000000 1.000000 5.276440 0.000000
801 B A 0.470280 0.970102 5.000000 1.000000 5.237400 0.000000
802 B A 0.474343 0.972385 5.000000 1.000000 5.220123 0.000000
803 B A 0.473511 0.968641 5.000000 1.000000 5.251376 0.000000
804 B A 0.469008 0.968965 5.000000 1.000000 5.246453 0.000000
805 B A 0.476296 0.972605 5.000000 1.000000 5.219391 0.000000
806 B A 0.466538 0.970605 5.000000 1.000000 5.231599 0.000000
807 B A 0.481181 0.971286 5.000000 1.000000 5.233804 0.000000
808 B A 0.477022 0.974093 5.000000 1.000000 5.207211 0.000000
809 A A 0.481133 0.976233 5.000000 1.000000 16.410977 0.000000
810 B A 0.482102 0.973542 5.000000 1.000000 5.215339 0.000000
811 B A 0.481400 0.970975 5.000000 1.000000 5.236599 0.000000
812 B A 0.491884 0.973837 5.000000 1.000000 5.221081 0.000000
813 B A 0.482071 0.974077 5.000000 1.000000 5.210769 0.000000
814 B A 0.484324 0.973482 5.000000 1.000000 5.217539 0.000000
815 B A 0.485285 0.975226 5.000000 1.000000 5.203490 0.000000
816 B A 0.482182 0.970932 5.000000 1.000000 5.237539 0.000000
817 B A 0.484191 0.976780 5.000000 1.000000 5.189397 0.000000
818 B A 0.487151 0.976600 5.000000 1.000000 5.193344 0.000000
819 B A 0.490547 0.975500 5.000000 1.000000 5.205706 0.000000
820 B A 0.493104 0.977289 5.000000 1.000000 5.192906 0.000000
821 B A 0.488585 0.973807 5.000000 1.000000 5.218326 0.000000
822 B A 0.491435 0.975955 5.000000 1.000000 5.202659 0.000000
823 B A 0.491280 0.977188 5.000000 1.000000 5.192021 0.000000
824 B A 0.498921 0.978031 5.000000 1.000000 5.192590 0.000000
825 B A 0.490611 0.977864 5.000000 1.000000 5.185648 0.000000
826 B A 0.493471 0.977649 5.000000 1.000000 5.190198 0.000000
827 B A 0.492293 0.976111 5.000000 1.000000 5.202149 0.000000
828 B A 0.494348 0.978362 5.000000 1.000000 5.184993 0.000000
829 A A 0.495503 0.977343 5.000000 1.000000 16.406882 0.000000
830 B A 0.492975 0.978704 5.000000 1.000000 5.180725 0.000000
831 B A 0.495889 0.976748 5.000000 1.000000 5.200299 0.000000
832 B A 0.492342 0.975409 5.000000 1.000000 5.208162 0.000000
833 B A 0.497471 0.974575 5.000000 1.000000 5.220426 0.000000
834 B A 0.494784 0.977652 5.000000 1.000000 5.191480 0.000000
835 B A 0.497480 0.980112 5.000000 1.000000 5.173297 0.000000
836 B A 0.495207 0.980487 5.000000 1.000000 5.167735 0.000000
837 B A 0.500455 0.980715 5.000000 1.000000 5.171397 0.000000
838 B A 0.499282 0.978680 5.000000 1.000000 5.187454 0.000000
839 B A 0.504301 0.979334 5.000000 1.000000 5.187629 0.000000
840 B A 0.510639 0.981549 5.000000 1.000000 5.176674 0.000000
841 B A 0.505512 0.981200 5.000000 1.000000 5.173170 0.000000
842 B A 0.502441 0.980102 5.000000 1.000000 5.178889 0.000000
843 B A 0.513041 0.981842 5.000000 1.000000 5.177381 0.000000
844 B A 0.509984 0.983606 5.000000 1.000000 5.158246 0.000000
845 B A 0.521848 0.983449 5.000000 1.000000 5.176281 0.000000
846 B A 0.516085 0.983396 5.000000 1.000000 5.168313 0.000000
847 B A 0.513041 0.980796 5.000000 1.000000 5.186299 0.000000
848 A A 0.514775 0.990498 5.000000 1.000000 16.525814 0.000000
849 B A 0.509576 0.983602 5.000000 1.000000 5.157753 0.000000
850 B A 0.511865 0.983351 5.000000 1.000000 5.162909 0.000000
851 B A 0.517462 0.981350 5.000000 1.000000 5.187741 0.000000
852 B A 0.516349 0.981363 5.000000 1.000000 5.186043 0.000000
853 B A 0.527948 0.982566 5.000000 1.000000 5.193330 0.000000
854 B A 0.516569 0.982385 5.000000 1.000000 5.177637 0.000000
855 B A 0.513945 0.981699 5.000000 1.000000 5.179828 0.000000
856 B A 0.513125 0.982584 5.000000 1.000000 5.171160 0.000000
857 B A 0.514738 0.981690 5.000000 1.000000 5.181001 0.000000
858 B A 0.519373 0.983592 5.000000 1.000000 5.171372 0.000000
859 B A 0.517316 0.981979 5.000000 1.000000 5.182165 0.000000
860 B A 0.518082 0.981684 5.000000 1.000000 5.185784 0.000000
861 B A 0.523178 0.983951 5.000000 1.000000 5.174013 0.000000
862 B A 0.513898 0.984565 5.000000 1.000000 5.155280 0.000000
863 B A 0.536481 0.984828 5.000000 1.000000 5.188386 0.000000
864 B A 0.519820 0.983486 5.000000 1.000000 5.172935 0.000000
865 B A 0.525408 0.985890 5.000000 1.000000 5.160901 0.000000
866 B A 0.524907 0.987768 5.000000 1.000000 5.144049 0.000000
867 B A 0.534459 0.986078 5.000000 1.000000 5.174205 0.000000
868 A A 0.532399 0.983732 5.000000 1.000000 16.412369 0.000000
869 B A 0.538555 0.987831 5.000000 1.000000 5.166411 0.000000
870 B A 0.544596 0.984700 5.000000 1.000000 5.204228 0.000000
871 B A 0.537942 0.986836 5.000000 1.000000 5.173821 0.000000
872 B A 0.538024 0.983709 5.000000 1.000000 5.200646 0.000000
873 B A 0.549976 0.984055 5.000000 1.000000 5.220068 0.000000
874 B A 0.532022 0.986247 5.000000 1.000000 5.168612 0.000000
875 B A 0.540213 0.986773 5.000000 1.000000 5.178442 0.000000
876 B A 0.543398 0.982681 5.000000 1.000000 5.219176 0.000000
877 B A 0.532246 0.987814 5.000000 1.000000 5.155594 0.000000
878 B A 0.556129 0.987428 5.000000 1.000000 5.203779 0.000000
879 B A 0.533250 0.988061 5.000000 1.000000 5.155182 0.000000
880 B A 0.532477 0.988351 5.000000 1.000000 5.151382 0.000000
881 B A 0.532667 0.999611 5.000000 1.000000 5.054921 0.000000
882 B A 0.551572 0.998821 5.000000 1.000000 5.096938 0.000000
883 B A 0.557836 0.999204 5.000000 1.000000 5.106597 0.000000
884 B A 0.565890 0.997906 5.000000 1.000000 5.135338 0.000000
885 B A 0.565862 0.996820 5.000000 1.000000 5.144575 0.000000
886 B A 0.577818 0.998547 5.000000 1.000000 5.157919 0.000000
887 A A 0.585728 0.998393 5.000000 1.000000 16.427679 0.000000
888 B A 0.565772 0.998511 5.000000 1.000000 5.129886 0.000000
889 B A 0.605853 0.998527 5.000000 1.000000 5.234380 0.000000
890 B A 0.577025 0.998832 5.000000 1.000000 5.153544 0.000000
891 B A 0.584385 0.984001 5.000000 1.000000 5.297870 0.000000
892 B A 0.610637 0.995338 5.000000 1.000000 5.275936 0.000000
893 B A 0.568386 0.998761 5.000000 1.000000 5.133684 0.000000
894 B A 0.579305 0.997946 5.000000 1.000000 5.166729 0.000000
895 B A 0.624110 0.997369 5.000000 1.000000 5.302678 0.000000
896 B A 0.596832 0.999533 5.000000 1.000000 5.199597 0.000000
897 B A 0.572778 0.996241 5.000000 1.000000 5.165475 0.000000
898 B A 0.586526 0.989457 5.000000 1.000000 5.257248 0.000000
899 B A 0.629458 0.992365 5.000000 1.000000 5.363215 0.000000
900 B A 0.573507 0.996050 5.000000 1.000000 5.168836 0.000000
901 B A 0.570592 0.999126 5.000000 1.000000 5.135657 0.000000
902 B A 0.567982 0.989907 5.000000 1.000000 5.208382 0.000000
903 B A 0.603180 0.999939 5.000000 1.000000 5.214454 0.000000
904 B A 0.566810 0.998863 5.000000 1.000000 5.129207 0.000000
905 B A 0.579355 0.999145 5.000000 1.000000 5.156612 0.000000
906 B A 0.596202 0.999350 5.000000 1.000000 5.199378 0.000000
907 A A 0.574998 0.999233 5.000000 1.000000 16.473081 0.000000
908 B A 0.622044 0.998012 5.000000 1.000000 5.290253 0.000000
909 B A 0.569307 0.999796 5.000000 1.000000 5.126926 0.000000
910 B A 0.591354 0.999962 5.000000 1.000000 5.180800 0.000000
911 B A 0.571727 0.996618 5.000000 1.000000 5.159778 0.000000
912 B A 0.566200 0.999629 5.000000 1.000000 5.121257 0.000000
913 B A 0.566454 0.997601 5.000000 1.000000 5.139219 0.000000
914 B A 0.612418 0.991566 5.000000 1.000000 5.313251 0.000000
915 B A 0.563629 0.998169 5.000000 1.000000 5.128031 0.000000
916 B A 0.569982 0.998418 5.000000 1.000000 5.140303 0.000000
917 B A 0.643264 0.998526 5.000000 1.000000 5.363234 0.000000
918 B A 0.596476 0.999826 5.000000 1.000000 5.196104 0.000000
919 B A 0.563772 0.999784 5.000000 1.000000 5.114492 0.000000
920 B A 0.565031 0.999005 5.000000 1.000000 5.123984 0.000000
921 B A 0.560631 0.998599 5.000000 1.000000 5.117780 0.000000
922 B A 0.568970 0.997370 5.000000 1.000000 5.146932 0.000000
923 B A 0.568784 0.999925 5.000000 1.000000 5.124618 0.000000
924 B A 0.562189 0.999846 5.000000 1.000000 5.110474 0.000000
925 B A 0.563170 0.994460 5.000000 1.000000 5.158780 0.000000
926 A A 0.604473 0.997515 5.000000 1.000000 16.348211 0.000000
927 B A 0.557403 0.999904 5.000000 1.000000 5.099665 0.000000
928 B A 0.562210 0.998935 5.000000 1.000000 5.118337 0.000000
929 B A 0.563171 0.999729 5.000000 1.000000 5.113637 0.000000
930 B A 0.561631 0.999628 5.000000 1.000000 5.111117 0.000000
931 B A 0.562434 0.999235 5.000000 1.000000 5.116257 0.000000
932 B A 0.596811 0.999779 5.000000 1.000000 5.197448 0.000000
933 B A 0.563340 0.997150 5.000000 1.000000 5.136130 0.000000
934 B A 0.618272 0.997438 5.000000 1.000000 5.282555 0.000000
935 B A 0.562744 0.997913 5.000000 1.000000 5.128275 0.000000
936 B A 0.561173 0.999988 5.000000 1.000000 5.107026 0.000000
937 B A 0.593598 0.999467 5.000000 1.000000 5.191152 0.000000
938 B A 0.561407 0.999709 5.000000 1.000000 5.109937 0.000000
939 B A 0.557960 0.998707 5.000000 1.000000 5.111132 0.000000
940 B A 0.588660 0.999902 5.000000 1.000000 5.174079 0.000000
941 B A 0.561306 0.999588 5.000000 1.000000 5.110754 0.000000
942 B A 0.561243 0.999989 5.000000 1.000000 5.107178 0.000000
943 B A 0.553654 0.999463 5.000000 1.000000 5.095652 0.000000
944 B A 0.556667 0.966568 5.000000 1.000000 5.381166 0.000000
945 B A 0.603037 0.999380 5.000000 1.000000 5.218775 0.000000
946 B A 0.556163 0.968695 5.000000 1.000000 5.362292 0.000000
947 A A 0.586277 0.999221 5.000000 1.000000 16.435197 0.000000
948 B A 0.628056 0.999517 5.000000 1.000000 5.298311 0.000000
949 B A 0.552228 0.999711 5.000000 1.000000 5.090609 0.000000
950 B A 0.551593 0.967587 5.000000 1.000000 5.362447 0.000000
951 B A 0.591226 0.968071 5.000000 1.000000 5.448994 0.000000
952 B A 0.555092 0.966929 5.000000 1.000000 5.374937 0.000000
953 B A 0.612642 0.969475 5.000000 1.000000 5.498107 0.000000
954 B A 0.587789 0.999308 5.000000 1.000000 5.176833 0.000000
955 B A 0.559940 0.999517 5.000000 1.000000 5.108407 0.000000
956 B A 0.551897 0.999862 5.000000 1.000000 5.088642 0.000000
957 B A 0.555467 0.967426 5.000000 1.000000 5.371530 0.000000
958 B A 0.590424 0.968926 5.000000 1.000000 5.439781 0.000000
959 B A 0.558147 0.971849 5.000000 1.000000 5.339862 0.000000
960 B A 0.586870 0.999766 5.000000 1.000000 5.170509 0.000000
961 B A 0.550758 0.976373 5.000000 1.000000 5.286765 0.000000
962 B A 0.610115 0.968225 5.000000 1.000000 5.500783 0.000000
963 B A 0.551119 0.978277 5.000000 1.000000 5.271365 0.000000
964 A A 0.581999 0.999070 5.000000 1.000000 16.448157 0.000000
965 B A 0.556203 0.999959 5.000000 1.000000 5.096670 0.000000
966 B A 0.551451 0.999931 5.000000 1.000000 5.087142 0.000000
967 B A 0.552212 0.967084 5.000000 1.000000 5.367889 0.000000
968 B A 0.587012 0.979659 5.000000 1.000000 5.341154 0.000000
969 B A 0.550480 0.999741 5.000000 1.000000 5.086832 0.000000
970 B A 0.551737 0.967475 5.000000 1.000000 5.363667 0.000000
971 B A 0.552099 0.999757 5.000000 1.000000 5.089948 0.000000
972 B A 0.549433 0.978162 5.000000 1.000000 5.269030 0.000000
973 B A 0.603228 0.999951 5.000000 1.000000 5.214494 0.000000
974 B A 0.554208 0.963410 5.000000 1.000000 5.402643 0.000000
975 B A 0.551064 0.977590 5.000000 1.000000 5.277069 0.000000
976 B A 0.582039 0.978936 5.000000 1.000000 5.334643 0.000000
977 B A 0.548018 0.999769 5.000000 1.000000 5.081711 0.000000
978 B A 0.546155 0.963384 5.000000 1.000000 5.387262 0.000000
979 B A 0.548262 0.978873 5.000000 1.000000 5.260733 0.000000
980 B A 0.581178 0.999992 5.000000 1.000000 5.153930 0.000000
981 B A 0.602058 0.978961 5.000000 1.000000 5.387914 0.000000
982 B A 0.549938 0.962910 5.000000 1.000000 5.398433 0.000000
983 B A 0.585168 0.978519 5.000000 1.000000 5.346013 0.000000
984 A A 0.551477 0.962582 5.000000 1.000000 16.127775 0.000000
985 B A 0.619536 0.979741 5.000000 1.000000 5.434777 0.000000
986 B A 0.579392 0.999852 5.000000 1.000000 5.150653 0.000000
987 B A 0.547590 0.980336 5.000000 1.000000 5.247032 0.000000
988 B A 0.550681 0.961449 5.000000 1.000000 5.412098 0.000000
989 B A 0.576430 0.961293 5.000000 1.000000 5.468569 0.000000
990 B A 0.601838 0.981448 5.000000 1.000000 5.366482 0.000000
991 B A 0.548237 0.978471 5.000000 1.000000 5.264092 0.000000
992 B A 0.573497 0.999333 5.000000 1.000000 5.140732 0.000000
993 B A 0.593638 0.999866 5.000000 1.000000 5.187867 0.000000
994 B A 0.644190 0.999665 5.000000 1.000000 5.357380 0.000000
995 B A 0.542500 0.963451 5.000000 1.000000 5.379947 0.000000
996 B A 0.556463 0.981478 5.000000 1.000000 5.255036 0.000000
997 B A 0.574847 0.960361 5.000000 1.000000 5.472619 0.000000
998 B A 0.539307 0.979699 5.000000 1.000000 5.237059 0.000000
999 B A 0.614445 0.978917 5.000000 1.000000 5.425392 0.000000
1000 B A 0.567430 0.959167 5.000000 1.000000 5.465781 0.000000
1001 B A 0.589745 0.999740 5.000000 1.000000 5.178354 0.000000
1002 B A 0.548338 0.980081 5.000000 1.000000 5.250636 0.000000
1003 A A 0.561055 0.960035 5.000000 1.000000 16.073527 0.000000
1004 B A 0.580892 0.980784 5.000000 1.000000 5.316244 0.000000
1005 B A 0.542288 0.980459 5.000000 1.000000 5.236010 0.000000
1006 B A 0.602759 0.982272 5.000000 1.000000 5.362228 0.000000
1007 B A 0.565423 0.958394 5.000000 1.000000 5.467827 0.000000
1008 B A 0.540128 0.999617 5.000000 1.000000 5.068068 0.000000
1009 B A 0.539469 0.960757 5.000000 1.000000 5.397085 0.000000
1010 B A 0.580939 0.980471 5.000000 1.000000 5.318992 0.000000
1011 B A 0.539708 0.981063 5.000000 1.000000 5.226184 0.000000
1012 B A 0.541014 0.959285 5.000000 1.000000 5.412150 0.000000
1013 B A 0.567138 0.999591 5.000000 1.000000 5.123715 0.000000
1014 B A 0.593968 0.980056 5.000000 1.000000 5.356209 0.000000
1015 B A 0.542378 0.960252 5.000000 1.000000 5.406516 0.000000
1016 B A 0.557278 0.981786 5.000000 1.000000 5.254121 0.000000
1017 B A 0.628066 0.979044 5.000000 1.000000 5.469133 0.000000
1018 B A 0.578263 0.766322 5.000000 1.000000 6.968597 0.000000
1019 B A 0.556548 0.998471 5.000000 1.000000 5.110180 0.000000
1020 B A 0.539309 0.957407 5.000000 1.000000 5.424809 0.000000
1021 A A 0.602907 0.980171 5.000000 1.000000 16.159675 0.000000
1022 B A 0.535486 0.980075 5.000000 1.000000 5.227133 0.000000
1023 B A 0.558599 0.959274 5.000000 1.000000 5.446090 0.000000
1024 B A 0.586025 0.998072 5.000000 1.000000 5.182748 0.000000
1025 B A 0.536948 0.999386 5.000000 1.000000 5.064320 0.000000
1026 B A 0.535838 0.964058 5.000000 1.000000 5.363077 0.000000
1027 B A 0.536656 0.979848 5.000000 1.000000 5.231102 0.000000
1028 B A 0.554106 0.729657 5.000000 1.000000 7.180645 0.000000
1029 B A 0.577966 0.999388 5.000000 1.000000 5.151090 0.000000
1030 B A 0.537511 0.980436 5.000000 1.000000 5.227600 0.000000
1031 B A 0.551880 0.998922 5.000000 1.000000 5.096691 0.000000
1032 B A 0.536704 0.999533 5.000000 1.000000 5.062624 0.000000
1033 B A 0.533587 0.999391 5.000000 1.000000 5.058392 0.000000
1034 B A 0.537045 0.957498 5.000000 1.000000 5.420102 0.000000
1035 B A 0.530429 0.963298 5.000000 1.000000 5.360409 0.000000
1036 B A 0.538068 0.999821 5.000000 1.000000 5.062573 0.000000
1037 B A 0.532715 0.980412 5.000000 1.000000 5.219537 0.000000
1038 B A 0.530546 0.960863 5.000000 1.000000 5.381033 0.000000
1039 B A 0.535160 0.999455 5.000000 1.000000 5.060571 0.000000
1040 B A 0.532190 0.980254 5.000000 1.000000 5.219995 0.000000
1041 A A 0.531609 0.999837 5.000000 1.000000 16.598434 0.000000
1042 B A 0.545306 0.964486 5.000000 1.000000 5.376438 0.000000
1043 B A 0.529933 0.978466 5.000000 1.000000 5.231455 0.000000
1044 B A 0.546184 0.953781 5.000000 1.000000 5.467475 0.000000
1045 B A 0.528789 0.976037 5.000000 1.000000 5.250217 0.000000
1046 B A 0.547517 0.979861 5.000000 1.000000 5.250920 0.000000
1047 B A 0.527686 0.999499 5.000000 1.000000 5.047588 0.000000
1048 B A 0.527959 0.999723 5.000000 1.000000 5.046097 0.000000
1049 B A 0.522751 0.954565 5.000000 1.000000 5.421538 0.000000
1050 B A 0.525680 0.978623 5.000000 1.000000 5.223302 0.000000
1051 B A 0.526197 0.615876 5.000000 1.000000 7.881103 0.000000
1052 B A 0.532000 0.981205 5.000000 1.000000 5.211585 0.000000
1053 B A 0.542998 0.956143 5.000000 1.000000 5.441956 0.000000
1054 B A 0.525296 0.646854 5.000000 1.000000 7.686464 0.000000
1055 B A 0.547747 0.999356 5.000000 1.000000 5.084741 0.000000
1056 B A 0.542172 0.979771 5.000000 1.000000 5.241643 0.000000
1057 B A 0.519205 0.963614 5.000000 1.000000 5.340477 0.000000
1058 B A 0.542603 0.980720 5.000000 1.000000 5.234372 0.000000
1059 B A 0.521220 0.999851 5.000000 1.000000 5.034402 0.000000
1060 A A 0.522050 0.954124 5.000000 1.000000 16.101103 0.000000
1061 B A 0.523999 0.999676 5.000000 1.000000 5.040188 0.000000
1062 B A 0.525454 0.979961 5.000000 1.000000 5.211563 0.000000
1063 B A 0.522630 0.966060 5.000000 1.000000 5.324939 0.000000
1064 B A 0.524347 0.978164 5.000000 1.000000 5.225125 0.000000
1065 B A 0.540689 0.819390 5.000000 1.000000 6.517547 0.000000
1066 B A 0.520612 0.950808 5.000000 1.000000 5.449704 0.000000
1067 B A 0.542407 0.999844 5.000000 1.000000 5.070325 0.000000
1068 B A 0.517833 0.981201 5.000000 1.000000 5.189539 0.000000
1069 B B 0.539638 0.968019 5.000000 1.000000 6.890946 0.000000
1070 B A 0.516028 0.977219 5.000000 1.000000 5.220882 0.000000
1071 B A 0.545283 0.952787 5.000000 1.000000 5.474076 0.000000
1072 B A 0.533046 0.982026 5.000000 1.000000 5.206351 0.000000
1073 B A 0.544161 0.999419 5.000000 1.000000 5.077292 0.000000
1074 B A 0.517434 0.964206 5.000000 1.000000 5.332953 0.000000
1075 B A 0.542765 0.999408 5.000000 1.000000 5.074752 0.000000
1076 B A 0.515572 0.981398 5.000000 1.000000 5.184650 0.000000
1077 B A 0.534793 0.999784 5.000000 1.000000 5.057095 0.000000
1078 B A 0.513665 0.955554 5.000000 1.000000 5.400336 0.000000
1079 B A 0.532039 0.546742 5.000000 1.000000 8.297278 0.000000
1080 A A 0.531543 0.977806 5.000000 1.000000 16.347042 0.000000
1081 B A 0.514978 0.999677 5.000000 1.000000 5.026810 0.000000
1082 B A 0.514531 0.965702 5.000000 1.000000 5.316304 0.000000
1083 B A 0.514674 0.978471 5.000000 1.000000 5.208345 0.000000
1084 B A 0.510678 0.951599 5.000000 1.000000 5.429421 0.000000
1085 B A 0.533461 0.999666 5.000000 1.000000 5.055803 0.000000
1086 B A 0.511421 0.980856 5.000000 1.000000 5.183618 0.000000
1087 B A 0.536731 0.949698 5.000000 1.000000 5.484521 0.000000
1088 B B 0.529203 0.980302 5.000000 1.000000 6.809765 0.000000
1089 B A 0.531817 0.999894 5.000000 1.000000 5.051032 0.000000
1090 B A 0.514938 0.965254 5.000000 1.000000 5.320645 0.000000
1091 B A 0.511384 0.980135 5.000000 1.000000 5.189719 0.000000
1092 B A 0.534043 0.981280 5.000000 1.000000 5.214404 0.000000
1093 B A 0.514262 0.953332 5.000000 1.000000 5.419710 0.000000
1094 B A 0.538469 0.999473 5.000000 1.000000 5.066299 0.000000
1095 B A 0.509126 0.999842 5.000000 1.000000 5.017483 0.000000
1096 B A 0.507693 0.999756 5.000000 1.000000 5.016390 0.000000
1097 B A 0.508041 0.965453 5.000000 1.000000 5.309885 0.000000
1098 B A 0.509897 0.978399 5.000000 1.000000 5.202564 0.000000
1099 B A 0.503355 0.947744 5.000000 1.000000 5.452540 0.000000
1100 B A 0.506211 0.981484 5.000000 1.000000 5.171600 0.000000
1101 A A 0.524361 0.999653 5.000000 1.000000 16.612060 0.000000
1102 B A 0.504101 0.968658 5.000000 1.000000 5.278015 0.000000
1103 B A 0.506290 0.981755 5.000000 1.000000 5.169385 0.000000
1104 B A 0.526947 0.948047 5.000000 1.000000 5.482225 0.000000
1105 B A 0.534179 0.964917 5.000000 1.000000 5.353038 0.000000
1106 B A 0.527561 0.981596 5.000000 1.000000 5.200976 0.000000
1107 B A 0.503553 0.999590 5.000000 1.000000 5.012747 0.000000
1108 B B 0.501462 0.965153 5.000000 1.000000 6.869702 0.000000
1109 B A 0.511503 0.999789 5.000000 1.000000 5.021073 0.000000
1110 B A 0.503650 0.477983 5.000000 1.000000 8.643855 0.000000
1111 B A 0.507158 0.979841 5.000000 1.000000 5.186790 0.000000
1112 B A 0.501912 0.981019 5.000000 1.000000 5.170454 0.000000
1113 B A 0.521069 0.952054 5.000000 1.000000 5.439995 0.000000
1114 B A 0.503664 0.981309 5.000000 1.000000 5.170021 0.000000
1115 B A 0.527135 0.965436 5.000000 1.000000 5.337153 0.000000
1116 B A 0.500417 0.999486 5.000000 1.000000 5.010018 0.000000
1117 B A 0.500137 0.946771 5.000000 1.000000 5.456984 0.000000
1118 A A 0.504121 0.982456 5.000000 1.000000 16.452310 0.000000
1119 B A 0.494267 0.961242 5.000000 1.000000 5.329829 0.000000
1120 B A 0.520558 0.999292 5.000000 1.000000 5.038237 0.000000
1121 B A 0.508839 0.981513 5.000000 1.000000 5.174654 0.000000
1122 B A 0.494916 0.964179 5.000000 1.000000 5.305756 0.000000
1123 B A 0.515108 0.980119 5.000000 1.000000 5.194913 0.000000
1124 B A 0.522378 0.999167 5.000000 1.000000 5.042079 0.000000
1125 B A 0.494413 0.946424 5.000000 1.000000 5.453873 0.000000
1126 B B 0.522747 0.981806 5.000000 1.000000 6.794438 0.000000
1127 B A 0.500768 0.999316 5.000000 1.000000 5.011883 0.000000
1128 B A 0.492489 0.999427 5.000000 1.000000 5.002234 0.000000
1129 B A 0.490492 0.964691 5.000000 1.000000 5.297184 0.000000
1130 B A 0.488866 0.947511 5.000000 1.000000 5.439634 0.000000
1131 B A 0.492742 0.999912 5.000000 1.000000 4.998274 0.000000
1132 B A 0.486020 0.999704 5.000000 1.000000 4.994051 0.000000
1133 B A 0.492458 0.973399 5.000000 1.000000 5.225349 0.000000
1134 B A 0.488597 0.999916 5.000000 1.000000 4.994409 0.000000
1135 B A 0.491036 0.963432 5.000000 1.000000 5.308293 0.000000
1136 B A 0.482960 0.979162 5.000000 1.000000 5.168158 0.000000
1137 B A 0.485297 0.945693 5.000000 1.000000 5.451734 0.000000
1138 B A 0.483862 0.980802 5.000000 1.000000 5.154856 0.000000
1139 A A 0.497662 0.967101 5.000000 1.000000 16.288075 0.000000
1140 B A 0.486672 0.999426 5.000000 1.000000 4.996995 0.000000
1141 B A 0.485748 0.982032 5.000000 1.000000 5.145852 0.000000
1142 B A 0.484989 0.963012 5.000000 1.000000 5.306606 0.000000
1143 B A 0.485658 0.981349 5.000000 1.000000 5.151619 0.000000
1144 B A 0.507233 0.999318 5.000000 1.000000 5.019602 0.000000
1145 B B 0.496278 0.964034 5.000000 1.000000 6.872242 0.000000
1146 B A 0.480615 0.981443 5.000000 1.000000 5.146982 0.000000
1147 B A 0.500081 0.946529 5.000000 1.000000 5.458940 0.000000
1148 B A 0.478667 0.981025 5.000000 1.000000 5.149233 0.000000
1149 B A 0.508497 0.946746 5.000000 1.000000 5.467050 0.000000
1150 B A 0.501765 0.999933 5.000000 1.000000 5.007682 0.000000
1151 B A 0.484216 0.966350 5.000000 1.000000 5.277842 0.000000
1152 B A 0.478428 0.999364 5.000000 1.000000 4.991398 0.000000
1153 B A 0.476143 0.981176 5.000000 1.000000 5.146354 0.000000
1154 B A 0.498718 0.965642 5.000000 1.000000 5.297388 0.000000
1155 B A 0.475938 0.979186 1.000000 1.000000 7.231504 0.000000
1156 B A 0.478892 0.999977 5.000000 1.000000 4.986393 0.000000
1157 B A 0.483461 0.944894 5.000000 1.000000 5.456926 0.000000
1158 A A 0.479755 0.981659 5.000000 1.000000 16.473941 0.000000
1159 B A 0.479918 0.964163 5.000000 1.000000 5.293128 0.000000
1160 B A 0.500809 0.702369 5.000000 1.000000 7.295550 0.000000
1161 B A 0.479639 0.980951 5.000000 1.000000 5.150515 0.000000
1162 B A 0.504693 0.982157 5.000000 1.000000 5.164008 0.000000
1163 B A 0.474476 0.999980 5.000000 1.000000 4.983686 0.000000
1164 B A 0.473314 0.945169 5.000000 1.000000 5.447975 0.000000
1165 B B 0.479034 0.967766 5.000000 1.000000 6.841410 0.000000
1166 B A 0.471233 0.999614 5.000000 1.000000 4.985186 0.000000
1167 B A 0.474571 0.966258 5.000000 1.000000 5.272097 0.000000
1168 B A 0.474330 0.999420 5.000000 1.000000 4.988454 0.000000
1169 B A 0.468166 0.981914 5.000000 1.000000 5.136049 0.000000
1170 B A 0.472381 0.499334 5.000000 1.000000 8.503975 0.000000
1171 B A 0.472726 0.948548 5.000000 1.000000 5.419564 0.000000
1172 B A 0.472096 0.983666 5.000000 1.000000 5.122848 0.000000
1173 B A 0.493861 0.999868 5.000000 1.000000 4.999752 0.000000
1174 B A 0.474668 0.663525 5.000000 1.000000 7.529993 0.000000
1175 B A 0.488779 0.999955 5.000000 1.000000 4.994230 0.000000
1176 A A 0.476091 0.999833 5.000000 1.000000 16.685491 0.000000
1177 B A 0.491970 0.964628 5.000000 1.000000 5.299091 0.000000
1178 B A 0.469810 0.962701 5.000000 1.000000 5.299662 0.000000
1179 B A 0.488009 0.979998 5.000000 1.000000 5.165132 0.000000
1180 B A 0.466962 0.999736 5.000000 1.000000 4.982346 0.000000
1181 B A 0.469742 0.745716 5.000000 1.000000 6.973015 0.000000
1182 B A 0.465463 0.948096 5.000000 1.000000 5.420136 0.000000
1183 B B 0.463864 0.980551 5.000000 1.000000 6.764127 0.000000
1184 B A 0.491352 0.999823 5.000000 1.000000 4.997721 0.000000
1185 B A 0.465176 0.999939 5.000000 1.000000 4.979984 0.000000
1186 B A 0.462229 0.962001 5.000000 1.000000 5.302844 0.000000
1187 B A 0.463715 0.980176 5.000000 1.000000 5.149342 0.000000
1188 B A 0.460993 0.942680 5.000000 1.000000 5.463782 0.000000
1189 B A 0.480029 0.967125 5.000000 1.000000 5.268205 0.000000
1190 B A 0.459226 0.982432 5.000000 1.000000 5.129070 0.000000
1191 B A 0.488952 0.586810 5.000000 1.000000 8.018511 0.000000
1192 B A 0.484719 0.446632 5.000000 1.000000 8.789140 0.000000
1193 B A 0.454085 0.979872 5.000000 1.000000 5.150411 0.000000
1194 B A 0.478319 0.966572 5.000000 1.000000 5.271728 0.000000
1195 A A 0.493643 0.999645 5.000000 1.000000 16.664706 0.000000
1196 B A 0.468249 0.943593 5.000000 1.000000 5.458611 0.000000
1197 B A 0.491531 0.999794 5.000000 1.000000 4.998144 0.000000
1198 B A 0.487115 0.980158 5.000000 1.000000 5.162998 0.000000
1199 B A 0.452305 0.963911 5.000000 1.000000 5.285535 0.000000
1200 B A 0.467887 0.979215 5.000000 1.000000 5.158968 0.000000
1201 B A 0.491310 0.951528 5.000000 1.000000 5.408372 0.000000
1202 B B 0.458235 0.999428 5.000000 1.000000 6.655237 0.000000
1203 B A 0.491424 0.999862 5.000000 1.000000 4.997447 0.000000
1204 B A 0.452538 0.980935 5.000000 1.000000 5.141353 0.000000
1205 B A 0.472604 0.967169 5.000000 1.000000 5.263343 0.000000
1206 B A 0.488399 0.980993 5.000000 1.000000 5.156975 0.000000
1207 B A 0.491740 0.939675 5.000000 1.000000 5.507256 0.000000
1208 B A 0.449812 0.960910 5.000000 1.000000 5.310871 0.000000
1209 B A 0.472826 0.980599 5.000000 1.000000 5.149428 0.000000
1210 B A 0.492782 0.962180 5.000000 1.000000 5.320490 0.000000
1211 B A 0.448173 0.999901 5.000000 1.000000 4.978935 0.000000
1212 B A 0.445551 0.999931 5.000000 1.000000 4.979214 0.000000
1213 B A 0.448373 0.981151 5.000000 1.000000 5.139848 0.000000
1214 B A 0.447006 0.945614 5.000000 1.000000 5.438796 0.000000
1215 B A 0.446824 0.229936 5.000000 1.000000 9.708298 0.000000
1216 A A 0.446550 0.999986 5.000000 1.000000 16.695318 0.000000
1217 B A 0.443851 0.999948 5.000000 1.000000 4.979527 0.000000
1218 B A 0.440844 0.966838 5.000000 1.000000 5.262991 0.000000
1219 B A 0.448972 0.981520 5.000000 1.000000 5.136624 0.000000
1220 B A 0.441799 0.999914 5.000000 1.000000 4.980506 0.000000
1221 B A 0.448591 0.960982 5.000000 1.000000 5.310391 0.000000
1222 B B 0.436596 0.979975 5.000000 1.000000 6.769102 0.000000
1223 B A 0.441979 0.939211 5.000000 1.000000 5.492841 0.000000
1224 B A 0.462382 0.781869 5.000000 1.000000 6.712169 0.000000
1225 B A 0.441896 0.981842 5.000000 1.000000 5.135516 0.000000
1226 B A 0.465808 0.964813 5.000000 1.000000 5.280264 0.000000
1227 B A 0.460184 0.999746 5.000000 1.000000 4.980408 0.000000
1228 B A 0.439694 0.978521 5.000000 1.000000 5.164594 0.000000
1229 B A 0.459025 0.949081 5.000000 1.000000 5.410222 0.000000
1230 B A 0.438908 0.982525 5.000000 1.000000 5.130857 0.000000
1231 B A 0.462693 0.964227 5.000000 3.000000 5.659565 0.000000
1232 B A 0.464067 0.981759 5.000000 1.000000 5.135940 0.000000
1233 B A 0.442550 0.981112 5.000000 1.000000 5.141516 0.000000
1234 A A 0.461652 0.950160 5.000000 1.000000 16.130917 0.000000
1235 B A 0.468052 0.980741 5.000000 1.000000 5.146021 0.000000
1236 B A 0.436559 0.964076 5.000000 1.000000 5.288034 0.000000
1237 B A 0.443906 0.982838 5.000000 1.000000 5.126400 0.000000
1238 B A 0.462484 0.999704 5.000000 1.000000 4.981261 0.000000
1239 B A 0.431758 0.937187 5.000000 1.000000 5.514093 0.000000
1240 B A 0.459836 0.963399 5.000000 1.000000 5.290537 0.000000
1241 B A 0.468314 0.982608 5.000000 1.000000 5.130181 0.000000
1242 B B 0.436744 0.966577 5.000000 1.000000 6.844608 0.000000
1243 B A 0.450843 0.999715 5.000000 1.000000 4.980211 0.000000
1244 B A 0.439322 0.981898 5.000000 1.000000 5.136019 0.000000
1245 B A 0.448025 0.999598 5.000000 1.000000 4.981576 0.000000
1246 B A 0.434605 0.333955 5.000000 1.000000 9.290307 0.000000
1247 B A 0.441482 0.949972 5.000000 1.000000 5.403904 0.000000
1248 B A 0.446764 0.999689 5.000000 1.000000 4.981028 0.000000
1249 B A 0.429087 0.964716 5.000000 1.000000 5.287228 0.000000
1250 B A 0.431618 0.529762 5.000000 1.000000 8.323297 0.000000
1251 B A 0.449206 0.999639 5.000000 1.000000 4.981046 0.000000
1252 B A 0.447016 0.982114 5.000000 1.000000 5.131855 0.000000
1253 A A 0.432550 0.935314 5.000000 1.000000 15.961330 0.000000
1254 B A 0.446117 0.999723 5.000000 1.000000 4.980881 0.000000
1255 B A 0.447685 0.963986 5.000000 1.000000 5.285273 0.000000
1256 B A 0.429076 0.979974 5.000000 1.000000 5.158408 0.000000
1257 B A 0.446218 0.948252 5.000000 1.000000 5.417028 0.000000
1258 B A 0.427254 0.999759 5.000000 1.000000 4.990595 0.000000
1259 B A 0.431159 0.981469 5.000000 1.000000 5.144198 0.000000
1260 B B 0.435427 0.963537 5.000000 1.000000 6.862090 0.000000
1261 B A 0.432785 0.981156 5.000000 1.000000 5.145787 0.000000
1262 B A 0.423038 0.963846 5.000000 1.000000 5.299598 0.000000
1263 B A 0.450597 0.981821 1.000000 1.000000 7.211631 0.000000
1264 B A 0.423446 0.934997 5.000000 1.000000 5.538264 0.000000
1265 B A 0.452281 0.982414 5.000000 1.000000 5.128739 0.000000
1266 B A 0.452039 0.960786 5.000000 1.000000 5.311801 0.000000
1267 B A 0.424982 0.980766 5.000000 5.000000 6.698032 0.000000
1268 B A 0.457370 0.948288 5.000000 1.000000 5.416552 0.000000
1269 B A 0.430909 0.981118 5.000000 1.000000 5.147358 0.000000
1270 B A 0.455482 0.963992 5.000000 1.000000 5.284954 0.000000
1271 B A 0.454409 0.999035 5.000000 1.000000 4.985970 0.000000
1272 A A 0.428140 0.999450 5.000000 1.000000 16.676633 0.000000
1273 B A 0.449007 0.967125 5.000000 1.000000 5.258674 0.000000
1274 B A 0.420512 0.999783 5.000000 1.000000 4.996920 0.000000
1275 B A 0.426009 0.980416 5.000000 1.000000 5.157141 0.000000
1276 B A 0.430007 0.947021 4.000000 1.000000 5.978634 0.000000
1277 B A 0.413825 0.999343 5.000000 1.000000 5.008823 0.000000
1278 B A 0.441562 0.965710 5.000000 1.000000 5.272234 0.000000
1279 B A 0.430476 0.999736 5.000000 1.000000 4.988244 0.000000
1280 B B 0.418553 0.999666 5.000000 1.000000 6.666759 0.000000
1281 B A 0.419461 0.999904 5.000000 1.000000 4.997043 0.000000
1282 B A 0.416276 0.978694 5.000000 1.000000 5.181825 0.000000
1283 B A 0.436748 0.939160 5.000000 1.000000 5.495204 0.000000
1284 B A 0.424894 0.962867 5.000000 1.000000 5.306114 0.000000
1285 B A 0.449018 0.999996 5.000000 1.000000 4.977987 0.000000
1286 B A 0.449868 0.976846 5.000000 1.000000 5.176301 0.000000
1287 B A 0.450591 0.949472 5.000000 1.000000 5.406396 0.000000
1288 B A 0.458509 0.561326 5.000000 1.000000 8.148791 0.000000
1289 B A 0.442701 0.977338 5.000000 1.000000 5.173570 0.000000
1290 B A 0.453023 0.999969 5.000000 1.000000 4.977892 0.000000
1291 A A 0.438855 0.999970 5.000000 1.000000 16.691698 0.000000
1292 B A 0.458590 0.963503 5.000000 3.000000 5.681316 0.000000
1293 B A 0.425516 0.979785 5.000000 1.000000 5.162931 0.000000
1294 B A 0.447182 0.982298 5.000000 1.000000 5.130259 0.000000
1295 B A 0.457597 0.950843 5.000000 1.000000 5.395317 0.000000
1296 B A 0.433655 0.980545 5.000000 1.000000 5.150441 0.000000
1297 B A 0.420142 0.929599 5.000000 1.000000 5.585475 0.000000
1298 B B 0.462275 0.282658 5.000000 1.000000 9.677409 0.000000
1299 B A 0.444258 0.965966 5.000000 1.000000 5.269295 0.000000
1300 B A 0.462278 0.978588 5.000000 1.000000 5.162492 0.000000
1301 B A 0.415290 0.981592 5.000000 1.000000 5.158478 0.000000
1302 B A 0.436572 0.964108 5.000000 1.000000 5.287760 0.000000
1303 B A 0.452573 0.999972 5.000000 1.000000 4.977879 0.000000
1304 B A 0.413867 0.166375 5.000000 1.000000 9.913941 0.000000
1305 B A 0.436553 0.951637 5.000000 1.000000 5.392012 0.000000
1306 B A 0.460561 0.799829 5.000000 1.000000 6.580505 0.000000
1307 B A 0.436610 0.980416 5.000000 1.000000 5.149897 0.000000
1308 B A 0.463333 0.934514 5.000000 1.000000 5.531844 0.000000
1309 B A 0.445725 0.980947 5.000000 1.000000 5.142064 0.000000
1310 B A 0.418640 0.999461 5.000000 1.000000 5.001798 0.000000
1311 A A 0.460927 0.960933 5.000000 1.000000 16.251323 0.000000
1312 B A 0.410793 0.981586 5.000000 1.000000 5.164541 0.000000
1313 B A 0.440908 0.980987 5.000000 1.000000 5.143154 0.000000
1314 B A 0.464641 0.999676 5.000000 1.000000 4.982094 0.000000
1315 B A 0.426243 0.951962 5.000000 1.000000 5.395935 0.000000
1316 B A 0.449209 0.964768 5.000000 1.000000 5.278508 0.000000
1317 B B 0.464186 0.981864 5.000000 1.000000 6.756722 0.000000
1318 B A 0.428936 0.934830 5.000000 1.000000 5.535287 0.000000
1319 B A 0.410784 0.999235 5.000000 1.000000 5.013991 0.000000
1320 B A 0.445087 0.963714 5.000000 1.000000 5.288043 0.000000
1321 B A 0.459959 0.982149 5.000000 1.000000 5.131613 0.000000
1322 B A 0.467273 0.982034 4.000000 1.000000 5.696946 0.000000
1323 B A 0.433895 0.949682 5.000000 1.000000 5.409626 0.000000
1324 B A 0.411537 0.965394 5.000000 1.000000 5.299869 0.000000
1325 B A 0.444308 0.981826 5.000000 1.000000 5.134924 0.000000
1326 B A 0.465759 0.983215 5.000000 1.000000 5.124041 0.000000
1327 B A 0.426154 0.999958 5.000000 1.000000 4.989842 0.000000
1328 B A 0.405874 0.964054 5.000000 1.000000 5.319396 0.000000
1329 A A 0.421377 0.999823 5.000000 1.000000 16.672469 0.000000
1330 B A 0.422980 0.934297 5.000000 1.000000 5.544414 0.000000
1331 B A 0.432603 0.123887 5.000000 1.000000 10.049925 0.000000
1332 B A 0.443221 0.999506 5.000000 1.000000 4.983540 0.000000
1333 B A 0.451358 0.965098 5.000000 1.000000 5.275570 0.000000
1334 B A 0.447036 0.980750 4.000000 1.000000 5.704908 0.000000
1335 B A 0.411184 0.950326 5.000000 1.000000 5.425723 0.000000
1336 B A 0.446724 0.999459 5.000000 1.000000 4.983029 0.000000
1337 B A 0.465220 0.979427 5.000000 1.000000 5.156191 0.000000
1338 B B 0.449440 0.965796 5.000000 1.000000 6.846552 0.000000
1339 B A 0.464559 0.981699 5.000000 1.000000 5.136600 0.000000
1340 B A 0.450330 0.947663 5.000000 1.000000 5.421449 0.000000
1341 B A 0.467516 0.963717 5.000000 1.000000 5.290138 0.000000
1342 B A 0.437082 0.628051 1.000000 1.000000 9.212933 0.000000
1343 B A 0.468465 0.982518 5.000000 1.000000 5.131008 0.000000
1344 B A 0.444488 0.715386 5.000000 1.000000 7.175238 0.000000
1345 B A 0.464929 0.982628 5.000000 1.000000 5.128781 0.000000
1346 B A 0.437469 0.368196 5.000000 1.000000 9.139787 0.000000
1347 B A 0.447184 0.951455 5.000000 1.000000 5.390230 0.000000
1348 A A 0.468727 0.999224 5.000000 1.000000 16.683390 0.000000
1349 B A 0.405261 0.999111 5.000000 1.000000 5.023682 0.000000
1350 B A 0.428473 0.688308 5.000000 1.000000 7.359349 0.000000
1351 B A 0.452022 0.966045 5.000000 3.000000 5.686973 0.000000
1352 B A 0.408145 0.934132 5.000000 1.000000 5.562995 0.000000
1353 B A 0.468439 0.980101 5.000000 1.000000 5.151632 0.000000
1354 B A 0.430054 0.982685 5.000000 1.000000 5.134637 0.000000
1355 B A 0.452572 0.964409 5.000000 1.000000 5.281348 0.000000
1356 B B 0.464749 0.999901 5.000000 1.000000 6.653453 0.000000
1357 B A 0.433348 0.982028 5.000000 1.000000 5.138013 0.000000
1358 B A 0.446654 0.999404 5.000000 1.000000 4.983516 0.000000
1359 B A 0.403675 0.948384 5.000000 1.000000 5.452936 0.000000
1360 B A 0.427147 0.999201 5.000000 1.000000 4.995496 0.000000
1361 B A 0.402742 0.964496 5.000000 1.000000 5.320833 0.000000
1362 B A 0.448637 0.999269 5.000000 1.000000 4.984319 0.000000
1363 B A 0.450833 0.999861 5.000000 1.000000 4.978946 0.000000
1364 B A 0.443455 0.999870 5.000000 5.000000 6.413309 0.000000
1365 B A 0.450790 0.930529 5.000000 1.000000 5.562808 0.000000
1366 B A 0.419012 0.828981 5.000000 1.000000 6.373787 0.000000
1367 A A 0.448894 0.962086 5.000000 1.000000 16.265211 0.000000
1368 B A 0.419985 0.978301 5.000000 1.000000 5.180915 0.000000
1369 B A 0.442776 0.980793 5.000000 1.000000 5.144164 0.000000
1370 B A 0.461623 0.966694 5.000000 1.000000 5.263161 0.000000
1371 B A 0.440954 0.999832 5.000000 1.000000 4.981526 0.000000
1372 B A 0.401840 0.950007 5.000000 1.000000 5.442614 0.000000
1373 B A 0.422564 0.980948 5.000000 1.000000 5.155812 0.000000
1374 B B 0.436836 0.966937 5.000000 1.000000 6.842560 0.000000
1375 B A 0.418528 0.999792 5.000000 1.000000 4.999082 0.000000
1376 B A 0.437059 0.936861 5.000000 1.000000 5.513986 0.000000
1377 B A 0.469730 0.980256 5.000000 1.000000 5.150861 0.000000
1378 B A 0.407366 0.981333 5.000000 1.000000 5.171782 0.000000
1379 B A 0.449044 0.951185 5.000000 1.000000 5.392251 0.000000
1380 B A 0.468754 0.999714 5.000000 1.000000 4.983228 0.000000
1381 B A 0.436060 0.967164 5.000000 1.000000 5.262315 0.000000
1382 B A 0.454178 0.098759 5.000000 1.000000 10.135028 0.000000
1383 B A 0.427916 0.982336 5.000000 1.000000 5.139241 0.000000
1384 B A 0.404611 0.980743 5.000000 1.000000 5.181196 0.000000
1385 B A 0.465074 0.957228 5.000000 1.000000 5.343756 0.000000
1386 A A 0.448172 0.929185 5.000000 1.000000 15.901352 0.000000
1387 B A 0.421557 0.982567 5.000000 1.000000 5.143076 0.000000
1388 B A 0.470335 0.967080 5.000000 1.000000 5.262978 0.000000
1389 B A 0.441325 0.999892 5.000000 1.000000 4.980868 0.000000
1390 B A 0.401374 0.999543 5.000000 1.000000 5.026771 0.000000
1391 B A 0.422345 0.950387 5.000000 1.000000 5.412435 0.000000
1392 B A 0.436144 0.460703 5.000000 1.000000 8.692857 0.000000
1393 B B 0.465299 0.967824 5.000000 1.000000 6.836454 0.000000
1394 B A 0.444107 0.999717 5.000000 1.000000 4.981450 0.000000
1395 B A 0.399741 0.980660 5.000000 1.000000 5.190441 0.000000
1396 B A 0.414748 0.981383 5.000000 1.000000 5.160936 0.000000
1397 B A 0.433272 0.954422 5.000000 1.000000 5.370562 0.000000
1398 B A 0.416813 0.981870 5.000000 1.000000 5.154258 0.000000
1399 B A 0.443235 0.931615 5.000000 1.000000 5.554941 0.000000
1400 B A 0.439257 0.999969 5.000000 1.000000 4.981054 0.000000
1401 B A 0.396336 0.966518 5.000000 1.000000 5.315670 0.000000
1402 B A 0.423976 0.982197 4.000000 1.000000 5.701899 0.000000
1403 B A 0.452193 0.058581 5.000000 1.000000 10.240622 0.000000
1404 B A 0.399694 0.949943 5.000000 1.000000 5.446890 0.000000
1405 B A 0.428858 0.967152 5.000000 1.000000 5.266934 0.000000
1406 A A 0.456216 0.981511 5.000000 1.000000 16.484589 0.000000
1407 B A 0.435414 0.981643 5.000000 1.000000 5.140087 0.000000
1408 B A 0.468967 0.999435 5.000000 3.000000 5.344970 0.000000
1409 B A 0.415034 0.195870 5.000000 1.000000 9.817345 0.000000
1410 B A 0.449772 0.947511 5.000000 1.000000 5.422745 0.000000
1411 B A 0.433772 0.999438 5.000000 1.000000 4.988567 0.000000
1412 B B 0.470025 0.999532 5.000000 1.000000 6.656898 0.000000
1413 B A 0.450529 0.965601 5.000000 1.000000 5.271380 0.000000
1414 B A 0.419107 0.966394 5.000000 1.000000 5.282229 0.000000
1415 B A 0.467824 0.980602 5.000000 1.000000 5.147113 0.000000
1416 B A 0.399846 0.979971 5.000000 1.000000 5.196063 0.000000
1417 B A 0.440647 0.999796 5.000000 1.000000 4.981961 0.000000
1418 B A 0.425008 0.929368 5.000000 1.000000 5.582947 0.000000
1419 B A 0.400504 0.999794 5.000000 1.000000 5.026217 0.000000
1420 B A 0.438782 0.999864 5.000000 1.000000 4.982175 0.000000
1421 B A 0.408629 0.951180 5.000000 1.000000 5.422233 0.000000
1422 B A 0.421022 0.967822 5.000000 1.000000 5.268220 0.000000
1423 B A 0.387444 0.981081 5.000000 1.000000 5.212760 0.000000
1424 A A 0.439161 0.967121 5.000000 1.000000 16.318326 0.000000
1425 B A 0.435374 0.981778 5.000000 1.000000 5.138956 0.000000
1426 B A 0.412810 0.999718 5.000000 1.000000 5.006978 0.000000
1427 B A 0.450742 0.944076 5.000000 1.000000 5.451183 0.000000
1428 B A 0.430682 0.999918 4.000000 1.000000 5.553712 0.000000
1429 B A 0.411813 0.964084 5.000000 1.000000 5.310454 0.000000
1430 B A 0.452999 0.980724 5.000000 1.000000 5.143142 0.000000
1431 B B 0.394549 0.950921 5.000000 1.000000 6.965709 0.000000
1432 B A 0.435422 0.981658 5.000000 1.000000 5.139953 0.000000
1433 B A 0.456782 0.981509 5.000000 1.000000 5.136620 0.000000
1434 B A 0.420801 0.951726 5.000000 1.000000 5.402835 0.000000
1435 B A 0.440049 0.999959 5.000000 1.000000 4.980803 0.000000
1436 B A 0.399080 0.999869 5.000000 1.000000 5.028265 0.000000
1437 B A 0.431713 0.966115 5.000000 1.000000 5.273657 0.000000
1438 B A 0.469620 0.982394 5.000000 1.000000 5.132566 0.000000
1439 B A 0.426210 0.929690 5.000000 1.000000 5.579352 0.000000
1440 B A 0.452763 0.966754 5.000000 1.000000 5.261591 0.000000
1441 B A 0.409698 0.980709 5.000000 1.000000 5.173551 0.000000
1442 B A 0.466111 0.962800 5.000000 1.000000 5.297327 0.000000
1443 A A 0.437955 0.980357 5.000000 1.000000 16.467004 0.000000
1444 B A 0.389457 0.949794 5.000000 1.000000 5.468518 0.000000
1445 B A 0.468448 0.981287 5.000000 1.000000 5.141521 0.000000
1446 B A 0.418690 0.931491 5.000000 1.000000 5.571519 0.000000
1447 B A 0.444875 0.982720 5.000000 1.000000 5.127152 0.000000
1448 B A 0.472729 0.962893 5.000000 1.000000 5.299462 0.000000
1449 B A 0.436250 0.999109 5.000000 1.000000 4.989958 0.000000
1450 B B 0.456841 0.981407 5.000000 1.000000 6.758333 0.000000
1451 B A 0.418419 0.395039 5.000000 1.000000 9.015268 0.000000
1452 B A 0.449419 0.999880 5.000000 1.000000 4.978931 0.000000
1453 B A 0.392419 0.966047 5.000000 1.000000 5.327575 0.000000
1454 B A 0.432725 0.999595 2.000000 1.000000 6.606425 0.000000
1455 B A 0.411352 0.999758 5.000000 1.000000 5.008676 0.000000
1456 B A 0.443970 0.945323 5.000000 1.000000 5.441791 0.000000
1457 B A 0.417903 0.965150 5.000000 1.000000 5.293987 0.000000
1458 B A 0.450249 0.601715 5.000000 1.000000 7.906427 0.000000
1459 B A 0.391549 0.309647 5.000000 1.000000 9.399376 0.000000
1460 B A 0.434429 0.980339 5.000000 1.000000 5.151733 0.000000
1461 B A 0.453994 0.999999 5.000000 4.000000 5.809880 0.000000
1462 B A 0.415269 0.981961 5.000000 1.000000 5.155381 0.000000
1463 A A 0.473659 0.949396 5.000000 1.000000 16.115998 0.000000
1464 B A 0.437227 0.964815 5.000000 1.000000 5.281504 0.000000
1465 B A 0.453248 0.999998 5.000000 1.000000 4.977639 0.000000
1466 B A 0.471780 0.978803 5.000000 1.000000 5.164217 0.000000
1467 B A 0.473986 0.921673 5.000000 3.000000 5.959628 0.000000
1468 B A 0.455024 0.963701 1.000000 1.000000 7.334100 0.000000
1469 B B 0.456748 0.999989 5.000000 1.000000 6.651893 0.000000
1470 B A 0.999541 0.980540 5.000000 1.000000 8.637851 0.000000
1471 B A 0.471291 0.418601 5.000000 1.000000 8.918613 0.000000
1472 B A 0.430135 0.941269 5.000000 1.000000 5.481530 0.000000
1473 B A 0.453616 0.981161 5.000000 1.000000 5.139419 0.000000
1474 B A 0.417680 0.964407 5.000000 1.000000 5.300462 0.000000
1475 B A 0.475872 0.981058 5.000000 1.000000 5.147201 0.000000
1476 B A 0.444465 0.949852 5.000000 1.000000 5.404081 0.000000
1477 B A 0.403162 0.966903 5.000000 1.000000 5.300007 0.000000
1478 B A 0.454175 0.984136 5.000000 5.000000 6.449895 0.000000
1479 B A 0.430319 1.000000 4.000000 1.000000 5.553229 0.000000
1480 A A 0.474761 0.982377 5.000000 1.000000 16.486283 0.000000
1481 B A 0.427285 0.948927 5.000000 1.000000 5.420285 0.000000
1482 B A 0.446465 0.981520 5.000000 1.000000 5.137025 0.000000
1483 B A 0.404941 0.999912 5.000000 1.000000 5.017341 0.000000
1484 B A 0.453125 0.966798 5.000000 1.000000 5.261220 0.000000
1485 B A 0.473303 0.923326 5.000000 1.000000 5.627809 0.000000
1486 B A 0.423313 0.980772 5.000000 1.000000 5.156577 0.000000
1487 B B 0.384894 0.963497 5.000000 1.000000 6.910575 0.000000
1488 B A 0.459008 0.981391 5.000000 1.000000 5.137922 0.000000
1489 B A 0.476552 0.999356 5.000000 1.000000 4.990293 0.000000
1490 B A 0.435650 0.940099 5.000000 1.000000 5.487983 0.000000
1491 B A 0.412808 0.999999 5.000000 1.000000 5.004561 0.000000
1492 B A 0.442619 0.960398 5.000000 1.000000 5.316521 0.000000
1493 B A 0.458643 0.982074 5.000000 1.000000 5.132033 0.000000
1494 B A 0.477018 0.963295 5.000000 1.000000 5.298538 0.000000
1495 B A 0.429871 0.352058 5.000000 1.000000 9.210513 0.000000
1496 B A 0.400336 0.999773 5.000000 1.000000 5.026712 0.000000
1497 B A 0.458648 0.763769 5.000000 1.000000 6.840866 0.000000
1498 B A 0.442104 0.982011 5.000000 1.000000 5.134005 0.000000
1499 B A 0.475682 0.999866 5.000000 1.000000 4.985354 0.000000
1500 A A 0.417039 0.999615 5.000000 1.000000 16.663499 0.000000
