1 A A 0.696482 0.448419 1.000000 1.000000 10.051486 0.000000
2 A A 0.289010 0.941689 1.000000 3.000000 13.028803 0.000000
3 A A 0.301905 0.212584 1.000000 3.000000 9.232362 0.000000
4 A A 0.599779 0.353055 1.000000 3.000000 9.714547 0.000000
5 A A 0.014460 0.501461 1.000000 4.000000 9.648155 0.000000
6 A A 0.044589 0.551078 1.000000 4.000000 9.880353 0.000000
7 A A 0.247684 0.096443 1.000000 4.000000 9.004684 0.000000
8 A A 0.267695 0.613255 1.000000 4.000000 10.604999 0.000000
9 A A 0.952150 0.373697 1.000000 4.000000 9.685917 0.000000
10 A A 0.204307 0.044758 1.000000 5.000000 8.957620 0.000000
11 A A 0.991826 0.082216 1.000000 5.000000 9.017489 0.000000
12 A A 0.130554 0.059955 2.000000 1.000000 8.987079 0.000000
13 A A 0.513977 0.686057 2.000000 2.000000 11.849199 0.000000
14 A A 0.521151 0.730948 2.000000 2.000000 12.177447 0.000000
15 A A 0.082415 0.905306 2.000000 3.000000 11.864606 0.000000
16 A A 0.391363 0.172754 2.000000 3.000000 9.315936 0.000000
17 A A 0.446549 0.515714 2.000000 3.000000 10.678501 0.000000
18 A A 0.446919 0.596018 2.000000 3.000000 11.142604 0.000000
19 A A 0.561550 0.428166 2.000000 3.000000 10.300586 0.000000
20 A A 0.632308 0.006382 2.000000 3.000000 9.059290 0.000000
21 A A 0.700738 0.539332 2.000000 3.000000 10.940644 0.000000
22 A A 0.728157 0.287647 2.000000 3.000000 9.753578 0.000000
23 A A 0.222746 0.462454 2.000000 4.000000 9.792255 0.000000
24 A A 0.238623 0.755169 2.000000 4.000000 11.339807 0.000000
25 A A 0.278080 0.342300 2.000000 4.000000 9.537876 0.000000
26 A A 0.389657 0.363920 2.000000 4.000000 9.812000 0.000000
27 A A 0.830899 0.321465 2.000000 4.000000 9.831516 0.000000
28 A A 0.906632 0.349738 2.000000 4.000000 9.819084 0.000000
29 A A 0.939655 0.014039 2.000000 4.000000 8.989587 0.000000
30 A A 0.741086 0.084455 2.000000 5.000000 9.225893 0.000000
31 A A 0.779950 0.870449 2.000000 5.000000 13.376807 0.000000
32 A A 0.057232 0.855290 3.000000 2.000000 11.580098 0.000000
33 A A 0.180357 0.985804 3.000000 2.000000 13.543669 0.000000
34 A A 0.183797 0.402402 3.000000 2.000000 9.835260 0.000000
35 A A 0.346808 0.331163 3.000000 2.000000 10.069202 0.000000
36 A A 0.574662 0.498538 3.000000 2.000000 11.062012 0.000000
37 A A 0.677135 0.609361 3.000000 2.000000 11.741016 0.000000
38 A A 0.851520 0.142359 3.000000 2.000000 9.257281 0.000000
39 A A 0.117356 0.851340 3.000000 3.000000 11.478236 0.000000
40 A A 0.155505 0.930737 3.000000 3.000000 12.351821 0.000000
41 A A 0.255054 0.957415 3.000000 3.000000 13.412590 0.000000
42 A A 0.290884 0.128816 3.000000 3.000000 9.232627 0.000000
43 A A 0.745621 0.372142 3.000000 3.000000 10.387865 0.000000
44 A A 0.806036 0.283620 3.000000 3.000000 9.894720 0.000000
45 A A 0.038969 0.629619 3.000000 4.000000 9.525969 0.000000
46 A A 0.151462 0.565793 3.000000 4.000000 9.791493 0.000000
47 A A 0.175912 0.440112 3.000000 4.000000 9.474886 0.000000
48 A A 0.208554 0.635505 3.000000 4.000000 10.423560 0.000000
49 A A 0.481902 0.895670 3.000000 4.000000 13.728356 0.000000
50 A A 0.775024 0.927840 3.000000 4.000000 14.476843 0.000000
51 A A 0.823520 0.994489 3.000000 4.000000 14.987233 0.000000
52 A A 0.046769 0.439098 3.000000 5.000000 9.002117 0.000000
53 A A 0.676658 0.859110 3.000000 5.000000 13.825583 0.000000
54 A A 0.041388 0.765876 4.000000 1.000000 11.322274 0.000000
55 A A 0.721959 0.588965 4.000000 1.000000 11.662952 0.000000
56 A A 0.761421 0.909260 4.000000 1.000000 13.966247 0.000000
57 A A 0.917172 0.389719 4.000000 1.000000 9.565408 0.000000
58 A A 0.032442 0.510116 4.000000 2.000000 9.587628 0.000000
59 A A 0.176837 0.667522 4.000000 2.000000 11.213975 0.000000
60 A A 0.864575 0.114841 4.000000 2.000000 9.248783 0.000000
61 A A 0.870733 0.430746 4.000000 2.000000 10.284322 0.000000
62 A A 0.883303 0.344037 4.000000 2.000000 9.846758 0.000000
63 A A 0.889817 0.472816 4.000000 2.000000 10.374598 0.000000
64 A A 0.978124 0.614195 4.000000 2.000000 10.534176 0.000000
65 A A 0.620974 0.240696 4.000000 3.000000 10.107274 0.000000
66 A A 0.265377 0.339845 4.000000 4.000000 9.557261 0.000000
67 A A 0.509776 0.426566 4.000000 4.000000 10.763847 0.000000
68 A A 0.768910 0.297248 4.000000 5.000000 10.471011 0.000000
69 A A 0.947467 0.717958 5.000000 1.000000 10.754925 0.000000
70 A A 0.145689 0.031440 5.000000 2.000000 8.961938 0.000000
71 A A 0.217671 0.119400 5.000000 2.000000 9.275288 0.000000
72 A A 0.122917 0.574071 5.000000 3.000000 9.784603 0.000000
73 A A 0.197727 0.159655 5.000000 4.000000 9.005755 0.000000
74 A A 0.766330 0.023504 5.000000 4.000000 9.648363 0.000000
75 A A 0.801268 0.578717 5.000000 5.000000 12.678711 0.000000
76 A B 0.704021 0.076466 1.000000 1.000000 9.618285 0.000000
77 A B 0.770615 0.844172 1.000000 3.000000 11.002595 0.000000
78 A B 0.280188 0.434962 1.000000 4.000000 9.925016 0.000000
79 A B 0.365066 0.184181 1.000000 4.000000 9.669977 0.000000
80 A B 0.655924 0.558983 1.000000 4.000000 10.264028 0.000000
81 A B 0.961305 0.601147 1.000000 4.000000 10.285500 0.000000
82 A B 0.452736 0.809979 2.000000 1.000000 11.129002 0.000000
83 A B 0.942921 0.540728 2.000000 1.000000 10.038528 0.000000
84 A B 0.981692 0.064097 2.000000 1.000000 9.579142 0.000000
85 A B 0.110770 0.777432 2.000000 2.000000 10.586303 0.000000
86 A B 0.173003 0.235181 2.000000 2.000000 9.698622 0.000000
87 A B 0.274741 0.903259 2.000000 2.000000 11.260354 0.000000
88 A B 0.530907 0.571432 2.000000 2.000000 10.438172 0.000000
89 A B 0.558104 0.562765 2.000000 2.000000 10.418075 0.000000
90 A B 0.712062 0.393217 2.000000 2.000000 10.051368 0.000000
91 A B 0.093436 0.699713 2.000000 3.000000 10.252763 0.000000
92 A B 0.260272 0.214695 2.000000 3.000000 9.708815 0.000000
93 A B 0.565213 0.491052 2.000000 3.000000 10.249807 0.000000
94 A B 0.996434 0.246123 2.000000 3.000000 9.707645 0.000000
95 A B 0.165619 0.494043 2.000000 4.000000 9.889594 0.000000
96 A B 0.687185 0.121087 2.000000 4.000000 9.713976 0.000000
97 A B 0.820613 0.740373 2.000000 4.000000 10.882045 0.000000
98 A B 0.073014 0.947771 2.000000 5.000000 10.507079 0.000000
99 A B 0.603055 0.945906 2.000000 5.000000 11.539197 0.000000
100 A B 0.354859 0.759066 3.000000 1.000000 11.152170 0.000000
101 A B 0.424669 0.043252 3.000000 1.000000 9.704599 0.000000
102 A B 0.114113 0.052956 3.000000 2.000000 9.580548 0.000000
103 A B 0.194674 0.311552 3.000000 2.000000 9.821831 0.000000
104 A B 0.242839 0.078852 3.000000 2.000000 9.655821 0.000000
105 A B 0.836099 0.621684 3.000000 2.000000 10.530846 0.000000
106 A B 0.878816 0.781194 3.000000 2.000000 10.873864 0.000000
107 A B 0.051398 0.399808 3.000000 3.000000 9.684316 0.000000
108 A B 0.320287 0.648888 3.000000 3.000000 10.590825 0.000000
109 A B 0.759912 0.812700 3.000000 3.000000 11.321782 0.000000
110 A B 0.891030 0.357575 3.000000 3.000000 9.977760 0.000000
111 A B 0.098369 0.421737 3.000000 4.000000 9.670573 0.000000
112 A B 0.317930 0.737084 3.000000 4.000000 10.685516 0.000000
113 A B 0.540017 0.889600 3.000000 4.000000 11.544980 0.000000
114 A B 0.623873 0.455351 3.000000 4.000000 10.327412 0.000000
115 A B 0.715025 0.036799 3.000000 4.000000 9.716744 0.000000
116 A B 0.862947 0.996678 3.000000 4.000000 11.933438 0.000000
117 A B 0.997510 0.381725 3.000000 4.000000 9.965485 0.000000
118 A B 0.109457 0.818665 3.000000 5.000000 10.098594 0.000000
119 A B 0.079796 0.553451 4.000000 2.000000 9.985412 0.000000
120 A B 0.148818 0.925434 4.000000 2.000000 11.126799 0.000000
121 A B 0.327753 0.979243 4.000000 2.000000 12.008023 0.000000
122 A B 0.367624 0.526802 4.000000 2.000000 10.588330 0.000000
123 A B 0.379618 0.899850 4.000000 2.000000 11.810218 0.000000
124 A B 0.418803 0.181893 4.000000 2.000000 9.925260 0.000000
125 A B 0.639300 0.708080 4.000000 2.000000 11.212387 0.000000
126 A B 0.309697 0.282751 4.000000 3.000000 9.920316 0.000000
127 A B 0.374710 0.268290 4.000000 3.000000 9.975640 0.000000
128 A B 0.748268 0.010388 4.000000 3.000000 9.748888 0.000000
129 A B 0.025300 0.824077 4.000000 4.000000 9.923654 0.000000
130 A B 0.271095 0.651280 4.000000 4.000000 10.374470 0.000000
131 A B 0.457755 0.605606 4.000000 4.000000 10.690469 0.000000
132 A B 0.543979 0.111064 4.000000 4.000000 9.787213 0.000000
133 A B 0.848383 0.838050 4.000000 4.000000 11.575506 0.000000
134 A B 0.383025 0.150049 4.000000 5.000000 9.707264 0.000000
135 A B 0.533680 0.680485 4.000000 5.000000 10.903667 0.000000
136 A B 0.859735 0.292505 4.000000 5.000000 10.115672 0.000000
137 A B 0.214771 0.165113 5.000000 1.000000 9.832073 0.000000
138 A B 0.808034 0.826880 5.000000 1.000000 11.247457 0.000000
139 A B 0.627138 0.547822 5.000000 2.000000 10.917760 0.000000
140 A B 0.641946 0.377230 5.000000 2.000000 10.450755 0.000000
141 A B 0.428195 0.617489 5.000000 3.000000 10.969036 0.000000
142 A B 0.814473 0.865097 5.000000 3.000000 11.834741 0.000000
143 A B 0.987681 0.416595 5.000000 3.000000 9.999718 0.000000
144 A B 0.128548 0.361605 5.000000 4.000000 9.597669 0.000000
145 A B 0.189003 0.238233 5.000000 4.000000 9.613531 0.000000
146 A B 0.410169 0.804595 5.000000 4.000000 11.343238 0.000000
147 A B 0.167076 0.179787 5.000000 5.000000 9.618688 0.000000
148 A B 0.431058 0.991244 5.000000 5.000000 11.827294 0.000000
149 A B 0.498437 0.678487 5.000000 5.000000 10.957058 0.000000
150 A B 0.963836 0.526615 5.000000 5.000000 10.618496 0.000000
151 B A 0.570050 0.743979 1.000000 1.000000 8.669211 0.000000
152 B A 0.103713 0.168857 1.000000 2.000000 10.707877 0.000000
153 B A 0.340548 0.266393 1.000000 2.000000 10.438642 0.000000
154 B A 0.908510 0.251434 1.000000 2.000000 10.549982 0.000000
155 B A 0.069538 0.520924 1.000000 3.000000 10.059837 0.000000
156 B A 0.738740 0.126233 1.000000 3.000000 10.649157 0.000000
157 B A 0.753802 0.815262 1.000000 3.000000 8.275925 0.000000
158 B A 0.332193 0.962734 1.000000 4.000000 7.630806 0.000000
159 B A 0.325394 0.981529 1.000000 5.000000 7.649900 0.000000
160 B A 0.928107 0.226955 1.000000 5.000000 10.530933 0.000000
161 B A 0.298965 0.956162 2.000000 1.000000 7.067000 0.000000
162 B A 0.555337 0.937197 2.000000 1.000000 7.093211 0.000000
163 B A 0.227099 0.640597 2.000000 2.000000 9.200312 0.000000
164 B A 0.236259 0.624036 2.000000 2.000000 9.250478 0.000000
165 B A 0.423079 0.224781 2.000000 2.000000 10.368497 0.000000
166 B A 0.585878 0.325595 2.000000 2.000000 10.103430 0.000000
167 B A 0.589159 0.988381 2.000000 2.000000 6.704506 0.000000
168 B A 0.611461 0.047210 2.000000 2.000000 10.674212 0.000000
169 B A 0.662268 0.631177 2.000000 2.000000 8.903069 0.000000
170 B A 0.371649 0.691852 2.000000 3.000000 8.768776 0.000000
171 B A 0.484388 0.020776 2.000000 3.000000 10.716552 0.000000
172 B A 0.731223 0.724781 2.000000 3.000000 8.396740 0.000000
173 B A 0.846478 0.100935 2.000000 3.000000 10.634611 0.000000
174 B A 0.124409 0.883371 2.000000 4.000000 8.827447 0.000000
175 B A 0.434724 0.445153 2.000000 4.000000 9.846215 0.000000
176 B A 0.487327 0.733700 2.000000 4.000000 8.504849 0.000000
177 B A 0.548190 0.396622 2.000000 4.000000 9.927022 0.000000
178 B A 0.606280 0.504749 2.000000 4.000000 9.475990 0.000000
179 B A 0.344300 0.067121 2.000000 5.000000 10.716717 0.000000
180 B A 0.519104 0.842692 3.000000 1.000000 7.265135 0.000000
181 B A 0.668683 0.728339 3.000000 2.000000 8.027651 0.000000
182 B A 0.829675 0.694887 3.000000 2.000000 8.614821 0.000000
183 B A 0.931098 0.316021 3.000000 2.000000 10.382945 0.000000
184 B A 0.358218 0.769172 3.000000 3.000000 8.125201 0.000000
185 B A 0.414763 0.145659 3.000000 3.000000 10.444570 0.000000
186 B A 0.609281 0.334167 3.000000 3.000000 9.844667 0.000000
187 B A 0.617111 0.877907 3.000000 3.000000 6.992629 0.000000
188 B A 0.868900 0.088942 3.000000 3.000000 10.601687 0.000000
189 B A 0.223584 0.473722 3.000000 4.000000 10.149296 0.000000
190 B A 0.468019 0.091905 3.000000 4.000000 10.582609 0.000000
191 B A 0.472524 0.319104 3.000000 4.000000 10.059540 0.000000
192 B A 0.088563 0.273558 3.000000 5.000000 10.782232 0.000000
193 B A 0.310892 0.921954 3.000000 5.000000 8.076784 0.000000
194 B A 0.402224 0.659326 3.000000 5.000000 9.043565 0.000000
195 B A 0.476538 0.670416 3.000000 5.000000 8.775771 0.000000
196 B A 0.009260 0.219522 4.000000 1.000000 10.660116 0.000000
197 B A 0.075335 0.249309 4.000000 1.000000 10.556240 0.000000
198 B A 0.537251 0.034623 4.000000 1.000000 10.503561 0.000000
199 B A 0.681124 0.535406 4.000000 1.000000 8.908144 0.000000
200 B A 0.017338 0.636964 4.000000 2.000000 10.018003 0.000000
201 B A 0.252658 0.867287 4.000000 2.000000 7.480765 0.000000
202 B A 0.361288 0.481805 4.000000 2.000000 9.120999 0.000000
203 B A 0.658981 0.199340 4.000000 2.000000 10.069810 0.000000
204 B A 0.913735 0.411597 4.000000 2.000000 10.029335 0.000000
205 B A 0.036236 0.486144 4.000000 3.000000 10.565765 0.000000
206 B A 0.651428 0.138984 4.000000 3.000000 10.199892 0.000000
207 B A 0.718366 0.256018 4.000000 3.000000 9.846492 0.000000
208 B A 0.782430 0.712427 4.000000 3.000000 7.821440 0.000000
209 B A 0.792254 0.478882 4.000000 3.000000 9.095316 0.000000
210 B A 0.812924 0.256917 4.000000 3.000000 9.992015 0.000000
211 B A 0.911725 0.055368 4.000000 3.000000 10.656061 0.000000
212 B A 0.969089 0.935231 4.000000 3.000000 7.440570 0.000000
213 B A 0.408834 0.304519 4.000000 4.000000 10.037350 0.000000
214 B A 0.841693 0.386555 4.000000 4.000000 9.487334 0.000000
215 B A 0.698926 0.487974 4.000000 5.000000 8.864912 0.000000
216 B A 0.970170 0.760514 4.000000 5.000000 7.827811 0.000000
217 B A 0.101297 0.598255 5.000000 1.000000 9.409611 0.000000
218 B A 0.157250 0.749851 5.000000 1.000000 8.275395 0.000000
219 B A 0.501969 0.917229 5.000000 2.000000 5.736515 0.000000
220 B A 0.523403 0.148594 5.000000 2.000000 10.038213 0.000000
221 B A 0.956007 0.544286 5.000000 2.000000 9.742987 0.000000
222 B A 0.296194 0.072662 5.000000 3.000000 10.517553 0.000000
223 B A 0.795605 0.582044 5.000000 4.000000 8.075438 0.000000
224 B A 0.027002 0.154664 5.000000 5.000000 9.878802 0.000000
225 B A 0.926307 0.968701 5.000000 5.000000 5.750298 0.000000
226 B B 0.920973 0.916154 1.000000 1.000000 8.729098 0.000000
227 B B 0.339687 0.847849 1.000000 2.000000 8.764903 0.000000
228 B B 0.395655 0.009390 1.000000 2.000000 10.502773 0.000000
229 B B 0.576745 0.302893 1.000000 2.000000 10.230584 0.000000
230 B B 0.798655 0.891121 1.000000 2.000000 8.618802 0.000000
231 B B 0.230687 0.136381 1.000000 3.000000 10.471593 0.000000
232 B B 0.141771 0.975114 1.000000 4.000000 8.656118 0.000000
233 B B 0.211179 0.406577 1.000000 4.000000 10.194716 0.000000
234 B B 0.313955 0.260468 1.000000 4.000000 10.345677 0.000000
235 B B 0.581534 0.790750 1.000000 4.000000 8.948821 0.000000
236 B B 0.529276 0.517349 1.000000 5.000000 9.835341 0.000000
237 B B 0.512277 0.665291 2.000000 1.000000 9.145894 0.000000
238 B B 0.591044 0.795986 2.000000 1.000000 8.686054 0.000000
239 B B 0.837133 0.799014 2.000000 1.000000 8.980515 0.000000
240 B B 0.986170 0.876167 2.000000 1.000000 9.073146 0.000000
241 B B 0.092626 0.773502 2.000000 2.000000 9.318888 0.000000
242 B B 0.336120 0.195948 2.000000 2.000000 10.302511 0.000000
243 B B 0.466293 0.675446 2.000000 2.000000 9.119079 0.000000
244 B B 0.490478 0.419784 2.000000 2.000000 9.866030 0.000000
245 B B 0.551108 0.452925 2.000000 2.000000 9.782705 0.000000
246 B B 0.615436 0.208570 2.000000 2.000000 10.268340 0.000000
247 B B 0.011395 0.467024 2.000000 3.000000 10.284442 0.000000
248 B B 0.066284 0.295500 2.000000 3.000000 10.436674 0.000000
249 B B 0.258079 0.465581 2.000000 3.000000 9.958843 0.000000
250 B B 0.455915 0.831324 2.000000 3.000000 8.581521 0.000000
251 B B 0.709631 0.273075 2.000000 3.000000 10.146389 0.000000
252 B B 0.751142 0.786964 2.000000 3.000000 8.707909 0.000000
253 B B 0.685911 0.970400 2.000000 5.000000 7.875806 0.000000
254 B B 0.133438 0.801561 3.000000 1.000000 8.924311 0.000000
255 B B 0.283354 0.714174 3.000000 1.000000 8.847821 0.000000
256 B B 0.404538 0.459221 3.000000 1.000000 9.565075 0.000000
257 B B 0.399789 0.096681 3.000000 2.000000 10.325089 0.000000
258 B B 0.900068 0.203108 3.000000 2.000000 10.363552 0.000000
259 B B 0.005615 0.783934 3.000000 3.000000 9.825282 0.000000
260 B B 0.061808 0.700920 3.000000 3.000000 9.867262 0.000000
261 B B 0.479156 0.963916 3.000000 3.000000 7.692555 0.000000
262 B B 0.594307 0.307445 3.000000 3.000000 9.962934 0.000000
263 B B 0.160311 0.861601 3.000000 4.000000 9.314134 0.000000
264 B B 0.436876 0.328692 3.000000 4.000000 10.043491 0.000000
265 B B 0.440160 0.753314 3.000000 4.000000 8.804671 0.000000
266 B B 0.461379 0.822636 3.000000 4.000000 8.490312 0.000000
267 B B 0.494535 0.130860 3.000000 4.000000 10.338803 0.000000
268 B B 0.505951 0.018879 3.000000 4.000000 10.451093 0.000000
269 B B 0.664389 0.530983 3.000000 4.000000 9.335995 0.000000
270 B B 0.818020 0.687544 3.000000 4.000000 8.853101 0.000000
271 B B 0.352818 0.952603 3.000000 5.000000 8.430536 0.000000
272 B B 0.383881 0.881561 4.000000 1.000000 7.683814 0.000000
273 B B 0.896708 0.028190 4.000000 1.000000 10.507337 0.000000
274 B B 0.021909 0.705415 4.000000 2.000000 9.848138 0.000000
275 B B 0.567429 0.188521 4.000000 2.000000 10.076573 0.000000
276 B B 0.672709 0.660114 4.000000 2.000000 8.702434 0.000000
277 B B 0.875837 0.160006 4.000000 2.000000 10.344743 0.000000
278 B B 0.958748 0.355981 4.000000 2.000000 10.228298 0.000000
279 B B 0.192835 0.205345 4.000000 3.000000 10.425209 0.000000
280 B B 0.200573 0.644106 4.000000 3.000000 9.604133 0.000000
281 B B 0.306188 0.104614 4.000000 3.000000 10.346655 0.000000
282 B B 0.635586 0.910167 4.000000 3.000000 7.498804 0.000000
283 B B 0.646157 0.584247 4.000000 3.000000 8.925981 0.000000
284 B B 0.884677 0.722709 4.000000 3.000000 8.819793 0.000000
285 B B 0.935387 0.193295 4.000000 3.000000 10.319184 0.000000
286 B B 0.974218 0.408180 4.000000 3.000000 10.021390 0.000000
287 B B 0.692571 0.506720 4.000000 4.000000 9.170153 0.000000
288 B B 0.895125 0.279078 4.000000 4.000000 10.012851 0.000000
289 B B 0.139797 0.002183 4.000000 5.000000 10.329659 0.000000
290 B B 0.246612 0.772128 4.000000 5.000000 9.563129 0.000000
291 B B 0.725194 0.231861 4.000000 5.000000 9.918194 0.000000
292 B B 0.735355 0.176339 4.000000 5.000000 10.027960 0.000000
293 B B 0.001342 0.367810 5.000000 1.000000 10.325164 0.000000
294 B B 0.055525 0.567005 5.000000 1.000000 9.851383 0.000000
295 B B 0.788744 0.655424 5.000000 3.000000 8.549757 0.000000
296 B B 0.646745 0.593195 5.000000 4.000000 8.632369 0.000000
297 B B 0.854920 0.221966 5.000000 4.000000 9.934847 0.000000
298 B B 0.946282 0.109055 5.000000 4.000000 10.313412 0.000000
299 B B 0.085942 0.060849 5.000000 5.000000 10.082737 0.000000
300 B B 0.784256 0.834236 5.000000 5.000000 7.494805 0.000000
301 B A 0.769457 0.972778 5.000000 5.000000 5.113249 0.000000
302 B A 0.784000 0.962519 5.000000 5.000000 5.216917 0.000000
303 B A 0.782204 0.968382 5.000000 5.000000 5.164881 0.000000
304 B A 0.769746 0.968069 5.000000 5.000000 5.153357 0.000000
305 B A 0.321816 0.960596 5.000000 5.000000 7.766022 0.000000
306 B A 0.794854 0.969116 5.000000 5.000000 5.180451 0.000000
307 B A 0.767650 0.972021 5.000000 5.000000 5.118249 0.000000
308 B A 0.780645 0.966251 5.000000 5.000000 5.180692 0.000000
309 B A 0.773414 0.940663 5.000000 5.000000 5.385891 0.000000
310 B A 0.751149 0.940642 5.000000 5.000000 5.375428 0.000000
311 B A 0.771083 0.938186 5.000000 5.000000 5.404147 0.000000
312 B A 0.778392 0.936768 5.000000 5.000000 5.423608 0.000000
313 B A 0.769841 0.934719 5.000000 5.000000 5.431666 0.000000
314 B A 0.771805 0.935024 5.000000 5.000000 5.430880 0.000000
315 B A 0.772816 0.944942 5.000000 5.000000 5.349845 0.000000
316 B A 0.769046 0.937063 5.000000 5.000000 5.411697 0.000000
317 B A 0.768014 0.939981 5.000000 5.000000 5.386802 0.000000
318 B A 0.777500 0.936793 5.000000 5.000000 5.422325 0.000000
319 B A 0.771069 0.938070 5.000000 5.000000 5.405099 0.000000
320 B A 0.764053 0.930912 5.000000 5.000000 5.458945 0.000000
321 B A 0.767840 0.934736 5.000000 5.000000 5.429951 0.000000
322 B A 0.766361 0.939623 5.000000 5.000000 5.388587 0.000000
323 B A 0.762915 0.939634 5.000000 5.000000 5.386465 0.000000
324 B A 0.767728 0.941265 5.000000 5.000000 5.375962 0.000000
325 B A 0.761546 0.938130 5.000000 5.000000 5.398243 0.000000
326 B A 0.767949 0.937939 5.000000 5.000000 5.403626 0.000000
327 B A 0.764511 0.938527 5.000000 5.000000 5.396484 0.000000
328 B A 0.769884 0.938831 5.000000 5.000000 5.397784 0.000000
329 B A 0.769951 0.945039 5.000000 5.000000 5.346437 0.000000
330 B A 0.753310 0.949039 5.000000 5.000000 5.305709 0.000000
331 B A 0.739300 0.999267 5.000000 5.000000 4.883110 0.000000
332 B A 0.751011 0.999572 5.000000 5.000000 4.876416 0.000000
333 B A 0.745730 0.989647 5.000000 5.000000 4.963032 0.000000
334 B A 0.746856 0.994571 5.000000 5.000000 4.920311 0.000000
335 B A 0.745758 0.998116 5.000000 5.000000 4.890003 0.000000
336 B A 0.745022 0.995717 5.000000 5.000000 4.910985 0.000000
337 B A 0.741476 0.993298 5.000000 5.000000 4.933400 0.000000
338 B A 0.737325 0.997647 5.000000 5.000000 4.898457 0.000000
339 B A 0.743562 0.992501 5.000000 5.000000 4.939280 0.000000
340 B A 0.738798 0.998938 5.000000 5.000000 4.886277 0.000000
341 B A 0.740438 0.997368 5.000000 5.000000 4.898843 0.000000
342 B A 0.739134 0.998145 5.000000 5.000000 4.892915 0.000000
343 B A 0.740788 0.995738 5.000000 5.000000 4.912727 0.000000
344 B A 0.739022 0.995972 5.000000 5.000000 4.911767 0.000000
345 B A 0.738274 0.996774 5.000000 5.000000 4.905333 0.000000
346 B A 0.741493 0.996868 5.000000 5.000000 4.902590 0.000000
347 B A 0.731611 0.996650 5.000000 5.000000 4.912014 0.000000
348 B A 0.724833 0.998647 5.000000 5.000000 4.902662 0.000000
349 B A 0.725824 0.998275 5.000000 5.000000 4.904586 0.000000
350 B A 0.729944 0.995811 5.000000 5.000000 4.921000 0.000000
351 B A 0.729789 0.993599 5.000000 5.000000 4.940237 0.000000
352 B A 0.730680 0.993325 5.000000 5.000000 4.941646 0.000000
353 B A 0.732135 0.996862 5.000000 5.000000 4.909669 0.000000
354 B A 0.727678 0.995285 5.000000 5.000000 4.928105 0.000000
355 B A 0.728269 0.996686 5.000000 5.000000 4.915326 0.000000
356 B A 0.715868 0.998515 5.000000 5.000000 4.917605 0.000000
357 B A 0.715226 0.999254 5.000000 5.000000 4.912356 0.000000
358 B A 0.712843 0.996743 5.000000 5.000000 4.938398 0.000000
359 B A 0.709127 0.996404 5.000000 5.000000 4.948656 0.000000
360 B A 0.711941 0.997799 5.000000 5.000000 4.931011 0.000000
361 B A 0.709950 0.996406 5.000000 5.000000 4.946962 0.000000
362 B A 0.723226 0.999438 5.000000 5.000000 4.898023 0.000000
363 B A 0.726994 0.998327 5.000000 5.000000 4.902668 0.000000
364 B A 0.726184 0.999603 5.000000 5.000000 4.892647 0.000000
365 B A 0.729209 0.999964 5.000000 5.000000 4.885917 0.000000
366 B A 0.692908 0.978271 5.000000 5.000000 5.142665 0.000000
367 B A 0.729951 0.979864 5.000000 5.000000 5.057768 0.000000
368 B A 0.702765 0.999225 5.000000 5.000000 4.938343 0.000000
369 B A 0.725775 0.977858 5.000000 5.000000 5.079743 0.000000
370 B A 0.737461 0.977870 5.000000 5.000000 5.068047 0.000000
371 B A 0.696305 0.998395 5.000000 5.000000 4.961567 0.000000
372 B A 0.720251 0.977887 5.000000 5.000000 5.087229 0.000000
373 B A 0.743277 0.999483 5.000000 5.000000 4.879111 0.000000
374 B A 0.696560 0.999573 5.000000 5.000000 4.950752 0.000000
375 B A 0.744165 0.978694 5.000000 5.000000 5.057330 0.000000
376 B A 0.739909 0.977469 5.000000 5.000000 5.069864 0.000000
377 B A 0.717242 0.962718 5.000000 5.000000 5.220284 0.000000
378 B A 0.687399 0.979325 5.000000 5.000000 5.149492 0.000000
379 B A 0.740836 0.999462 5.000000 5.000000 4.880506 0.000000
380 B A 0.708364 0.999737 5.000000 5.000000 4.921482 0.000000
381 B A 0.721180 0.963548 5.000000 5.000000 5.207138 0.000000
382 B A 0.738325 0.975905 5.000000 5.000000 5.084169 0.000000
383 B A 0.684227 0.999971 5.000000 5.000000 4.982857 0.000000
384 B A 0.724454 0.963710 5.000000 5.000000 5.201201 0.000000
385 B A 0.745452 0.977199 5.000000 5.000000 5.069604 0.000000
386 B A 0.708793 0.999785 5.000000 5.000000 4.920177 0.000000
387 B A 0.747476 0.978596 5.000000 5.000000 5.057141 0.000000
388 B A 0.722970 0.978338 5.000000 5.000000 5.079410 0.000000
389 B A 0.701273 0.960313 5.000000 5.000000 5.272600 0.000000
390 B A 0.744229 0.999792 5.000000 5.000000 4.876044 0.000000
391 B A 0.747107 0.979481 5.000000 5.000000 5.049678 0.000000
392 B A 0.737775 0.962748 5.000000 5.000000 5.195858 0.000000
393 B A 0.673916 0.980203 5.000000 5.000000 5.185797 0.000000
394 B A 0.745886 0.960010 5.000000 5.000000 5.214850 0.000000
395 B A 0.725746 0.999682 5.000000 5.000000 4.892516 0.000000
396 B A 0.702279 0.999631 5.000000 5.000000 4.935984 0.000000
397 B A 0.740313 0.977673 5.000000 5.000000 5.067887 0.000000
398 B A 0.723347 0.956870 5.000000 5.000000 5.260108 0.000000
399 B A 0.749657 0.999816 5.000000 5.000000 4.874435 0.000000
400 B A 0.804651 0.999777 5.000000 5.000000 4.940802 0.000000
401 B A 0.688323 0.978935 5.000000 5.000000 5.150065 0.000000
402 B A 0.750037 0.959579 5.000000 5.000000 5.217622 0.000000
403 B A 0.714752 0.979207 5.000000 5.000000 5.085108 0.000000
404 B A 0.750102 0.960221 5.000000 5.000000 5.212223 0.000000
405 B A 0.719983 0.999687 5.000000 5.000000 4.900670 0.000000
406 B A 0.729827 0.979342 5.000000 5.000000 5.062354 0.000000
407 B A 0.694457 0.979230 5.000000 5.000000 5.130333 0.000000
408 B A 0.750060 0.959546 5.000000 5.000000 5.217895 0.000000
409 B A 0.674064 0.980315 5.000000 5.000000 5.184333 0.000000
410 B A 0.799034 0.998232 5.000000 5.000000 4.940902 0.000000
411 B A 0.729814 0.999880 5.000000 5.000000 4.885969 0.000000
412 B A 0.707365 0.960134 5.000000 5.000000 5.260506 0.000000
413 B A 0.753863 0.979251 5.000000 5.000000 5.051076 0.000000
414 B A 0.727073 0.961479 5.000000 5.000000 5.216659 0.000000
415 B A 0.705658 0.975962 5.000000 5.000000 5.130750 0.000000
416 B A 0.755077 0.982213 5.000000 5.000000 5.025924 0.000000
417 B A 0.725148 0.996695 5.000000 5.000000 4.919111 0.000000
418 B A 0.685821 0.999199 5.000000 5.000000 4.984551 0.000000
419 B A 0.747352 0.959872 5.000000 5.000000 5.215609 0.000000
420 B A 0.730118 0.999750 5.000000 5.000000 4.886770 0.000000
421 B A 0.704432 0.979941 5.000000 5.000000 5.099690 0.000000
422 B A 0.722492 0.999257 5.000000 5.000000 4.900633 0.000000
423 B A 0.721280 0.956536 5.000000 5.000000 5.265826 0.000000
424 B A 0.675596 0.978590 5.000000 5.000000 5.193604 0.000000
425 B A 0.699929 0.999015 5.000000 5.000000 4.946989 0.000000
426 B A 0.727432 0.959326 5.000000 5.000000 5.234318 0.000000
427 B A 0.749901 0.999602 5.000000 5.000000 4.876253 0.000000
428 B A 0.794772 0.974202 5.000000 5.000000 5.137283 0.000000
429 B A 0.752676 0.976437 5.000000 5.000000 5.074987 0.000000
430 B A 0.792178 0.956317 5.000000 5.000000 5.282749 0.000000
431 B A 0.709160 0.999436 5.000000 5.000000 4.922430 0.000000
432 B A 0.756712 0.980305 5.000000 5.000000 5.042512 0.000000
433 B A 0.724776 0.961494 5.000000 5.000000 5.219413 0.000000
434 B A 0.755315 0.913497 5.000000 5.000000 5.597910 0.000000
435 B A 0.699437 0.980225 5.000000 5.000000 5.109053 0.000000
436 B A 0.684457 0.999613 5.000000 5.000000 4.985214 0.000000
437 B A 0.735430 0.978396 5.000000 5.000000 5.065113 0.000000
438 B A 0.719073 0.958720 5.000000 5.000000 5.250882 0.000000
439 B A 0.750670 0.979307 5.000000 5.000000 5.050591 0.000000
440 B A 0.785938 0.999612 5.000000 5.000000 4.903701 0.000000
441 B A 0.812587 0.999928 5.000000 5.000000 4.960535 0.000000
442 B A 0.782113 0.956748 5.000000 5.000000 5.262569 0.000000
443 B A 0.799749 0.978614 5.000000 5.000000 5.110419 0.000000
444 B A 0.785785 0.978652 5.000000 5.000000 5.083242 0.000000
445 B A 0.754030 0.960694 5.000000 5.000000 5.208217 0.000000
446 B A 0.712859 0.978943 5.000000 5.000000 5.090810 0.000000
447 B A 0.756459 0.954887 5.000000 5.000000 5.257275 0.000000
448 B A 0.731018 0.982320 5.000000 5.000000 5.035689 0.000000
449 B A 0.662577 0.999465 5.000000 5.000000 5.064265 0.000000
450 B A 0.693960 0.999793 5.000000 5.000000 4.955810 0.000000
451 B A 0.784326 0.968552 5.000000 5.000000 5.166579 0.000000
452 B A 0.735063 0.999840 5.000000 5.000000 4.881262 0.000000
453 B A 0.760755 0.999325 5.000000 5.000000 4.880310 0.000000
454 B A 0.755175 0.978159 5.000000 5.000000 5.060535 0.000000
455 B A 0.741172 0.955088 5.000000 5.000000 5.258083 0.000000
456 B A 0.712723 0.979591 5.000000 5.000000 5.085551 0.000000
457 B A 0.758677 0.958767 5.000000 5.000000 5.225326 0.000000
458 B A 0.733204 0.978566 5.000000 5.000000 5.065595 0.000000
459 B A 0.684560 0.916464 5.000000 5.000000 5.677788 0.000000
460 B A 0.713915 0.999190 5.000000 5.000000 4.915279 0.000000
461 B A 0.760367 0.978644 5.000000 5.000000 5.057801 0.000000
462 B A 0.735780 0.952900 5.000000 5.000000 5.279912 0.000000
463 B A 0.695957 0.999379 5.000000 5.000000 4.954011 0.000000
464 B A 0.735292 0.999928 5.000000 5.000000 4.880307 0.000000
465 B A 0.762426 0.964009 5.000000 5.000000 5.182742 0.000000
466 B A 0.739770 0.981103 5.000000 5.000000 5.038959 0.000000
467 B A 0.707742 0.999730 5.000000 5.000000 4.922857 0.000000
468 B A 0.783705 0.966644 5.000000 5.000000 5.181744 0.000000
469 B A 0.753563 0.977104 5.000000 5.000000 5.069345 0.000000
470 B A 0.815153 0.954914 5.000000 5.000000 5.349033 0.000000
471 B A 0.720700 0.982635 5.000000 5.000000 5.046090 0.000000
472 B A 0.739862 0.981519 5.000000 5.000000 5.035358 0.000000
473 B A 0.765098 0.951474 5.000000 5.000000 5.289342 0.000000
474 B A 0.710061 0.999859 5.000000 5.000000 4.916936 0.000000
475 B A 0.680659 0.920875 5.000000 5.000000 5.654123 0.000000
476 B A 0.735885 0.968781 5.000000 5.000000 5.146354 0.000000
477 B A 0.780743 0.998785 5.000000 5.000000 4.903031 0.000000
478 B A 0.755678 0.981071 5.000000 5.000000 5.035773 0.000000
479 B A 0.721710 0.965189 5.000000 5.000000 5.192551 0.000000
480 B A 0.702947 0.999046 5.000000 5.000000 4.939460 0.000000
481 B A 0.745805 0.951286 5.000000 5.000000 5.287923 0.000000
482 B A 0.801228 0.981404 5.000000 5.000000 5.090049 0.000000
483 B A 0.660849 0.979680 5.000000 5.000000 5.239169 0.000000
484 B A 0.726937 0.998904 5.000000 5.000000 4.897754 0.000000
485 B A 0.776173 0.950416 5.000000 5.000000 5.307870 0.000000
486 B A 0.757950 0.999614 5.000000 5.000000 4.876823 0.000000
487 B A 0.762529 0.968561 5.000000 5.000000 5.144367 0.000000
488 B A 0.689972 0.981130 5.000000 5.000000 5.126660 0.000000
489 B A 0.733036 0.966501 5.000000 5.000000 5.168050 0.000000
490 B A 0.762310 0.982165 5.000000 5.000000 5.028609 0.000000
491 B A 0.715303 0.949711 5.000000 5.000000 5.332327 0.000000
492 B A 0.783130 0.981409 5.000000 5.000000 5.055656 0.000000
493 B A 0.751768 0.999797 5.000000 5.000000 4.874442 0.000000
494 B A 0.801273 0.919985 5.000000 5.000000 5.600685 0.000000
495 B A 0.754642 0.970317 5.000000 5.000000 5.127079 0.000000
496 B A 0.819155 0.999851 5.000000 5.000000 4.980645 0.000000
497 B A 0.743526 0.999133 5.000000 5.000000 4.882034 0.000000
498 B A 0.781407 0.951036 5.000000 5.000000 5.309286 0.000000
499 B A 0.749264 0.979745 5.000000 5.000000 5.047012 0.000000
500 B A 0.766326 0.999777 5.000000 5.000000 4.879482 0.000000
501 B A 0.793517 0.999907 5.000000 5.000000 4.914830 0.000000
502 B A 0.765569 0.966291 5.000000 5.000000 5.165279 0.000000
503 B A 0.779795 0.965423 5.000000 5.000000 5.186542 0.000000
504 B A 0.826449 0.981811 5.000000 5.000000 5.158254 0.000000
505 B A 0.768920 0.948702 5.000000 5.000000 5.315136 0.000000
506 B A 0.744738 0.981208 5.000000 5.000000 5.035664 0.000000
507 B A 0.799637 0.999673 5.000000 5.000000 4.929824 0.000000
508 B A 0.761166 0.964697 5.000000 5.000000 5.176358 0.000000
509 B A 0.735682 0.983375 5.000000 5.000000 5.022421 0.000000
510 B A 0.754595 0.928485 5.000000 5.000000 5.475678 0.000000
511 B A 0.777657 0.948682 5.000000 5.000000 5.324047 0.000000
512 B A 0.699662 0.999779 5.000000 5.000000 4.941061 0.000000
513 B A 0.736371 0.981066 5.000000 5.000000 5.041603 0.000000
514 B A 0.724396 0.966887 5.000000 5.000000 5.174505 0.000000
515 B A 0.755939 0.999074 5.000000 5.000000 4.881038 0.000000
516 B A 0.798944 0.981042 5.000000 5.000000 5.087986 0.000000
517 B A 0.766435 0.948168 5.000000 5.000000 5.317756 0.000000
518 B A 0.759206 0.966178 5.000000 5.000000 5.163111 0.000000
519 B A 0.779124 0.999890 5.000000 5.000000 4.891294 0.000000
520 B A 0.817055 0.980825 5.000000 5.000000 5.136853 0.000000
521 B A 0.789183 0.999006 5.000000 5.000000 4.914468 0.000000
522 B A 0.783082 0.964546 5.000000 5.000000 5.198501 0.000000
523 B A 0.771921 0.999977 5.000000 5.000000 4.882371 0.000000
524 B A 0.825358 0.980933 5.000000 5.000000 5.162060 0.000000
525 B A 0.799199 0.951350 5.000000 5.000000 5.338416 0.000000
526 B A 0.772724 0.928061 5.000000 5.000000 5.488929 0.000000
527 B A 0.782767 0.999868 5.000000 5.000000 4.896564 0.000000
528 B A 0.808992 0.968607 5.000000 5.000000 5.217535 0.000000
529 B A 0.757378 0.981897 5.000000 5.000000 5.029073 0.000000
530 B A 0.771002 0.980564 5.000000 5.000000 5.048362 0.000000
531 B A 0.748222 0.999529 5.000000 5.000000 4.877144 0.000000
532 B A 0.787984 0.946608 5.000000 5.000000 5.356173 0.000000
533 B A 0.753728 0.965510 5.000000 5.000000 5.167632 0.000000
534 B A 0.756581 0.999704 5.000000 5.000000 4.875705 0.000000
535 B A 0.777325 0.981160 5.000000 5.000000 5.049966 0.000000
536 B A 0.756283 0.898968 5.000000 5.000000 5.715068 0.000000
537 B A 0.814271 0.966504 5.000000 5.000000 5.249642 0.000000
538 B A 0.799470 0.981301 5.000000 5.000000 5.086942 0.000000
539 B A 0.772176 0.999418 5.000000 5.000000 4.887455 0.000000
540 B A 0.794551 0.945442 5.000000 5.000000 5.377816 0.000000
541 B A 0.835331 0.965367 5.000000 5.000000 5.327772 0.000000
542 B A 0.773349 0.999125 5.000000 5.000000 4.891167 0.000000
543 B A 0.761960 0.980089 5.000000 5.000000 5.046170 0.000000
544 B A 0.767716 0.999523 5.000000 5.000000 4.882689 0.000000
545 B A 0.757549 0.925264 5.000000 5.000000 5.502591 0.000000
546 B A 0.748559 0.959163 5.000000 5.000000 5.221321 0.000000
547 B A 0.801727 0.980573 5.000000 5.000000 5.098279 0.000000
548 B A 0.746137 0.948281 5.000000 5.000000 5.312875 0.000000
549 B A 0.773445 0.981903 5.000000 5.000000 5.039294 0.000000
550 B A 0.745333 0.999623 5.000000 5.000000 4.877100 0.000000
551 B A 0.769680 0.965829 5.000000 5.000000 5.172215 0.000000
552 B A 0.788855 0.999963 5.000000 5.000000 4.905616 0.000000
553 B A 0.746962 0.981345 5.000000 5.000000 5.033813 0.000000
554 B A 0.743556 0.999806 5.000000 5.000000 4.876195 0.000000
555 B A 0.740413 0.963442 5.000000 5.000000 5.188356 0.000000
556 B A 0.711123 0.945324 5.000000 5.000000 5.376371 0.000000
557 B A 0.739501 0.981175 5.000000 5.000000 5.038509 0.000000
558 B A 0.755792 0.979987 5.000000 5.000000 5.045044 0.000000
559 B A 0.738411 0.927160 5.000000 5.000000 5.490890 0.000000
560 B A 0.759590 0.965759 5.000000 5.000000 5.166782 0.000000
561 B A 0.707820 0.983395 5.000000 5.000000 5.062901 0.000000
562 B A 0.733344 0.999402 5.000000 5.000000 4.886558 0.000000
563 B A 0.791340 0.946918 5.000000 5.000000 5.359477 0.000000
564 B A 0.753195 0.963275 5.000000 5.000000 5.186442 0.000000
565 B A 0.770391 0.999422 5.000000 5.000000 4.885767 0.000000
566 B A 0.812671 0.979751 5.000000 5.000000 5.133314 0.000000
567 B A 0.781725 0.979679 5.000000 5.000000 5.068373 0.000000
568 B A 0.834313 0.958112 5.000000 5.000000 5.384506 0.000000
569 B A 0.764439 0.977416 5.000000 5.000000 5.070264 0.000000
570 B A 0.786563 0.946985 5.000000 5.000000 5.350705 0.000000
571 B A 0.774717 0.978988 5.000000 5.000000 5.065497 0.000000
572 B A 0.805212 0.999747 5.000000 5.000000 4.942458 0.000000
573 B A 0.759571 0.999335 5.000000 5.000000 4.879765 0.000000
574 B A 0.759951 0.965506 5.000000 5.000000 5.169048 0.000000
575 B A 0.798549 0.999759 5.000000 5.000000 4.926652 0.000000
576 B A 0.777080 0.910918 5.000000 5.000000 5.632965 0.000000
577 B A 0.761218 0.980619 5.000000 5.000000 5.041309 0.000000
578 B A 0.816070 0.939667 5.000000 5.000000 5.477759 0.000000
579 B A 0.744589 0.963982 5.000000 5.000000 5.181860 0.000000
580 B A 0.717336 0.999487 5.000000 5.000000 4.906689 0.000000
581 B A 0.786243 0.966963 5.000000 5.000000 5.183009 0.000000
582 B A 0.763384 0.999571 5.000000 5.000000 4.879453 0.000000
583 B A 0.770922 0.981160 5.000000 5.000000 5.043199 0.000000
584 B A 0.804992 0.949040 5.000000 5.000000 5.370964 0.000000
585 B A 0.759757 0.981335 5.000000 5.000000 5.034610 0.000000
586 B A 0.785317 0.999538 5.000000 5.000000 4.903344 0.000000
587 B A 0.749844 0.961941 5.000000 5.000000 5.197787 0.000000
588 B A 0.831689 0.927074 5.000000 5.000000 5.630037 0.000000
589 B A 0.776743 0.999922 5.000000 5.000000 4.888045 0.000000
590 B A 0.745276 0.979973 5.000000 5.000000 5.046022 0.000000
591 B A 0.768240 0.981973 5.000000 5.000000 5.034000 0.000000
592 B A 0.801392 0.962807 5.000000 5.000000 5.247601 0.000000
593 B A 0.741107 0.984494 5.000000 5.000000 5.009212 0.000000
594 B A 0.762828 0.947897 5.000000 5.000000 5.317879 0.000000
595 B A 0.791657 0.981369 5.000000 5.000000 5.070324 0.000000
596 B A 0.713490 0.964653 5.000000 5.000000 5.210542 0.000000
597 B A 0.734597 0.999137 5.000000 5.000000 4.887739 0.000000
598 B A 0.757582 0.999269 5.000000 5.000000 4.879716 0.000000
599 B A 0.817252 0.932116 5.000000 5.000000 5.543055 0.000000
600 B A 0.762856 0.965610 5.000000 5.000000 5.169461 0.000000
601 B A 0.773468 0.980292 5.000000 5.000000 5.053062 0.000000
602 B A 0.786107 0.999304 5.000000 5.000000 4.906642 0.000000
603 B A 0.750059 0.948425 5.000000 5.000000 5.310902 0.000000
604 B A 0.795352 0.999935 5.000000 5.000000 4.918306 0.000000
605 B A 0.753728 0.980125 5.000000 5.000000 5.043615 0.000000
606 B A 0.774832 0.960004 5.000000 5.000000 5.226184 0.000000
607 B A 0.742076 0.979145 5.000000 5.000000 5.054403 0.000000
608 B A 0.726853 0.982561 5.000000 5.000000 5.038312 0.000000
609 B A 0.762818 0.961836 5.000000 5.000000 5.201231 0.000000
610 B A 0.852123 0.981624 5.000000 5.000000 5.258044 0.000000
611 B A 0.805902 0.952092 5.000000 5.000000 5.347842 0.000000
612 B A 0.783772 0.981619 5.000000 5.000000 5.054825 0.000000
613 B A 0.698407 0.929725 5.000000 5.000000 5.532487 0.000000
614 B A 0.747853 0.966716 5.000000 5.000000 5.157853 0.000000
615 B A 0.713972 0.999932 5.000000 5.000000 4.908771 0.000000
616 B A 0.766299 0.980879 5.000000 5.000000 5.041932 0.000000
617 B A 0.726899 0.948045 5.000000 5.000000 5.329189 0.000000
618 B A 0.743738 0.999908 5.000000 5.000000 4.875235 0.000000
619 B A 0.739013 0.999538 5.000000 5.000000 4.880941 0.000000
620 B A 0.705381 0.906140 5.000000 5.000000 5.707545 0.000000
621 B A 0.732404 0.968289 5.000000 5.000000 5.153536 0.000000
622 B A 0.745660 0.982355 5.000000 5.000000 5.025552 0.000000
623 B A 0.718061 0.965651 5.000000 5.000000 5.194262 0.000000
624 B A 0.755885 0.982041 5.000000 5.000000 5.027526 0.000000
625 B A 0.787905 0.999811 5.000000 5.000000 4.905280 0.000000
626 B A 0.683052 0.940160 5.000000 5.000000 5.489510 0.000000
627 B A 0.744658 0.999304 5.000000 5.000000 4.880101 0.000000
628 B A 0.718861 0.999933 5.000000 5.000000 4.900324 0.000000
629 B A 0.736274 0.963693 5.000000 5.000000 5.188998 0.000000
630 B A 0.694730 0.978519 5.000000 5.000000 5.135633 0.000000
631 B A 0.744988 0.999812 5.000000 5.000000 4.875585 0.000000
632 B A 0.711171 0.948511 5.000000 5.000000 5.349842 0.000000
633 B A 0.732445 0.967195 5.000000 5.000000 5.162739 0.000000
634 B A 0.747711 0.983168 5.000000 5.000000 5.018056 0.000000
635 B A 0.702778 0.979159 5.000000 5.000000 5.110113 0.000000
636 B A 0.726257 0.928626 5.000000 5.000000 5.490234 0.000000
637 B A 0.753567 0.958971 5.000000 5.000000 5.222657 0.000000
638 B A 0.741941 0.999269 5.000000 5.000000 4.881588 0.000000
639 B A 0.724182 0.983412 5.000000 5.000000 5.034470 0.000000
640 B A 0.685260 0.949804 5.000000 5.000000 5.403237 0.000000
641 B A 0.749211 0.966091 5.000000 5.000000 5.162890 0.000000
642 B A 0.716360 0.980213 5.000000 5.000000 5.073736 0.000000
643 B A 0.737884 0.982140 5.000000 5.000000 5.031325 0.000000
644 B A 0.761523 0.999188 5.000000 5.000000 4.881833 0.000000
645 B A 0.703052 0.962355 5.000000 5.000000 5.251348 0.000000
646 B A 0.753161 0.999090 5.000000 5.000000 4.880581 0.000000
647 B A 0.775078 0.999817 5.000000 5.000000 4.887036 0.000000
648 B A 0.759128 0.938620 5.000000 5.000000 5.393263 0.000000
649 B A 0.784491 0.967811 5.000000 5.000000 5.173094 0.000000
650 B A 0.729520 0.999988 5.000000 5.000000 4.885360 0.000000
651 B A 0.670615 0.982340 5.000000 5.000000 5.179505 0.000000
652 B A 0.755449 0.950716 5.000000 5.000000 5.291949 0.000000
653 B A 0.795858 0.980296 5.000000 5.000000 5.087749 0.000000
654 B A 0.718921 0.968083 5.000000 5.000000 5.172376 0.000000
655 B A 0.748452 0.925927 5.000000 5.000000 5.496825 0.000000
656 B A 0.771304 0.978303 5.000000 5.000000 5.067912 0.000000
657 B A 0.733418 0.952376 5.000000 5.000000 5.286273 0.000000
658 B A 0.699797 0.981898 5.000000 5.000000 5.093945 0.000000
659 B A 0.759582 0.998902 5.000000 5.000000 4.883515 0.000000
660 B A 0.816811 0.999863 5.000000 5.000000 4.973391 0.000000
661 B A 0.781464 0.962696 5.000000 5.000000 5.211758 0.000000
662 B A 0.736892 0.980613 5.000000 5.000000 5.045075 0.000000
663 B A 0.760863 0.982186 5.000000 5.000000 5.027773 0.000000
664 B A 0.711077 0.941672 5.000000 5.000000 5.406679 0.000000
665 B A 0.782867 0.999930 5.000000 5.000000 4.896175 0.000000
666 B A 0.746510 0.954785 5.000000 5.000000 5.258480 0.000000
667 B A 0.721207 0.968545 5.000000 5.000000 5.164980 0.000000
668 B A 0.801623 0.999803 5.000000 5.000000 4.933266 0.000000
669 B A 0.769063 0.980880 5.000000 5.000000 5.043991 0.000000
670 B A 0.736049 0.967300 5.000000 5.000000 5.158746 0.000000
671 B A 0.690374 0.920700 5.000000 5.000000 5.626838 0.000000
672 B A 0.754086 0.981641 5.000000 5.000000 5.030696 0.000000
673 B A 0.719558 0.947478 5.000000 5.000000 5.343936 0.000000
674 B A 0.787326 0.999673 5.000000 5.000000 4.905484 0.000000
675 B A 0.744425 0.999962 5.000000 5.000000 4.874494 0.000000
676 B A 0.768708 0.965577 5.000000 5.000000 5.173551 0.000000
677 B A 0.753805 0.981441 5.000000 5.000000 5.032383 0.000000
678 B A 0.790218 0.966579 5.000000 5.000000 5.193023 0.000000
679 B A 0.815043 0.999675 5.000000 5.000000 4.969775 0.000000
680 B A 0.742149 0.980945 5.000000 5.000000 5.039017 0.000000
681 B A 0.768593 0.938270 5.000000 5.000000 5.401383 0.000000
682 B A 0.718129 0.999722 5.000000 5.000000 4.903339 0.000000
683 B A 0.748227 0.964135 5.000000 5.000000 5.179549 0.000000
684 B A 0.774583 0.980322 5.000000 5.000000 5.053978 0.000000
685 B A 0.732837 0.904353 5.000000 5.000000 5.680211 0.000000
686 B A 0.797281 0.944721 5.000000 5.000000 5.389334 0.000000
687 B A 0.695424 0.982330 5.000000 5.000000 5.101416 0.000000
688 B A 0.758761 0.999883 5.000000 5.000000 4.874745 0.000000
689 B A 0.776182 0.963190 5.000000 5.000000 5.200904 0.000000
690 B A 0.836027 0.999736 5.000000 5.000000 5.039490 0.000000
691 B A 0.729265 0.980249 5.000000 5.000000 5.055232 0.000000
692 B A 0.754778 0.957747 5.000000 5.000000 5.233045 0.000000
693 A A 0.710303 0.984244 5.000000 5.000000 16.599240 0.000000
694 B A 0.801157 0.966130 5.000000 5.000000 5.219143 0.000000
695 B A 0.744949 0.982800 5.000000 5.000000 5.021989 0.000000
696 B A 0.770653 0.999766 5.000000 5.000000 4.883022 0.000000
697 B A 0.724783 0.952213 5.000000 5.000000 5.297112 0.000000
698 B A 0.759465 0.929220 5.000000 5.000000 5.470764 0.000000
699 B A 0.673162 0.980147 5.000000 5.000000 5.188927 0.000000
700 B A 0.779146 0.970741 5.000000 5.000000 5.140782 0.000000
701 B A 0.739382 0.981967 5.000000 5.000000 5.031819 0.000000
702 B A 0.704491 0.999713 5.000000 5.000000 4.930142 0.000000
703 B A 0.788963 0.999926 5.000000 5.000000 4.906127 0.000000
704 B A 0.757873 0.948013 5.000000 5.000000 5.314989 0.000000
705 B A 0.817406 0.967284 5.000000 5.000000 5.252207 0.000000
706 B A 0.734361 0.962303 5.000000 5.000000 5.202245 0.000000
707 B A 0.764275 0.982907 5.000000 5.000000 5.023328 0.000000
708 B A 0.716142 0.940057 5.000000 5.000000 5.410906 0.000000
709 B A 0.745767 0.980715 5.000000 5.000000 5.039525 0.000000
710 B A 0.787950 0.982860 5.000000 5.000000 5.050966 0.000000
711 B A 0.728960 0.963962 5.000000 5.000000 5.193592 0.000000
712 A A 0.694232 0.998696 5.000000 5.000000 16.713972 0.000000
713 B A 0.760148 0.950849 5.000000 5.000000 5.292093 0.000000
714 B A 0.801861 0.999652 5.000000 5.000000 4.935132 0.000000
715 B A 0.745467 0.925360 5.000000 5.000000 5.502205 0.000000
716 B A 0.774849 0.968260 5.000000 5.000000 5.156664 0.000000
717 B A 0.716429 0.977123 5.000000 5.000000 5.099906 0.000000
718 B A 0.738561 0.982814 5.000000 5.000000 5.025111 0.000000
719 B A 0.766526 0.999785 5.000000 5.000000 4.879553 0.000000
720 B A 0.823129 0.947110 5.000000 5.000000 5.437758 0.000000
721 B A 0.786794 0.982280 5.000000 5.000000 5.053974 0.000000
722 B A 0.809654 0.962066 5.000000 5.000000 5.274197 0.000000
723 B A 0.772489 0.999956 5.000000 5.000000 4.883107 0.000000
724 B A 0.763157 0.980568 5.000000 5.000000 5.042681 0.000000
725 B A 0.790868 0.964214 5.000000 5.000000 5.214115 0.000000
726 B A 0.757820 0.999292 5.000000 5.000000 4.879581 0.000000
727 B A 0.778154 0.979256 5.000000 5.000000 5.067216 0.000000
728 B A 0.804469 0.961443 5.000000 5.000000 5.266282 0.000000
729 B A 0.762983 0.999684 5.000000 5.000000 4.878259 0.000000
730 B A 0.786521 0.938019 5.000000 5.000000 5.424824 0.000000
731 A A 0.769120 0.913269 5.000000 5.000000 15.858384 0.000000
732 B A 0.842059 0.982177 5.000000 5.000000 5.212102 0.000000
733 B A 0.802620 0.982483 5.000000 5.000000 5.084118 0.000000
734 B A 0.760090 0.950767 5.000000 5.000000 5.292752 0.000000
735 B A 0.776855 0.999290 5.000000 5.000000 4.893647 0.000000
736 B A 0.824994 0.967189 5.000000 5.000000 5.276701 0.000000
737 B A 0.754739 0.982837 5.000000 5.000000 5.020550 0.000000
738 B A 0.784550 0.963852 5.000000 5.000000 5.206543 0.000000
739 B A 0.751680 0.999864 5.000000 5.000000 4.873862 0.000000
740 B A 0.724317 0.999675 5.000000 5.000000 4.894463 0.000000
741 B A 0.747686 0.944991 5.000000 5.000000 5.339835 0.000000
742 B A 0.730193 0.981333 5.000000 5.000000 5.044981 0.000000
743 B A 0.766461 0.966528 5.000000 5.000000 5.163863 0.000000
744 B A 0.706400 0.982080 5.000000 5.000000 5.077134 0.000000
745 B A 0.748560 0.981115 5.000000 5.000000 5.035430 0.000000
746 B A 0.798996 0.952220 5.000000 5.000000 5.330735 0.000000
747 B A 0.725299 0.927160 5.000000 5.000000 5.503416 0.000000
748 B A 0.771499 0.999126 5.000000 5.000000 4.889340 0.000000
749 B A 0.744414 0.966515 5.000000 5.000000 5.160554 0.000000
750 A A 0.786554 0.982052 5.000000 5.000000 16.592636 0.000000
751 B A 0.710653 0.999953 5.000000 5.000000 4.914944 0.000000
752 B A 0.753440 0.999753 5.000000 5.000000 4.874856 0.000000
753 B A 0.760196 0.966014 5.000000 5.000000 5.164854 0.000000
754 B A 0.796792 0.946112 5.000000 5.000000 5.376799 0.000000
755 B A 0.768296 0.981986 5.000000 5.000000 5.033936 0.000000
756 B A 0.816653 0.982558 5.000000 5.000000 5.120947 0.000000
757 B A 0.746604 0.961503 5.000000 5.000000 5.202087 0.000000
758 B A 0.778794 0.999508 5.000000 5.000000 4.894177 0.000000
759 B A 0.728665 0.999257 5.000000 5.000000 4.892647 0.000000
760 B A 0.755283 0.936336 5.000000 5.000000 5.411204 0.000000
761 B A 0.780201 0.965722 5.000000 5.000000 5.184554 0.000000
762 B A 0.686456 0.894074 5.000000 5.000000 5.851168 0.000000
763 B A 0.738878 0.980827 5.000000 5.000000 5.041874 0.000000
764 B A 0.758330 0.982475 5.000000 5.000000 5.024398 0.000000
765 B A 0.714805 0.957588 5.000000 5.000000 5.267468 0.000000
766 B A 0.808674 0.982303 5.000000 5.000000 5.100789 0.000000
767 B A 0.787931 0.999782 5.000000 5.000000 4.905577 0.000000
768 B A 0.735793 0.967322 5.000000 5.000000 5.158761 0.000000
769 A A 0.764213 0.946027 5.000000 5.000000 16.221102 0.000000
770 B A 0.751826 0.982093 5.000000 5.000000 5.026756 0.000000
771 B A 0.719335 0.923612 5.000000 5.000000 5.540702 0.000000
772 B A 0.774832 0.999759 5.000000 5.000000 4.887264 0.000000
773 B A 0.741164 0.999309 5.000000 5.000000 4.881654 0.000000
774 B A 0.695302 0.999921 5.000000 5.000000 4.951079 0.000000
775 B A 0.797563 0.963349 5.000000 5.000000 5.234601 0.000000
776 B A 0.765621 0.968725 5.000000 5.000000 5.144744 0.000000
777 B A 0.730943 0.983667 5.000000 5.000000 5.024258 0.000000
778 B A 0.749432 0.948270 5.000000 5.000000 5.312264 0.000000
779 B A 0.831483 0.981371 5.000000 5.000000 5.179354 0.000000
780 B A 0.786242 0.964666 5.000000 5.000000 5.202357 0.000000
781 B A 0.707718 0.977152 5.000000 5.000000 5.116238 0.000000
782 B A 0.770510 0.938540 5.000000 5.000000 5.400720 0.000000
783 B A 0.661264 0.999666 5.000000 5.000000 5.067778 0.000000
784 B A 0.725593 0.981519 5.000000 5.000000 5.048778 0.000000
785 B A 0.750952 0.954215 5.000000 5.000000 5.262509 0.000000
786 B A 0.862261 0.999403 5.000000 5.000000 5.152659 0.000000
787 B A 0.804539 0.968498 5.000000 5.000000 5.207186 0.000000
788 A A 0.771300 0.999455 5.000000 5.000000 16.818257 0.000000
789 B A 0.744457 0.980456 5.000000 5.000000 5.042191 0.000000
790 B A 0.707678 0.952002 5.000000 5.000000 5.327774 0.000000
791 B A 0.731452 0.983205 5.000000 5.000000 5.027686 0.000000
792 B A 0.782644 0.916763 5.000000 5.000000 5.592798 0.000000
793 B A 0.756024 0.999537 5.000000 5.000000 4.877046 0.000000
794 B A 0.816404 0.968191 5.000000 5.000000 5.241628 0.000000
795 B A 0.793918 0.981076 5.000000 5.000000 5.077179 0.000000
796 B A 0.765602 0.936778 5.000000 5.000000 5.411589 0.000000
797 B A 0.757092 0.960962 5.000000 5.000000 5.206453 0.000000
798 B A 0.780232 0.980586 5.000000 5.000000 5.058583 0.000000
799 B A 0.723923 0.982526 5.000000 5.000000 5.042388 0.000000
800 B A 0.762944 0.999765 5.000000 5.000000 4.877535 0.000000
801 B A 0.787638 0.956337 5.000000 5.000000 5.274532 0.000000
802 B A 0.754159 0.999735 5.000000 5.000000 4.875066 0.000000
803 B A 0.729690 0.970447 5.000000 5.000000 5.138045 0.000000
804 B A 0.810129 0.999089 5.000000 5.000000 4.960962 0.000000
805 B A 0.746280 0.950130 5.000000 5.000000 5.297424 0.000000
806 B A 0.681801 0.999537 5.000000 5.000000 4.994322 0.000000
807 A A 0.771395 0.969560 5.000000 5.000000 16.477062 0.000000
808 B A 0.709080 0.981819 5.000000 5.000000 5.073723 0.000000
809 B A 0.750878 0.999772 5.000000 5.000000 4.874700 0.000000
810 B A 0.735123 0.968220 5.000000 5.000000 5.151715 0.000000
811 B A 0.718366 0.999849 5.000000 5.000000 4.901853 0.000000
812 B A 0.698596 0.932293 5.000000 5.000000 5.511029 0.000000
813 B A 0.743362 0.982000 5.000000 5.000000 5.029446 0.000000
814 B A 0.790320 0.950762 5.000000 5.000000 5.325686 0.000000
815 B A 0.772625 0.982205 5.000000 5.000000 5.035884 0.000000
816 B A 0.750453 0.961679 5.000000 5.000000 5.199928 0.000000
817 B A 0.729512 0.980159 5.000000 5.000000 5.055725 0.000000
818 B A 0.769036 0.982064 5.000000 5.000000 5.033860 0.000000
819 B A 0.715299 0.966120 5.000000 5.000000 5.194957 0.000000
820 B A 0.748061 0.999978 5.000000 5.000000 4.873293 0.000000
821 B A 0.689200 0.935701 5.000000 5.000000 5.507905 0.000000
822 B A 0.734550 0.981490 5.000000 5.000000 5.039463 0.000000
823 B A 0.710812 0.951698 5.000000 5.000000 5.324023 0.000000
824 B A 0.747626 0.999525 5.000000 5.000000 4.877303 0.000000
825 B A 0.720931 0.967215 5.000000 5.000000 5.176613 0.000000
826 A A 0.698750 0.983348 5.000000 5.000000 16.554406 0.000000
827 B A 0.742385 0.999293 5.000000 5.000000 4.881166 0.000000
828 B A 0.740868 0.968193 5.000000 5.000000 5.148017 0.000000
829 B A 0.640505 0.918279 5.000000 5.000000 5.828914 0.000000
830 B A 0.722521 0.981644 5.000000 5.000000 5.051868 0.000000
831 B A 0.751506 0.948922 5.000000 5.000000 5.306661 0.000000
832 B A 0.667502 0.980768 5.000000 5.000000 5.204291 0.000000
833 B A 0.728001 0.999648 5.000000 5.000000 4.890040 0.000000
834 B A 0.755090 0.999969 5.000000 5.000000 4.873147 0.000000
835 B A 0.702958 0.958169 5.000000 5.000000 5.286615 0.000000
836 B A 0.736869 0.967732 5.000000 5.000000 5.154480 0.000000
837 B A 0.750363 0.999828 5.000000 5.000000 4.874251 0.000000
838 B A 0.753461 0.981661 5.000000 5.000000 5.030483 0.000000
839 B A 0.780009 0.937359 5.000000 5.000000 5.420785 0.000000
840 B A 0.715438 0.981474 5.000000 5.000000 5.064586 0.000000
841 B A 0.750644 0.955662 5.000000 5.000000 5.250415 0.000000
842 B A 0.760835 0.999669 5.000000 5.000000 4.877366 0.000000
843 B A 0.682787 0.967654 5.000000 5.000000 5.262035 0.000000
844 B A 0.732743 0.999219 5.000000 5.000000 4.888702 0.000000
845 B A 0.799210 0.980884 5.000000 5.000000 5.089918 0.000000
846 A A 0.750787 0.949593 5.000000 5.000000 16.265191 0.000000
847 B A 0.720147 0.981480 5.000000 5.000000 5.056787 0.000000
848 B A 0.783108 0.964086 5.000000 5.000000 5.202409 0.000000
849 B A 0.700978 0.999922 5.000000 5.000000 4.936589 0.000000
850 B A 0.763639 0.930043 5.000000 5.000000 5.465850 0.000000
851 B A 0.733611 0.999709 5.000000 5.000000 4.883656 0.000000
852 B A 0.751653 0.980897 5.000000 5.000000 5.036971 0.000000
853 B A 0.777354 0.966320 5.000000 5.000000 5.175902 0.000000
854 B A 0.738033 0.897190 5.000000 5.000000 5.733571 0.000000
855 B A 0.719329 0.982524 5.000000 5.000000 5.049154 0.000000
856 B A 0.799901 0.948932 5.000000 5.000000 5.360054 0.000000
857 B A 0.764476 0.981688 5.000000 5.000000 5.033861 0.000000
858 B A 0.742370 0.965578 5.000000 5.000000 5.169332 0.000000
859 B A 0.701336 0.999032 5.000000 5.000000 4.943406 0.000000
860 B A 0.784157 0.983227 5.000000 5.000000 5.041687 0.000000
861 B A 0.759135 0.942281 5.000000 5.000000 5.362973 0.000000
862 B A 0.720659 0.964189 5.000000 5.000000 5.202524 0.000000
863 B A 0.745098 0.983780 5.000000 5.000000 5.013554 0.000000
864 B A 0.776315 0.966694 5.000000 5.000000 5.171527 0.000000
865 A A 0.681225 0.998653 5.000000 5.000000 16.661623 0.000000
866 B A 0.732654 0.982147 5.000000 5.000000 5.035556 0.000000
867 B A 0.759282 0.949006 5.000000 5.000000 5.307148 0.000000
868 B A 0.827607 0.912194 5.000000 5.000000 5.736354 0.000000
869 B A 0.798792 0.981562 5.000000 5.000000 5.083222 0.000000
870 B A 0.705884 0.964716 5.000000 5.000000 5.225210 0.000000
871 B A 0.774236 0.982431 5.000000 5.000000 5.035609 0.000000
872 B A 0.749636 0.999330 5.000000 5.000000 4.878642 0.000000
873 B A 0.728930 0.929859 5.000000 5.000000 5.477042 0.000000
874 B A 0.787908 0.963430 5.000000 5.000000 5.215507 0.000000
875 B A 0.761791 0.983326 5.000000 5.000000 5.018434 0.000000
876 B A 0.722665 0.945749 5.000000 5.000000 5.353741 0.000000
877 B A 0.750588 0.999548 5.000000 5.000000 4.876657 0.000000
878 B A 0.708036 0.968576 5.000000 5.000000 5.188139 0.000000
879 B A 0.736170 0.983117 5.000000 5.000000 5.024244 0.000000
880 B A 0.745651 0.965971 5.000000 5.000000 5.164723 0.000000
881 B A 0.682774 0.998983 5.000000 5.000000 4.995955 0.000000
882 B A 0.719500 0.999954 5.000000 5.000000 4.899119 0.000000
883 B A 0.743419 0.947788 5.000000 5.000000 5.317936 0.000000
884 A A 0.775523 0.981641 5.000000 5.000000 16.608319 0.000000
885 B A 0.703283 0.965244 5.000000 5.000000 5.226560 0.000000
886 B A 0.750935 0.999369 5.000000 5.000000 4.878178 0.000000
887 B A 0.725609 0.979835 5.000000 5.000000 5.063120 0.000000
888 B A 0.806116 0.933028 5.000000 5.000000 5.505713 0.000000
889 B A 0.763560 0.953316 5.000000 5.000000 5.273067 0.000000
890 B A 0.738199 0.999814 5.000000 5.000000 4.879093 0.000000
891 B A 0.783662 0.971166 5.000000 5.000000 5.143480 0.000000
892 B A 0.756962 0.980732 5.000000 5.000000 5.038919 0.000000
893 B A 0.707513 0.999488 5.000000 5.000000 4.925431 0.000000
894 B A 0.728913 0.999434 5.000000 5.000000 4.890836 0.000000
895 B A 0.774095 0.963321 5.000000 5.000000 5.197511 0.000000
896 B A 0.747742 0.981743 5.000000 5.000000 5.030227 0.000000
897 B A 0.693650 0.955150 5.000000 5.000000 5.334944 0.000000
898 B A 0.793738 0.976588 5.000000 5.000000 5.114993 0.000000
899 B A 0.724357 0.981485 5.000000 5.000000 5.050688 0.000000
900 B A 0.760245 0.932170 5.000000 5.000000 5.446815 0.000000
901 B A 0.737448 0.953004 5.000000 5.000000 5.277802 0.000000
902 B A 0.668791 0.979997 5.000000 5.000000 5.206001 0.000000
903 A A 0.779826 0.982892 5.000000 5.000000 16.615530 0.000000
904 B A 0.815443 0.999064 5.000000 5.000000 4.976208 0.000000
905 B A 0.754017 0.966411 5.000000 5.000000 5.160045 0.000000
906 B A 0.708474 0.999342 5.000000 5.000000 4.924669 0.000000
907 B A 0.770991 0.948669 5.000000 5.000000 5.317164 0.000000
908 B A 0.734757 0.966979 5.000000 5.000000 5.162500 0.000000
909 B A 0.790988 0.999528 5.000000 5.000000 4.913248 0.000000
910 B A 0.747449 0.916931 5.000000 5.000000 5.570359 0.000000
911 B A 0.718150 0.999933 5.000000 5.000000 4.901479 0.000000
912 B A 0.769159 0.980064 5.000000 5.000000 5.051035 0.000000
913 B A 0.743751 0.970480 5.000000 5.000000 5.127283 0.000000
914 B A 0.805629 0.948141 5.000000 5.000000 5.379977 0.000000
915 B A 0.694583 0.980894 5.000000 5.000000 5.115864 0.000000
916 B A 0.763175 0.965169 5.000000 5.000000 5.173341 0.000000
917 B A 0.724610 0.999098 5.000000 5.000000 4.899058 0.000000
918 B A 0.782527 0.999253 5.000000 5.000000 4.901525 0.000000
919 B A 0.752378 0.940992 5.000000 5.000000 5.372507 0.000000
920 B A 0.651272 0.981827 5.000000 5.000000 5.260745 0.000000
921 B A 0.734234 0.966129 5.000000 5.000000 5.170117 0.000000
922 A A 0.713376 0.981658 5.000000 5.000000 16.577697 0.000000
923 B A 0.773408 0.982014 5.000000 5.000000 5.038309 0.000000
924 B A 0.755473 0.950774 5.000000 5.000000 5.291469 0.000000
925 B A 0.737014 0.967590 5.000000 5.000000 5.155568 0.000000
926 B A 0.792509 0.983642 5.000000 5.000000 5.052559 0.000000
927 B A 0.828578 0.932424 5.000000 5.000000 5.575975 0.000000
928 B A 0.763192 0.962402 5.000000 5.000000 5.196662 0.000000
929 B A 0.714829 0.999787 5.000000 5.000000 4.908455 0.000000
930 B A 0.732191 0.978498 5.000000 5.000000 5.067120 0.000000
931 B A 0.688249 0.870023 5.000000 5.000000 6.034770 0.000000
932 B A 0.752333 0.953218 5.000000 5.000000 5.270804 0.000000
933 B A 0.779002 0.983153 5.000000 5.000000 5.035050 0.000000
934 B A 0.804549 0.983266 5.000000 5.000000 5.082105 0.000000
935 B A 0.740939 0.619642 5.000000 5.000000 7.700002 0.000000
936 B A 0.855411 0.439367 5.000000 5.000000 8.878246 0.000000
937 B A 0.770305 0.999649 5.000000 5.000000 4.883719 0.000000
938 B A 0.717020 0.966015 5.000000 5.000000 5.192904 0.000000
939 B A 0.754014 0.982371 5.000000 5.000000 5.024456 0.000000
940 A A 0.732372 0.935488 5.000000 5.000000 16.096950 0.000000
941 B A 0.794686 0.962987 5.000000 5.000000 5.231713 0.000000
942 B A 0.770401 0.981410 5.000000 5.000000 5.040604 0.000000
943 B A 0.746997 0.998935 5.000000 5.000000 4.882562 0.000000
944 B A 0.697086 0.998595 5.000000 5.000000 4.957810 0.000000
945 B A 0.717734 0.952469 5.000000 5.000000 5.305274 0.000000
946 B A 0.786751 0.918581 5.000000 5.000000 5.584227 0.000000
947 B A 0.761108 0.999333 5.000000 5.000000 4.880388 0.000000
948 B A 0.816806 0.999279 5.000000 5.000000 4.978409 0.000000
949 B A 0.740714 0.964914 5.000000 5.000000 5.175786 0.000000
950 B A 0.723821 0.980456 5.000000 5.000000 5.060192 0.000000
951 B A 0.775528 0.948613 5.000000 5.000000 5.322159 0.000000
952 B A 0.760702 0.970717 5.000000 5.000000 5.125290 0.000000
953 B A 0.698304 0.980582 5.000000 5.000000 5.108845 0.000000
954 B A 0.746812 0.983389 5.000000 5.000000 5.016377 0.000000
955 B A 0.791954 0.960295 5.000000 5.000000 5.249029 0.000000
956 B A 0.620697 0.983746 5.000000 5.000000 5.389893 0.000000
957 B A 0.728375 0.942388 5.000000 5.000000 5.374415 0.000000
958 B A 0.764264 0.967646 5.000000 5.000000 5.153036 0.000000
959 A A 0.671224 0.999331 5.000000 5.000000 16.623326 0.000000
960 B A 0.743841 0.905630 5.000000 5.000000 5.662840 0.000000
961 B A 0.704943 0.999030 5.000000 5.000000 4.935018 0.000000
962 B A 0.782941 0.999030 5.000000 5.000000 4.904066 0.000000
963 B A 0.729911 0.966937 5.000000 5.000000 5.167475 0.000000
964 B A 0.755510 0.981297 5.000000 5.000000 5.033811 0.000000
965 B A 0.769597 0.930952 5.000000 5.000000 5.462437 0.000000
966 B A 0.811458 0.953685 5.000000 5.000000 5.348976 0.000000
967 B A 0.719662 0.982612 5.000000 5.000000 5.047882 0.000000
968 B A 0.999123 0.966159 5.000000 5.000000 6.228518 0.000000
969 B A 0.743958 0.980104 5.000000 5.000000 5.045387 0.000000
970 B A 0.844194 0.998429 5.000000 5.000000 5.082517 0.000000
971 B A 0.789932 0.951073 5.000000 5.000000 5.322410 0.000000
972 B A 0.761961 0.980911 5.000000 5.000000 5.039154 0.000000
973 B A 0.711079 0.963920 5.000000 5.000000 5.221242 0.000000
974 B A 0.743621 0.981306 5.000000 5.000000 5.035265 0.000000
975 B A 0.730293 0.934651 5.000000 5.000000 5.436230 0.000000
976 B A 0.682244 0.343713 5.000000 5.000000 9.235071 0.000000
977 B A 0.772699 0.999291 5.000000 5.000000 4.889070 0.000000
978 A A 0.752219 0.968093 5.000000 5.000000 16.472322 0.000000
979 B A 0.801430 0.998855 5.000000 5.000000 4.940995 0.000000
980 B A 0.778799 0.999945 5.000000 5.000000 4.890397 0.000000
981 B A 0.715681 0.953456 5.000000 5.000000 5.300478 0.000000
982 B A 0.733006 0.999660 5.000000 5.000000 4.884642 0.000000
983 B A 0.765025 0.547099 5.000000 5.000000 8.132621 0.000000
984 B A 0.749815 0.999964 5.000000 5.000000 4.873133 0.000000
985 B A 0.703444 0.968883 5.000000 5.000000 5.195556 0.000000
986 B A 0.735896 0.982324 5.000000 5.000000 5.031231 0.000000
987 B A 0.689781 0.999542 5.000000 5.000000 4.969755 0.000000
988 B A 0.744857 0.947100 5.000000 5.000000 5.323111 0.000000
989 B A 0.718821 0.970092 5.000000 5.000000 5.155563 0.000000
990 B A 0.747858 0.981758 5.000000 5.000000 5.030073 0.000000
991 B A 0.783324 0.999333 5.000000 5.000000 4.902024 0.000000
992 B A 0.726758 0.968064 5.000000 5.000000 5.161558 0.000000
993 B A 0.756091 0.999630 5.000000 5.000000 4.876247 0.000000
994 B A 0.796682 0.923020 5.000000 5.000000 5.566217 0.000000
995 B A 0.771648 0.952105 5.000000 5.000000 5.289120 0.000000
996 B A 0.813006 0.980545 5.000000 5.000000 5.127514 0.000000
997 B A 0.758724 0.980672 5.000000 5.000000 5.039915 0.000000
998 A A 0.780162 0.960567 5.000000 5.000000 16.362831 0.000000
999 B A 0.705489 0.999612 5.000000 5.000000 4.928773 0.000000
1000 B A 0.738346 0.999617 5.000000 5.000000 4.880701 0.000000
1001 B A 0.757726 0.745402 5.000000 5.000000 6.868160 0.000000
1002 B A 0.723852 0.944442 5.000000 5.000000 5.362965 0.000000
1003 B A 0.780074 0.971043 5.000000 5.000000 5.139441 0.000000
1004 B A 0.798444 0.965559 5.000000 5.000000 5.217910 0.000000
1005 B A 0.751517 0.980352 5.000000 4.000000 5.111962 0.000000
1006 B A 0.731100 0.980710 5.000000 5.000000 5.049355 0.000000
1007 B A 0.767411 0.980132 5.000000 5.000000 5.049092 0.000000
1008 B A 0.704020 0.938376 5.000000 5.000000 5.448442 0.000000
1009 B A 0.827714 0.999512 5.000000 5.000000 5.011516 0.000000
1010 B A 0.741367 0.955240 5.000000 5.000000 5.256709 0.000000
1011 B A 0.788095 0.981256 5.000000 5.000000 5.064896 0.000000
1012 B A 0.765702 0.962375 5.000000 5.000000 5.198367 0.000000
1013 B A 0.717206 0.886322 5.000000 5.000000 5.843480 0.000000
1014 B A 0.677234 0.999352 5.000000 5.000000 5.011103 0.000000
1015 B A 0.749281 0.999568 5.000000 5.000000 4.876626 0.000000
1016 B A 0.754795 0.980585 5.000000 5.000000 5.039796 0.000000
1017 A A 0.731671 0.933797 5.000000 5.000000 16.077496 0.000000
1018 B A 0.776720 0.980115 5.000000 5.000000 5.058160 0.000000
1019 B A 0.808933 0.962097 5.000000 5.000000 5.272045 0.000000
1020 B A 0.749920 0.980662 5.000000 5.000000 5.039100 0.000000
1021 B A 0.719592 0.999755 5.000000 5.000000 4.900694 0.000000
1022 B A 0.693968 0.950421 5.000000 5.000000 5.373412 0.000000
1023 B A 0.768786 0.982375 5.000000 5.000000 5.031003 0.000000
1024 B A 0.786663 0.965222 5.000000 5.000000 5.198361 0.000000
1025 B A 0.736048 0.980780 5.000000 5.000000 5.044299 0.000000
1026 B A 0.757819 0.926202 5.000000 5.000000 5.494987 0.000000
1027 B A 0.716663 0.999920 5.000000 4.000000 4.899236 0.000000
1028 B A 0.739790 0.955457 5.000000 5.000000 5.255765 0.000000
1029 B A 0.776242 0.981686 5.000000 5.000000 5.044200 0.000000
1030 B A 0.803234 0.965923 5.000000 5.000000 5.225723 0.000000
1031 B A 0.758145 0.999585 5.000000 5.000000 4.877131 0.000000
1032 B A 0.705989 0.999598 5.000000 5.000000 4.927794 0.000000
1033 B A 0.742506 0.999626 5.000000 5.000000 4.878225 0.000000
1034 B A 0.654113 0.945140 5.000000 5.000000 5.553387 0.000000
1035 A A 0.787492 0.967963 5.000000 5.000000 16.431165 0.000000
1036 B A 0.730841 0.978176 5.000000 5.000000 5.071211 0.000000
1037 B A 0.760459 0.981405 5.000000 5.000000 5.034281 0.000000
1038 B A 0.771703 0.916687 5.000000 5.000000 5.580703 0.000000
1039 B A 0.724243 0.951358 5.000000 5.000000 5.304944 0.000000
1040 B A 0.744628 0.999811 5.000000 5.000000 4.875722 0.000000
1041 B A 0.689739 0.967415 5.000000 5.000000 5.243173 0.000000
1042 B A 0.750275 0.979466 5.000000 5.000000 5.049271 0.000000
1043 B A 0.874354 0.980976 5.000000 5.000000 5.365802 0.000000
1044 B A 0.796986 0.999489 5.000000 5.000000 4.925589 0.000000
1045 B A 0.575074 1.000000 5.000000 5.000000 5.512480 0.000000
1046 B A 0.824822 0.949455 5.000000 5.000000 5.423796 0.000000
1047 B A 0.714543 0.966740 5.000000 5.000000 5.191068 0.000000
1048 B A 0.777378 0.980904 5.000000 5.000000 5.052213 0.000000
1049 B A 0.739882 0.961834 5.000000 5.000000 5.202196 0.000000
1050 B A 0.758667 0.938584 5.000000 5.000000 5.393412 0.000000
1051 B A 0.727875 0.999595 5.000000 5.000000 4.890646 0.000000
1052 B A 0.768828 0.983004 5.000000 5.000000 5.025663 0.000000
1053 B A 0.703752 0.965554 5.000000 5.000000 5.222887 0.000000
1054 B A 0.553613 0.981622 5.000000 5.000000 5.794928 0.000000
1055 B A 0.744900 0.981469 5.000000 5.000000 5.033378 0.000000
1056 A A 0.795757 0.999716 5.000000 5.000000 16.771958 0.000000
1057 B A 0.729878 0.943174 5.000000 5.000000 5.366267 0.000000
1058 B A 0.772529 0.960441 5.000000 5.000000 5.220153 0.000000
1059 B A 0.753351 0.511777 5.000000 5.000000 8.327527 0.000000
1060 B A 0.711886 0.981302 5.000000 5.000000 5.072567 0.000000
1061 B A 0.781135 0.999793 5.000000 5.000000 4.894864 0.000000
1062 B A 0.735165 0.961776 5.000000 5.000000 5.206012 0.000000
1063 B A 0.815096 0.925862 5.000000 5.000000 5.587863 0.000000
1064 B A 0.676417 0.977502 1.000000 5.000000 7.244200 0.000000
1065 B A 0.761407 0.981990 5.000000 5.000000 5.029684 0.000000
1066 B A 0.794309 0.948737 5.000000 5.000000 5.350005 0.000000
1067 B A 0.752739 0.999783 5.000000 5.000000 4.874562 0.000000
1068 B A 0.702200 0.999791 5.000000 5.000000 4.934796 0.000000
1069 B B 0.726048 0.908634 5.000000 5.000000 7.101952 0.000000
1070 B A 0.747966 0.999752 5.000000 4.000000 4.938901 0.000000
1071 B A 0.937110 0.964713 5.000000 5.000000 5.846723 0.000000
1072 B A 0.774513 0.596599 5.000000 5.000000 7.848097 0.000000
1073 A A 0.725362 0.979325 5.000000 5.000000 16.576288 0.000000
1074 B A 0.743524 0.965782 5.000000 5.000000 5.167096 0.000000
1075 B A 0.688574 0.938896 5.000000 5.000000 5.483466 0.000000
1076 B A 0.762742 0.982707 5.000000 5.000000 5.024192 0.000000
1077 B A 0.713355 0.981362 5.000000 5.000000 5.069291 0.000000
1078 B A 0.792487 0.956047 5.000000 5.000000 5.285591 0.000000
1079 B A 0.740354 0.981747 5.000000 5.000000 5.033117 0.000000
1080 B A 0.766844 0.999849 5.000000 5.000000 4.879222 0.000000
1081 B A 0.730275 0.964997 5.000000 5.000000 5.183453 0.000000
1082 B A 0.753450 0.978944 5.000000 5.000000 5.053665 0.000000
1083 B A 0.786747 0.948052 5.000000 5.000000 5.342141 0.000000
1084 B A 0.714193 0.999230 5.000000 5.000000 4.914428 0.000000
1085 B A 0.839148 0.999637 5.000000 5.000000 5.052225 0.000000
1086 B A 0.746887 0.964700 5.000000 5.000000 5.175091 0.000000
1087 B A 0.766107 0.980425 5.000000 5.000000 5.045672 0.000000
1088 B B 0.805143 0.936930 5.000000 5.000000 6.980883 0.000000
1089 B A 0.697343 0.980700 5.000000 5.000000 5.110284 0.000000
1090 B A 0.735266 0.964509 5.000000 5.000000 5.182921 0.000000
1091 B A 0.781137 0.377058 5.000000 5.000000 9.022174 0.000000
1092 A A 0.755670 0.979932 5.000000 5.000000 16.606004 0.000000
1093 B A 0.720074 0.999970 5.000000 5.000000 4.898080 0.000000
1094 B A 0.779268 0.955291 5.000000 5.000000 5.270915 0.000000
1095 B A 0.737184 0.682130 5.000000 5.000000 7.302567 0.000000
1096 B A 0.759584 0.999883 5.000000 5.000000 4.875026 0.000000
1097 B A 0.806726 0.981986 5.000000 5.000000 5.098439 0.000000
1098 B A 0.761725 0.965418 5.000000 5.000000 5.170528 0.000000
1099 B A 0.721827 0.928601 5.000000 5.000000 5.496273 0.000000
1100 B A 0.775438 0.999377 5.000000 5.000000 4.891248 0.000000
1101 B A 0.741786 0.980687 5.000000 5.000000 5.041399 0.000000
1102 B A 0.750425 0.819177 5.000000 5.000000 6.332869 0.000000
1103 B A 0.601422 0.999695 5.000000 5.000000 5.360602 0.000000
1104 B A 0.701885 0.949089 5.000000 5.000000 5.364732 0.000000
1105 B A 0.668119 0.967200 5.000000 5.000000 5.316030 0.000000
1106 B A 0.792648 0.999571 5.000000 5.000000 4.916034 0.000000
1107 B B 0.768883 0.981975 5.000000 5.000000 6.689666 0.000000
1108 B A 0.727965 0.965454 5.000000 5.000000 5.182151 0.000000
1109 B A 0.749568 0.981830 5.000000 5.000000 5.029169 0.000000
1110 B A 0.817981 0.850186 5.000000 5.000000 6.192572 0.000000
1111 A A 0.711780 0.945322 5.000000 5.000000 16.166486 0.000000
1112 B A 0.766969 0.981760 5.000000 5.000000 5.034878 0.000000
1113 B A 0.735041 0.966931 5.000000 5.000000 5.162670 0.000000
1114 B A 0.274620 0.911128 5.000000 5.000000 8.536322 0.000000
1115 B A 0.686628 0.999793 5.000000 5.000000 4.976975 0.000000
1116 B A 0.529442 0.982430 5.000000 5.000000 5.942703 0.000000
1117 B A 0.786704 0.946948 5.000000 5.000000 5.351242 0.000000
1118 B A 0.752789 0.967197 5.000000 5.000000 5.153339 0.000000
1119 B A 0.717055 0.982402 5.000000 5.000000 5.053893 0.000000
1120 B A 0.739382 0.955457 5.000000 5.000000 5.256017 0.000000
1121 B A 0.779440 0.982745 5.000000 5.000000 5.039104 0.000000
1122 B A 0.761179 0.999763 5.000000 5.000000 4.876700 0.000000
1123 B A 0.448112 0.930033 5.000000 5.000000 6.886936 0.000000
1124 B A 0.732946 0.981240 5.000000 4.000000 5.073399 0.000000
1125 B B 0.803559 0.965920 5.000000 5.000000 6.817682 0.000000
1126 B A 0.705200 0.983267 5.000000 5.000000 5.069652 0.000000
1127 B A 0.776988 0.953852 5.000000 5.000000 5.280140 0.000000
1128 B A 0.754776 0.981097 5.000000 5.000000 5.035416 0.000000
1129 B A 0.896631 0.964955 5.000000 5.000000 5.613138 0.000000
1130 A A 0.725133 0.935480 5.000000 5.000000 16.086200 0.000000
1131 B A 0.751125 0.982376 5.000000 5.000000 5.024359 0.000000
1132 B A 0.793787 0.998929 5.000000 5.000000 4.923820 0.000000
1133 B A 0.769972 0.999616 5.000000 5.000000 4.883719 0.000000
1134 B A 0.740141 0.999467 5.000000 5.000000 4.880865 0.000000
1135 B A 0.700858 0.966148 5.000000 5.000000 5.224618 0.000000
1136 B A 0.725606 0.957150 5.000000 5.000000 5.254789 0.000000
1137 B A 0.820286 0.999217 5.000000 5.000000 4.989621 0.000000
1138 B A 0.768658 0.980586 5.000000 5.000000 5.046171 0.000000
1139 B A 0.745621 0.946762 5.000000 5.000000 5.325666 0.000000
1140 B A 0.785823 0.967155 4.000000 5.000000 5.752247 0.000000
1141 B A 0.715073 0.983430 5.000000 5.000000 5.048540 0.000000
1142 B A 0.755406 0.982185 5.000000 5.000000 5.026209 0.000000
1143 B A 0.738278 0.642640 5.000000 5.000000 7.557281 0.000000
1144 B B 0.693845 0.895031 5.000000 5.000000 7.215602 0.000000
1145 B A 0.769238 0.999201 5.000000 5.000000 4.886684 0.000000
1146 B A 0.790032 0.965100 5.000000 5.000000 5.205151 0.000000
1147 B A 0.729847 0.566079 5.000000 5.000000 8.029326 0.000000
1148 B A 0.757670 0.948175 5.000000 5.000000 5.313589 0.000000
1149 B A 0.845420 0.981835 5.000000 5.000000 5.228394 0.000000
1150 B A 0.718599 0.999572 5.000000 5.000000 4.903865 0.000000
1151 A A 0.801883 0.967037 5.000000 5.000000 16.382429 0.000000
1152 B A 0.678401 0.999102 5.000000 5.000000 5.009285 0.000000
1153 B A 0.773373 0.999992 5.000000 5.000000 4.883688 0.000000
1154 B A 0.638602 0.929695 5.000000 5.000000 5.746003 0.000000
1155 B A 0.743436 0.719925 5.000000 5.000000 7.045567 0.000000
1156 B A 0.760752 0.970915 5.000000 4.000000 5.213127 0.000000
1157 B A 0.713277 0.999870 1.000000 5.000000 7.074297 0.000000
1158 B A 0.737686 0.950135 5.000000 5.000000 5.301583 0.000000
1159 B A 0.788501 0.999773 5.000000 5.000000 4.906640 0.000000
1160 B A 0.752230 0.981514 5.000000 5.000000 5.031701 0.000000
1161 B A 0.771815 0.966563 5.000000 5.000000 5.167922 0.000000
1162 B A 0.728982 0.981864 5.000000 5.000000 5.041769 0.000000
1163 B A 0.815525 0.940795 5.000000 5.000000 5.466926 0.000000
1164 B B 0.692466 0.999880 5.000000 5.000000 6.639461 0.000000
1165 B A 0.752469 0.963769 5.000000 5.000000 5.182256 0.000000
1166 B A 0.784413 0.979961 5.000000 5.000000 5.069946 0.000000
1167 B A 0.715783 0.999967 5.000000 5.000000 4.905210 0.000000
1168 A A 0.738898 0.923729 5.000000 5.000000 15.975154 0.000000
1169 B A 0.767505 0.951742 5.000000 5.000000 5.288718 0.000000
1170 B A 0.752755 0.980297 5.000000 5.000000 5.042097 0.000000
1171 B A 0.802942 0.999622 5.000000 5.000000 4.937966 0.000000
1172 B A 0.727795 0.965802 5.000000 5.000000 5.179413 0.000000
1173 B A 0.706236 0.981887 5.000000 5.000000 5.079137 0.000000
1174 B A 0.773108 0.953666 5.000000 5.000000 5.277482 0.000000
1175 B A 0.745495 0.999819 5.000000 5.000000 4.875352 0.000000
1176 B A 0.659575 0.981390 5.000000 5.000000 5.229852 0.000000
1177 B A 0.727853 0.968352 5.000000 5.000000 5.157823 0.000000
1178 B A 0.706496 0.488885 5.000000 5.000000 8.488831 0.000000
1179 B A 0.743532 0.979451 4.000000 5.000000 5.633735 0.000000
1180 B A 0.783799 0.999984 5.000000 5.000000 4.897109 0.000000
1181 B A 0.765573 0.940368 5.000000 5.000000 5.381916 0.000000
1182 B A 0.736111 0.965248 5.000000 5.000000 5.176017 0.000000
1183 B B 0.715610 0.979469 5.000000 5.000000 6.720911 0.000000
1184 B A 0.755829 0.981862 5.000000 5.000000 5.029041 0.000000
1185 B A 0.687433 0.951785 5.000000 5.000000 5.380360 0.000000
1186 B A 0.798240 0.920925 5.000000 5.000000 5.586476 0.000000
1187 B A 0.739062 0.785273 5.000000 5.000000 6.586699 0.000000
1188 A A 0.769823 0.999789 5.000000 5.000000 16.823882 0.000000
1189 B A 0.505642 0.965325 5.000000 5.000000 6.232675 0.000000
1190 B A 0.723315 0.981440 5.000000 5.000000 5.052496 0.000000
1191 B A 0.754239 0.982512 5.000000 5.000000 5.023265 0.000000
1192 B A 0.789904 0.961226 5.000000 5.000000 5.237482 0.000000
1193 B A 0.737613 0.999276 5.000000 5.000000 4.884160 0.000000
1194 B A 0.708086 0.936787 5.000000 5.000000 5.452868 0.000000
1195 B A 0.774108 0.967364 5.000000 4.000000 5.280938 0.000000
1196 B A 0.822349 0.999691 5.000000 5.000000 4.992106 0.000000
1197 B A 0.761477 0.981061 5.000000 5.000000 5.037651 0.000000
1198 B A 0.740722 0.954720 5.000000 5.000000 5.261403 0.000000
1199 B A 0.693942 0.981314 5.000000 5.000000 5.114019 0.000000
1200 B A 0.720377 0.999706 5.000000 5.000000 4.899895 0.000000
1201 B B 0.760056 0.966952 5.000000 5.000000 6.771253 0.000000
1202 B A 0.784574 0.999755 5.000000 5.000000 4.900286 0.000000
1203 B A 0.743370 0.942488 5.000000 1.000000 6.355665 0.000000
1204 B A 0.973998 0.981816 5.000000 5.000000 5.941175 0.000000
1205 B A 0.672377 0.981498 5.000000 5.000000 5.180286 0.000000
1206 A A 0.721304 0.964502 5.000000 5.000000 16.401432 0.000000
1207 B A 0.804570 0.913660 5.000000 5.000000 5.659434 0.000000
1208 B A 0.775948 0.981099 5.000000 5.000000 5.048873 0.000000
1209 B A 0.754973 0.948468 4.000000 5.000000 5.880177 0.000000
1210 B A 0.735644 0.966685 5.000000 5.000000 5.164262 0.000000
1211 B A 0.698262 0.999767 3.000000 5.000000 6.068531 0.000000
1212 B A 0.758137 0.981514 5.000000 5.000000 5.032547 0.000000
1213 B A 0.376349 0.953934 5.000000 5.000000 7.289740 0.000000
1214 B A 0.833411 0.419929 5.000000 5.000000 8.912038 0.000000
1215 B A 0.788998 0.999490 5.000000 5.000000 4.909960 0.000000
1216 B A 0.725139 0.999893 5.000000 5.000000 4.891482 0.000000
1217 B A 0.772570 0.980283 5.000000 5.000000 5.052235 0.000000
1218 B A 0.747023 0.936960 5.000000 5.000000 5.406476 0.000000
1219 B A 0.727567 0.999728 5.000000 5.000000 4.889859 0.000000
1220 B B 0.804653 0.967529 5.000000 5.000000 6.810414 0.000000
1221 B A 0.919360 0.980235 5.000000 5.000000 5.615698 0.000000
1222 B A 0.764000 0.963041 5.000000 5.000000 5.191725 0.000000
1223 B A 0.712526 0.983371 5.000000 5.000000 5.053709 0.000000
1224 A A 0.746433 0.951242 5.000000 5.000000 16.282518 0.000000
1225 B A 0.780775 0.999781 5.000000 5.000000 4.894465 0.000000
1226 B A 0.740713 0.980197 5.000000 5.000000 5.046146 0.000000
1227 B A 0.760501 0.965142 5.000000 5.000000 5.172329 0.000000
1228 B A 0.694674 0.999577 5.000000 5.000000 4.955730 0.000000
1229 B A 0.790153 0.927613 5.000000 5.000000 5.516353 0.000000
1230 B A 0.726464 0.982063 5.000000 5.000000 5.043038 0.000000
1231 B A 0.769537 0.949457 5.000000 5.000000 5.309346 0.000000
1232 B A 0.749229 0.980088 5.000000 5.000000 5.044086 0.000000
1233 B A 0.711653 0.964309 5.000000 5.000000 5.216864 0.000000
1234 B A 0.738731 0.999810 5.000000 5.000000 4.878772 0.000000
1235 B A 0.778652 0.980884 5.000000 5.000000 5.053966 0.000000
1236 B A 0.752173 0.999977 5.000000 5.000000 4.872878 0.000000
1237 B A 0.802870 0.961118 5.000000 5.000000 5.265191 0.000000
1238 B B 0.764192 0.980595 5.000000 4.000000 6.760368 0.000000
1239 B A 0.724932 0.939903 5.000000 5.000000 5.399124 0.000000
1240 B A 0.814653 0.898843 5.000000 5.000000 5.803976 0.000000
1241 B A 0.785130 0.967159 4.000000 5.000000 5.751367 0.000000
1242 B A 0.758112 0.982423 5.000000 5.000000 5.024776 0.000000
1243 B A 0.676961 0.981281 5.000000 5.000000 5.166170 0.000000
1244 A A 0.704403 0.999991 5.000000 5.000000 16.762734 0.000000
1245 B A 0.735319 0.999843 5.000000 5.000000 4.881016 0.000000
1246 B A 0.773820 0.952686 5.000000 5.000000 5.286385 0.000000
1247 B A 0.748726 0.968121 5.000000 5.000000 5.145813 0.000000
1248 B A 0.720926 0.982504 5.000000 5.000000 5.046862 0.000000
1249 B A 0.791118 0.926349 5.000000 5.000000 5.528398 0.000000
1250 B A 0.762350 0.950210 5.000000 5.000000 5.298370 0.000000
1251 B A 0.741022 0.982076 5.000000 5.000000 5.029931 0.000000
1252 B A 0.773464 0.963990 5.000000 5.000000 5.191229 0.000000
1253 B A 0.703673 0.979938 5.000000 5.000000 5.101431 0.000000
1254 B A 0.728917 0.981359 5.000000 3.000000 5.232108 0.000000
1255 B A 0.750448 0.952761 5.000000 5.000000 5.274702 0.000000
1256 B A 0.791277 0.981787 5.000000 5.000000 5.066055 0.000000
1257 B A 0.760160 0.966585 5.000000 5.000000 5.160021 0.000000
1258 B A 0.816818 0.999242 5.000000 5.000000 4.978766 0.000000
1259 B B 0.722116 0.937235 5.000000 5.000000 6.949958 0.000000
1260 B A 0.737316 0.981233 5.000000 5.000000 5.039476 0.000000
1261 B A 0.777871 0.965051 5.000000 5.000000 5.187226 0.000000
1262 A A 0.694150 0.999387 5.000000 5.000000 16.721610 0.000000
1263 B A 0.755630 0.964040 5.000000 5.000000 5.180250 0.000000
1264 B A 0.716220 0.465308 5.000000 5.000000 8.598557 0.000000
1265 B A 0.801682 0.982409 5.000000 5.000000 5.082547 0.000000
1266 B A 0.739971 0.998835 5.000000 5.000000 4.886430 0.000000
1267 B A 0.175122 0.999601 5.000000 5.000000 9.177796 0.000000
1268 B A 0.417228 0.938554 5.000000 5.000000 7.056182 0.000000
1269 B A 0.835964 0.963445 5.000000 5.000000 5.346132 0.000000
1270 B A 0.771314 0.999682 5.000000 5.000000 4.884356 0.000000
1271 B A 0.751869 0.948563 5.000000 5.000000 5.309642 0.000000
1272 B A 0.728666 0.983353 1.000000 5.000000 7.183864 0.000000
1273 B A 0.778831 0.999824 5.000000 5.000000 4.891490 0.000000
1274 B A 0.679533 0.999951 5.000000 5.000000 4.998200 0.000000
1275 B A 0.711571 0.967434 5.000000 5.000000 5.190715 0.000000
1276 B A 0.757290 0.981150 5.000000 5.000000 5.035432 0.000000
1277 B A 0.796178 0.913115 5.000000 5.000000 5.645484 0.000000
1278 B B 0.738559 0.965302 5.000000 5.000000 6.782543 0.000000
1279 B A 0.769204 0.999946 5.000000 5.000000 4.880213 0.000000
1280 B A 0.739075 0.949007 5.000000 5.000000 5.310060 0.000000
1281 A A 0.708506 0.981311 5.000000 5.000000 16.561029 0.000000
1282 B A 0.761744 0.874677 5.000000 5.000000 5.909320 0.000000
1283 B A 0.783555 0.980139 5.000000 5.000000 5.067119 0.000000
1284 B A 0.727426 0.965658 3.000000 5.000000 6.299763 0.000000
1285 B A 0.752914 0.980931 5.000000 5.000000 5.036692 0.000000
1286 B A 0.800344 0.928159 5.000000 5.000000 5.532087 0.000000
1287 B A 0.651458 0.999476 5.000000 5.000000 5.110347 0.000000
1288 B A 0.694693 0.950332 5.000000 5.000000 5.372235 0.000000
1289 B A 0.772786 0.982476 5.000000 5.000000 5.033732 0.000000
1290 B A 0.741445 0.969811 5.000000 5.000000 5.134018 0.000000
1291 B A 0.722528 0.982174 5.000000 5.000000 5.047339 0.000000
1292 B A 0.474894 0.950667 5.000000 5.000000 6.550715 0.000000
1293 B A 0.819915 0.999432 5.000000 5.000000 4.986611 0.000000
1294 B A 0.754899 0.962906 4.000000 5.000000 5.765510 0.000000
1295 B B 0.776334 0.398689 5.000000 5.000000 9.277833 0.000000
1296 B A 0.711657 0.980283 5.000000 5.000000 5.081689 0.000000
1297 B A 0.739960 0.934853 5.000000 5.000000 5.426768 0.000000
1298 B A 0.760575 0.999389 5.000000 5.000000 4.879678 0.000000
1299 B A 0.793976 0.966326 5.000000 3.000000 5.655057 0.000000
1300 B A 0.859888 0.981293 2.000000 5.000000 6.791520 0.000000
1301 B A 0.729977 0.981525 5.000000 5.000000 5.043569 0.000000
1302 B A 0.758881 0.759401 5.000000 5.000000 6.769720 0.000000
1303 A A 0.783479 0.950608 5.000000 1.000000 14.513902 0.000000
1304 B A 0.740904 0.966449 5.000000 5.000000 5.162726 0.000000
1305 B A 0.693251 0.999492 5.000000 5.000000 4.960351 0.000000
1306 B A 0.717278 0.980560 5.000000 5.000000 5.069222 0.000000
1307 B A 0.768793 0.999033 5.000000 5.000000 4.887777 0.000000
1308 B A 0.745785 0.999830 5.000000 5.000000 4.875159 0.000000
1309 B A 0.953886 0.965221 5.000000 5.000000 5.945217 0.000000
1310 B A 0.727830 0.981814 5.000000 5.000000 5.043514 0.000000
1311 B A 0.705953 0.943613 5.000000 5.000000 5.401015 0.000000
1312 B A 0.747208 0.999705 5.000000 5.000000 4.875845 0.000000
1313 B A 0.743696 0.982872 5.000000 5.000000 5.021853 0.000000
1314 B B 0.674359 0.963547 5.000000 4.000000 6.819773 0.000000
1315 B A 0.724405 0.999341 5.000000 5.000000 4.897239 0.000000
1316 B A 0.761648 0.917147 5.000000 5.000000 5.570158 0.000000
1317 B A 0.706499 0.982775 5.000000 5.000000 5.071003 0.000000
1318 B A 0.745244 0.999980 5.000000 5.000000 4.874044 0.000000
1319 B A 0.685058 0.612907 5.000000 5.000000 7.824824 0.000000
1320 A A 0.729630 0.950623 5.000000 5.000000 16.260508 0.000000
1321 B A 0.708418 0.661437 5.000000 5.000000 7.471459 0.000000
1322 B A 0.741687 0.969269 5.000000 5.000000 5.138481 0.000000
1323 B A 0.718073 0.982350 5.000000 5.000000 5.052648 0.000000
1324 B A 0.737297 0.930771 5.000000 5.000000 5.462046 0.000000
1325 B A 0.777392 0.964889 4.000000 5.000000 5.761262 0.000000
1326 B A 0.748632 0.982251 5.000000 5.000000 5.025711 0.000000
1327 B A 0.700068 0.999783 5.000000 4.000000 4.898835 0.000000
1328 B A 0.727559 0.291510 5.000000 5.000000 9.388783 0.000000
1329 B A 0.768936 0.953178 5.000000 5.000000 5.277822 0.000000
1330 B A 0.661442 0.999456 3.000000 5.000000 6.138642 0.000000
1331 B A 0.804725 0.244798 5.000000 5.000000 9.602473 0.000000
1332 B A 0.297155 0.969346 5.000000 5.000000 7.972101 0.000000
1333 B B 0.749433 0.999785 5.000000 5.000000 6.583155 0.000000
1334 B A 0.779454 0.981189 5.000000 5.000000 5.052400 0.000000
1335 B A 0.721201 0.948348 5.000000 5.000000 5.334243 0.000000
1336 B A 0.752845 0.967918 5.000000 5.000000 5.147249 0.000000
1337 B A 0.688021 0.977999 5.000000 5.000000 5.158878 0.000000
1338 B A 0.791669 0.999539 5.000000 5.000000 4.914433 0.000000
1339 A A 0.630715 0.999619 5.000000 5.000000 16.392375 0.000000
1340 B A 0.735744 0.999906 5.000000 5.000000 4.880126 0.000000
1341 B A 0.765518 0.535542 5.000000 5.000000 8.198510 0.000000
1342 B A 0.710727 0.938791 5.000000 5.000000 5.431128 0.000000
1343 B A 0.748465 0.966395 5.000000 5.000000 5.160446 0.000000
1344 B A 0.770243 0.999852 5.000000 5.000000 4.881909 0.000000
1345 B A 0.726184 0.981795 5.000000 5.000000 5.045673 0.000000
1346 B A 0.812426 0.952936 5.000000 5.000000 5.357846 0.000000
1347 B A 0.745505 0.980439 5.000000 5.000000 5.041969 0.000000
1348 B A 0.790720 0.999745 5.000000 5.000000 4.910873 0.000000
1349 B A 0.764340 0.967337 5.000000 5.000000 5.155691 0.000000
1350 B A 0.701689 0.980339 5.000000 5.000000 5.102641 0.000000
1351 B A 0.730430 0.932596 5.000000 5.000000 5.452985 0.000000
1352 B B 0.752089 0.693107 5.000000 5.000000 8.150079 0.000000
1353 B A 0.780476 0.961767 5.000000 5.000000 5.218212 0.000000
1354 B A 0.715600 0.980572 5.000000 5.000000 5.071992 0.000000
1355 B A 0.745754 0.999923 5.000000 4.000000 4.933182 0.000000
1356 B A 0.767033 0.999855 5.000000 5.000000 4.879312 0.000000
1357 A A 0.830710 0.951328 5.000000 5.000000 16.095986 0.000000
1358 B A 0.725043 0.911885 5.000000 5.000000 5.627936 0.000000
1359 B A 0.785188 0.968552 5.000000 5.000000 5.167917 0.000000
1360 B A 0.685796 0.846619 5.000000 5.000000 6.221589 0.000000
1361 B A 0.734862 0.999961 5.000000 5.000000 4.880384 0.000000
1362 B A 0.229241 0.980512 5.000000 5.000000 8.669233 0.000000
1363 B A 0.759049 0.952697 5.000000 5.000000 5.276276 0.000000
1364 B A 0.806060 0.983123 5.000000 5.000000 5.087079 0.000000
1365 B A 0.743321 0.968322 5.000000 5.000000 5.145727 0.000000
1366 B A 0.704949 0.934489 5.000000 5.000000 5.478360 0.000000
1367 B A 0.767937 0.046438 2.000000 5.000000 10.630151 0.000000
1368 B A 0.786733 0.121300 5.000000 5.000000 9.992159 0.000000
1369 B A 0.737372 0.981300 5.000000 5.000000 5.038866 0.000000
1370 B A 0.718147 0.965439 5.000000 5.000000 5.195906 0.000000
1371 B B 0.755421 0.982639 5.000000 5.000000 6.681558 0.000000
1372 B A 0.768977 0.949658 5.000000 5.000000 5.307221 0.000000
1373 B A 0.734330 0.331254 5.000000 5.000000 9.217971 0.000000
1374 B A 0.786172 0.981379 5.000000 5.000000 5.060642 0.000000
1375 B A 0.753977 0.980350 5.000000 5.000000 5.041710 0.000000
1376 A A 0.708142 0.963132 5.000000 5.000000 16.355018 0.000000
1377 B A 0.807008 0.982006 5.000000 3.000000 5.610237 0.000000
1378 B A 0.724976 0.958146 5.000000 5.000000 5.247247 0.000000
1379 B A 0.675799 0.982358 5.000000 5.000000 5.161017 0.000000
1380 B A 0.750154 0.937114 1.000000 5.000000 7.490070 0.000000
1381 B A 0.772902 0.981775 5.000000 5.000000 5.039837 0.000000
1382 B A 0.739806 0.962221 5.000000 5.000000 5.198991 0.000000
1383 B A 0.694697 0.965879 5.000000 5.000000 5.242412 0.000000
1384 B A 0.792489 0.999728 5.000000 5.000000 4.914369 0.000000
1385 B A 0.763048 0.804036 5.000000 5.000000 6.448012 0.000000
1386 B A 0.722590 0.984895 5.000000 5.000000 5.023997 0.000000
1387 B A 0.744812 0.923833 5.000000 5.000000 5.514899 0.000000
1388 B A 0.882086 0.734707 5.000000 5.000000 7.259089 0.000000
1389 B B 0.774616 0.085879 5.000000 5.000000 10.055497 0.000000
1390 B A 0.711558 0.999527 4.000000 5.000000 5.499434 0.000000
1391 B A 0.758055 0.947380 5.000000 5.000000 5.320307 0.000000
1392 B A 0.730459 0.983779 5.000000 5.000000 5.023799 0.000000
1393 B A 0.784074 0.576671 5.000000 5.000000 7.976941 0.000000
1394 B A 0.750344 0.981493 5.000000 5.000000 5.031966 0.000000
1395 A A 0.048369 0.890940 5.000000 5.000000 9.347895 0.000000
1396 B A 0.811090 0.965322 5.000000 5.000000 5.250739 0.000000
1397 B A 0.735184 0.999880 5.000000 5.000000 4.880809 0.000000
1398 B A 0.765959 0.954226 5.000000 5.000000 5.266896 0.000000
1399 B A 0.597521 0.981930 5.000000 5.000000 5.530284 0.000000
1400 B A 0.699648 0.982682 5.000000 5.000000 5.087630 0.000000
1401 B A 0.721622 0.963757 5.000000 2.000000 5.639560 0.000000
1402 B A 0.788151 0.940365 5.000000 5.000000 5.408137 0.000000
1403 B A 0.751477 0.981680 5.000000 5.000000 5.030290 0.000000
1404 B A 0.776204 0.998966 5.000000 5.000000 4.895677 0.000000
1405 B A 0.826170 0.999238 5.000000 5.000000 5.008609 0.000000
1406 B A 0.734876 0.999941 5.000000 5.000000 4.880538 0.000000
1407 B A 0.760872 0.965210 5.000000 5.000000 5.171913 0.000000
1408 B B 0.714414 0.999611 5.000000 5.000000 6.607153 0.000000
1409 B A 0.689208 0.999772 5.000000 5.000000 4.969444 0.000000
1410 B A 0.798963 0.966600 3.000000 5.000000 6.313355 0.000000
1411 B A 0.742628 0.947142 5.000000 5.000000 5.323663 0.000000
1412 B A 0.766308 0.999877 5.000000 5.000000 4.878608 0.000000
1413 B A 0.735441 0.968366 5.000000 5.000000 5.150217 0.000000
1414 A A 0.753881 0.981051 5.000000 5.000000 16.619037 0.000000
1415 B A 0.712568 0.925291 5.000000 5.000000 5.538374 0.000000
1416 B A 0.791440 0.981445 5.000000 1.000000 6.460088 0.000000
1417 B A 0.772841 0.999617 5.000000 5.000000 4.886398 0.000000
1418 B A 0.722604 0.952704 5.000000 5.000000 5.295955 0.000000
1419 B A 0.742695 0.967025 5.000000 5.000000 5.156967 0.000000
1420 B A 0.669983 0.968313 5.000000 5.000000 5.299898 0.000000
1421 B A 0.760737 0.999587 5.000000 5.000000 4.878034 0.000000
1422 B A 0.698647 0.982047 5.000000 5.000000 5.095531 0.000000
1423 B A 0.733014 0.945664 5.000000 5.000000 5.342520 0.000000
1424 B A 0.111173 0.980593 5.000000 5.000000 9.865744 0.000000
1425 B A 0.775784 0.999938 5.000000 5.000000 4.886787 0.000000
1426 B A 0.807616 0.966846 5.000000 5.000000 5.228782 0.000000
1427 B A 0.753116 0.982307 5.000000 5.000000 5.024945 0.000000
1428 B A 0.719960 0.911647 5.000000 5.000000 5.636840 0.000000
1429 B B 0.780884 0.939009 4.000000 5.000000 7.312936 0.000000
1430 B A 0.744394 0.956473 5.000000 5.000000 5.245032 0.000000
1431 B A 0.763924 0.978266 5.000000 5.000000 5.062727 0.000000
1432 B A 0.794888 0.980780 5.000000 5.000000 5.081646 0.000000
1433 A A 0.727581 0.999305 5.000000 4.000000 16.783266 0.000000
1434 B A 0.707187 0.965148 5.000000 5.000000 5.218786 0.000000
1435 B A 0.752522 0.999526 5.000000 5.000000 4.876781 0.000000
1436 B A 0.837341 0.999897 5.000000 5.000000 5.043072 0.000000
1437 B A 0.779692 0.966250 5.000000 5.000000 5.179433 0.000000
1438 B A 0.738923 0.181145 5.000000 4.000000 9.807123 0.000000
1439 B A 0.762662 0.999949 5.000000 5.000000 4.875795 0.000000
1440 B A 0.815577 0.947325 5.000000 5.000000 5.413205 0.000000
1441 B A 0.802668 0.999979 5.000000 5.000000 4.934229 0.000000
1442 B A 0.785731 0.975004 5.000000 5.000000 5.114161 0.000000
1443 B A 0.769768 0.982724 5.000000 5.000000 5.028829 0.000000
1444 B A 0.346141 0.932621 5.000000 5.000000 7.700546 0.000000
1445 B A 0.564034 0.956939 5.000000 5.000000 5.928483 0.000000
1446 B B 0.790016 0.982145 5.000000 5.000000 6.707128 0.000000
1447 B A 0.763726 0.978653 5.000000 5.000000 5.059325 0.000000
1448 B A 0.816753 0.999903 5.000000 5.000000 4.972871 0.000000
1449 B A 0.771126 0.953430 5.000000 5.000000 5.277574 0.000000
1450 B A 0.751301 0.999974 5.000000 3.000000 5.157867 0.000000
1451 B A 0.794622 0.980227 5.000000 5.000000 5.085811 0.000000
1452 A A 0.760683 0.967185 5.000000 5.000000 16.459788 0.000000
1453 B A 0.732537 0.978715 5.000000 5.000000 5.064941 0.000000
1454 B A 0.778643 0.934716 5.000000 5.000000 5.440819 0.000000
1455 B A 0.751197 0.999882 5.000000 5.000000 4.873721 0.000000
1456 B A 0.770890 0.954140 5.000000 5.000000 5.271431 0.000000
1457 B A 0.802399 0.980481 3.000000 5.000000 6.212114 0.000000
1458 B A 0.855357 0.981783 2.000000 5.000000 6.780857 0.000000
1459 B A 0.747934 0.001461 5.000000 5.000000 10.283632 0.000000
1460 B A 0.779342 0.963974 5.000000 5.000000 5.198158 0.000000
1461 B A 0.755858 0.982066 5.000000 5.000000 5.027307 0.000000
1462 B A 0.726818 0.999968 5.000000 5.000000 4.888694 0.000000
1463 B A 0.829276 0.952847 5.000000 5.000000 5.410514 0.000000
1464 B A 0.791985 0.966391 5.000000 5.000000 5.197854 0.000000
1465 B B 0.756125 0.981162 5.000000 5.000000 6.690053 0.000000
1466 B A 0.732341 0.925016 5.000000 5.000000 5.513230 0.000000
1467 B A 0.769201 0.999490 5.000000 5.000000 4.884152 0.000000
1468 B A 0.713324 0.982372 5.000000 5.000000 5.060739 0.000000
1469 B A 0.746605 0.945345 5.000000 5.000000 5.337161 0.000000
1470 B A 0.793127 0.964435 5.000000 5.000000 5.216490 0.000000
1471 A A 0.765257 0.984706 5.000000 5.000000 16.655289 0.000000
1472 B A 0.811684 0.982154 5.000000 5.000000 5.110157 0.000000
1473 B A 0.689200 0.963718 5.000000 5.000000 5.275737 0.000000
1474 B A 0.536647 0.983040 5.000000 5.000000 5.891234 0.000000
1475 B A 0.741593 0.948325 5.000000 5.000000 5.314317 0.000000
1476 B A 0.778337 0.982718 5.000000 5.000000 5.037915 0.000000
1477 B A 0.718714 0.999884 5.000000 5.000000 4.900987 0.000000
1478 B A 0.750798 0.999940 5.000000 5.000000 4.873249 0.000000
1479 B A 0.776727 0.966497 5.000000 5.000000 5.173665 0.000000
1480 B A 0.795419 0.907214 5.000000 5.000000 5.691508 0.000000
1481 B A 0.762800 0.967335 5.000000 5.000000 5.154867 0.000000
1482 B A 0.730045 0.941250 5.000000 5.000000 5.382020 0.000000
1483 B A 0.751027 0.982911 5.000000 5.000000 5.019791 0.000000
1484 B B 0.704494 0.965517 1.000000 5.000000 8.207606 0.000000
1485 B A 0.763794 0.999608 5.000000 2.000000 5.590132 0.000000
1486 B A 0.733737 0.369244 5.000000 5.000000 9.049768 0.000000
1487 B A 0.786671 0.999376 5.000000 5.000000 4.906953 0.000000
1488 B A 0.818054 0.982812 3.000000 5.000000 6.217781 0.000000
1489 B A 0.752157 0.950767 5.000000 5.000000 5.291275 0.000000
1490 B A 0.718449 0.965694 5.000000 5.000000 5.193269 0.000000
1491 A A 0.780863 0.929969 5.000000 5.000000 16.023096 0.000000
1492 B A 0.736783 0.982840 5.000000 5.000000 5.026140 0.000000
1493 B A 0.759131 0.151717 5.000000 5.000000 9.883929 0.000000
1494 B A 0.773387 0.772551 5.000000 5.000000 6.684547 0.000000
1495 B A 0.258992 0.982733 5.000000 5.000000 8.319009 0.000000
1496 B A 0.796478 0.999660 4.000000 5.000000 5.504013 0.000000
1497 B A 0.740877 0.964533 5.000000 5.000000 5.178909 0.000000
1498 B A 0.394366 0.999507 5.000000 5.000000 6.819195 0.000000
1499 B A 0.701288 0.950112 5.000000 5.000000 5.357633 0.000000
1500 B A 0.720589 0.999533 5.000000 5.000000 4.901069 0.000000
