1 A A 0.106520 0.617984 1.000000 1.000000 10.665706 0.000000
2 A A 0.494375 0.254719 1.000000 1.000000 9.397632 0.000000
3 A A 0.974755 0.305269 1.000000 1.000000 9.288049 0.000000
4 A A 0.681818 0.793207 1.000000 2.000000 12.128273 0.000000
5 A A 0.153930 0.825145 1.000000 3.000000 11.786907 0.000000
6 A A 0.553200 0.372059 1.000000 3.000000 9.773362 0.000000
7 A A 0.707089 0.417080 1.000000 3.000000 9.979769 0.000000
8 A A 0.633361 0.224361 1.000000 5.000000 9.313719 0.000000
9 A A 0.139675 0.137754 2.000000 1.000000 9.087361 0.000000
10 A A 0.264116 0.557778 2.000000 2.000000 10.710925 0.000000
11 A A 0.600917 0.920691 2.000000 2.000000 13.754455 0.000000
12 A A 0.858277 0.900132 2.000000 2.000000 12.993214 0.000000
13 A A 0.878287 0.887183 2.000000 2.000000 12.796241 0.000000
14 A A 0.963539 0.089582 2.000000 2.000000 8.984265 0.000000
15 A A 0.326684 0.796115 2.000000 3.000000 12.258401 0.000000
16 A A 0.580279 0.374613 2.000000 3.000000 10.064006 0.000000
17 A A 0.606442 0.295153 2.000000 3.000000 9.756397 0.000000
18 A A 0.610575 0.880081 2.000000 3.000000 13.411228 0.000000
19 A A 0.657979 0.716918 2.000000 3.000000 12.111875 0.000000
20 A A 0.324609 0.395041 2.000000 4.000000 9.819344 0.000000
21 A A 0.349078 0.873505 2.000000 4.000000 12.692423 0.000000
22 A A 0.797246 0.194710 2.000000 4.000000 9.452406 0.000000
23 A A 0.828249 0.473836 2.000000 4.000000 10.515504 0.000000
24 A A 0.178558 0.458526 2.000000 5.000000 9.463647 0.000000
25 A A 0.323327 0.800772 2.000000 5.000000 11.753474 0.000000
26 A A 0.881893 0.243467 2.000000 5.000000 9.543553 0.000000
27 A A 0.599971 0.380475 3.000000 1.000000 10.350713 0.000000
28 A A 0.852576 0.152219 3.000000 1.000000 9.177341 0.000000
29 A A 0.855254 0.403260 3.000000 1.000000 9.871286 0.000000
30 A A 0.379408 0.980206 3.000000 2.000000 14.736382 0.000000
31 A A 0.430381 0.308686 3.000000 2.000000 10.056638 0.000000
32 A A 0.461119 0.241316 3.000000 2.000000 9.791115 0.000000
33 A A 0.478678 0.567947 3.000000 2.000000 11.483476 0.000000
34 A A 0.588951 0.858889 3.000000 2.000000 13.800976 0.000000
35 A A 0.593495 0.653874 3.000000 2.000000 12.104878 0.000000
36 A A 0.068231 0.196747 3.000000 3.000000 8.975753 0.000000
37 A A 0.221344 0.784477 3.000000 3.000000 11.798552 0.000000
38 A A 0.029553 0.956979 3.000000 4.000000 10.917627 0.000000
39 A A 0.080800 0.745407 3.000000 4.000000 10.167105 0.000000
40 A A 0.121851 0.749376 3.000000 4.000000 10.439022 0.000000
41 A A 0.186182 0.602173 3.000000 4.000000 10.130648 0.000000
42 A A 0.195999 0.777415 3.000000 4.000000 11.123939 0.000000
43 A A 0.387879 0.612243 3.000000 4.000000 11.232614 0.000000
44 A A 0.529779 0.269161 3.000000 4.000000 9.791026 0.000000
45 A A 0.565609 0.187914 3.000000 4.000000 9.546810 0.000000
46 A A 0.169518 0.798260 3.000000 5.000000 10.576695 0.000000
47 A A 0.484803 0.977110 3.000000 5.000000 14.164736 0.000000
48 A A 0.818944 0.163328 3.000000 5.000000 9.589296 0.000000
49 A A 0.358004 0.231677 4.000000 1.000000 10.064544 0.000000
50 A A 0.360796 0.988849 4.000000 1.000000 15.664203 0.000000
51 A A 0.556331 0.532730 4.000000 1.000000 11.662524 0.000000
52 A A 0.238283 0.378904 4.000000 2.000000 10.097568 0.000000
53 A A 0.456137 0.640044 4.000000 2.000000 12.452889 0.000000
54 A A 0.661659 0.020774 4.000000 2.000000 9.351959 0.000000
55 A A 0.048329 0.434699 4.000000 3.000000 9.174554 0.000000
56 A A 0.390824 0.124341 4.000000 3.000000 9.493039 0.000000
57 A A 0.845727 0.552870 4.000000 3.000000 11.414916 0.000000
58 A A 0.091707 0.813851 4.000000 4.000000 10.238797 0.000000
59 A A 0.340427 0.728323 4.000000 4.000000 11.967297 0.000000
60 A A 0.405792 0.572105 4.000000 4.000000 11.301573 0.000000
61 A A 0.434021 0.703399 4.000000 4.000000 12.334331 0.000000
62 A A 0.946940 0.939619 4.000000 4.000000 14.211493 0.000000
63 A A 0.969134 0.166720 4.000000 4.000000 9.365518 0.000000
64 A A 0.187885 0.324482 4.000000 5.000000 9.027917 0.000000
65 A A 0.592482 0.789424 4.000000 5.000000 13.448326 0.000000
66 A A 0.773242 0.191373 4.000000 5.000000 10.000406 0.000000
67 A A 0.034971 0.060115 5.000000 1.000000 9.019026 0.000000
68 A A 0.093389 0.159164 5.000000 1.000000 9.129349 0.000000
69 A A 0.231362 0.590683 5.000000 1.000000 11.825861 0.000000
70 A A 0.743684 0.947609 5.000000 1.000000 14.907204 0.000000
71 A A 0.520272 0.803589 5.000000 2.000000 14.530389 0.000000
72 A A 0.606692 0.081199 5.000000 2.000000 9.710461 0.000000
73 A A 0.910355 0.850483 5.000000 2.000000 12.800708 0.000000
74 A A 0.019613 0.952954 5.000000 3.000000 10.620836 0.000000
75 A A 0.498830 0.563353 5.000000 3.000000 12.238703 0.000000
76 A A 0.061606 0.817788 5.000000 4.000000 9.717964 0.000000
77 A A 0.572324 0.731070 5.000000 4.000000 13.639912 0.000000
78 A B 0.457899 0.004936 1.000000 1.000000 9.592314 0.000000
79 A B 0.516697 0.513527 1.000000 2.000000 10.161059 0.000000
80 A B 0.704045 0.119957 1.000000 2.000000 9.646026 0.000000
81 A B 0.077529 0.115037 1.000000 3.000000 9.588571 0.000000
82 A B 0.145244 0.543755 1.000000 3.000000 10.056500 0.000000
83 A B 0.045681 0.996742 1.000000 4.000000 11.010663 0.000000
84 A B 0.393931 0.261577 1.000000 4.000000 9.741937 0.000000
85 A B 0.810390 0.248547 1.000000 5.000000 9.761158 0.000000
86 A B 0.885770 0.686429 1.000000 5.000000 10.547531 0.000000
87 A B 0.334656 0.228210 2.000000 1.000000 9.813761 0.000000
88 A B 0.656184 0.367280 2.000000 1.000000 9.991977 0.000000
89 A B 0.411313 0.524212 2.000000 2.000000 10.314338 0.000000
90 A B 0.556702 0.521563 2.000000 2.000000 10.321601 0.000000
91 A B 0.419560 0.165451 2.000000 3.000000 9.722490 0.000000
92 A B 0.510487 0.767432 2.000000 3.000000 10.957958 0.000000
93 A B 0.619180 0.396801 2.000000 3.000000 10.074044 0.000000
94 A B 0.740725 0.209742 2.000000 3.000000 9.798961 0.000000
95 A B 0.786207 0.656786 2.000000 3.000000 10.630628 0.000000
96 A B 0.888935 0.975591 2.000000 3.000000 11.509197 0.000000
97 A B 0.982662 0.821562 2.000000 3.000000 10.843503 0.000000
98 A B 0.295090 0.017866 2.000000 4.000000 9.608214 0.000000
99 A B 0.440735 0.054594 2.000000 4.000000 9.627887 0.000000
100 A B 0.561049 0.420454 2.000000 4.000000 10.087790 0.000000
101 A B 0.760389 0.771685 2.000000 4.000000 11.014012 0.000000
102 A B 0.927668 0.780891 2.000000 4.000000 10.890513 0.000000
103 A B 0.508062 0.680835 2.000000 5.000000 10.604438 0.000000
104 A B 0.110019 0.905481 3.000000 1.000000 11.125027 0.000000
105 A B 0.130860 0.385219 3.000000 1.000000 9.916589 0.000000
106 A B 0.218849 0.721239 3.000000 1.000000 10.820638 0.000000
107 A B 0.642571 0.543272 3.000000 1.000000 10.485474 0.000000
108 A B 0.794510 0.528765 3.000000 1.000000 10.285286 0.000000
109 A B 0.279427 0.222130 3.000000 2.000000 9.813926 0.000000
110 A B 0.351227 0.510593 3.000000 3.000000 10.308336 0.000000
111 A B 0.824638 0.103544 3.000000 3.000000 9.724591 0.000000
112 A B 0.874146 0.034675 3.000000 3.000000 9.639825 0.000000
113 A B 0.925492 0.135797 3.000000 3.000000 9.672114 0.000000
114 A B 0.209284 0.183525 3.000000 4.000000 9.621614 0.000000
115 A B 0.711903 0.910914 3.000000 4.000000 11.754844 0.000000
116 A B 0.804468 0.272423 3.000000 4.000000 9.977931 0.000000
117 A B 0.467993 0.915588 4.000000 1.000000 12.015105 0.000000
118 A B 0.938949 0.265666 4.000000 1.000000 9.663803 0.000000
119 A B 0.249254 0.039467 4.000000 2.000000 9.666169 0.000000
120 A B 0.316829 0.737916 4.000000 2.000000 11.105881 0.000000
121 A B 0.383165 0.632349 4.000000 2.000000 10.899330 0.000000
122 A B 0.407070 0.338740 4.000000 2.000000 10.192026 0.000000
123 A B 0.963271 0.834817 4.000000 2.000000 10.814366 0.000000
124 A B 0.065006 0.211514 4.000000 3.000000 9.589668 0.000000
125 A B 0.331348 0.883698 4.000000 3.000000 11.458395 0.000000
126 A B 0.515443 0.045824 4.000000 3.000000 9.732832 0.000000
127 A B 0.719230 0.468579 4.000000 3.000000 10.533562 0.000000
128 A B 0.757247 0.453671 4.000000 3.000000 10.466963 0.000000
129 A B 0.918539 0.629089 4.000000 3.000000 10.583207 0.000000
130 A B 0.020192 0.101837 4.000000 4.000000 9.768741 0.000000
131 A B 0.210248 0.009855 4.000000 4.000000 9.608212 0.000000
132 A B 0.483241 0.431620 4.000000 4.000000 10.290604 0.000000
133 A B 0.685442 0.387137 4.000000 4.000000 10.365757 0.000000
134 A B 0.871205 0.604607 4.000000 4.000000 10.764029 0.000000
135 A B 0.201767 0.555067 4.000000 5.000000 9.822901 0.000000
136 A B 0.224838 0.366477 4.000000 5.000000 9.683772 0.000000
137 A B 0.297542 0.449577 4.000000 5.000000 9.915028 0.000000
138 A B 0.935055 0.291404 4.000000 5.000000 10.026457 0.000000
139 A B 0.549143 0.934126 5.000000 1.000000 12.327906 0.000000
140 A B 0.050716 0.492233 5.000000 2.000000 9.808605 0.000000
141 A B 0.546132 0.983493 5.000000 2.000000 12.582126 0.000000
142 A B 0.648529 0.860924 5.000000 2.000000 12.015581 0.000000
143 A B 0.055325 0.941574 5.000000 3.000000 10.378067 0.000000
144 A B 0.196812 0.615635 5.000000 3.000000 10.244725 0.000000
145 A B 0.258992 0.201018 5.000000 3.000000 9.777270 0.000000
146 A B 0.305431 0.363035 5.000000 3.000000 10.101476 0.000000
147 A B 0.141040 0.909837 5.000000 4.000000 10.380415 0.000000
148 A B 0.397064 0.239552 5.000000 4.000000 9.936561 0.000000
149 A B 0.983640 0.439991 5.000000 4.000000 10.213429 0.000000
150 A B 0.806908 0.331849 5.000000 5.000000 10.396025 0.000000
151 B A 0.011709 0.128414 1.000000 1.000000 10.736173 0.000000
152 B A 0.638932 0.582341 1.000000 2.000000 9.422425 0.000000
153 B A 0.769189 0.588350 1.000000 2.000000 9.444838 0.000000
154 B A 0.088007 0.620136 1.000000 3.000000 9.697074 0.000000
155 B A 0.979100 0.899942 1.000000 3.000000 8.056939 0.000000
156 B A 0.370322 0.946073 1.000000 4.000000 7.677220 0.000000
157 B A 0.402516 0.259518 1.000000 4.000000 10.485697 0.000000
158 B A 0.505196 0.671658 1.000000 4.000000 9.076620 0.000000
159 B A 0.254475 0.964217 2.000000 1.000000 7.122680 0.000000
160 B A 0.620865 0.403348 2.000000 1.000000 9.885711 0.000000
161 B A 0.099036 0.810388 2.000000 2.000000 8.773486 0.000000
162 B A 0.109475 0.870519 2.000000 2.000000 8.416017 0.000000
163 B A 0.344165 0.049843 2.000000 2.000000 10.661135 0.000000
164 B A 0.629023 0.678547 2.000000 2.000000 8.652609 0.000000
165 B A 0.952190 0.932171 2.000000 2.000000 7.896148 0.000000
166 B A 0.002386 0.328525 2.000000 3.000000 10.658107 0.000000
167 B A 0.058582 0.667598 2.000000 3.000000 9.750873 0.000000
168 B A 0.173341 0.427044 2.000000 3.000000 10.238492 0.000000
169 B A 0.205938 0.218206 2.000000 3.000000 10.611835 0.000000
170 B A 0.732809 0.854944 2.000000 3.000000 7.625703 0.000000
171 B A 0.989202 0.441985 2.000000 3.000000 10.067408 0.000000
172 B A 0.994218 0.079310 2.000000 3.000000 10.751202 0.000000
173 B A 0.033004 0.349393 2.000000 4.000000 10.685981 0.000000
174 B A 0.312148 0.928530 2.000000 4.000000 7.767316 0.000000
175 B A 0.537547 0.653032 2.000000 4.000000 8.866098 0.000000
176 B A 0.892486 0.108750 2.000000 4.000000 10.634189 0.000000
177 B A 0.102515 0.660904 3.000000 2.000000 9.497679 0.000000
178 B A 0.125922 0.000967 3.000000 2.000000 10.790584 0.000000
179 B A 0.135480 0.665122 3.000000 2.000000 9.344210 0.000000
180 B A 0.313709 0.141689 3.000000 2.000000 10.458121 0.000000
181 B A 0.367748 0.120185 3.000000 2.000000 10.453601 0.000000
182 B A 0.668107 0.154475 3.000000 2.000000 10.361318 0.000000
183 B A 0.848838 0.310995 3.000000 2.000000 10.194896 0.000000
184 B A 0.426401 0.837455 3.000000 3.000000 7.523158 0.000000
185 B A 0.756488 0.355503 3.000000 3.000000 9.779341 0.000000
186 B A 0.779043 0.235629 3.000000 3.000000 10.172200 0.000000
187 B A 0.150191 0.489979 3.000000 4.000000 10.358732 0.000000
188 B A 0.365630 0.763126 3.000000 4.000000 8.382725 0.000000
189 B A 0.444385 0.453159 3.000000 4.000000 9.633275 0.000000
190 B A 0.698377 0.446430 3.000000 4.000000 9.361846 0.000000
191 B A 0.861541 0.584056 3.000000 4.000000 8.929836 0.000000
192 B A 0.993019 0.494311 3.000000 4.000000 9.668528 0.000000
193 B A 0.127426 0.518973 3.000000 5.000000 10.546762 0.000000
194 B A 0.191303 0.409919 3.000000 5.000000 10.565548 0.000000
195 B A 0.308892 0.700767 3.000000 5.000000 9.220401 0.000000
196 B A 0.692239 0.026273 3.000000 5.000000 10.561071 0.000000
197 B A 0.116867 0.482039 4.000000 2.000000 10.101086 0.000000
198 B A 0.233549 0.180821 4.000000 2.000000 10.450161 0.000000
199 B A 0.802679 0.624458 4.000000 2.000000 8.634921 0.000000
200 B A 0.940428 0.766223 4.000000 2.000000 8.688932 0.000000
201 B A 0.957536 0.926069 4.000000 2.000000 7.901734 0.000000
202 B A 0.025978 0.343920 4.000000 3.000000 10.720456 0.000000
203 B A 0.240966 0.094964 4.000000 3.000000 10.655125 0.000000
204 B A 0.463427 0.052328 4.000000 3.000000 10.495980 0.000000
205 B A 0.646421 0.735591 4.000000 3.000000 7.478951 0.000000
206 B A 0.733625 0.315635 4.000000 3.000000 9.651558 0.000000
207 B A 0.782721 0.692838 4.000000 3.000000 7.940596 0.000000
208 B A 0.897314 0.649378 4.000000 3.000000 8.696416 0.000000
209 B A 0.281410 0.414222 4.000000 4.000000 10.084777 0.000000
210 B A 0.625783 0.175834 4.000000 4.000000 10.131305 0.000000
211 B A 0.670161 0.112757 4.000000 4.000000 10.247732 0.000000
212 B A 0.902719 0.359238 4.000000 4.000000 9.772035 0.000000
213 B A 0.292727 0.318726 4.000000 5.000000 10.459375 0.000000
214 B A 0.752405 0.845323 4.000000 5.000000 6.659742 0.000000
215 B A 0.159428 0.466445 5.000000 1.000000 9.620212 0.000000
216 B A 0.385216 0.058193 5.000000 1.000000 10.217624 0.000000
217 B A 0.041292 0.093203 5.000000 2.000000 10.726805 0.000000
218 B A 0.283511 0.143335 5.000000 2.000000 10.292176 0.000000
219 B A 0.037263 0.895092 5.000000 3.000000 9.623699 0.000000
220 B A 0.015793 0.597100 5.000000 4.000000 10.695594 0.000000
221 B A 0.075766 0.299942 5.000000 4.000000 10.755496 0.000000
222 B A 0.532951 0.993675 5.000000 4.000000 5.444797 0.000000
223 B A 0.421712 0.968859 5.000000 5.000000 6.809174 0.000000
224 B B 0.721680 0.070612 1.000000 1.000000 10.480434 0.000000
225 B B 0.820879 0.831431 1.000000 1.000000 8.928693 0.000000
226 B B 0.180396 0.842320 1.000000 2.000000 8.935539 0.000000
227 B B 0.474669 0.213436 1.000000 2.000000 10.355590 0.000000
228 B B 0.867547 0.712331 1.000000 2.000000 9.329612 0.000000
229 B B 0.998486 0.504583 1.000000 2.000000 9.993920 0.000000
230 B B 0.070237 0.251314 1.000000 3.000000 10.434538 0.000000
231 B B 0.161808 0.300781 1.000000 3.000000 10.345989 0.000000
232 B B 0.490557 0.173279 1.000000 3.000000 10.406196 0.000000
233 B B 0.541851 0.775063 1.000000 3.000000 9.001041 0.000000
234 B B 0.676781 0.011751 1.000000 4.000000 10.500672 0.000000
235 B B 0.866017 0.869292 1.000000 4.000000 8.671927 0.000000
236 B B 0.790494 0.176778 1.000000 5.000000 10.382394 0.000000
237 B B 0.214184 0.699735 2.000000 1.000000 9.204553 0.000000
238 B B 0.261925 0.639251 2.000000 1.000000 9.330680 0.000000
239 B B 0.275584 0.970113 2.000000 1.000000 8.016965 0.000000
240 B B 0.715069 0.707830 2.000000 1.000000 9.102394 0.000000
241 B B 0.085866 0.863956 2.000000 2.000000 9.025022 0.000000
242 B B 0.115824 0.283639 2.000000 2.000000 10.366491 0.000000
243 B B 0.271565 0.352436 2.000000 2.000000 10.104109 0.000000
244 B B 0.355953 0.963217 2.000000 2.000000 8.023733 0.000000
245 B B 0.472900 0.393071 2.000000 2.000000 9.928473 0.000000
246 B B 0.904514 0.694943 2.000000 2.000000 9.354056 0.000000
247 B B 0.147137 0.646068 2.000000 3.000000 9.719441 0.000000
248 B B 0.302381 0.279557 2.000000 3.000000 10.245812 0.000000
249 B B 0.450981 0.341281 2.000000 3.000000 10.067150 0.000000
250 B B 0.586208 0.635182 2.000000 3.000000 9.246972 0.000000
251 B B 0.972702 0.809660 2.000000 3.000000 8.970144 0.000000
252 B B 0.436742 0.282504 2.000000 4.000000 10.213374 0.000000
253 B B 0.525964 0.954215 2.000000 4.000000 8.055557 0.000000
254 B B 0.533502 0.579103 2.000000 4.000000 9.481343 0.000000
255 B B 0.836813 0.288034 2.000000 4.000000 10.149261 0.000000
256 B B 0.920152 0.595353 2.000000 4.000000 9.501948 0.000000
257 B B 0.725939 0.424045 2.000000 5.000000 9.819355 0.000000
258 B B 0.007453 0.992698 3.000000 2.000000 8.912713 0.000000
259 B B 0.170293 0.335955 3.000000 2.000000 10.224554 0.000000
260 B B 0.228779 0.412099 3.000000 2.000000 9.972552 0.000000
261 B B 0.243504 0.275672 3.000000 2.000000 10.200605 0.000000
262 B B 0.251810 0.876791 3.000000 2.000000 8.434834 0.000000
263 B B 0.428986 0.537216 3.000000 2.000000 9.372460 0.000000
264 B B 0.488248 0.042084 3.000000 2.000000 10.396072 0.000000
265 B B 0.567775 0.714092 3.000000 2.000000 8.716798 0.000000
266 B B 0.739253 0.501794 3.000000 2.000000 9.521900 0.000000
267 B B 0.269282 0.753786 3.000000 3.000000 9.045774 0.000000
268 B B 0.414517 0.068792 3.000000 3.000000 10.382862 0.000000
269 B B 0.907137 0.847137 3.000000 3.000000 8.553746 0.000000
270 B B 0.727805 0.028358 3.000000 4.000000 10.361133 0.000000
271 B B 0.954823 0.477035 3.000000 4.000000 9.761927 0.000000
272 B B 0.447322 0.758163 3.000000 5.000000 8.929870 0.000000
273 B B 0.501271 0.509819 3.000000 5.000000 9.640217 0.000000
274 B B 0.576299 0.015695 3.000000 5.000000 10.453131 0.000000
275 B B 0.688441 0.893017 3.000000 5.000000 7.916972 0.000000
276 B B 0.702781 0.741974 3.000000 5.000000 8.567461 0.000000
277 B B 0.841510 0.609208 3.000000 5.000000 9.105760 0.000000
278 B B 0.945921 0.533672 4.000000 1.000000 10.030844 0.000000
279 B B 0.286697 0.919828 4.000000 2.000000 7.937002 0.000000
280 B B 0.666590 0.470851 4.000000 2.000000 9.363002 0.000000
281 B B 0.003339 0.030398 4.000000 3.000000 10.311765 0.000000
282 B B 0.166293 0.132248 4.000000 3.000000 10.503080 0.000000
283 B B 0.577475 0.066250 4.000000 3.000000 10.285829 0.000000
284 B B 0.746776 0.498559 4.000000 3.000000 9.264016 0.000000
285 B B 0.915100 0.149703 4.000000 3.000000 10.344779 0.000000
286 B B 0.375662 0.546802 4.000000 4.000000 9.493402 0.000000
287 B B 0.630667 0.562257 4.000000 4.000000 9.026952 0.000000
288 B B 0.650620 0.725500 4.000000 4.000000 8.363442 0.000000
289 B B 0.695141 0.827827 4.000000 4.000000 7.870556 0.000000
290 B B 0.766293 0.086618 4.000000 4.000000 10.196433 0.000000
291 B B 0.813506 0.204214 4.000000 4.000000 10.035171 0.000000
292 B B 0.931872 0.461691 4.000000 4.000000 9.647067 0.000000
293 B B 0.615515 0.689478 4.000000 5.000000 8.642706 0.000000
294 B B 0.675005 0.075075 4.000000 5.000000 10.234070 0.000000
295 B B 0.831073 0.322153 5.000000 2.000000 9.903042 0.000000
296 B B 0.836656 0.575996 5.000000 2.000000 9.228657 0.000000
297 B B 0.776559 0.676198 5.000000 4.000000 8.296051 0.000000
298 B B 0.788475 0.751704 5.000000 4.000000 7.982743 0.000000
299 B B 0.339409 0.098462 5.000000 5.000000 10.406580 0.000000
300 B B 0.894470 0.484397 5.000000 5.000000 9.189786 0.000000
301 A B 0.525410 0.054594 3.000000 4.000000 9.667036 0.000000
302 B A 0.756488 0.421596 3.000000 3.000000 9.535897 0.000000
303 A B 0.356026 0.980206 2.000000 2.000000 11.644416 0.000000
304 A A 0.622869 0.212915 1.000000 5.000000 9.280834 0.000000
305 A B 0.158389 0.300781 2.000000 3.000000 9.709348 0.000000
306 A B 0.915981 0.404666 4.000000 3.000000 10.085075 0.000000
307 A B 0.424670 0.286092 3.000000 2.000000 9.984334 0.000000
308 A B 0.546282 0.297905 2.000000 2.000000 9.900437 0.000000
309 A B 0.204590 0.201018 2.000000 3.000000 9.660094 0.000000
310 B A 0.068231 0.196747 3.000000 3.000000 10.768185 0.000000
311 B A 0.312148 0.859340 2.000000 4.000000 8.181452 0.000000
312 A B 0.385216 0.058193 5.000000 2.000000 9.842232 0.000000
313 A A 0.463427 0.136250 4.000000 5.000000 9.323941 0.000000
314 B B 0.268534 0.732904 3.000000 3.000000 9.120807 0.000000
315 A A 0.479773 0.196209 4.000000 4.000000 9.665148 0.000000
316 B B 0.381963 0.757244 2.000000 5.000000 9.154964 0.000000
317 B A 0.129586 0.661018 2.000000 4.000000 9.773872 0.000000
318 B B 0.769848 0.085929 4.000000 2.000000 10.281726 0.000000
319 A A 0.414445 0.643062 5.000000 3.000000 12.559127 0.000000
320 B A 0.370322 0.946073 1.000000 5.000000 7.788057 0.000000
321 A A 0.849040 0.738033 3.000000 1.000000 11.694873 0.000000
322 A B 0.081977 0.075075 4.000000 5.000000 9.785541 0.000000
323 A B 0.212499 0.009855 4.000000 4.000000 9.608474 0.000000
324 B A 0.457899 0.004936 2.000000 3.000000 10.725055 0.000000
325 A B 0.228779 0.365949 2.000000 2.000000 9.898706 0.000000
326 A A 0.725939 0.367300 2.000000 5.000000 10.101522 0.000000
327 A A 0.806380 0.305646 3.000000 4.000000 10.077540 0.000000
328 B A 0.941940 0.073580 2.000000 2.000000 10.762308 0.000000
329 B B 0.513906 0.760550 1.000000 3.000000 9.059395 0.000000
330 A B 0.756437 0.037439 4.000000 3.000000 9.770551 0.000000
331 B A 0.060892 0.283639 2.000000 2.000000 10.601846 0.000000
332 A B 0.560898 0.963430 5.000000 4.000000 12.361846 0.000000
333 A A 0.786207 0.656786 5.000000 3.000000 12.926517 0.000000
334 A B 0.681818 0.788241 1.000000 2.000000 10.836667 0.000000
335 B A 0.892486 0.112458 2.000000 4.000000 10.629096 0.000000
336 A A 0.556702 0.657540 2.000000 1.000000 11.629257 0.000000
337 B A 0.174024 0.409919 3.000000 3.000000 10.299357 0.000000
338 A B 0.120988 0.274812 4.000000 3.000000 9.625315 0.000000
339 A B 0.629649 0.539858 4.000000 4.000000 10.714402 0.000000
340 B B 0.132294 0.871438 3.000000 2.000000 8.886135 0.000000
341 B A 0.533884 0.652918 3.000000 2.000000 8.429404 0.000000
342 B A 0.766293 0.695820 2.000000 4.000000 8.528148 0.000000
343 A B 0.351227 0.510593 2.000000 3.000000 10.209944 0.000000
344 B A 0.773242 0.105852 4.000000 4.000000 10.256271 0.000000
345 A B 0.205209 0.900132 2.000000 4.000000 10.863954 0.000000
346 B A 0.675974 0.863956 2.000000 2.000000 7.594921 0.000000
347 A A 0.711903 0.953527 3.000000 4.000000 14.804743 0.000000
348 B B 0.994218 0.048997 1.000000 1.000000 10.525419 0.000000
349 B B 0.922151 0.682806 2.000000 4.000000 9.227949 0.000000
350 B A 0.730241 0.590035 2.000000 4.000000 9.043044 0.000000
351 B B 0.317883 0.928530 2.000000 1.000000 8.145393 0.000000
352 A A 0.861541 0.584056 3.000000 4.000000 11.426885 0.000000
353 B A 0.894051 0.845323 4.000000 5.000000 6.964979 0.000000
354 B A 0.215404 0.620237 2.000000 2.000000 9.321259 0.000000
355 A B 0.820879 0.837085 3.000000 1.000000 11.044011 0.000000
356 B A 0.610161 0.751704 5.000000 4.000000 7.008590 0.000000
357 B A 0.629023 0.699903 2.000000 1.000000 8.598785 0.000000
358 B B 0.646160 0.735591 3.000000 3.000000 8.607085 0.000000
359 A B 0.647128 0.649573 2.000000 4.000000 10.652141 0.000000
360 A B 0.132294 0.871438 3.000000 2.000000 10.891092 0.000000
361 B A 0.774699 0.924673 4.000000 3.000000 6.350445 0.000000
362 B B 0.447954 0.759567 3.000000 4.000000 8.767345 0.000000
363 B B 0.877068 0.804375 3.000000 4.000000 8.500681 0.000000
364 B A 0.005693 0.992698 1.000000 2.000000 7.867837 0.000000
365 B B 0.533884 0.624418 3.000000 2.000000 9.056408 0.000000
366 B B 0.954325 0.932171 2.000000 2.000000 8.602824 0.000000
367 B A 0.935157 0.097491 2.000000 2.000000 10.742222 0.000000
368 A A 0.424494 0.837455 2.000000 3.000000 12.834947 0.000000
369 B A 0.900986 0.761188 3.000000 2.000000 8.576529 0.000000
370 B A 0.972996 0.811311 5.000000 5.000000 7.194474 0.000000
371 A A 0.695141 0.827827 4.000000 4.000000 14.258888 0.000000
372 B A 0.688441 0.893017 3.000000 5.000000 6.875459 0.000000
373 B B 0.764177 0.946073 1.000000 5.000000 8.287964 0.000000
374 B A 0.275584 0.939653 2.000000 4.000000 7.841596 0.000000
375 A A 0.679934 0.726473 2.000000 4.000000 12.202755 0.000000
376 B B 0.747410 0.588040 4.000000 3.000000 8.960604 0.000000
377 B A 0.802679 0.869398 5.000000 2.000000 6.853229 0.000000
378 B A 0.884499 0.847137 1.000000 3.000000 8.226761 0.000000
379 B B 0.775838 0.993675 5.000000 4.000000 6.709692 0.000000
380 B A 0.307377 0.952508 2.000000 2.000000 7.220887 0.000000
381 B A 0.252071 0.877116 4.000000 2.000000 7.420719 0.000000
382 B B 0.541039 0.728958 4.000000 4.000000 8.515160 0.000000
383 B B 0.362001 0.946073 1.000000 4.000000 8.459454 0.000000
384 A A 0.363975 0.688692 2.000000 2.000000 11.755311 0.000000
385 B B 0.442388 0.952804 2.000000 5.000000 8.286435 0.000000
386 B A 0.078284 0.861124 2.000000 2.000000 8.580010 0.000000
387 B A 0.068231 0.196747 1.000000 3.000000 10.714819 0.000000
388 B A 0.922258 0.899942 3.000000 3.000000 7.567346 0.000000
389 B B 0.312148 0.818580 2.000000 4.000000 8.940577 0.000000
390 B A 0.286697 0.919828 4.000000 2.000000 6.905503 0.000000
391 B B 0.567775 0.714092 3.000000 1.000000 8.746090 0.000000
392 B A 0.734716 0.854944 3.000000 3.000000 7.195682 0.000000
393 B B 0.390270 0.928006 4.000000 4.000000 8.020833 0.000000
394 A A 0.419043 0.967196 2.000000 3.000000 13.954437 0.000000
395 B B 0.539512 0.750009 4.000000 5.000000 8.581248 0.000000
396 B A 0.813160 0.766223 4.000000 2.000000 7.892793 0.000000
397 B A 0.180396 0.807554 1.000000 2.000000 8.592827 0.000000
398 B B 0.382703 0.676198 5.000000 4.000000 8.933220 0.000000
399 B B 0.557189 0.689202 4.000000 5.000000 8.779700 0.000000
400 B B 0.653955 0.993675 5.000000 4.000000 6.672235 0.000000
401 B A 0.785246 0.881735 4.000000 3.000000 6.707355 0.000000
402 B A 0.005693 0.645000 1.000000 2.000000 9.611760 0.000000
403 A B 0.442388 0.759379 2.000000 5.000000 10.756630 0.000000
404 B A 0.133762 0.877116 4.000000 2.000000 8.287938 0.000000
405 B B 0.298218 0.870519 2.000000 2.000000 8.517640 0.000000
406 B A 0.620887 0.977777 5.000000 4.000000 5.230456 0.000000
407 B B 0.764731 0.860124 1.000000 3.000000 8.681045 0.000000
408 B B 0.585923 0.869393 3.000000 3.000000 8.050582 0.000000
409 B A 0.534407 0.930303 1.000000 4.000000 7.617906 0.000000
410 B B 0.317883 0.928530 1.000000 1.000000 8.409900 0.000000
411 B A 0.752405 0.714559 4.000000 5.000000 7.548864 0.000000
412 A A 0.630416 0.771636 4.000000 3.000000 13.670056 0.000000
413 B A 0.295027 0.978358 5.000000 4.000000 7.266390 0.000000
414 B B 0.702169 0.951075 5.000000 4.000000 6.874886 0.000000
415 B B 0.781817 0.726250 4.000000 3.000000 8.489620 0.000000
416 B A 0.122667 0.946073 1.000000 4.000000 8.204061 0.000000
417 B A 0.692318 0.952508 3.000000 2.000000 6.572590 0.000000
418 B A 0.957536 0.755034 4.000000 2.000000 8.854585 0.000000
419 A A 0.254475 0.994405 2.000000 1.000000 14.116766 0.000000
420 B A 0.910849 0.887245 3.000000 3.000000 7.594719 0.000000
421 B A 0.945627 0.932171 2.000000 2.000000 7.871300 0.000000
422 A A 0.331282 0.860382 3.000000 2.000000 13.431958 0.000000
423 B B 0.455079 0.977228 4.000000 2.000000 7.224757 0.000000
424 A B 0.891526 0.845323 4.000000 5.000000 11.623714 0.000000
425 B A 0.727272 0.999816 4.000000 2.000000 5.846247 0.000000
426 A A 0.365630 0.891239 3.000000 4.000000 13.166820 0.000000
427 B B 0.859160 0.847137 1.000000 3.000000 8.795673 0.000000
428 B A 0.035394 0.897266 4.000000 2.000000 8.881009 0.000000
429 B B 0.381325 0.938021 2.000000 4.000000 8.324101 0.000000
430 B A 0.734161 0.863563 3.000000 5.000000 7.034964 0.000000
431 B A 0.732809 0.622901 2.000000 2.000000 8.997394 0.000000
432 B A 0.675974 0.820074 2.000000 2.000000 7.869664 0.000000
433 B A 0.171008 0.968903 5.000000 5.000000 9.356470 0.000000
434 B B 0.274779 0.975738 2.000000 1.000000 7.992203 0.000000
435 B A 0.412632 0.816392 3.000000 3.000000 7.688913 0.000000
436 A A 0.896708 0.899942 1.000000 3.000000 12.758659 0.000000
437 B B 0.678107 0.754520 2.000000 2.000000 8.838847 0.000000
438 B B 0.525964 0.594101 2.000000 4.000000 9.440786 0.000000
439 B A 0.643502 0.923922 4.000000 4.000000 6.153199 0.000000
440 A A 0.972996 0.811311 5.000000 5.000000 13.740702 0.000000
441 B A 0.568674 0.893017 3.000000 4.000000 7.016564 0.000000
442 A A 0.176832 0.856596 2.000000 5.000000 11.318151 0.000000
443 B A 0.788475 0.804208 5.000000 4.000000 6.601914 0.000000
444 A B 0.653955 0.963482 5.000000 4.000000 12.525164 0.000000
445 B B 0.695141 0.828624 4.000000 4.000000 7.866776 0.000000
446 B A 0.427695 0.970837 5.000000 5.000000 6.748170 0.000000
447 A A 0.220487 0.876791 2.000000 4.000000 12.077019 0.000000
448 B B 0.802679 0.845955 5.000000 4.000000 7.564676 0.000000
449 B A 0.683716 0.962755 2.000000 2.000000 6.938224 0.000000
450 B A 0.776221 0.998300 4.000000 5.000000 5.489440 0.000000
451 B A 0.668183 0.952508 3.000000 3.000000 6.440972 0.000000
452 B A 0.695141 0.826180 4.000000 4.000000 6.817534 0.000000
453 B A 0.883877 0.932171 5.000000 5.000000 5.812302 0.000000
454 B A 0.307592 0.992663 2.000000 2.000000 6.943673 0.000000
455 B A 0.499996 0.928395 5.000000 4.000000 6.127503 0.000000
456 A B 0.799485 0.896199 5.000000 4.000000 12.160468 0.000000
457 B A 0.370322 0.976409 1.000000 5.000000 7.596398 0.000000
458 B B 0.300991 0.984770 5.000000 1.000000 7.035078 0.000000
459 A B 0.742035 0.919435 3.000000 2.000000 11.638205 0.000000
460 B A 0.813160 0.746072 4.000000 2.000000 8.013145 0.000000
461 B B 0.702169 0.965467 5.000000 4.000000 6.794405 0.000000
462 B A 0.805165 0.869566 5.000000 3.000000 6.469783 0.000000
463 B A 0.031396 0.912102 1.000000 2.000000 8.288366 0.000000
464 B A 0.295027 0.996823 5.000000 4.000000 7.142684 0.000000
465 B B 0.688632 0.938313 5.000000 4.000000 6.949988 0.000000
466 B A 0.412632 0.690875 3.000000 3.000000 8.427006 0.000000
467 B B 0.727272 0.999304 4.000000 2.000000 7.233534 0.000000
468 A B 0.552062 0.970175 3.000000 4.000000 11.869126 0.000000
469 B A 0.534407 0.923729 1.000000 4.000000 7.659972 0.000000
470 B A 0.683716 0.914241 4.000000 2.000000 6.373436 0.000000
471 B A 0.675866 0.738312 4.000000 4.000000 7.430108 0.000000
472 B B 0.727715 0.948740 2.000000 2.000000 8.063567 0.000000
473 B A 0.366212 0.968897 1.000000 4.000000 7.536950 0.000000
474 B A 0.865356 0.919077 3.000000 2.000000 7.457416 0.000000
475 B A 0.785246 0.775428 4.000000 2.000000 7.692321 0.000000
476 B B 0.888424 0.889690 3.000000 3.000000 8.316191 0.000000
477 A A 0.942993 0.803406 2.000000 2.000000 11.864339 0.000000
478 B A 0.736801 0.993675 5.000000 4.000000 4.972191 0.000000
479 B A 0.275584 0.999984 2.000000 4.000000 7.459274 0.000000
480 B B 0.567630 0.753623 5.000000 4.000000 8.088162 0.000000
481 B A 0.312148 0.927865 2.000000 4.000000 7.771443 0.000000
482 B A 0.620887 0.977777 2.000000 4.000000 6.786030 0.000000
483 B A 0.278823 0.863956 4.000000 5.000000 8.666978 0.000000
484 B A 0.436379 0.837455 3.000000 3.000000 7.501884 0.000000
485 A B 0.752405 0.945720 4.000000 5.000000 12.185757 0.000000
486 B A 0.966546 0.845952 2.000000 2.000000 8.450178 0.000000
487 B A 0.874018 0.708356 4.000000 5.000000 7.801130 0.000000
488 A A 0.734716 0.840861 3.000000 3.000000 13.613127 0.000000
489 A B 0.442983 0.977228 4.000000 2.000000 12.209507 0.000000
490 B B 0.776221 0.992399 4.000000 5.000000 7.025196 0.000000
491 B B 0.752405 0.696578 4.000000 5.000000 8.441624 0.000000
492 B A 0.397766 0.893679 5.000000 5.000000 7.505398 0.000000
493 A A 0.576874 0.930496 4.000000 4.000000 14.978080 0.000000
494 B A 0.774699 0.805519 2.000000 3.000000 7.983922 0.000000
495 A B 0.823722 0.988881 5.000000 4.000000 12.499579 0.000000
496 A A 0.675974 0.814606 2.000000 2.000000 12.795975 0.000000
497 B A 0.368846 0.730875 5.000000 5.000000 8.655724 0.000000
498 B B 0.148589 0.877116 4.000000 3.000000 9.112008 0.000000
499 B B 0.678243 0.993675 5.000000 4.000000 6.645301 0.000000
500 B A 0.609689 0.827827 4.000000 4.000000 6.934957 0.000000
501 B A 0.774699 0.924673 4.000000 2.000000 6.633152 0.000000
502 A A 0.675866 0.734634 4.000000 4.000000 13.394561 0.000000
503 A A 0.792381 0.881735 4.000000 3.000000 14.350683 0.000000
504 B A 0.677305 0.961728 5.000000 4.000000 5.241169 0.000000
505 B A 0.777980 0.825776 5.000000 4.000000 6.409905 0.000000
506 B A 0.814987 0.952508 3.000000 2.000000 6.977353 0.000000
507 B B 0.707636 0.999816 4.000000 2.000000 7.184082 0.000000
508 B B 0.976883 0.811311 5.000000 2.000000 9.132909 0.000000
509 A B 0.752405 0.844372 4.000000 5.000000 11.777808 0.000000
510 B B 0.647798 0.845323 5.000000 4.000000 7.484535 0.000000
511 A A 0.606815 0.891667 4.000000 4.000000 14.695334 0.000000
512 B A 0.518337 0.913395 5.000000 5.000000 6.543548 0.000000
513 B A 0.276039 0.903869 2.000000 2.000000 7.629065 0.000000
514 A B 0.805165 0.869566 4.000000 3.000000 11.663953 0.000000
515 A A 0.747078 0.804208 5.000000 3.000000 14.437410 0.000000
516 A B 0.427695 0.856379 5.000000 3.000000 11.796625 0.000000
517 A B 0.702169 0.806940 5.000000 4.000000 11.894895 0.000000
518 B B 0.681728 0.914205 4.000000 2.000000 7.579511 0.000000
519 B A 0.738254 0.993675 5.000000 4.000000 4.974314 0.000000
520 B B 0.581549 0.999984 2.000000 4.000000 7.782779 0.000000
521 B A 0.336243 0.964272 5.000000 4.000000 6.957616 0.000000
522 B B 0.693964 0.978358 5.000000 4.000000 6.723608 0.000000
523 B B 0.610161 0.771747 5.000000 4.000000 7.911604 0.000000
524 B A 0.923658 0.919077 3.000000 3.000000 7.449345 0.000000
525 B B 0.307592 0.993396 2.000000 2.000000 7.959016 0.000000
526 B B 0.473745 0.991924 5.000000 4.000000 7.173815 0.000000
527 B A 0.771147 0.998753 4.000000 5.000000 5.481624 0.000000
528 A A 0.695141 0.857200 4.000000 5.000000 14.494344 0.000000
529 B A 0.196448 0.802770 4.000000 2.000000 8.261254 0.000000
530 A A 0.300991 0.974379 5.000000 1.000000 15.817495 0.000000
531 B B 0.668919 0.999304 4.000000 5.000000 7.063865 0.000000
532 A A 0.711501 0.864514 2.000000 5.000000 13.315957 0.000000
533 A B 0.900208 0.998136 4.000000 5.000000 12.217818 0.000000
534 B A 0.667311 0.878732 5.000000 4.000000 5.930966 0.000000
535 B A 0.221625 0.919981 4.000000 2.000000 7.356317 0.000000
536 A B 0.834008 0.870343 5.000000 2.000000 11.549639 0.000000
537 B A 0.450594 0.978039 5.000000 2.000000 5.312230 0.000000
538 A A 0.695353 0.949618 3.000000 3.000000 14.698075 0.000000
539 B B 0.734716 0.975868 3.000000 5.000000 7.478678 0.000000
540 B B 0.620887 0.998993 2.000000 4.000000 7.754572 0.000000
541 B B 0.568674 0.893017 3.000000 4.000000 8.011043 0.000000
542 A A 0.517259 0.900027 4.000000 4.000000 14.419652 0.000000
543 B B 0.623464 0.992399 4.000000 5.000000 7.205539 0.000000
544 B A 0.288301 0.977777 5.000000 4.000000 7.340926 0.000000
545 A A 0.306397 0.998249 2.000000 1.000000 14.327547 0.000000
546 A A 0.342383 0.998038 2.000000 2.000000 14.241610 0.000000
547 B B 0.583606 0.972066 5.000000 4.000000 6.938984 0.000000
548 B A 0.361354 0.916655 5.000000 5.000000 7.661567 0.000000
549 A A 0.308328 0.995458 5.000000 2.000000 15.532092 0.000000
550 B A 0.416829 0.969188 2.000000 5.000000 7.393545 0.000000
551 A A 0.777980 0.867752 5.000000 4.000000 15.209986 0.000000
552 B B 0.823005 0.921417 2.000000 5.000000 8.107277 0.000000
553 A A 0.771147 0.955013 4.000000 5.000000 15.553549 0.000000
554 B B 0.597859 0.945833 4.000000 5.000000 7.518468 0.000000
555 B A 0.648969 0.965467 5.000000 4.000000 5.259384 0.000000
556 B B 0.820131 0.976886 5.000000 3.000000 7.160629 0.000000
557 B B 0.594517 0.750603 5.000000 4.000000 8.042491 0.000000
558 B B 0.734161 0.863563 3.000000 5.000000 8.023309 0.000000
559 A A 0.707773 0.924673 4.000000 3.000000 15.105646 0.000000
560 B A 0.786719 0.993675 5.000000 4.000000 5.103140 0.000000
561 B B 0.574072 0.999748 5.000000 4.000000 6.808653 0.000000
562 B A 0.840975 0.932112 5.000000 4.000000 5.870878 0.000000
563 B B 0.692318 0.969305 3.000000 2.000000 7.632233 0.000000
564 B A 0.703025 0.921384 3.000000 3.000000 6.690160 0.000000
565 B A 0.482295 0.937842 5.000000 4.000000 6.142396 0.000000
566 B A 0.587005 0.977777 2.000000 4.000000 6.827517 0.000000
567 B A 0.630879 0.884601 5.000000 5.000000 6.137063 0.000000
568 A A 0.746904 0.806724 5.000000 4.000000 14.695233 0.000000
569 B A 0.632219 0.751704 5.000000 4.000000 6.949078 0.000000
570 B A 0.735886 0.956745 4.000000 2.000000 6.215159 0.000000
571 B A 0.756981 0.844238 4.000000 4.000000 6.723498 0.000000
572 B B 0.894051 0.869792 4.000000 2.000000 8.518123 0.000000
573 B B 0.300991 0.869836 5.000000 1.000000 7.630403 0.000000
574 B A 0.604221 0.817952 4.000000 4.000000 7.017272 0.000000
575 B A 0.738254 0.992273 5.000000 4.000000 4.986339 0.000000
576 B A 0.296951 0.962418 4.000000 2.000000 6.536469 0.000000
577 B A 0.774699 0.994477 4.000000 2.000000 6.111175 0.000000
578 B A 0.790738 0.991030 4.000000 4.000000 5.683932 0.000000
579 B B 0.686693 0.929196 5.000000 4.000000 7.001082 0.000000
580 B B 0.761995 0.913456 5.000000 4.000000 7.125544 0.000000
581 A B 0.802679 0.915774 5.000000 2.000000 11.856118 0.000000
582 A A 0.727272 0.999816 4.000000 2.000000 15.538338 0.000000
583 B B 0.267855 0.903955 4.000000 2.000000 8.090653 0.000000
584 B A 0.336243 0.968995 5.000000 4.000000 6.924838 0.000000
585 B A 0.616908 0.962451 4.000000 3.000000 5.851554 0.000000
586 B A 0.678243 0.993675 5.000000 4.000000 4.967952 0.000000
587 A B 0.702169 0.951134 5.000000 5.000000 12.481555 0.000000
588 A A 0.677305 0.961728 5.000000 4.000000 16.345108 0.000000
589 B A 0.775498 0.952508 3.000000 2.000000 6.808165 0.000000
590 B A 0.619230 0.928395 5.000000 4.000000 5.645605 0.000000
591 B A 0.512039 0.855715 5.000000 5.000000 6.998154 0.000000
592 A A 0.535915 0.893101 3.000000 5.000000 13.628492 0.000000
593 A A 0.789891 0.876170 5.000000 4.000000 15.242948 0.000000
594 B A 0.608113 0.962755 2.000000 2.000000 6.892491 0.000000
595 B B 0.688196 0.977185 5.000000 4.000000 6.732856 0.000000
596 B B 0.736801 0.969525 5.000000 5.000000 6.759579 0.000000
597 B A 0.450594 0.978039 5.000000 5.000000 6.521747 0.000000
598 B B 0.483443 0.983498 3.000000 4.000000 7.717321 0.000000
599 B A 0.695141 0.779637 4.000000 4.000000 7.140903 0.000000
600 B A 0.785246 0.887142 4.000000 3.000000 6.668393 0.000000
601 A A 0.774699 0.924673 4.000000 3.000000 14.866073 0.000000
602 A A 0.643502 0.981022 5.000000 4.000000 16.479421 0.000000
603 B A 0.440771 0.983751 5.000000 5.000000 6.553539 0.000000
604 A A 0.635812 0.962451 4.000000 3.000000 15.547156 0.000000
605 A A 0.525173 0.937735 5.000000 5.000000 14.909759 0.000000
606 A A 0.894696 0.997527 5.000000 5.000000 16.222996 0.000000
607 B A 0.843334 0.881735 3.000000 4.000000 7.135111 0.000000
608 B A 0.633764 0.994140 5.000000 4.000000 5.053424 0.000000
609 B A 0.771536 0.844238 4.000000 4.000000 6.750656 0.000000
610 A B 0.734993 0.956222 5.000000 2.000000 12.257766 0.000000
611 B B 0.726229 0.999555 5.000000 4.000000 6.606062 0.000000
612 B A 0.619230 0.939853 5.000000 4.000000 5.551884 0.000000
613 B A 0.536350 0.960962 5.000000 4.000000 5.698548 0.000000
614 B A 0.806986 0.995415 5.000000 4.000000 5.174469 0.000000
615 B A 0.794836 0.993675 5.000000 4.000000 5.135438 0.000000
616 B B 0.702169 0.947541 5.000000 4.000000 6.894507 0.000000
617 B A 0.775818 0.990536 4.000000 2.000000 6.147640 0.000000
618 B A 0.833007 0.960711 5.000000 3.000000 5.962110 0.000000
619 B B 0.673190 0.852030 4.000000 2.000000 7.871246 0.000000
620 A A 0.747283 0.921342 5.000000 3.000000 15.618323 0.000000
621 B A 0.272452 0.943463 4.000000 2.000000 6.830894 0.000000
622 B A 0.754354 0.992113 5.000000 4.000000 5.018026 0.000000
623 B A 0.575292 0.937857 5.000000 4.000000 5.722285 0.000000
624 B A 0.577578 0.995298 5.000000 4.000000 5.236582 0.000000
625 A A 0.801894 0.946594 4.000000 3.000000 14.929604 0.000000
626 B A 0.544811 0.977777 5.000000 4.000000 5.522666 0.000000
627 B A 0.619808 0.922843 4.000000 5.000000 6.364029 0.000000
628 B A 0.762229 0.845323 4.000000 2.000000 7.130060 0.000000
629 A B 0.626442 0.834563 5.000000 4.000000 11.940862 0.000000
630 A B 0.880811 0.939049 5.000000 5.000000 12.271042 0.000000
631 A A 0.774699 0.997830 4.000000 2.000000 15.219592 0.000000
632 B A 0.648445 0.977777 2.000000 3.000000 6.756523 0.000000
633 B A 0.462996 0.977573 5.000000 5.000000 6.434415 0.000000
634 B B 0.756592 0.998753 4.000000 5.000000 6.983478 0.000000
635 B A 0.679136 0.994186 4.000000 4.000000 5.543885 0.000000
636 B A 0.779023 0.815021 4.000000 2.000000 7.409795 0.000000
637 B A 0.532951 0.950149 5.000000 4.000000 5.801374 0.000000
638 B B 0.726130 0.993670 5.000000 4.000000 6.639823 0.000000
639 A A 0.665032 0.925014 5.000000 3.000000 15.880037 0.000000
640 B A 0.318971 0.975541 5.000000 5.000000 7.703381 0.000000
641 B B 0.786719 0.965110 5.000000 4.000000 6.895425 0.000000
642 B A 0.926004 0.891125 4.000000 4.000000 7.064314 0.000000
643 B A 0.662984 0.751937 3.000000 4.000000 7.798144 0.000000
644 B B 0.694014 0.978358 5.000000 4.000000 6.723590 0.000000
645 B A 0.689285 0.977226 3.000000 4.000000 6.221289 0.000000
646 B A 0.607109 0.961692 5.000000 4.000000 5.410021 0.000000
647 B A 0.681332 0.975497 3.000000 2.000000 6.382634 0.000000
648 B A 0.731898 0.968230 4.000000 4.000000 5.751553 0.000000
649 B A 0.813895 0.930293 5.000000 4.000000 5.742975 0.000000
650 B A 0.788028 0.851389 4.000000 5.000000 6.637996 0.000000
651 B A 0.577709 0.987741 5.000000 4.000000 5.300017 0.000000
652 B A 0.775260 0.999164 4.000000 5.000000 5.481494 0.000000
653 B B 0.815569 0.981854 4.000000 3.000000 7.401649 0.000000
654 A B 0.780410 0.984057 4.000000 4.000000 12.287714 0.000000
655 B A 0.667311 0.846349 5.000000 4.000000 6.182428 0.000000
656 B A 0.648160 0.873616 5.000000 4.000000 6.007255 0.000000
657 B A 0.640543 0.997972 5.000000 4.000000 5.002523 0.000000
658 B A 0.813895 0.922734 3.000000 3.000000 6.937737 0.000000
659 A A 0.973923 0.932245 4.000000 5.000000 14.420809 0.000000
660 B A 0.519815 0.996591 5.000000 4.000000 5.483187 0.000000
661 A A 0.633764 0.995506 5.000000 4.000000 16.611090 0.000000
662 B A 0.652757 0.996612 4.000000 4.000000 5.558507 0.000000
663 B B 0.576893 0.950149 5.000000 5.000000 7.270867 0.000000
664 B A 0.771147 0.956896 4.000000 5.000000 5.819888 0.000000
665 A B 0.681332 0.975578 3.000000 2.000000 11.929586 0.000000
666 A A 0.634302 0.844622 5.000000 5.000000 14.765705 0.000000
667 B A 0.683716 0.913920 4.000000 2.000000 6.375845 0.000000
668 B A 0.620887 0.938402 5.000000 4.000000 5.558786 0.000000
669 A B 0.775952 0.999824 4.000000 2.000000 12.092360 0.000000
670 B B 0.644433 0.977393 5.000000 2.000000 6.852316 0.000000
671 B A 0.451772 0.927948 5.000000 5.000000 6.875817 0.000000
672 B A 0.773054 0.926291 4.000000 1.000000 6.978677 0.000000
673 A A 0.794836 0.995600 5.000000 4.000000 16.507851 0.000000
674 A A 0.840975 0.932112 5.000000 4.000000 15.505496 0.000000
675 B B 0.507924 0.992188 5.000000 4.000000 7.052190 0.000000
676 B A 0.788321 0.941139 4.000000 4.000000 6.071032 0.000000
677 B A 0.451837 0.899001 5.000000 4.000000 6.596511 0.000000
678 B A 0.775200 0.926200 5.000000 3.000000 5.871345 0.000000
679 A A 0.718825 0.806967 5.000000 4.000000 14.735861 0.000000
680 B A 0.553082 0.965467 5.000000 4.000000 5.587963 0.000000
681 B A 0.738633 0.989221 5.000000 3.000000 5.198832 0.000000
682 B A 0.727590 0.914740 4.000000 4.000000 6.167054 0.000000
683 B A 0.668183 0.974852 5.000000 4.000000 5.143065 0.000000
684 B A 0.704158 0.981790 5.000000 4.000000 5.052772 0.000000
685 B A 0.802982 0.993675 5.000000 4.000000 5.170766 0.000000
686 A B 0.494528 0.961583 5.000000 4.000000 12.190144 0.000000
687 B A 0.736581 0.961728 5.000000 4.000000 5.242952 0.000000
688 B A 0.533637 0.995298 5.000000 4.000000 5.428058 0.000000
689 A A 0.735886 0.998695 4.000000 2.000000 15.480011 0.000000
690 B B 0.689285 0.985771 3.000000 4.000000 7.437135 0.000000
691 B B 0.619861 0.939853 5.000000 4.000000 7.033309 0.000000
692 B B 0.796159 0.992353 5.000000 4.000000 6.768112 0.000000
693 B A 0.758247 0.941163 5.000000 4.000000 5.454196 0.000000
694 B A 0.682430 0.920252 4.000000 2.000000 6.325325 0.000000
695 A B 0.433224 0.962338 5.000000 4.000000 12.009956 0.000000
696 B A 0.462996 0.927763 5.000000 4.000000 6.321377 0.000000
697 A B 0.621453 0.994338 4.000000 5.000000 12.239615 0.000000
698 B B 0.815049 0.995415 5.000000 4.000000 6.809059 0.000000
699 A B 0.736801 0.993675 5.000000 4.000000 12.681498 0.000000
700 A A 0.629235 0.956888 3.000000 3.000000 14.782775 0.000000
701 A A 0.797344 0.961728 5.000000 4.000000 16.115758 0.000000
702 A B 0.780241 0.974268 5.000000 4.000000 12.536832 0.000000
703 B A 0.592795 0.952165 5.000000 4.000000 5.539220 0.000000
704 B A 0.678243 0.943124 5.000000 4.000000 5.395423 0.000000
705 B B 0.773716 0.989221 5.000000 3.000000 6.902646 0.000000
706 B B 0.577578 0.995298 4.000000 4.000000 7.169456 0.000000
707 A A 0.738254 0.992423 4.000000 4.000000 15.916678 0.000000
708 B A 0.607109 0.998896 5.000000 4.000000 5.095336 0.000000
709 B B 0.620887 0.828074 5.000000 4.000000 7.616725 0.000000
710 A B 0.668183 0.974852 5.000000 4.000000 12.590365 0.000000
711 B A 0.636010 0.987118 5.000000 4.000000 5.107526 0.000000
712 B A 0.759524 0.988876 5.000000 4.000000 5.058025 0.000000
713 B A 0.480644 0.999827 5.000000 4.000000 5.658642 0.000000
714 A B 0.653164 0.996730 5.000000 4.000000 12.675362 0.000000
715 A A 0.452286 0.965467 5.000000 4.000000 15.210390 0.000000
716 B A 0.774856 0.928395 5.000000 4.000000 5.603837 0.000000
717 B A 0.577104 0.986115 5.000000 4.000000 5.316145 0.000000
718 B A 0.772493 0.931899 4.000000 5.000000 6.017439 0.000000
719 B B 0.508004 0.994968 5.000000 4.000000 7.036666 0.000000
720 A A 0.814197 0.993438 5.000000 4.000000 16.365351 0.000000
721 B A 0.866935 0.833982 5.000000 4.000000 6.764887 0.000000
722 A B 0.781414 0.948308 5.000000 5.000000 12.489598 0.000000
723 B A 0.804001 0.967725 4.000000 2.000000 6.485753 0.000000
724 B B 0.750076 0.876381 5.000000 4.000000 7.303910 0.000000
725 B A 0.685125 0.829063 5.000000 4.000000 6.291761 0.000000
726 B A 0.797474 0.993675 5.000000 4.000000 5.146564 0.000000
727 B A 0.740116 0.924805 5.000000 3.000000 5.732550 0.000000
728 B B 0.688836 0.981790 5.000000 4.000000 6.706339 0.000000
729 B B 0.753133 0.990880 5.000000 4.000000 6.683886 0.000000
730 B A 0.640543 0.993448 5.000000 4.000000 5.041468 0.000000
731 A A 0.516164 0.937857 5.000000 4.000000 15.364665 0.000000
732 B A 0.880578 0.932112 5.000000 4.000000 6.119377 0.000000
733 B A 0.435471 0.978044 5.000000 2.000000 5.348541 0.000000
734 A B 0.588541 0.962451 4.000000 3.000000 12.196495 0.000000
735 B A 0.533612 0.996062 5.000000 4.000000 5.421786 0.000000
736 B B 0.578842 0.994022 4.000000 4.000000 7.173740 0.000000
737 B A 0.732031 0.997335 5.000000 4.000000 4.934426 0.000000
738 B B 0.615521 0.960281 4.000000 5.000000 7.395742 0.000000
739 B A 0.538642 0.960717 5.000000 4.000000 5.690248 0.000000
740 B A 0.681903 0.999290 4.000000 4.000000 5.499563 0.000000
741 A B 0.771273 0.976483 5.000000 4.000000 12.562310 0.000000
742 B A 0.677305 0.973458 5.000000 4.000000 5.142042 0.000000
743 B A 0.804453 0.991016 5.000000 5.000000 5.015640 0.000000
744 A A 0.519815 0.996591 4.000000 4.000000 15.412615 0.000000
745 A A 0.681517 0.999617 4.000000 4.000000 16.003734 0.000000
746 B A 0.668045 0.956930 5.000000 4.000000 5.294496 0.000000
747 B A 0.795303 0.992117 5.000000 4.000000 5.150579 0.000000
748 B A 0.687580 0.994140 5.000000 4.000000 4.954492 0.000000
749 A A 0.753887 0.966665 5.000000 4.000000 16.356626 0.000000
750 A A 0.668183 0.978149 5.000000 4.000000 16.513298 0.000000
751 A A 0.643321 0.991016 5.000000 4.000000 16.592761 0.000000
752 B A 0.631632 0.967105 5.000000 4.000000 5.289151 0.000000
753 B B 0.619230 0.992588 5.000000 4.000000 6.739677 0.000000
754 A A 0.647730 0.989196 4.000000 4.000000 15.829584 0.000000
755 B A 0.542441 0.993475 4.000000 4.000000 5.884164 0.000000
756 A B 0.806986 0.885012 5.000000 4.000000 12.097155 0.000000
757 B B 0.778421 0.999210 4.000000 5.000000 6.989357 0.000000
758 B B 0.732031 0.997335 5.000000 4.000000 6.622951 0.000000
759 A A 0.640543 0.993448 5.000000 4.000000 16.611375 0.000000
760 B A 0.352882 0.967359 5.000000 4.000000 6.787998 0.000000
761 A A 0.659592 0.988530 5.000000 4.000000 16.611630 0.000000
762 B B 0.797474 0.991802 5.000000 4.000000 6.774940 0.000000
763 B A 0.765117 0.976023 5.000000 4.000000 5.181690 0.000000
764 B A 0.725705 0.942951 5.000000 4.000000 5.387237 0.000000
765 B A 0.650287 0.993870 5.000000 4.000000 5.014608 0.000000
766 B A 0.653512 0.941163 5.000000 4.000000 5.452372 0.000000
767 A B 0.544811 0.977777 5.000000 4.000000 12.387912 0.000000
768 A A 0.754354 0.996027 5.000000 4.000000 16.687342 0.000000
769 B A 0.558700 0.997969 5.000000 4.000000 5.292787 0.000000
770 B A 0.689251 0.961692 5.000000 4.000000 5.229595 0.000000
771 A A 0.677305 0.971746 5.000000 4.000000 16.457911 0.000000
772 B B 0.450594 0.960812 5.000000 4.000000 7.425429 0.000000
773 A A 0.738624 0.965467 5.000000 4.000000 16.380689 0.000000
774 B A 0.801086 0.957596 5.000000 5.000000 5.290542 0.000000
775 B A 0.592795 0.944682 5.000000 4.000000 5.600737 0.000000
776 B A 0.652757 0.999944 4.000000 4.000000 5.531161 0.000000
777 B B 0.603839 0.958470 5.000000 4.000000 6.965307 0.000000
778 B A 0.595987 0.995298 5.000000 4.000000 5.165706 0.000000
779 B A 0.740464 0.999616 5.000000 5.000000 4.879381 0.000000
780 B B 0.577709 0.996981 5.000000 4.000000 6.814503 0.000000
781 A A 0.624214 0.968060 5.000000 4.000000 16.263464 0.000000
782 B A 0.514883 0.989469 5.000000 4.000000 5.566158 0.000000
783 B A 0.677305 0.977828 5.000000 4.000000 5.104885 0.000000
784 B B 0.794836 0.993675 5.000000 4.000000 6.756959 0.000000
785 B B 0.620960 0.938263 5.000000 2.000000 7.045570 0.000000
786 B A 0.702434 0.992905 4.000000 5.000000 5.568800 0.000000
787 B A 0.795303 0.993990 5.000000 4.000000 5.134718 0.000000
788 A B 0.636010 0.974991 5.000000 4.000000 12.554283 0.000000
789 B A 0.735498 0.925269 5.000000 4.000000 5.542805 0.000000
790 A B 0.700883 0.891082 5.000000 4.000000 12.239269 0.000000
791 B A 0.799700 0.998896 5.000000 4.000000 5.111922 0.000000
792 B A 0.786719 0.946046 5.000000 4.000000 5.500364 0.000000
793 B B 0.533612 0.992147 5.000000 4.000000 6.969622 0.000000
794 A A 0.681903 0.995135 4.000000 4.000000 15.955101 0.000000
795 B A 0.605438 0.987399 5.000000 4.000000 5.199290 0.000000
796 B A 0.640543 0.999583 5.000000 4.000000 4.988617 0.000000
797 B A 0.744689 0.977960 5.000000 2.000000 5.645966 0.000000
798 B A 0.648978 0.989221 5.000000 3.000000 5.050466 0.000000
799 B A 0.559302 0.986115 5.000000 4.000000 5.389923 0.000000
800 A A 0.738254 0.993675 5.000000 4.000000 16.700915 0.000000
801 B A 0.451440 0.993870 5.000000 4.000000 5.874080 0.000000
802 B A 0.517007 0.916745 5.000000 4.000000 6.138072 0.000000
803 B A 0.670134 0.897264 5.000000 4.000000 5.779675 0.000000
804 B B 0.687261 0.992169 5.000000 4.000000 6.647829 0.000000
805 B A 0.818505 0.994663 5.000000 4.000000 5.237485 0.000000
806 B A 0.668183 0.972807 5.000000 4.000000 5.160428 0.000000
807 A A 0.801086 0.992222 5.000000 4.000000 16.433916 0.000000
808 B A 0.785914 0.999703 5.000000 4.000000 5.048756 0.000000
809 B A 0.602493 0.994427 5.000000 4.000000 5.149691 0.000000
810 B A 0.523118 0.997327 5.000000 4.000000 5.461076 0.000000
811 B A 0.784055 0.963646 5.000000 3.000000 5.619317 0.000000
812 B A 0.732031 0.960111 5.000000 4.000000 5.250733 0.000000
813 A B 0.677356 0.961238 5.000000 4.000000 12.535879 0.000000
814 B B 0.640953 0.984671 5.000000 4.000000 6.743750 0.000000
815 B A 0.801981 0.924467 5.000000 2.000000 6.450305 0.000000
816 A A 0.558700 0.997969 5.000000 4.000000 16.276284 0.000000
817 B A 0.636453 0.994279 5.000000 4.000000 5.044965 0.000000
818 B A 0.661360 0.988980 5.000000 3.000000 5.053979 0.000000
819 B B 0.804453 0.919500 5.000000 4.000000 7.190740 0.000000
820 A A 0.739867 0.994140 5.000000 4.000000 16.702943 0.000000
821 A B 0.794836 0.993675 5.000000 4.000000 12.594433 0.000000
822 B B 0.637421 0.986459 5.000000 4.000000 6.739617 0.000000
823 A A 0.806986 0.995415 5.000000 4.000000 16.434042 0.000000
824 B A 0.640543 0.999548 5.000000 4.000000 4.988927 0.000000
825 A A 0.614625 0.978039 5.000000 2.000000 16.360378 0.000000
826 A A 0.623758 0.977365 5.000000 4.000000 16.366344 0.000000
827 B A 0.661804 0.973458 5.000000 3.000000 5.186336 0.000000
828 B A 0.754674 0.994293 5.000000 4.000000 5.000087 0.000000
829 A B 0.593544 0.995298 5.000000 4.000000 12.573473 0.000000
830 B B 0.670780 0.940475 5.000000 4.000000 6.951547 0.000000
831 B A 0.815607 0.994900 5.000000 4.000000 5.220730 0.000000
832 B A 0.795303 0.993990 5.000000 5.000000 4.969448 0.000000
833 B B 0.620887 0.977777 5.000000 4.000000 6.820304 0.000000
834 B A 0.814320 0.916829 5.000000 4.000000 5.852189 0.000000
835 A B 0.627110 0.998896 5.000000 4.000000 12.649914 0.000000
836 B A 0.675894 0.984501 5.000000 4.000000 5.049689 0.000000
837 B B 0.754763 0.999129 5.000000 4.000000 6.639196 0.000000
838 B A 0.689824 0.967679 5.000000 4.000000 5.178684 0.000000
839 B A 0.676895 0.999029 5.000000 4.000000 4.923354 0.000000
840 A A 0.451835 0.977561 4.000000 4.000000 14.846445 0.000000
841 B B 0.584239 0.993675 5.000000 4.000000 6.816003 0.000000
842 B A 0.674719 0.955706 5.000000 4.000000 5.295025 0.000000
843 B B 0.795303 0.992143 5.000000 5.000000 6.656880 0.000000
844 B B 0.634361 0.999616 5.000000 5.000000 6.791905 0.000000
845 B A 0.631632 0.981889 5.000000 4.000000 5.164070 0.000000
846 B A 0.584671 0.987843 5.000000 4.000000 5.271754 0.000000
847 B B 0.739658 0.954729 5.000000 4.000000 6.870591 0.000000
848 B A 0.657613 0.999550 5.000000 4.000000 4.950188 0.000000
849 A A 0.677305 0.973458 5.000000 5.000000 16.358563 0.000000
850 A A 0.746667 0.885596 5.000000 4.000000 15.496742 0.000000
851 A A 0.648978 0.925523 5.000000 3.000000 15.888157 0.000000
852 B A 0.600042 0.998912 5.000000 4.000000 5.120074 0.000000
853 B A 0.676213 0.999029 5.000000 4.000000 4.924219 0.000000
854 A B 0.661360 0.988980 5.000000 3.000000 12.637878 0.000000
855 B B 0.657571 0.999550 5.000000 4.000000 6.633515 0.000000
856 B A 0.687580 0.942598 5.000000 4.000000 5.390368 0.000000
857 A A 0.675894 0.984501 5.000000 4.000000 16.600415 0.000000
858 B B 0.655468 0.994140 5.000000 4.000000 6.667468 0.000000
859 B B 0.745586 0.991016 5.000000 4.000000 6.672906 0.000000
860 B A 0.624977 0.972939 5.000000 5.000000 5.457977 0.000000
861 B A 0.640543 0.993247 5.000000 4.000000 5.043195 0.000000
862 B A 0.749056 0.994620 5.000000 4.000000 4.985188 0.000000
863 A B 0.795303 0.995702 5.000000 4.000000 12.602562 0.000000
864 B A 0.670861 0.974852 5.000000 4.000000 5.138960 0.000000
865 B B 0.636453 0.911756 5.000000 4.000000 7.154769 0.000000
866 B A 0.826170 0.979280 5.000000 4.000000 5.406275 0.000000
867 B B 0.730211 0.999271 5.000000 4.000000 6.610413 0.000000
868 B B 0.753241 0.999703 5.000000 4.000000 6.633606 0.000000
869 B A 0.744473 0.994293 5.000000 4.000000 4.979244 0.000000
870 B A 0.795303 0.917297 5.000000 4.000000 5.765540 0.000000
871 B B 0.791336 0.985647 5.000000 4.000000 6.792693 0.000000
872 A A 0.596340 0.995023 5.000000 4.000000 16.444332 0.000000
873 B A 0.604160 0.973458 5.000000 4.000000 5.321565 0.000000
874 B B 0.636010 0.973295 5.000000 4.000000 6.816713 0.000000
875 B A 0.799700 0.999026 5.000000 4.000000 5.110823 0.000000
876 B A 0.739596 0.989221 5.000000 3.000000 5.202333 0.000000
877 B A 0.587221 0.999245 5.000000 4.000000 5.165015 0.000000
878 B A 0.763625 0.976023 5.000000 4.000000 5.177632 0.000000
879 B A 0.640585 0.999583 5.000000 4.000000 4.988509 0.000000
880 B A 0.759524 0.997111 5.000000 4.000000 4.987617 0.000000
881 B A 0.902540 0.995415 5.000000 4.000000 5.775399 0.000000
882 B B 0.754354 0.995599 5.000000 4.000000 6.658778 0.000000
883 B A 0.794836 0.993675 5.000000 5.000000 4.971201 0.000000
884 B A 0.732064 0.947293 5.000000 4.000000 5.357604 0.000000
885 B A 0.640543 0.999704 5.000000 4.000000 4.987579 0.000000
886 B B 0.600550 0.997143 5.000000 4.000000 6.755592 0.000000
887 A A 0.677305 0.977828 5.000000 5.000000 16.407707 0.000000
888 A A 0.699215 0.916452 5.000000 4.000000 15.869255 0.000000
889 A A 0.811024 0.993858 5.000000 4.000000 16.390846 0.000000
890 A B 0.639873 0.981889 5.000000 4.000000 12.590888 0.000000
891 B A 0.763380 0.992971 5.000000 4.000000 5.033143 0.000000
892 B A 0.785185 0.993675 5.000000 4.000000 5.097370 0.000000
893 B A 0.605084 0.987673 5.000000 4.000000 5.198180 0.000000
894 B A 0.669012 0.982267 5.000000 3.000000 5.114894 0.000000
895 B A 0.677305 0.994526 5.000000 4.000000 4.961750 0.000000
896 B A 0.874005 0.994201 5.000000 4.000000 5.579691 0.000000
897 A A 0.756266 0.999081 5.000000 4.000000 16.716368 0.000000
898 B A 0.689979 0.995897 5.000000 3.000000 5.019796 0.000000
899 B A 0.687580 0.993613 5.000000 4.000000 4.959033 0.000000
900 B B 0.689824 0.967679 5.000000 4.000000 6.785790 0.000000
901 B A 0.690117 0.993675 5.000000 4.000000 4.956564 0.000000
902 B B 0.530971 0.981790 5.000000 4.000000 7.035049 0.000000
903 A A 0.642023 0.993433 5.000000 4.000000 16.616168 0.000000
904 B A 0.815750 0.994140 5.000000 4.000000 5.227850 0.000000
905 B A 0.781527 0.998896 5.000000 4.000000 5.039529 0.000000
906 B A 0.789759 0.998897 5.000000 4.000000 5.070476 0.000000
907 B A 0.681854 0.982267 5.000000 3.000000 5.125789 0.000000
908 B A 0.728837 0.994137 5.000000 4.000000 4.958377 0.000000
909 B A 0.744311 0.994293 5.000000 4.000000 4.978953 0.000000
910 B A 0.687155 0.999583 5.000000 4.000000 4.907804 0.000000
911 B A 0.782900 0.999565 5.000000 4.000000 5.038769 0.000000
912 B A 0.670861 0.974573 5.000000 4.000000 5.141334 0.000000
913 A A 0.639834 0.995691 5.000000 4.000000 16.634688 0.000000
914 B A 0.541882 0.998912 5.000000 4.000000 5.359690 0.000000
915 B B 0.794836 0.997629 5.000000 5.000000 6.624764 0.000000
916 B A 0.689979 0.995897 5.000000 4.000000 4.937485 0.000000
917 B A 0.795303 0.982762 5.000000 5.000000 5.065595 0.000000
918 B B 0.865926 0.990180 5.000000 4.000000 7.038499 0.000000
919 B A 0.793020 0.996277 5.000000 5.000000 4.945178 0.000000
920 B A 0.640607 0.997547 5.000000 4.000000 5.006024 0.000000
921 B A 0.640543 0.999849 5.000000 4.000000 4.986328 0.000000
922 A A 0.792940 0.998106 5.000000 3.000000 16.147818 0.000000
923 B A 0.674326 0.996927 5.000000 3.000000 4.993194 0.000000
924 B A 0.784699 0.993663 5.000000 4.000000 5.095665 0.000000
925 B A 0.809227 0.941039 5.000000 4.000000 5.634605 0.000000
926 B A 0.627115 0.993675 5.000000 4.000000 5.076281 0.000000
927 A A 0.690824 0.991850 5.000000 4.000000 16.704277 0.000000
928 B B 0.640543 0.999551 5.000000 4.000000 6.659266 0.000000
929 B A 0.682297 0.989173 5.000000 4.000000 5.002158 0.000000
930 B B 0.740464 0.999616 5.000000 5.000000 6.586254 0.000000
931 A B 0.597791 0.999529 5.000000 4.000000 12.601101 0.000000
932 A A 0.799700 0.999687 5.000000 4.000000 16.526392 0.000000
933 B A 0.677305 0.994119 5.000000 4.000000 4.965261 0.000000
934 B A 0.633764 0.883864 5.000000 4.000000 5.961312 0.000000
935 B A 0.650362 0.993870 5.000000 4.000000 5.014440 0.000000
936 A A 0.749056 0.994620 5.000000 4.000000 16.686416 0.000000
937 A B 0.640543 0.998200 5.000000 4.000000 12.666368 0.000000
938 A B 0.745183 0.998717 5.000000 4.000000 12.697331 0.000000
939 B A 0.722142 0.992273 5.000000 4.000000 4.968466 0.000000
940 A A 0.652998 0.992971 5.000000 3.000000 16.642473 0.000000
941 B A 0.664775 0.993613 5.000000 4.000000 4.988185 0.000000
942 B A 0.676984 0.999381 5.000000 4.000000 4.920198 0.000000
943 B A 0.823207 0.902551 5.000000 4.000000 6.007723 0.000000
944 B A 0.795339 0.999583 5.000000 4.000000 5.087362 0.000000
945 B A 0.759524 0.988765 5.000000 4.000000 5.058968 0.000000
946 B A 0.663723 0.993990 5.000000 4.000000 4.986772 0.000000
947 A A 0.773175 0.917861 5.000000 4.000000 15.755106 0.000000
948 B A 0.638473 0.994291 5.000000 4.000000 5.039545 0.000000
949 A A 0.738254 0.932197 5.000000 4.000000 16.013413 0.000000
950 B B 0.690365 0.992273 5.000000 4.000000 6.645641 0.000000
951 B A 0.646283 0.995445 5.000000 4.000000 5.010234 0.000000
952 A A 0.657613 0.963704 5.000000 4.000000 16.325245 0.000000
953 A A 0.702102 0.901891 5.000000 4.000000 15.713695 0.000000
954 B A 0.664641 0.999548 5.000000 4.000000 4.937175 0.000000
955 B A 0.910778 0.959239 5.000000 4.000000 6.122857 0.000000
956 B A 0.682297 0.963094 5.000000 4.000000 5.224007 0.000000
957 B A 0.792084 0.996849 5.000000 4.000000 5.097205 0.000000
958 B B 0.722142 0.995104 5.000000 4.000000 6.629407 0.000000
959 B A 0.663843 0.993993 5.000000 4.000000 4.986531 0.000000
960 B A 0.649207 0.993870 5.000000 4.000000 5.017031 0.000000
961 A B 0.750986 0.991284 5.000000 4.000000 12.657208 0.000000
962 B A 0.640585 0.996780 5.000000 4.000000 5.012690 0.000000
963 B A 0.749226 0.992971 5.000000 4.000000 4.999662 0.000000
964 B A 0.641049 0.997629 5.000000 4.000000 5.004201 0.000000
965 B B 0.636723 0.996238 5.000000 4.000000 6.684932 0.000000
966 A A 0.687155 0.999940 5.000000 4.000000 16.793709 0.000000
967 B A 0.640543 0.967232 5.000000 4.000000 5.264553 0.000000
968 A B 0.793020 0.996277 5.000000 4.000000 12.610203 0.000000
969 B B 0.782461 0.999603 5.000000 4.000000 6.691235 0.000000
970 B A 0.743635 0.993441 5.000000 4.000000 4.985064 0.000000
971 A A 0.737371 0.994232 5.000000 4.000000 16.709035 0.000000
972 A A 0.740769 0.891569 5.000000 4.000000 15.572280 0.000000
973 B A 0.619321 0.942008 5.000000 4.000000 5.533879 0.000000
974 A A 0.670963 0.994279 5.000000 4.000000 16.703295 0.000000
975 B A 0.781527 0.914315 5.000000 4.000000 5.738733 0.000000
976 B B 0.640543 0.997972 5.000000 4.000000 6.668349 0.000000
977 B A 0.613034 0.955455 5.000000 3.000000 5.359635 0.000000
978 B A 0.640676 0.995237 5.000000 4.000000 5.025746 0.000000
979 B A 0.689563 0.994119 5.000000 4.000000 4.953129 0.000000
980 A A 0.732031 0.978246 5.000000 4.000000 16.536324 0.000000
981 B A 0.728837 0.994127 5.000000 5.000000 4.936748 0.000000
982 B B 0.675202 0.993675 5.000000 4.000000 6.647859 0.000000
983 B A 0.748937 0.994616 5.000000 4.000000 4.984978 0.000000
984 B A 0.675405 0.931022 5.000000 3.000000 5.546961 0.000000
985 B B 0.681942 0.994526 5.000000 4.000000 6.637625 0.000000
986 B B 0.674124 0.959663 5.000000 4.000000 6.841760 0.000000
987 B A 0.734939 0.996302 5.000000 4.000000 4.947024 0.000000
988 B A 0.758558 0.996799 5.000000 4.000000 4.987877 0.000000
989 B A 0.804453 0.990185 5.000000 5.000000 5.022759 0.000000
990 A A 0.759229 0.992273 5.000000 5.000000 16.745847 0.000000
991 A A 0.744912 0.953607 5.000000 4.000000 16.234909 0.000000
992 B A 0.641219 0.996328 5.000000 4.000000 5.014984 0.000000
993 B A 0.690709 0.993734 5.000000 4.000000 4.955641 0.000000
994 B A 0.706775 0.933612 5.000000 5.000000 5.481662 0.000000
995 A A 0.668012 0.999552 5.000000 4.000000 16.757959 0.000000
996 A A 0.657613 0.999550 5.000000 4.000000 16.733082 0.000000
997 B A 0.802805 0.993452 5.000000 4.000000 5.171854 0.000000
998 B B 0.649639 0.999306 5.000000 4.000000 6.646122 0.000000
999 B A 0.640543 0.993671 5.000000 4.000000 5.039553 0.000000
1000 B A 0.754354 0.994743 5.000000 4.000000 4.995503 0.000000
1001 B B 0.748688 0.815695 5.000000 4.000000 7.610189 0.000000
1002 B B 0.674326 0.996927 5.000000 3.000000 6.662129 0.000000
1003 B A 0.802475 0.994616 5.000000 4.000000 5.160524 0.000000
1004 B A 0.598155 0.999698 5.000000 4.000000 5.120159 0.000000
1005 B A 0.672220 0.999381 5.000000 4.000000 4.926611 0.000000
1006 B A 0.640634 0.996753 5.000000 4.000000 5.012799 0.000000
1007 B B 0.827329 0.969701 5.000000 4.000000 6.994370 0.000000
1008 A B 0.599419 0.994171 5.000000 4.000000 12.579818 0.000000
1009 B A 0.749541 0.987859 5.000000 4.000000 5.044012 0.000000
1010 B B 0.580366 0.994119 5.000000 4.000000 6.823636 0.000000
1011 B B 0.677305 0.994526 5.000000 4.000000 6.641167 0.000000
1012 B A 0.722142 0.992147 5.000000 4.000000 4.969553 0.000000
1013 B A 0.738254 0.992374 5.000000 4.000000 4.985474 0.000000
1014 B A 0.756937 0.978481 5.000000 4.000000 5.139967 0.000000
1015 A A 0.663843 0.993993 5.000000 4.000000 16.684625 0.000000
1016 B A 0.622171 0.999701 5.000000 4.000000 5.039319 0.000000
1017 B A 0.811989 0.989896 5.000000 4.000000 5.244889 0.000000
1018 B B 0.734939 0.996302 5.000000 4.000000 6.631350 0.000000
1019 A A 0.748845 0.995724 5.000000 4.000000 16.699624 0.000000
1020 B B 0.664641 0.999548 5.000000 4.000000 6.624784 0.000000
1021 B A 0.677049 0.999803 5.000000 5.000000 5.007858 0.000000
1022 A B 0.619646 0.963456 5.000000 5.000000 12.366289 0.000000
1023 B A 0.601427 0.999738 5.000000 4.000000 5.108030 0.000000
1024 B A 0.613737 0.999649 5.000000 4.000000 5.066581 0.000000
1025 B A 0.730442 0.994293 5.000000 4.000000 4.958769 0.000000
1026 A A 0.657782 0.991777 5.000000 4.000000 16.644149 0.000000
1027 B A 0.670015 0.992450 5.000000 5.000000 5.095785 0.000000
1028 A B 0.784179 0.997674 5.000000 4.000000 12.634887 0.000000
1029 B B 0.692172 0.993723 5.000000 4.000000 6.636513 0.000000
1030 B B 0.677305 0.998647 5.000000 4.000000 6.617437 0.000000
1031 B B 0.794521 0.993675 5.000000 5.000000 6.647042 0.000000
1032 B A 0.687426 0.968186 5.000000 4.000000 5.176263 0.000000
1033 B A 0.688235 0.999690 5.000000 5.000000 4.973025 0.000000
1034 B B 0.616611 0.975456 5.000000 4.000000 6.842287 0.000000
1035 B A 0.687534 0.996271 5.000000 4.000000 4.936135 0.000000
1036 B B 0.669350 0.999810 5.000000 4.000000 6.618129 0.000000
1037 B A 0.642377 0.997180 5.000000 4.000000 5.004745 0.000000
1038 A A 0.738254 0.998483 5.000000 4.000000 16.756071 0.000000
1039 B B 0.741615 0.993441 5.000000 4.000000 6.654411 0.000000
1040 B B 0.728837 0.994137 5.000000 4.000000 6.638918 0.000000
1041 B A 0.620405 0.997972 5.000000 4.000000 5.059656 0.000000
1042 B A 0.752637 0.999029 5.000000 4.000000 4.954865 0.000000
1043 B A 0.750268 0.887641 5.000000 4.000000 5.867902 0.000000
1044 B A 0.666880 0.997155 5.000000 4.000000 4.954093 0.000000
1045 B A 0.676895 0.999560 5.000000 4.000000 4.918761 0.000000
1046 A A 0.671115 0.994616 5.000000 4.000000 16.707472 0.000000
1047 B A 0.702065 0.999927 5.000000 5.000000 4.933939 0.000000
1048 B B 0.657513 0.999063 5.000000 4.000000 6.636398 0.000000
1049 B A 0.765142 0.892083 5.000000 4.000000 5.866345 0.000000
1050 B A 0.748418 0.999489 5.000000 4.000000 4.942061 0.000000
1051 B A 0.736008 0.924282 5.000000 5.000000 5.516125 0.000000
1052 B A 0.676422 0.999028 5.000000 4.000000 4.923967 0.000000
1053 B A 0.750828 0.997090 5.000000 5.000000 4.897901 0.000000
1054 A A 0.587643 0.999070 5.000000 4.000000 16.446829 0.000000
1055 A B 0.673252 0.998233 5.000000 4.000000 12.701292 0.000000
1056 B A 0.695111 0.989829 5.000000 4.000000 4.986642 0.000000
1057 B A 0.728837 0.964300 5.000000 5.000000 5.190884 0.000000
1058 B A 0.722996 0.994616 5.000000 4.000000 4.948951 0.000000
1059 B A 0.677305 0.997235 5.000000 4.000000 4.938366 0.000000
1060 A B 0.629031 0.999722 5.000000 4.000000 12.656691 0.000000
1061 A A 0.867409 0.992273 5.000000 4.000000 15.932624 0.000000
1062 B A 0.734078 0.972385 5.000000 4.000000 5.149937 0.000000
1063 B A 0.743635 0.995392 5.000000 4.000000 4.968318 0.000000
1064 B A 0.736801 0.993664 5.000000 4.000000 4.972281 0.000000
1065 B B 0.689979 0.995650 5.000000 4.000000 6.626416 0.000000
1066 B B 0.550845 0.999962 5.000000 4.000000 6.873618 0.000000
1067 B A 0.687256 0.992273 5.000000 3.000000 5.047037 0.000000
1068 B A 0.671621 0.818112 5.000000 4.000000 6.389778 0.000000
1069 B B 0.726750 0.999023 5.000000 4.000000 6.609456 0.000000
1070 A A 0.796538 0.993990 5.000000 5.000000 16.703974 0.000000
1071 B B 0.670390 0.998124 5.000000 4.000000 6.626792 0.000000
1072 B A 0.738959 0.979228 5.000000 4.000000 5.098744 0.000000
1073 B A 0.676895 0.993690 5.000000 4.000000 4.969476 0.000000
1074 B B 0.690863 0.921668 5.000000 4.000000 7.039971 0.000000
1075 B A 0.635308 0.999690 5.000000 5.000000 5.182646 0.000000
1076 B B 0.822776 0.993675 5.000000 4.000000 6.845418 0.000000
1077 A A 0.702065 0.848123 5.000000 5.000000 15.107647 0.000000
1078 B B 0.646802 0.994140 5.000000 4.000000 6.680163 0.000000
1079 B B 0.616712 0.998800 5.000000 4.000000 6.709478 0.000000
1080 A A 0.664641 0.999245 5.000000 4.000000 16.746943 0.000000
1081 A A 0.744311 0.994293 5.000000 4.000000 16.694730 0.000000
1082 B A 0.758558 0.994229 5.000000 4.000000 5.009891 0.000000
1083 A A 0.640543 0.999704 5.000000 4.000000 16.683228 0.000000
1084 B B 0.676984 0.999335 5.000000 4.000000 6.613729 0.000000
1085 B A 0.740464 0.993847 5.000000 5.000000 4.929220 0.000000
1086 A A 0.708681 0.952653 5.000000 4.000000 16.268338 0.000000
1087 B A 0.622343 0.994620 5.000000 4.000000 5.082463 0.000000
1088 A A 0.708659 0.976584 5.000000 4.000000 16.537191 0.000000
1089 A A 0.728837 0.994147 5.000000 4.000000 16.722285 0.000000
1090 B A 0.503115 0.999621 5.000000 4.000000 5.541415 0.000000
1091 A A 0.657613 0.999550 5.000000 4.000000 16.733082 0.000000
1092 B A 0.678180 0.993613 5.000000 4.000000 4.968554 0.000000
1093 A A 0.739732 0.997155 5.000000 4.000000 16.737786 0.000000
1094 A A 0.669124 0.997831 5.000000 4.000000 16.740454 0.000000
1095 B A 0.688882 0.882887 5.000000 4.000000 5.872709 0.000000
1096 A B 0.689563 0.994108 5.000000 4.000000 12.691614 0.000000
1097 A A 0.748413 0.999029 5.000000 4.000000 16.738657 0.000000
1098 B B 0.738254 0.999535 5.000000 4.000000 6.615922 0.000000
1099 A B 0.681424 0.913771 5.000000 4.000000 12.329368 0.000000
1100 B A 0.605212 0.994356 5.000000 4.000000 5.140771 0.000000
1101 B A 0.794836 0.993669 5.000000 3.000000 5.437371 0.000000
1102 B A 0.652138 0.966115 5.000000 5.000000 5.388539 0.000000
1103 B B 0.723053 0.995897 5.000000 4.000000 6.625306 0.000000
1104 B A 0.730250 0.996219 5.000000 4.000000 4.941979 0.000000
1105 B A 0.826736 0.998875 5.000000 4.000000 5.245810 0.000000
1106 B A 0.664155 0.970623 5.000000 4.000000 5.185605 0.000000
1107 B B 0.756089 0.999029 5.000000 4.000000 6.641830 0.000000
1108 A A 0.599661 0.994139 5.000000 5.000000 16.110715 0.000000
1109 A A 0.730442 0.946781 5.000000 4.000000 16.186590 0.000000
1110 B A 0.572153 0.998982 5.000000 4.000000 5.227366 0.000000
1111 A A 0.677318 0.999876 5.000000 4.000000 16.779338 0.000000
1112 B A 0.636722 0.994128 5.000000 4.000000 5.045545 0.000000
1113 B A 0.685697 0.993441 5.000000 4.000000 4.962140 0.000000
1114 A A 0.795303 0.971701 5.000000 4.000000 16.237347 0.000000
1115 B A 0.702263 0.999927 5.000000 5.000000 4.933470 0.000000
1116 B A 0.749056 0.961723 5.000000 4.000000 5.263845 0.000000
1117 B A 0.751424 0.998314 5.000000 4.000000 4.958383 0.000000
1118 A B 0.748377 0.993415 5.000000 4.000000 12.669784 0.000000
1119 B A 0.687947 0.994140 5.000000 4.000000 4.954194 0.000000
1120 A A 0.627679 0.996145 5.000000 4.000000 16.595440 0.000000
1121 A A 0.673377 0.933932 5.000000 4.000000 16.029856 0.000000
1122 B B 0.677405 0.999029 5.000000 4.000000 6.615145 0.000000
1123 A A 0.754610 0.994616 5.000000 4.000000 16.670431 0.000000
1124 B A 0.678685 0.998849 5.000000 4.000000 4.922735 0.000000
1125 B A 0.740307 0.998727 5.000000 4.000000 4.934033 0.000000
1126 B A 0.759197 0.978507 5.000000 5.000000 5.058536 0.000000
1127 B A 0.865110 0.928756 5.000000 4.000000 6.043761 0.000000
1128 B A 0.676213 0.999990 5.000000 4.000000 4.915900 0.000000
1129 B B 0.675583 0.994609 5.000000 4.000000 6.642153 0.000000
1130 B A 0.666599 0.993658 5.000000 4.000000 4.984729 0.000000
1131 B A 0.740464 0.999714 5.000000 5.000000 4.878532 0.000000
1132 A B 0.736801 0.993662 5.000000 4.000000 12.681439 0.000000
1133 B A 0.690709 0.971756 5.000000 4.000000 5.143545 0.000000
1134 B A 0.784936 0.994182 5.000000 4.000000 5.092128 0.000000
1135 B A 0.718974 0.998268 5.000000 4.000000 4.914738 0.000000
1136 B B 0.689563 0.996262 5.000000 4.000000 6.623089 0.000000
1137 B B 0.745518 0.993614 5.000000 4.000000 6.657981 0.000000
1138 A A 0.722142 0.992273 5.000000 4.000000 16.708712 0.000000
1139 B A 0.688037 0.999690 5.000000 5.000000 4.973614 0.000000
1140 A A 0.664641 0.999548 4.000000 4.000000 15.978119 0.000000
1141 B A 0.638792 0.999381 5.000000 4.000000 4.994867 0.000000
1142 A A 0.721915 0.999799 5.000000 4.000000 16.795421 0.000000
1143 B A 0.728429 0.997329 5.000000 4.000000 4.930459 0.000000
1144 B A 0.743154 0.924015 4.000000 4.000000 6.110593 0.000000
1145 A A 0.736801 0.993664 5.000000 4.000000 16.703625 0.000000
1146 B A 0.687155 0.999971 5.000000 4.000000 4.904445 0.000000
1147 B A 0.666375 0.993613 5.000000 4.000000 4.985482 0.000000
1148 B A 0.677052 0.993690 5.000000 5.000000 5.060247 0.000000
1149 A A 0.757926 0.927616 5.000000 4.000000 15.914481 0.000000
1150 B A 0.681036 0.997208 5.000000 4.000000 4.934248 0.000000
1151 B A 0.752491 0.999252 5.000000 4.000000 4.952627 0.000000
1152 B A 0.751442 0.998326 5.000000 4.000000 4.958322 0.000000
1153 B A 0.727369 0.996005 5.000000 4.000000 4.940811 0.000000
1154 A B 0.687684 0.997312 5.000000 4.000000 12.705589 0.000000
1155 B A 0.702263 0.999723 5.000000 5.000000 4.935226 0.000000
1156 B B 0.678124 0.998853 5.000000 4.000000 6.615578 0.000000
1157 B A 0.719439 0.999332 5.000000 4.000000 4.905823 0.000000
1158 B A 0.733065 0.919413 5.000000 5.000000 5.558251 0.000000
1159 B A 0.689056 0.993675 5.000000 4.000000 4.957343 0.000000
1160 B A 0.676213 0.999991 5.000000 4.000000 4.915898 0.000000
1161 A B 0.657613 0.974969 5.000000 4.000000 12.580884 0.000000
1162 B B 0.687580 0.999881 5.000000 4.000000 6.603252 0.000000
1163 B A 0.707875 0.994616 5.000000 4.000000 4.942651 0.000000
1164 B B 0.742798 0.996213 5.000000 5.000000 6.605069 0.000000
1165 A B 0.728837 0.951408 5.000000 5.000000 12.507231 0.000000
1166 B A 0.740464 0.936665 5.000000 5.000000 5.411547 0.000000
1167 B A 0.673257 0.999028 5.000000 4.000000 4.928198 0.000000
1168 A A 0.689979 0.997948 5.000000 5.000000 16.689468 0.000000
1169 B A 0.729410 0.993675 5.000000 4.000000 4.962957 0.000000
1170 A B 0.675990 0.999911 5.000000 4.000000 12.711002 0.000000
1171 B A 0.810334 0.997475 5.000000 4.000000 5.172996 0.000000
1172 B A 0.657914 0.951334 5.000000 4.000000 5.359100 0.000000
1173 B A 0.639243 0.997155 5.000000 4.000000 5.012896 0.000000
1174 A A 0.689563 0.957487 5.000000 4.000000 16.313763 0.000000
1175 B A 0.684033 0.994140 5.000000 4.000000 4.957659 0.000000
1176 B A 0.730101 0.993052 5.000000 4.000000 4.969058 0.000000
1177 A A 0.750810 0.997079 5.000000 5.000000 16.802665 0.000000
1178 B B 0.688578 0.997322 5.000000 4.000000 6.617482 0.000000
1179 B A 0.673260 0.993510 5.000000 4.000000 4.975847 0.000000
1180 B A 0.689186 0.997421 5.000000 4.000000 4.924904 0.000000
1181 A A 0.651019 0.999579 5.000000 4.000000 16.715007 0.000000
1182 B A 0.677715 0.998702 5.000000 4.000000 4.925168 0.000000
1183 B A 0.701010 0.999863 5.000000 4.000000 4.897902 0.000000
1184 B B 0.640664 0.999736 5.000000 4.000000 6.657997 0.000000
1185 A A 0.734939 0.994647 5.000000 4.000000 16.718320 0.000000
1186 B A 0.687155 0.983560 5.000000 4.000000 5.045725 0.000000
1187 B A 0.676984 0.995989 5.000000 4.000000 4.949532 0.000000
1188 B A 0.674971 0.999318 5.000000 4.000000 4.923343 0.000000
1189 B A 0.740464 0.999897 5.000000 5.000000 4.876949 0.000000
1190 B B 0.628062 0.999977 5.000000 4.000000 6.679542 0.000000
1191 B A 0.703794 0.999034 5.000000 4.000000 4.904588 0.000000
1192 B A 0.726510 0.988151 5.000000 4.000000 5.007457 0.000000
1193 B B 0.677670 0.998904 5.000000 4.000000 6.615650 0.000000
1194 B A 0.736094 0.998080 5.000000 4.000000 4.933293 0.000000
1195 A A 0.690709 0.993588 5.000000 4.000000 16.724140 0.000000
1196 B A 0.722423 0.999294 5.000000 4.000000 4.908169 0.000000
1197 B A 0.687534 0.996296 5.000000 4.000000 4.935924 0.000000
1198 B A 0.719738 0.999489 5.000000 4.000000 4.904648 0.000000
1199 A A 0.677061 0.997235 5.000000 4.000000 16.748442 0.000000
1200 A B 0.690222 0.906720 5.000000 4.000000 12.303172 0.000000
1201 A A 0.703794 0.999451 5.000000 4.000000 16.798694 0.000000
1202 B A 0.715883 0.999927 5.000000 4.000000 4.898818 0.000000
1203 B A 0.734939 0.996315 5.000000 4.000000 4.946915 0.000000
1204 A A 0.664641 0.999564 5.000000 4.000000 16.750627 0.000000
1205 A B 0.734331 0.999318 5.000000 4.000000 12.709216 0.000000
1206 B A 0.683243 0.999686 5.000000 4.000000 4.910512 0.000000
1207 B B 0.671567 0.979242 5.000000 5.000000 6.801508 0.000000
1208 B A 0.734314 0.997238 5.000000 4.000000 4.938136 0.000000
1209 B A 0.691972 0.988474 5.000000 4.000000 5.000063 0.000000
1210 B A 0.719738 0.878088 5.000000 5.000000 5.904510 0.000000
1211 B A 0.567335 0.999637 5.000000 4.000000 5.241843 0.000000
1212 B B 0.683998 0.992869 5.000000 4.000000 6.645769 0.000000
1213 B B 0.658237 0.999943 5.000000 5.000000 6.718471 0.000000
1214 B A 0.628204 0.953200 5.000000 4.000000 5.415078 0.000000
1215 A A 0.688836 0.997421 5.000000 4.000000 16.766441 0.000000
1216 B B 0.629388 0.996271 5.000000 4.000000 6.698259 0.000000
1217 B A 0.808777 0.839635 5.000000 5.000000 6.248727 0.000000
1218 B B 0.701010 0.999863 5.000000 4.000000 6.598602 0.000000
1219 B B 0.736094 0.998157 5.000000 4.000000 6.621750 0.000000
1220 B A 0.688888 0.994127 5.000000 4.000000 4.953574 0.000000
1221 B A 0.678566 0.997915 5.000000 4.000000 4.930949 0.000000
1222 B B 0.740464 0.998738 5.000000 4.000000 6.622796 0.000000
1223 A B 0.674465 0.999028 5.000000 4.000000 12.705847 0.000000
1224 A A 0.643321 0.984873 5.000000 4.000000 16.522634 0.000000
1225 B B 0.752491 0.985404 5.000000 4.000000 6.714085 0.000000
1226 B A 0.678685 0.990687 5.000000 5.000000 5.080383 0.000000
1227 B A 0.750247 0.997222 5.000000 4.000000 4.965288 0.000000
1228 A A 0.676213 0.999611 5.000000 4.000000 16.774421 0.000000
1229 B A 0.673257 0.999885 5.000000 4.000000 4.920774 0.000000
1230 B A 0.810849 0.997090 5.000000 4.000000 5.178739 0.000000
1231 B B 0.764153 0.999990 5.000000 4.000000 6.650096 0.000000
1232 B A 0.725593 0.994714 5.000000 4.000000 4.950269 0.000000
1233 B A 0.702263 0.999825 5.000000 4.000000 4.897965 0.000000
1234 B A 0.672562 0.999971 5.000000 4.000000 4.921013 0.000000
1235 B A 0.670196 0.999550 5.000000 4.000000 4.928147 0.000000
1236 B A 0.746279 0.983552 5.000000 5.000000 5.015134 0.000000
1237 B A 0.722418 0.994762 5.000000 4.000000 4.947261 0.000000
1238 B A 0.722444 0.997914 5.000000 4.000000 4.920098 0.000000
1239 B A 0.718786 0.998268 5.000000 4.000000 4.914629 0.000000
1240 B B 0.740464 0.892907 5.000000 5.000000 7.177524 0.000000
1241 B A 0.676984 0.984795 5.000000 4.000000 5.045783 0.000000
1242 B B 0.793020 0.996200 5.000000 5.000000 6.630564 0.000000
1243 B A 0.729928 0.950659 5.000000 5.000000 5.303999 0.000000
1244 B B 0.730899 0.990099 5.000000 4.000000 6.663533 0.000000
1245 B A 0.740307 0.999606 5.000000 5.000000 4.879564 0.000000
1246 B A 0.724380 0.999294 5.000000 4.000000 4.909721 0.000000
1247 A A 0.638403 0.999332 5.000000 4.000000 16.671594 0.000000
1248 B A 0.687732 0.997992 5.000000 4.000000 4.921101 0.000000
1249 B B 0.734741 0.996302 5.000000 4.000000 6.631175 0.000000
1250 A A 0.676310 0.999723 5.000000 5.000000 16.651889 0.000000
1251 B B 0.719439 0.910599 5.000000 4.000000 7.098151 0.000000
1252 B A 0.709514 0.999991 5.000000 4.000000 4.896401 0.000000
1253 B A 0.676230 0.999124 5.000000 4.000000 4.923376 0.000000
1254 B A 0.701195 0.999541 5.000000 4.000000 4.900645 0.000000
1255 B A 0.687155 0.993966 5.000000 4.000000 4.956346 0.000000
1256 B A 0.728755 0.939020 5.000000 4.000000 5.422488 0.000000
1257 A A 0.660641 0.999473 5.000000 4.000000 16.739978 0.000000
1258 B A 0.640756 0.993834 5.000000 4.000000 5.037615 0.000000
1259 B A 0.725886 0.999489 5.000000 4.000000 4.909353 0.000000
1260 A A 0.688696 0.999350 5.000000 4.000000 16.788554 0.000000
1261 B A 0.634738 0.997992 5.000000 4.000000 5.017625 0.000000
1262 B A 0.857173 0.999543 5.000000 4.000000 5.422901 0.000000
1263 A B 0.689220 0.989074 5.000000 4.000000 12.668367 0.000000
1264 B B 0.715482 0.998165 5.000000 5.000000 6.614206 0.000000
1265 B A 0.751308 0.948766 5.000000 4.000000 5.376174 0.000000
1266 B A 0.768248 0.985207 5.000000 5.000000 5.006349 0.000000
1267 A A 0.683401 0.950800 5.000000 5.000000 16.132454 0.000000
1268 A A 0.678653 0.998849 5.000000 4.000000 16.769637 0.000000
1269 B A 0.701750 0.999912 5.000000 4.000000 4.897312 0.000000
1270 A A 0.833995 0.999618 5.000000 5.000000 16.622727 0.000000
1271 B A 0.669881 0.999861 5.000000 4.000000 4.925927 0.000000
1272 A A 0.679934 0.997915 5.000000 4.000000 16.760853 0.000000
1273 B A 0.750404 0.999990 5.000000 4.000000 4.941803 0.000000
1274 B A 0.682996 0.999885 5.000000 4.000000 4.909029 0.000000
1275 B B 0.690301 0.886877 5.000000 4.000000 7.226712 0.000000
1276 B A 0.676895 0.999334 5.000000 4.000000 4.920722 0.000000
1277 B B 0.672510 0.996079 5.000000 4.000000 6.636495 0.000000
1278 B A 0.697649 0.999885 5.000000 4.000000 4.898760 0.000000
1279 B B 0.664456 0.999869 5.000000 4.000000 6.623141 0.000000
1280 B A 0.728837 0.999997 5.000000 5.000000 4.886050 0.000000
1281 B B 0.826983 0.967479 5.000000 4.000000 7.005294 0.000000
1282 B B 0.715208 0.999925 5.000000 4.000000 6.599033 0.000000
1283 B A 0.740464 0.980718 5.000000 5.000000 5.041845 0.000000
1284 A A 0.725089 0.997914 5.000000 4.000000 16.770350 0.000000
1285 B B 0.661853 0.999583 5.000000 4.000000 6.627881 0.000000
1286 A A 0.640941 0.944287 5.000000 5.000000 15.843642 0.000000
1287 A A 0.676984 0.891067 5.000000 4.000000 15.573605 0.000000
1288 A B 0.737530 0.999897 5.000000 5.000000 12.731283 0.000000
1289 A A 0.732348 0.984378 5.000000 4.000000 16.605430 0.000000
1290 B A 0.718786 0.999286 5.000000 4.000000 4.905831 0.000000
1291 B A 0.702263 0.999977 5.000000 3.000000 5.005902 0.000000
1292 A A 0.540184 0.999381 5.000000 4.000000 16.181962 0.000000
1293 B A 0.678227 0.998721 5.000000 5.000000 5.013149 0.000000
1294 B A 0.740464 0.999713 5.000000 5.000000 4.878544 0.000000
1295 B A 0.583684 0.999020 5.000000 4.000000 5.180682 0.000000
1296 B A 0.693079 0.977561 5.000000 4.000000 5.092703 0.000000
1297 B A 0.727848 0.977436 5.000000 4.000000 5.100117 0.000000
1298 A B 0.882311 0.999897 5.000000 4.000000 12.351310 0.000000
1299 B A 0.736094 0.998082 5.000000 4.000000 4.933275 0.000000
1300 A A 0.737596 0.989295 5.000000 5.000000 16.706351 0.000000
1301 B B 0.636831 0.999381 5.000000 5.000000 6.785302 0.000000
1302 B A 0.695638 0.999687 5.000000 4.000000 4.901339 0.000000
1303 A A 0.716232 0.999286 5.000000 4.000000 16.793983 0.000000
1304 B A 0.754529 0.999714 5.000000 5.000000 4.875283 0.000000
1305 B B 0.628552 0.995348 5.000000 4.000000 6.705155 0.000000
1306 B B 0.720632 0.953061 5.000000 4.000000 6.866354 0.000000
1307 A A 0.676213 0.999029 5.000000 4.000000 16.767708 0.000000
1308 B A 0.708902 0.999863 5.000000 5.000000 4.919277 0.000000
1309 B A 0.719738 0.999997 5.000000 4.000000 4.900254 0.000000
1310 B A 0.759052 0.927656 5.000000 5.000000 5.483441 0.000000
1311 B A 0.677682 0.998702 5.000000 4.000000 4.925208 0.000000
1312 B B 0.703794 0.996316 5.000000 4.000000 6.618720 0.000000
1313 B A 0.680258 0.999054 5.000000 5.000000 5.003516 0.000000
1314 B A 0.683069 0.997421 5.000000 4.000000 4.930283 0.000000
1315 B A 0.584732 0.987863 5.000000 4.000000 5.271351 0.000000
1316 B A 0.669893 0.999525 5.000000 4.000000 4.928822 0.000000
1317 B A 0.627669 0.916824 5.000000 4.000000 5.714836 0.000000
1318 B A 0.719769 0.929505 4.000000 4.000000 6.049028 0.000000
1319 A B 0.676213 0.997290 5.000000 4.000000 12.699058 0.000000
1320 A A 0.773346 0.999735 5.000000 5.000000 16.818823 0.000000
1321 B A 0.705944 0.999541 5.000000 4.000000 4.900060 0.000000
1322 B A 0.740681 0.999686 5.000000 4.000000 4.926374 0.000000
1323 B A 0.740464 0.944184 5.000000 4.000000 5.394610 0.000000
1324 A B 0.673280 0.999885 5.000000 4.000000 12.708938 0.000000
1325 A A 0.722444 0.998803 5.000000 4.000000 16.783433 0.000000
1326 B A 0.724030 0.999934 5.000000 4.000000 4.903903 0.000000
1327 B A 0.841468 0.999554 5.000000 4.000000 5.324707 0.000000
1328 B A 0.740464 0.999150 5.000000 5.000000 4.883421 0.000000
1329 B A 0.675237 0.998188 5.000000 4.000000 4.932774 0.000000
1330 A A 0.672562 0.929954 5.000000 4.000000 15.984757 0.000000
1331 B A 0.807047 0.999061 5.000000 4.000000 5.143906 0.000000
1332 B A 0.546508 0.999861 5.000000 4.000000 5.330697 0.000000
1333 B A 0.701750 0.999490 5.000000 4.000000 4.900965 0.000000
1334 B B 0.694732 0.999997 5.000000 5.000000 6.634639 0.000000
1335 B A 0.661671 0.999990 5.000000 4.000000 4.938633 0.000000
1336 B A 0.753532 0.938797 5.000000 5.000000 5.390705 0.000000
1337 B A 0.736944 0.999582 5.000000 4.000000 4.921549 0.000000
1338 B A 0.689113 0.999885 5.000000 4.000000 4.903631 0.000000
1339 A A 0.736286 0.872266 5.000000 5.000000 15.424074 0.000000
1340 B B 0.692558 0.904664 5.000000 4.000000 7.131021 0.000000
1341 B B 0.676840 0.978141 5.000000 4.000000 6.735196 0.000000
1342 B A 0.708531 0.999965 5.000000 4.000000 4.896500 0.000000
1343 B A 0.830818 0.999968 5.000000 4.000000 5.259293 0.000000
1344 A A 0.770710 0.999271 5.000000 5.000000 16.816862 0.000000
1345 B A 0.762047 0.999478 5.000000 4.000000 4.973843 0.000000
1346 B A 0.712225 0.999425 5.000000 4.000000 4.901862 0.000000
1347 B A 0.661982 0.999861 5.000000 4.000000 4.939181 0.000000
1348 B A 0.687732 0.998003 5.000000 4.000000 4.921009 0.000000
1349 B A 0.697438 0.999996 5.000000 4.000000 4.897876 0.000000
1350 B A 0.740464 0.999656 5.000000 5.000000 4.879040 0.000000
1351 A A 0.672120 0.965225 5.000000 4.000000 16.375170 0.000000
1352 B A 0.793228 0.999989 5.000000 4.000000 5.075141 0.000000
1353 A A 0.595684 0.999977 5.000000 5.000000 16.145525 0.000000
1354 B A 0.688699 0.999879 5.000000 3.000000 4.983775 0.000000
1355 B A 0.689687 0.981197 5.000000 4.000000 5.063939 0.000000
1356 B A 0.701750 0.999946 5.000000 5.000000 4.934525 0.000000
1357 A A 0.719439 0.999500 5.000000 4.000000 16.794176 0.000000
1358 B A 0.676895 0.999340 5.000000 4.000000 4.920668 0.000000
1359 B A 0.760036 0.999832 5.000000 5.000000 4.875633 0.000000
1360 A A 0.692654 0.999539 5.000000 4.000000 16.794366 0.000000
1361 B A 0.687732 0.997992 5.000000 3.000000 4.998656 0.000000
1362 B A 0.663991 0.999986 5.000000 4.000000 4.934509 0.000000
1363 A A 0.722444 0.924879 5.000000 4.000000 15.955729 0.000000
1364 B A 0.793870 0.999489 5.000000 5.000000 4.919145 0.000000
1365 B A 0.675623 0.999995 5.000000 4.000000 4.916620 0.000000
1366 A B 0.695638 0.999796 5.000000 4.000000 12.719791 0.000000
1367 B A 0.708735 0.999863 5.000000 5.000000 4.919624 0.000000
1368 B A 0.753451 0.999728 5.000000 5.000000 4.875075 0.000000
1369 B A 0.687038 0.999996 5.000000 4.000000 4.904325 0.000000
1370 B A 0.718786 0.998058 5.000000 4.000000 4.916445 0.000000
1371 B A 0.704967 0.979460 5.000000 4.000000 5.072578 0.000000
1372 A B 0.764658 0.999294 5.000000 4.000000 12.675990 0.000000
1373 B B 0.749879 0.999985 5.000000 4.000000 6.627174 0.000000
1374 B A 0.685579 0.999879 5.000000 4.000000 4.906618 0.000000
1375 A A 0.750267 0.999648 5.000000 4.000000 16.740709 0.000000
1376 B A 0.693269 0.998236 5.000000 4.000000 4.915144 0.000000
1377 B A 0.732563 0.999880 5.000000 4.000000 4.913123 0.000000
1378 A B 0.676627 0.999996 5.000000 4.000000 12.711827 0.000000
1379 A A 0.740464 0.999656 5.000000 5.000000 16.827947 0.000000
1380 B A 0.740464 0.960430 5.000000 4.000000 5.259517 0.000000
1381 B B 0.825280 0.999150 5.000000 5.000000 6.670923 0.000000
1382 B B 0.697649 0.999884 5.000000 4.000000 6.599179 0.000000
1383 B A 0.801390 0.999708 5.000000 4.000000 5.112508 0.000000
1384 A B 0.752060 0.999490 5.000000 4.000000 12.693525 0.000000
1385 B A 0.705944 0.999491 5.000000 4.000000 4.900495 0.000000
1386 B A 0.682996 0.995403 5.000000 4.000000 4.947783 0.000000
1387 B A 0.683403 0.999267 5.000000 4.000000 4.913972 0.000000
1388 B A 0.673257 0.962075 5.000000 4.000000 5.243556 0.000000
1389 B B 0.719624 0.970372 5.000000 4.000000 6.769021 0.000000
1390 B A 0.766992 0.999565 5.000000 4.000000 4.986813 0.000000
1391 B B 0.724198 0.982352 5.000000 5.000000 6.695669 0.000000
1392 B A 0.625007 0.999991 5.000000 4.000000 5.028217 0.000000
1393 A A 0.661267 0.999825 5.000000 4.000000 16.745592 0.000000
1394 B A 0.719738 0.999999 5.000000 4.000000 4.900238 0.000000
1395 B A 0.743329 0.999982 5.000000 5.000000 4.874768 0.000000
1396 A A 0.712225 0.985472 5.000000 4.000000 16.637439 0.000000
1397 B B 0.676895 0.999560 5.000000 5.000000 6.673650 0.000000
1398 B A 0.715435 0.999986 5.000000 4.000000 4.898117 0.000000
1399 B A 0.682873 0.997992 5.000000 5.000000 5.004153 0.000000
1400 A A 0.739310 0.820321 5.000000 4.000000 14.844501 0.000000
1401 A A 0.781682 0.999612 5.000000 5.000000 16.803738 0.000000
1402 A A 0.476549 0.999578 5.000000 4.000000 15.755679 0.000000
1403 B A 0.719738 0.999024 5.000000 4.000000 4.908665 0.000000
1404 A A 0.789117 0.995480 5.000000 5.000000 16.740307 0.000000
1405 A A 0.820346 0.978936 5.000000 4.000000 16.162155 0.000000
1406 A A 0.683375 0.999262 4.000000 4.000000 16.001879 0.000000
1407 A A 0.689175 0.999885 5.000000 4.000000 16.795221 0.000000
1408 B A 0.724656 0.999687 5.000000 4.000000 4.906558 0.000000
1409 B A 0.685579 0.995213 5.000000 4.000000 4.946958 0.000000
1410 B A 0.731128 0.999995 5.000000 4.000000 4.910412 0.000000
1411 B A 0.806789 0.999999 5.000000 5.000000 4.944286 0.000000
1412 B A 0.743830 0.999632 5.000000 5.000000 4.877589 0.000000
1413 B A 0.759982 0.999301 5.000000 4.000000 4.969993 0.000000
1414 B A 0.710153 0.999606 5.000000 5.000000 4.918944 0.000000
1415 A A 0.834705 0.999300 5.000000 5.000000 16.615604 0.000000
1416 B A 0.747104 0.999880 5.000000 4.000000 4.936112 0.000000
1417 B B 0.683243 0.999686 5.000000 4.000000 6.607008 0.000000
1418 A B 0.737751 0.915044 5.000000 4.000000 12.331348 0.000000
1419 A A 0.756198 0.999959 5.000000 4.000000 16.726655 0.000000
1420 A A 0.748143 0.999907 5.000000 4.000000 16.749449 0.000000
1421 B A 0.710640 0.999907 5.000000 4.000000 4.897321 0.000000
1422 A B 0.789794 0.999962 5.000000 4.000000 12.633844 0.000000
1423 A B 0.634923 0.999821 5.000000 4.000000 12.665949 0.000000
1424 B A 0.718880 0.999286 5.000000 4.000000 4.905886 0.000000
1425 A A 0.765289 0.998381 5.000000 5.000000 16.812165 0.000000
1426 B B 0.740464 0.999940 5.000000 5.000000 6.584383 0.000000
1427 B A 0.687155 0.999989 5.000000 4.000000 4.904292 0.000000
1428 B A 0.703794 0.999986 5.000000 4.000000 4.896346 0.000000
1429 B A 0.774396 0.999997 5.000000 4.000000 5.005813 0.000000
1430 B A 0.708531 0.999969 5.000000 4.000000 4.896467 0.000000
1431 B A 0.676032 0.999337 5.000000 4.000000 4.921790 0.000000
1432 B A 0.682933 0.999885 5.000000 4.000000 4.909092 0.000000
1433 A A 0.754035 0.999934 5.000000 4.000000 16.733051 0.000000
1434 B A 0.701195 0.999875 5.000000 4.000000 4.897756 0.000000
1435 B A 0.678159 0.999915 5.000000 4.000000 4.914131 0.000000
1436 B A 0.739989 0.999714 5.000000 5.000000 4.878812 0.000000
1437 A A 0.686092 1.000000 5.000000 5.000000 16.697564 0.000000
1438 B A 0.724434 0.999825 5.000000 5.000000 4.893009 0.000000
1439 B A 0.737111 0.999773 5.000000 4.000000 4.920142 0.000000
1440 B A 0.771702 0.998406 5.000000 4.000000 5.010879 0.000000
1441 B A 0.718681 0.998268 5.000000 4.000000 4.914569 0.000000
1442 A B 0.715883 0.999965 5.000000 4.000000 12.720809 0.000000
1443 B A 0.741046 0.999968 5.000000 5.000000 4.876005 0.000000
1444 B B 0.697651 0.998214 5.000000 4.000000 6.608810 0.000000
1445 A A 0.754529 0.980187 5.000000 5.000000 16.609120 0.000000
1446 A B 0.699289 0.999858 5.000000 4.000000 12.720843 0.000000
1447 A A 0.686926 0.999997 5.000000 4.000000 16.794115 0.000000
1448 A A 0.753356 0.999728 5.000000 5.000000 16.833240 0.000000
1449 A A 0.814165 0.999996 5.000000 4.000000 16.439340 0.000000
1450 B A 0.719782 0.999286 5.000000 4.000000 4.906427 0.000000
1451 B A 0.737799 0.999968 5.000000 5.000000 4.878036 0.000000
1452 B A 0.715435 0.979043 5.000000 4.000000 5.077870 0.000000
1453 B B 0.721008 0.999999 5.000000 4.000000 6.600713 0.000000
1454 A A 0.769339 0.992819 5.000000 4.000000 16.598117 0.000000
1455 A A 0.743652 0.901218 5.000000 5.000000 15.735518 0.000000
1456 A B 0.715883 0.938981 5.000000 4.000000 12.445890 0.000000
1457 B B 0.755653 0.999926 5.000000 5.000000 6.582405 0.000000
1458 B A 0.702269 0.999832 5.000000 4.000000 4.897906 0.000000
1459 A A 0.741693 0.935732 5.000000 4.000000 16.045174 0.000000
1460 B A 0.708531 0.985057 5.000000 4.000000 5.024816 0.000000
1461 A A 0.753689 0.964933 5.000000 5.000000 16.436676 0.000000
1462 B A 0.711757 0.937639 5.000000 4.000000 5.423789 0.000000
1463 B A 0.829048 0.999771 5.000000 5.000000 5.013910 0.000000
1464 B A 0.697058 0.999628 5.000000 5.000000 4.948980 0.000000
1465 A A 0.741046 1.000000 5.000000 5.000000 16.832355 0.000000
1466 B A 0.719738 0.999562 5.000000 4.000000 4.904014 0.000000
1467 B B 0.710680 0.999906 5.000000 4.000000 6.598225 0.000000
1468 B A 0.697649 0.890001 5.000000 4.000000 5.811100 0.000000
1469 B A 0.744597 0.995644 5.000000 5.000000 4.911766 0.000000
1470 B B 0.701010 0.999998 5.000000 3.000000 6.668848 0.000000
1471 A A 0.706028 0.981590 5.000000 4.000000 16.594187 0.000000
1472 B A 0.702942 0.999851 5.000000 3.000000 5.008342 0.000000
1473 B A 0.741811 0.999713 5.000000 5.000000 4.877814 0.000000
1474 A B 0.701998 0.999965 5.000000 4.000000 12.721705 0.000000
1475 B B 0.721219 0.999598 5.000000 5.000000 6.599701 0.000000
1476 B A 0.750828 0.999998 5.000000 5.000000 4.872741 0.000000
1477 B A 0.685769 0.981100 5.000000 4.000000 5.067955 0.000000
1478 B B 0.724030 0.999136 5.000000 5.000000 6.599677 0.000000
1479 B A 0.700873 0.999875 5.000000 4.000000 4.897833 0.000000
1480 A A 0.718880 0.999311 5.000000 4.000000 16.792442 0.000000
1481 A A 0.699039 0.999655 5.000000 4.000000 16.799663 0.000000
1482 A A 0.761562 0.862989 5.000000 5.000000 15.332646 0.000000
1483 B B 0.691250 0.999999 5.000000 5.000000 6.641065 0.000000
1484 B B 0.728837 0.999997 5.000000 5.000000 6.590700 0.000000
1485 B B 0.724196 0.999719 5.000000 5.000000 6.596167 0.000000
1486 B A 0.722413 0.977682 5.000000 4.000000 5.093386 0.000000
1487 A A 0.718496 0.973942 5.000000 4.000000 16.503114 0.000000
1488 B A 0.740844 0.999980 5.000000 4.000000 4.924103 0.000000
1489 B A 0.695638 0.999681 5.000000 4.000000 4.901392 0.000000
1490 B B 0.584533 0.999825 5.000000 4.000000 6.780324 0.000000
1491 B A 0.670368 0.999556 5.000000 4.000000 4.927828 0.000000
1492 B A 0.687155 0.925334 5.000000 4.000000 5.532862 0.000000
1493 B A 0.716914 0.962001 5.000000 4.000000 5.222672 0.000000
1494 B B 0.712225 0.999425 5.000000 4.000000 6.601241 0.000000
1495 B A 0.675006 0.999541 5.000000 4.000000 4.921369 0.000000
1496 A A 0.718547 0.999997 5.000000 4.000000 16.800603 0.000000
1497 B A 0.773299 0.999753 5.000000 5.000000 4.885679 0.000000
1498 A A 0.737857 0.999286 5.000000 4.000000 16.766090 0.000000
1499 B A 0.751461 0.999294 5.000000 4.000000 4.950037 0.000000
1500 A A 0.682175 0.999825 5.000000 5.000000 16.679153 0.000000
