1  -0                       -0                        1.7494938746675601227   60.195647497823379979    51.314479180665813374     0                     
2  -0                       -0                        9.2025542420341057692   74.000927192392040865    51.276211675787237709   211.26025962919729295   
3  -0                       -0                       33.807757383633351367    85.848819104802984725    50.664656258792348353    80.737762923376394042  
4  -0                       -0                       42.034525164760303539    61.346472596364662877    51.619027519216750477     1.6751511439197535047 
5  -0                       -0                       53.505279529375329162    82.813514398367502167    50.469168270496510331   314.19699678405424947   
6  -0                       -0                       59.904950860749217156     6.2346924330887132371   55.517080080455407654    57.244056937006718044  
7  -0                       -0                       71.436666412729920239    97.094107425677151468    49.410943259989089427    26.842450822068837368  
8  -0                       -0                       81.818926382651298468    92.801863898709854084    50.024581754456484362    61.422803973571831193  
9  -0                       -0                       88.998022465500525868     1.8059577042716454809   59.471507143041641541    90.24983659696839311   
10  -0                        1                        0.42203316242015764814  56.777169052110323832    56.005165358939706266     0                     
11  -0                        1                        8.4162926381491800498   84.489364505277336548    57.591595870986552086   807.29504539663867035   
12  -0                        1                       11.925379489181883841    20.44627280613553566     52.882989177728134678   1243.3768908927279426    
13  -0                        1                       12.477009378833932018    37.494589490232662854    54.036279968799554752     0                     
14  -0                        1                       17.459899294297187566    43.969235130112906518    54.272707808232304671     0                     
15  -0                        1                       19.139414730514264562    93.534740169307852398    57.183727345528957642     0.02425939391331640924
16  -0                        1                       19.741593678421711644    13.932460320050003233    52.392044083515948216   2287.6780909923036234    
17  -0                        1                       22.532994502464539721    16.088272277286339573    52.494002370928626533   2511.4817574037265331    
18  -0                        1                       39.161659629005391992    17.318030874668160379    52.363672263605153034   2420.3476622070506892    
19  -0                        1                       40.998297148267340617    95.034249108991176058    55.002030429682818635     1.5433073910869581358 
20  -0                        1                       41.186304752059818668    55.042115918486864246    53.62313717972030247      0                     
21  -0                        1                       43.199341725488039856    94.594222221312634247    54.761685514904428373     2.1484974903144178349 
22  -0                        1                       45.156454113115664484     7.9244220228689776775   52.025027788395320272   388.65916049830235579   
23  -0                        1                       49.787162003523476983    35.004627082032300223    52.684295225494118142     0.00014528752834564083
24  -0                        1                       57.263952230048353442    98.521440498652268047    53.455095537694440111     0                     
25  -0                        1                       62.812133612416722883    39.258412790777725832    52.457342572738490105     0                     
26  -0                        1                       65.104224835546744998    96.486844764670081531    52.747205594515662597    15.240418874320447173  
27  -0                        1                       66.314720004637422335    80.749175114382325091    52.586441350086971624   2611.9892798656183004    
28  -0                        1                       66.670155265990217686    28.109981230136472874    52.367658510129388105    41.471683326487429611  
29  -0                        1                       74.124582777876540263    55.870157970550970106    52.326948497516241332     0                     
30  -0                        1                       76.250390992674596191    83.06664774789629746     52.10605262973934515    1844.9925201350260977    
31  -0                        1                       78.239399378476520042    49.826010669541084042    52.372313165423101111     0                     
32  -0                        1                       79.039459958681717922    89.06514072815541283     51.953370286531772138   175.7056329951702196    
33  -0                        1                       88.23169133584752899     76.015900777656568721    52.086892792769837968   2981.8459415992924733    
34  -0                        1                       91.976025352947416991     4.7971056029892302774   54.057820005177120493   224.45417911464224403   
35  -0                        1                       92.905286410801409147    59.210480072468165247    52.683528173445822063    64.919431994244831685  
36  -0                        2                        7.285467427988878697    98.091497648412243393    66.641062209626710455     0                     
37  -0                        2                       18.387192527504449657    83.817707749506851655    62.656929164117293851   2673.5296529094530342    
38  -0                        2                       18.580628885673505124    81.637988455043640101    62.317871511201815338   4793.4749328168145439    
39  -0                        2                       29.093460583848283818    41.183558333475041024    55.459474618130457202     0                     
40  -0                        2                       30.464659166164846482     2.8117282081655523562   50.453770539946383167     5.0579111326722872022 
41  -0                        2                       32.777085438784467897    76.842681050380377883    59.46569237402808028    5970.4329348813071192    
42  -0                        2                       35.37155805490248639      2.3667661822090777513   50.096482542127112936     3.4688017879495069984 
43  -0                        2                       36.035471830059648823    60.609541920388480207    57.022598926341871106     0.00040920511878999937
44  -0                        2                       48.382587386151449493    47.088990348877615588    53.985859912723100251     0                     
45  -0                        2                       54.816394326583569807    87.648294075193888375    57.187887492041717508   452.19907078903668207   
46  -0                        2                       67.183377963649888898    92.451880854077614913    55.752275622455641724    27.863660484801933137  
47  -0                        2                       71.936370164956045414    90.664516563565584306    54.967491634978898674    84.129557066812452604  
48  -0                        2                       78.909342169973385239    33.581902988739756211    50.352767936911050128    40.393016288663240232  
49  -0                        2                       85.670254090142023529    10.006085703732932046    48.820897430080052004   3175.6188162536927848    
50  -0                        2                       90.372268472535594697     1.3973308751353368251   48.506181210771593726    98.295216756371218025  
51   1                       -0                        1.3218930513416167205   94.00468952523188193     50.503178827685303531     0.00000016216433210291
52   1                       -0                        8.8164745174153882346   11.07742230118658        49.010273885419898932   206.14366799262052155   
53   1                       -0                        9.5467150906442466152   21.541538314088604977    49.145670403793076275   136.21197400216101414   
54   1                       -0                       12.710247732282208943    66.858184113949107541    49.62985902857163012      1.7033191435942296454 
55   1                       -0                       17.816425428333790393    21.148954801528937253    49.062841151274859897   163.96570304892404124   
56   1                       -0                       21.0821510753785617      48.933980643966698665    49.209055948169499572     0                     
57   1                       -0                       25.944533085554034813    89.542965333685970108    49.227439660185893899     7.3295005925727529927 
58   1                       -0                       27.314012068978975378    18.218448953055414563    48.945544548505559135   367.06657455348045005   
59   1                       -0                       28.420606813375048461    75.464894855619618852    49.06736522976633097    339.22020333597362196   
60   1                       -0                       28.951545332663584986     4.1584283921770817116   48.899412844549182466     6.1594047765763511038 
61   1                       -0                       35.54218037217906101     72.513479333606895239    48.761610458280372882   176.62915545818572127   
62   1                       -0                       37.177571682300786904    12.88970129678251908     48.852471209917425199   404.89728252053777169   
63   1                       -0                       44.354311537080050698    87.162957396745440519    48.301639820126816005    89.518454458126583972  
64   1                       -0                       44.89103128618817351     90.266905406202866402    48.254086438309528262    27.583423902439768938  
65   1                       -0                       45.922041033143649713    22.966015579636678723    48.71960876050599154    161.88168685484265552   
66   1                       -0                       46.465889730482800246    74.978956013447358941    48.29909804902379733    439.5984750726385073    
67   1                       -0                       47.019013566667915427    85.401748095732585853    48.190781749325495298   193.52459438721200513   
68   1                       -0                       53.183357302374986375    24.178158189211544027    48.649388893746305484   151.99758574561349178   
69   1                       -0                       54.18073800664412687      3.0067364437288457424   48.906929958207207676    54.411186247739301791  
70   1                       -0                       58.465390342512492339    30.143548670723930627    48.548980847860605081    71.345392880555991155  
71   1                       -0                       58.556716528035870795    95.707747190889847388    47.572563256560513878    70.207814287374787909  
72   1                       -0                       68.011937711739903989    37.792746385278356058    48.44773623059866452     67.504754730921533223  
73   1                       -0                       76.760557924225125248    50.445271832622886166    48.316859326796055996     0                     
74   1                       -0                       81.467238951350381626    10.723298925725579522    49.591275565682195747   1076.0462541238025551    
75   1                       -0                       84.216125707308790993    63.193905175825094034    48.23509377094080719    431.22688477186386535   
76   1                       -0                       93.930046264764399666    51.179152202601343902    49.315774349121312525   116.08745733747149131   
77   1                       -0                       95.285134024984472489    73.351844938437423593    48.658574919336167852   1613.8286436701243929    
78   1                       -0                       97.818469160426985809    67.471693022053614186    49.132274243270906311   919.824914265768939     
79   1                        1                        0.79665269465107779734  46.975687779596931648    51.023207118572670993     0                     
80   1                        1                        2.6218932892945345792    6.8438407190478969255   48.975772111400360131   159.62908157920207941   
81   1                        1                        4.2764568556510980102   59.680674768095052229    51.37855851976679844      0                     
82   1                        1                        4.8034022005282812628   68.346066849968877932    51.741016303655015918    51.771549443089973863  
83   1                        1                        5.6143480756120638375   91.491603692293068661    52.73886078062052718      1.0334461021991263596 
84   1                        1                        6.0554073033983373264   32.16142415491897566     49.982868432437584261     0                     
85   1                        1                        6.6531733346993968681   69.860145486043805363    51.656745757670364583   182.72927979574711799   
86   1                        1                        7.9813464896244346036   99.03981407488225841     52.844393496369249874     0                     
87   1                        1                       10.675003903725883703    35.891092544163363698    49.863583323393768865     0                     
88   1                        1                       11.241332577015583638    65.267592908760434511    51.075417674672934254     0.59592331170290879783
89   1                        1                       13.652743969031783777    96.909826790078042791    52.173519477850078374     0                     
90   1                        1                       14.717749222116022878    31.272144415246355464    49.420146359623508658     0.02491107437511272046
91   1                        1                       16.481932012243646568    66.142374668652749392    50.677930683760223474     3.7552952710514264645 
92   1                        1                       16.758467050213010197    75.890139810366122219    51.03502914298246651    2041.0295490130672533    
93   1                        1                       20.804358846113167658    24.950718823692461967    48.812419215513891402   129.30878832648656385   
94   1                        1                       22.181236675749822496    69.482532293066043394    50.316647049289159099   150.87382435546314241   
95   1                        1                       23.268263287671903328    57.905661684671805745    49.817723507126103755     0                     
96   1                        1                       24.856722044957969331    79.526466479763968209    50.423818791001593809   2501.8516078745833511    
97   1                        1                       29.680245044101088325    44.60923484331211597     48.890911494033588269     0                     
98   1                        1                       38.711943044609377296     0.48499631788232278051  47.123481758388891194     7.2683376249515498913 
99   1                        1                       43.860829269481087067    52.156706068468452031    48.035132493440741541     0                     
100   1                        1                       46.927489840408668442     0.66720068423710776617  46.77488131341440436     21.524376837867183809  
101   1                        1                       48.688659658117373397    19.038611817066232845    47.051770005548888776   2239.422215346673056     
102   1                        1                       50.001465469249865237    44.350864858564655435    47.443734758012894304     0                     
103   1                        1                       50.589239292566020367    70.663458437580487725    47.872095450383099546   540.50786866635530714   
104   1                        1                       52.405380131421928525    50.847814733592741732    47.394876654266958838     0                     
105   1                        1                       59.108862267250394495    39.920775689864711921    46.827297816089597404     0                     
106   1                        1                       60.189393738445218673    71.124724774184798548    47.136423586660264107   848.46268897231061601   
107   1                        1                       61.367826832544011495    14.083436649428549003    46.427014852227813435   3317.7628668162142276    
108   1                        1                       61.89986718955912437     54.147680638392380104    46.836056849029048976     0                     
109   1                        1                       63.963393969569217745    48.266747475314595306    46.665405631822018506     0                     
110   1                        1                       64.547198369062314782    58.053479178471832256    46.724198840933325982    36.27591115006046607   
111   1                        1                       72.408957254120366542    19.618558941669427043    46.198731693363335182   2920.8591026930284897    
112   1                        1                       73.810968579098343412    14.526008901075925905    46.166461524304324371   4120.9187919641472035    
113   1                        1                       74.819415196734340157    16.841784033887503114    46.167360448686459051   4197.302513730794999     
114   1                        1                       80.638775852075497141    47.843276926629073387    46.157240185745521899     0                     
115   1                        1                       82.394231273418810702    40.873390726249986926    46.168848225429329091     0                     
116   1                        1                       83.46625280111707923     49.057620814316351243    46.15317485737006109      0                     
117   1                        1                       83.83004618769744809     27.866387318905065484    46.221305541356592528   513.00808509197236162   
118   1                        1                       85.309817135173318547    77.348439861402951578    46.053460117547658115   4944.8309584898515823    
119   1                        1                       87.297228388091838269    46.239683932331317351    46.21526120764706036      0                     
120   1                        1                       89.803662931268021907    72.246009191322613674    46.106388662178460436   2533.5466911669818728    
121   1                        1                       90.745891098688801435    61.597979789622591795    46.204494382100186556   593.72841624276384209   
122   1                        1                       91.228204885550823633    38.310074467633405959    46.399925087178623073   140.85744895090803652   
123   1                        1                       97.290458756450206579    77.856982546010286228    46.315264973863818909   6065.7512346848652669    
124   1                        1                       98.475663652637891232    84.554914443650034173    46.300305514773235416   3241.9062394865909482    
125   1                        1                       99.288937007609973762    29.907352880087529456    47.049658578874165471   873.34742756023103993   
126   1                        1                       99.661251798658923917    11.854795921094435585    47.321654642603931507   4814.3160496793343555    
127   1                        2                        5.2211238958922034925   56.169075757188039688    52.923800437331379953     0                     
128   1                        2                       15.869095438944430754    51.981786149433297339    51.320604084563214542     0                     
129   1                        2                       21.89572266312216442     93.324381078552548274    53.291539423470297265     0.33077854383466509525
130   1                        2                       25.217613746462770763    54.50110093667197475     50.333629237026002556     0                     
131   1                        2                       26.167558430500225342    64.488521779302629966    50.8394018540234498       1.4993055383128894853 
132   1                        2                       26.940002067117021056    70.029957242317024679    51.080938811829774693   569.45333465582359622   
133   1                        2                       27.893974948533340807    30.572676628379308994    48.528816781157246396     1.19129475699429066   
134   1                        2                       34.901383200055313694    45.284453805136600124    48.593696757353136206     0                     
135   1                        2                       36.77347414737415221     25.393827825876378768    47.269898537736111166   284.41614746308692929   
136   1                        2                       52.776127399824588338    15.159175003217340461    45.172692418837854689   7400.3393300565749087    
137   1                        2                       55.077288009127897794    81.173121774493040448    47.79105928414777793    6268.7941755439087501    
138   1                        2                       56.306429761882505147    99.586838959387236514    48.400449807509275502     0                     
139   1                        2                       64.320471461704116223    97.784516576627396489    47.225471286926577363    55.703775940975894798  
140   1                        2                       65.685239675963586592    88.359507052660802628    46.714506674971708833   629.45653213893172051   
141   1                        2                       70.235807594316028712    62.364840554973312692    45.342509747176038104   181.50515233114194302   
142   1                        2                       75.982425595163931575    32.936253643347008335    44.011985021703353027   257.97448434131968042   
143   1                        2                       77.881432308438562018    41.646567721303220821    44.145038572409177391     0                     
144   1                        2                       79.790173942756410952     9.3211497416070550059   43.205990063695260517   3569.9653819578584262    
145   1                        2                       89.154818983318946835    27.183647076409229726    43.453173669646560029   846.33622513571890522   
146   1                        2                       93.209882303539174586    78.6960684233801544      44.339467177345269988   11203.692973717244968     
147   1                        2                       94.820345555157487638    17.616977848954725516    43.367101507797229942   10511.310154148372021     
148   1                        2                       95.660779703678741726     3.8202443663776488592   43.189571759061607281   988.22364203705058117   
149   1                        2                       96.710489749957460504    78.435630324398076141    44.305584642681566265   11638.96386621554484      
150   1                        2                       98.551119411143275784    15.581898393710586603    43.500763024923301714   11867.742991306073236     
151   2                       -0                       15.231572842046519511    22.24691121216093137     48.28756551682212006    105.68247629562843315   
152   2                       -0                       24.401116901287139171    42.949664629169198804    48.340214407060592805     0                     
153   2                       -0                       31.331640025328759691     9.9008696495790200487   46.640664270445839179   196.86854439848931975   
154   2                       -0                       31.797403857763249846    88.954815947207350746    49.406106355615094117    25.194143739196846354  
155   2                       -0                       37.987830903494689494    73.921192554272991515    48.397650093789884806   339.58936538580417164   
156   2                       -0                       47.570688693684218151     5.9376914530148940941   45.285605068221897795   125.14457565831206409   
157   2                       -0                       51.819324859026657748    65.529244514887508899    47.083256215048365334   102.0054921353670494    
158   2                       -0                       60.578847999470042396    31.8966078132848736      45.342941782330186129   218.07303687882756549   
159   2                       -0                       63.309027617170713143     7.1067206692199045293   44.323552301110602514   489.28305919224254694   
160   2                       -0                       67.504181201919962518    53.443367758054137084    45.738299451607097978    81.329277993392253165  
161   2                       -0                       73.221391455554723393    86.02101679984968996     46.655303480979490871   1009.8005929884792522    
162   2                       -0                       82.797289318008651549    42.292760163148109598    44.977836304725599348   326.85253848019749512   
163   2                       -0                       94.419967831908721223     8.1589975415633517741   44.099771154213023294   2524.7743501932486652    
164   2                        1                        2.0089593729956445323    8.7005131528015517972   48.28991776232688693    498.60869843225412978   
165   2                        1                        3.4558095795698027253   68.555985365774475326    49.11160994857901585     63.193394764679744924  
166   2                        1                        3.5623680614080206475   79.213421576589681194    49.271408913048269085   2466.5333474719409423    
167   2                        1                       13.094831396731276385    62.843335425328305632    48.080888031758760803     0.03171965830641866602
168   2                        1                       23.71080991002051519     13.249941044661667888    46.300576288929619295   2177.3732872470750408    
169   2                        1                       30.579740831879835383    18.954701211991416443    45.707893603707375973   2002.4164689467945664    
170   2                        1                       33.260807319954224681    23.73013011418053253     45.509336704524123718   383.30314210285803256   
171   2                        1                       34.106702110638536851    52.87734820772366362     45.828436688323634485     0                     
172   2                        1                       38.093543710208855657    86.846776816143375299    45.886071117705881761   378.11127303607202066   
173   2                        1                       39.624934751336681416    20.572752370399598476    44.837958867223441928   1531.7941342285114388    
174   2                        1                       41.632665459796008633    33.118953529540206659    44.808506767406740323    25.4778800642316412    
175   2                        1                       42.718560436558576043    25.732113743022111407    44.604299371973077371   181.90308612839041302   
176   2                        1                       49.464446218093961249    58.945012442289154819    44.382526235276714033    34.072418564166241595  
177   2                        1                       51.383543321253618785    26.275008635892298514    43.788108801877172027   238.55825313525787124   
178   2                        1                       55.858627950274062357    36.948874549462665584    43.518120870598366423    21.657608842747539057  
179   2                        1                       56.931427663292602404    82.361466214843431999    43.979624523297289329   2753.2955056548466928    
180   2                        1                       57.718251471691360166    40.074132614320639334    43.394758692148741375     0                     
181   2                        1                       69.992040542534567749     5.2538267414210890749   42.074747545276444782   766.78558817785983592   
182   2                        1                       70.572894753439555871    34.667801380778620057    42.371486259703409871   407.90642794213880507   
183   2                        1                       75.041623717067210464    28.549212224210897659    42.057758513269284606   702.31482818184395001   
184   2                        1                       77.381452035713351734    38.992795449097826577    42.065238801790144407   122.71821552828389201   
185   2                        1                       86.139763144459521982    53.9489994635686827      41.985733254410014581   134.14141324004864941   
186   2                        1                       86.620524900062136453    91.738492854111470365    42.364570495642055903   1306.4106319029719998    
187   2                        1                       87.685636071880722398    63.906089231699262143    42.075154803015173854   1325.2618218916184105    
188   2                        1                       92.109478267168043431    80.341975317183411676    42.26234091307716767    7743.7829098408119535    
189   2                        1                       96.48692993679711094     71.945120409234689873    42.302420829527790147   4776.2626705708235022    
190   2                        2                       10.389493871687328408    36.226704272028690923    47.08756287283500086      0                     
191   2                        2                       14.289357939686011534    12.138240416217184858    46.746088955689998556   4360.6191779054479412    
192   2                        2                       20.131500505756470432    45.948416239569993991    45.85430655775665798      0                     
193   2                        2                       32.298073364025462695    64.699697720981134808    44.203145305265564957     9.426329064503162769  
194   2                        2                       40.096855784905343967    67.790825052487392099    43.187734805476679867   178.89428857236964632   
195   2                        2                       62.441208433811837608    34.431984076144168228    40.910050432721988045   192.87613796849691994   
196   2                        2                       68.905284247455483637    26.545502840202651385    40.389528323882615268   827.30868681161280165   
197   2                        2                       69.152996352792953871    57.382404329809922672    39.991991740375084419    92.248004407041449326  
198   2                        2                       72.571385850215193614    43.345221034797191351    39.87303283160854761      0                     
199   2                        2                       80.194969249701813396    23.242882278105916782    39.619052222746894643   3688.432710812692676     
200   2                        2                       84.814562176776718161    29.285462000706573349    39.322722289981896893   1191.193361025125796     
