1  -0                       -0                        1                        1                        0.06450111132219925325   0.84907955754138830784  12.069940208123686176     0                     
2  -0                       -0                        1                        2                        0.15986654816657921985   0.04555647321329990562   8.9608290956304443853    0                     
3  -0                       -0                        1                        2                        0.48911008488598978206   0.23653484453521703146   9.3455700327024455731    0                     
4  -0                       -0                        1                        2                        0.6401588937974284077    0.36342430543777476393   9.7524034004316355606    0                     
5  -0                       -0                        1                        2                        0.74775323333864873732   0.27073685143703368761   9.4341360704519381386    0                     
6  -0                       -0                        1                        3                        0.4087946854885965986    0.2464512587446838765    9.3524042378754153049    0                     
7  -0                       -0                        1                        4                        0.10720577726308391786   0.25986402808607805826   9.1185572921095108256    0                     
8  -0                       -0                        1                        4                        0.23519738614602572757   0.52627798688899374291  10.118674844247724565     0                     
9  -0                       -0                        1                        4                        0.2579230495296860326    0.82842351484774234827  11.92428681559931114      0                     
10  -0                       -0                        1                        4                        0.36084889966471017653   0.78889822854169133759  11.861531682482322481     0                     
11  -0                       -0                        1                        5                        0.63484772518467647018   0.80154752315756572223  12.186234839834572341     0                     
12  -0                       -0                        2                        1                        0.25145561453221731973   0.73400289207014013382  11.948942315605414421     0                     
13  -0                       -0                        2                        1                        0.31243294297929374848   0.70442242290151524386  11.89604117149094975      0                     
14  -0                       -0                        2                        2                        0.09050289691437568562   0.43264488313486293425   9.6571847937560146846    0                     
15  -0                       -0                        2                        2                        0.20102213335480126344   0.64114040758797752328  10.97539018173461578      0                     
16  -0                       -0                        2                        2                        0.37771147557946654905   0.12719661028835224648   9.2571837721175711522    0                     
17  -0                       -0                        2                        2                        0.45637354696240284291   0.3373891926814621689    9.9046299987867545411    0                     
18  -0                       -0                        2                        2                        0.71699666617445878547   0.54226379356943010812  10.873967261957332653     0                     
19  -0                       -0                        2                        2                        0.76021126145967543586   0.98079114119695909313  14.084394420772985868     0                     
20  -0                       -0                        2                        2                        0.79044418228878121635   0.23807327893284924158   9.481877244803641247     0                     
21  -0                       -0                        2                        3                        0.02337792651651223602   0.65691522738669272385  10.155651549750785989     0                     
22  -0                       -0                        2                        3                        0.36517475272726923619   0.4254030205353014904   10.142688286476653658     0                     
23  -0                       -0                        2                        3                        0.46260042742110490943   0.11801578602629769765   9.2045565709526027121    0                     
24  -0                       -0                        2                        3                        0.6193736229400865767    0.96196812313095847458  14.163962896896578059     0                     
25  -0                       -0                        2                        3                        0.69096461436268052925   0.15124895220341058599   9.3474262351948684824    0                     
26  -0                       -0                        2                        3                        0.83188472155525461371   0.33553071371563653047   9.8145195879659699045    0                     
27  -0                       -0                        2                        3                        0.97893527268640123662   0.12439997960915789854   9.056754099441283401     0                     
28  -0                       -0                        2                        4                        0.16966996977641324307   0.40005677094761982193   9.4292211717784795155    0                     
29  -0                       -0                        2                        4                        0.18569495057974980123   0.08598328683354192203   8.9645390372064124307    0                     
30  -0                       -0                        2                        4                        0.53795591089516470173   0.57504449970439175388  11.018764237351669877     0                     
31  -0                       -0                        3                        1                        0.96630097251144109194   0.60932062235877859635  10.236392500558940455     0                     
32  -0                       -0                        3                        2                        0.26038532747818438073   0.55586766013003285902  10.908564318867929543     0                     
33  -0                       -0                        3                        2                        0.61129423837983698498   0.63632362815465859374  11.973828468058165697     0                     
34  -0                       -0                        3                        2                        0.65834850179691528638   0.94848954157868625714  14.597759458728402748     0                     
35  -0                       -0                        3                        2                        0.93509858836305759233   0.31514495182591756306   9.4747908338363355796    0                     
36  -0                       -0                        3                        3                        0.17294069287435631654   0.65299771523483352009  10.659451390713407193     0                     
37  -0                       -0                        3                        3                        0.44340077215729611915   0.87008252937115782011  13.637567577511033434     0                     
38  -0                       -0                        3                        3                        0.68422255559069000697   0.01574639628697490842   9.2251151162052575927    0                     
39  -0                       -0                        3                        3                        0.80109848383141180062   0.1334214666431664531    9.423398778286410149     0                     
40  -0                       -0                        3                        3                        0.95143793462110637371   0.34440394021673220726   9.7043479301259107928    0                     
41  -0                       -0                        3                        3                        0.99216050917333009629   0.86722708761472266925  12.525557416087517382     0                     
42  -0                       -0                        3                        4                        0.13135443562130005857   0.82395232149026176316  10.912809900507635774     0                     
43  -0                       -0                        3                        4                        0.41928304541063254884   0.46913450921555077677  10.517616483326786891     0                     
44  -0                       -0                        3                        4                        0.49956070500959032232   0.52699984622118056787  11.004811383454171647     0                     
45  -0                       -0                        3                        4                        0.54816137577907519951   0.90548211130984479489  14.034890657842968409     0                     
46  -0                       -0                        3                        4                        0.67191823815816353882   0.70882473506394105822  12.598769796780832309     0                     
47  -0                       -0                        3                        4                        0.71263532832636700132   0.78552212400878518306  13.249392278020033942     0                     
48  -0                       -0                        3                        4                        0.74147486120263927933   0.00776025124850999223   9.2395124973719582329    0                     
49  -0                       -0                        4                        1                        0.20333623407796713733   0.35777968451406644279  10.09128934264009203      0                     
50  -0                       -0                        4                        2                        0.37129505637442422605   0.39589068130339122309  10.712635513052383374     0                     
51  -0                       -0                        4                        2                        0.42560287376918587432   0.20307539616705430618   9.8952163594186863804    0                     
52  -0                       -0                        4                        2                        0.50798167375490266284   0.11507956359886553632   9.5772256842388081566    0                     
53  -0                       -0                        4                        2                        0.56741517213656300633   0.51395829104444901159  11.587749391724248227     0                     
54  -0                       -0                        4                        2                        0.87382367577182373797   0.12177369733459944556   9.2344128082477965336    0                     
55  -0                       -0                        4                        3                        0.30353176089629180234   0.20938802311725945859   9.547914127039819121     0                     
56  -0                       -0                        4                        3                        0.75039579954783652838   0.1960362390551489975    9.9230297914147094218    0                     
57  -0                       -0                        4                        4                        0.07491656213880437676   0.53888987019865075556   9.2124794690843625489    0                     
58  -0                       -0                        4                        4                        0.38416882900540616497   0.59385818055765504653  11.337816024549601579     0                     
59  -0                       -0                        4                        4                        0.58074412216294502009   0.93106554532914076461  14.999014207524634656     0                     
60  -0                       -0                        4                        4                        0.68270308183103400879   0.05094318925347408877   9.4972178492817906914    0                     
61  -0                       -0                        4                        4                        0.68822386195764195804   0.52178787840339069248  11.758072838600403642     0                     
62  -0                       -0                        4                        4                        0.77409179526554072748   0.06846687284883427871   9.54656238339484986      0                     
63  -0                       -0                        4                        4                        0.86609303421793182309   0.71189276251209887558  12.749561589178165733     0                     
64  -0                       -0                        4                        5                        0.89517122316139385862   0.38680535859276354849  10.65841924901648774      0                     
65  -0                       -0                        4                        5                        0.9568498028054638338    0.18788011887682296019   9.6077095890711614601    0                     
66  -0                       -0                        5                        1                        0.47387241083287456878   0.09443382663988364456   9.7838802766311356862    0                     
67  -0                       -0                        5                        2                        0.34105230108316031412   0.30496186002738817633  10.463329753682703682     0                     
68  -0                       -0                        5                        2                        0.45762057944688799838   0.67360516083665933351  13.257971948926986272     0                     
69  -0                       -0                        5                        2                        0.90328761416563940756   0.07465362266357684906   9.1108862434884887449    0                     
70  -0                       -0                        5                        4                        0.00656202676703579717   0.30683098518371065833   9.2996786343932527075    0                     
71  -0                       -0                        5                        4                        0.29090649672339358167   0.44076575123489969421  10.10850581560525896      0                     
72  -0                       -0                        5                        5                        0.57771167616229002206   0.48941342108326030269  11.492515145514348163     0                     
73  -0                       -0                        5                        5                        0.63762608678878585078   0.78271244667378392368  14.183311465271671636     0                     
74  -0                        1                        1                        1                        0.11427520567029914034   0.85560899877042406736  10.889350672530577313     0                     
75  -0                        1                        1                        1                        0.42201010941108924035   0.27625189642722686179   9.789340036883258378     0                     
76  -0                        1                        1                        1                        0.51729141106610754264   0.79163210326998934008  10.85392836504009928      0                     
77  -0                        1                        1                        1                        0.65473505356459293925   0.90781668358664413532  11.195119274739687043     0                     
78  -0                        1                        1                        1                        0.93962888484734474748   0.27979985118062850047   9.7032243469747658793    0                     
79  -0                        1                        1                        1                        0.99681234439372679024   0.3330331128035593502    9.73560132567049763      0                     
80  -0                        1                        1                        2                        0.16306546336266494746   0.76837489968981631527  10.626802915016668294     0                     
81  -0                        1                        1                        2                        0.60234622161036344146   0.07778176161719371762   9.6167112376233934157    0                     
82  -0                        1                        1                        2                        0.96752022409831495153   0.75342418018420165282  10.564685383696129861     0                     
83  -0                        1                        1                        3                        0.07815127836885349399   0.38276064373539464558   9.7782649090365065803    0                     
84  -0                        1                        1                        3                        0.28952236011613213806   0.44563501248422587864   9.9759939674876942917    0                     
85  -0                        1                        1                        3                        0.60984110180983341909   0.69686155201328492392  10.591607715776094167     0                     
86  -0                        1                        1                        4                        0.87312927903990777967   0.25027776299982279484   9.7435519300741955107    0                     
87  -0                        1                        1                        5                        0.36718095577954801279   0.48015730567357756131  10.008936510498839922     0                     
88  -0                        1                        2                        1                        0.5021632114073331099    0.54391912115984264453  10.375124841482813665     0                     
89  -0                        1                        2                        2                        0.24167829789182751488   0.14061950779223958419   9.6660765895470976972    0                     
90  -0                        1                        2                        2                        0.3022316261719830699    0.98917179963376955509  11.608980561260180409     0                     
91  -0                        1                        2                        2                        0.38287827150419934119   0.66701449344563634725  10.654614004434236563     0                     
92  -0                        1                        2                        2                        0.89325887575821472097   0.26977128687542195618   9.7571427764371740921    0                     
93  -0                        1                        2                        2                        0.95451615046659699093   0.62956903690384602434  10.287781794848621431     0                     
94  -0                        1                        2                        3                        0.12337912971465361811   0.18173019015192912184   9.6068817406680864224    0                     
95  -0                        1                        2                        3                        0.25398400431824474932   0.94195034255163834214  11.242858173246190745     0                     
96  -0                        1                        2                        3                        0.2827480045976306644    0.45820642431923336302  10.047336884697312342     0                     
97  -0                        1                        2                        3                        0.2859652006414948322    0.37929985822550177366   9.9227800040062934528    0                     
98  -0                        1                        2                        3                        0.31913012309290084145   0.56908096517880468745  10.30479284660642314      0                     
99  -0                        1                        2                        3                        0.55124614784678283019   0.97887080157925465684  11.708061490525885517     0                     
100  -0                        1                        2                        3                        0.57056956735142416726   0.74837855904247729821  10.920992168925529597     0                     
101  -0                        1                        2                        3                        0.61528187114557919557   0.5330797350437100901   10.355728707799302768     0                     
102  -0                        1                        2                        3                        0.66452178926312410745   0.23323658565367491602   9.8279743948689439748    0                     
103  -0                        1                        2                        3                        0.70431848461685042651   0.86253586830863160362  11.303812171927239305     0                     
104  -0                        1                        2                        4                        0.46576794269240956448   0.21459145349324482144   9.755077361481930609     0                     
105  -0                        1                        2                        4                        0.58671137513128224228   0.95249116997835792109  11.596190667536333763     0                     
106  -0                        1                        2                        4                        0.85809601906487464884   0.69299997861799789156  10.712177804494990241     0                     
107  -0                        1                        2                        5                        0.04028379419204246303   0.39177089804048592647   9.622604187379815599     0                     
108  -0                        1                        2                        5                        0.46736383289503019567   0.66590366001999246048  10.529439242409376121     0                     
109  -0                        1                        3                        1                        0.17791748873297688616   0.240681412066491629     9.7772526470190666004    0                     
110  -0                        1                        3                        1                        0.23813010310865861952   0.80956100894671267909  11.134405226382728671     0                     
111  -0                        1                        3                        2                        0.06711596682755803511   0.36689598145977653232   9.7405932299741397884    0                     
112  -0                        1                        3                        2                        0.13520070094270647543   0.95354476256999454176  11.159714390568630904     0                     
113  -0                        1                        3                        2                        0.55450702321510147996   0.10328599629534547522   9.7379794624689228755    0                     
114  -0                        1                        3                        3                        0.01821100694318558352   0.26432663431569464185   9.6062788276586612568    0                     
115  -0                        1                        3                        3                        0.0888685296721605511    0.00581208458771279197   9.6040213577166770875    0                     
116  -0                        1                        3                        3                        0.11948915422959775767   0.83099899749915706604  10.544347043459538327     0                     
117  -0                        1                        3                        3                        0.24830037499039908644   0.45560810623665837227  10.039211688997284        0                     
118  -0                        1                        3                        3                        0.585158882970415406     0.45198910013120363605  10.316253626027837242     0                     
119  -0                        1                        3                        4                        0.17487812104050026729   0.53388424119614474872   9.9149082785699533815    0                     
120  -0                        1                        3                        4                        0.19886573864275877699   0.02859277618395307183   9.5942035978466133628    0                     
121  -0                        1                        3                        4                        0.39861279751219463874   0.09865008173634222388   9.6864506897548263709    0                     
122  -0                        1                        3                        5                        0.26513000685685855773   0.17353652922208495646   9.6313585549708182754    0                     
123  -0                        1                        3                        5                        0.73139554684005270158   0.85201579204264155099  11.538327611454976207     0                     
124  -0                        1                        3                        5                        0.75930658816421403579   0.9929784139920131425   12.08911488797006939      0                     
125  -0                        1                        3                        5                        0.80663489468550186867   0.90177731366869462448  11.706856073131255869     0                     
126  -0                        1                        3                        5                        0.89756425681777707304   0.47146110870055724096  10.314092548935915872     0                     
127  -0                        1                        4                        1                        0.33655348050715871988   0.72819790788185734254  11.239602862658653493     0                     
128  -0                        1                        4                        1                        0.8774984708236294173    0.86442562452775706383  10.995344815624788382     0                     
129  -0                        1                        4                        3                        0.06025129799814537418   0.34846608896704067693   9.625519721742801238     0                     
130  -0                        1                        4                        3                        0.22502811879036671572   0.44883291210641612645  10.005868980053419293     0                     
131  -0                        1                        4                        3                        0.59013671985442517354   0.51907587403953292515  10.651839266051458921     0                     
132  -0                        1                        4                        3                        0.60443609385000762746   0.87649380243068886198  11.853154200406605057     0                     
133  -0                        1                        4                        3                        0.67344540862136337278   0.37287661940236804803  10.318950784092619344     0                     
134  -0                        1                        4                        3                        0.79556171682715137727   0.67992718648241379231  11.033675824441891322     0                     
135  -0                        1                        4                        3                        0.94824228365554219522   0.57941739948608073085  10.382840641885486832     0                     
136  -0                        1                        4                        4                        0.05091715854070703873   0.7595850976943624433    9.8919306520252749948    0                     
137  -0                        1                        4                        4                        0.48516426162448811343   0.1594144081563567128    9.8198491627460384734    0                     
138  -0                        1                        4                        4                        0.72081351976860630337   0.89229750542877339647  11.955380454344590291     0                     
139  -0                        1                        4                        5                        0.01037620191315876718   0.29756605193272683829   9.7411032892632132274    0                     
140  -0                        1                        4                        5                        0.44860111699562232879   0.04861343769479545274   9.6571347492032071358    0                     
141  -0                        1                        4                        5                        0.76405258309811341366   0.47656542647627619935  10.595230023221427373     0                     
142  -0                        1                        4                        5                        0.78479306696792894282   0.77015514254728834054  11.492284651110974636     0                     
143  -0                        1                        4                        5                        0.84655966959968820262   0.16129259035487023      9.9110496253870596917    0                     
144  -0                        1                        5                        2                        0.4785042434360764485    0.59254430228515475587  11.046907022138823251     0                     
145  -0                        1                        5                        2                        0.84295356123699349826   0.03015868777257670399   9.6957454829423586062    0                     
146  -0                        1                        5                        3                        0.69773010486063169466   0.39851497495745191735  10.54079648499376276      0                     
147  -0                        1                        5                        3                        0.8469030974906798237    0.79450188011967159962  11.456784358895571785     0                     
148  -0                        1                        5                        4                        0.82354235723541957537   0.99690223203667016616  12.535944361714957296     0                     
149  -0                        1                        5                        5                        0.27814610343228080014   0.61193591787990553321  10.107734324245056357     0                     
150  -0                        1                        5                        5                        0.78168083496042861658   0.63219655527629181613  11.260550043531678099     0                     
151   1                       -0                        1                        1                        0.53158178639324571435   0.81908972124159873385   8.2466315378323162832    0                     
152   1                       -0                        1                        2                        0.67761487047908552928   0.91722554914743925636   7.6643524435402650141    0                     
153   1                       -0                        1                        2                        0.92379050671987328336   0.112392729668814223    10.736488875658029229     0                     
154   1                       -0                        1                        4                        0.43079363775302814688   0.40796039346169998829  10.117660913677427814     0                     
155   1                       -0                        1                        4                        0.56119427009513467297   0.29550705772719976228  10.377829159555989946     0                     
156   1                       -0                        1                        4                        0.82720981128138404426   0.156179809298563399    10.620422996815159777     0                     
157   1                       -0                        1                        5                        0.5744672901418838018    0.13945940102981235764  10.666781373036290148     0                     
158   1                       -0                        2                        1                        0.24395769751024379279   0.28964795979119711822  10.290288438036860441     0                     
159   1                       -0                        2                        1                        0.52341454062845593764   0.34287393410834654528  10.056272844396277222     0                     
160   1                       -0                        2                        2                        0.05677903984831157713   0.89672594648476833257   8.4661882789853564191    0                     
161   1                       -0                        2                        2                        0.44124950017886771514   0.19233062248188007026  10.438786112232543601     0                     
162   1                       -0                        2                        2                        0.45111158957187513785   0.5110122935546125289    9.4516038611035764205    0                     
163   1                       -0                        2                        2                        0.49094876290398703489   0.83511832520950546321   7.7539025452854737352    0                     
164   1                       -0                        2                        2                        0.70843454200737987492   0.60179665239647261998   9.0720135812424054222    0                     
165   1                       -0                        2                        2                        0.9431938144362518317    0.69375343238867037687   9.1479044828362194863    0                     
166   1                       -0                        2                        3                        0.11234144721700377312   0.2050743532006336356   10.723477880652987793     0                     
167   1                       -0                        2                        3                        0.50423894327853480135   0.82295549544807411468   7.8772824737308582144    0                     
168   1                       -0                        2                        3                        0.55975923771498703463   0.83874208716568743327   7.7371072649032308632    0                     
169   1                       -0                        2                        4                        0.0305779791717831935    0.41197760967739022187  10.610990943394225994     0                     
170   1                       -0                        2                        4                        0.08108528082129047576   0.797600199366981788     9.3987644759169395314    0                     
171   1                       -0                        2                        4                        0.30971075540867415432   0.68934933023124067564   9.0736540907174330073    0                     
172   1                       -0                        2                        4                        0.39622907291621956016   0.19770227477133792138  10.513501054028532522     0                     
173   1                       -0                        2                        4                        0.77115568403414347376   0.47780260780231781359   9.5440609043042758941    0                     
174   1                       -0                        2                        5                        0.83689637907242786508   0.05622523615980176692  10.643943681813071933     0                     
175   1                       -0                        3                        1                        0.04417882965509286469   0.97442994237049262995   7.8173165314482524479    0                     
176   1                       -0                        3                        1                        0.65127224977002606821   0.67068066686097238538   8.4569545254797517941    0                     
177   1                       -0                        3                        1                        0.71620808662215129647   0.16907424799222675604  10.402329142101180537     0                     
178   1                       -0                        3                        1                        0.92296550810716548874   0.50849757465343714546  10.002528860242749786     0                     
179   1                       -0                        3                        2                        0.18235255988835186169   0.05827859857778032449  10.741294979960079203     0                     
180   1                       -0                        3                        2                        0.34457868474331809772   0.92285265842674280012   6.9609921452868581682    0                     
181   1                       -0                        3                        2                        0.88033225251757507568   0.95671584660964603675   7.2897347582176523773    0                     
182   1                       -0                        3                        3                        0.35872199645003349788   0.28092996753075394345  10.178705962942954599     0                     
183   1                       -0                        3                        3                        0.48319314651032746477   0.03455407746087001131  10.626604863277623991     0                     
184   1                       -0                        3                        3                        0.52958680943188263246   0.64362349522772477339   8.5275899886092201285    0                     
185   1                       -0                        3                        3                        0.54217896483346017522   0.61723639476203895349   8.6566955128532185881    0                     
186   1                       -0                        3                        3                        0.5646495854469597564    0.72339963177453403542   8.0387673004633022344    0                     
187   1                       -0                        3                        3                        0.81091953983474207579   0.88170570444044948921   7.2096178059316589071    0                     
188   1                       -0                        3                        4                        0.86685264396252725838   0.71420486057119869638   8.2574429111861089581    0                     
189   1                       -0                        3                        4                        0.91447216854069190983   0.58462275409790598335   9.0735943307230186861    0                     
190   1                       -0                        3                        4                        0.97307553275715141794   0.68059259228034074685   8.7814700270398020621    0                     
191   1                       -0                        3                        5                        0.04924501741830687035   0.62087885691416733192  10.551066888583164882     0                     
192   1                       -0                        3                        5                        0.40026015854679519723   0.06368637494595869031  10.676301755286054629     0                     
193   1                       -0                        3                        5                        0.81536467757977026949   0.76045748200122986749   7.7548111757116675591    0                     
194   1                       -0                        4                        1                        0.33694539901962161643   0.04281829479216092693  10.429153501357623313     0                     
195   1                       -0                        4                        1                        0.47067783562637505179   0.87989736272563012776   6.4926330543343233614    0                     
196   1                       -0                        4                        1                        0.98661194968036036723   0.22190170646689405531  10.74958204763874825      0                     
197   1                       -0                        4                        2                        0.14764976663615470009   0.55704264210701048832   9.7133045426834829783    0                     
198   1                       -0                        4                        2                        0.26672918078335833281   0.28535136688780460279  10.107150511788955072     0                     
199   1                       -0                        4                        2                        0.41107061434794928134   0.84146771778541951115   6.9371884395670253554    0                     
200   1                       -0                        4                        2                        0.5133872097365993481    0.99502455072672058023   5.6331048301654753629    0                     
201   1                       -0                        4                        2                        0.66314585647230950283   0.94363887309724736596   6.1078809191666723066    0                     
202   1                       -0                        4                        2                        0.72951367124127697306   0.32068584838665226133   9.7339326651868436358    0                     
203   1                       -0                        4                        2                        0.8513407457630788322    0.35430264380472614727   9.9647377768673912612    0                     
204   1                       -0                        4                        3                        0.03606090556272791708   0.08960330339372235553  10.664747482147202362     0                     
205   1                       -0                        4                        3                        0.14361173630853768524   0.56272789947752088757  10.020684762890555319     0                     
206   1                       -0                        4                        3                        0.20925181720388397189   0.00052964079516543399  10.749443792885132964     0                     
207   1                       -0                        4                        3                        0.69333336622842278718   0.18578520923056296432  10.056823112190922842     0                     
208   1                       -0                        4                        3                        0.7240752430797419148    0.41419575915614353923   9.2490273860916563109    0                     
209   1                       -0                        4                        3                        0.80998069524764571003   0.63757281135944021688   8.3565833500369564035    0                     
210   1                       -0                        4                        3                        0.82198551509575590313   0.26297686519713842079   9.996668153230029219     0                     
211   1                       -0                        4                        4                        0.43431921842453363736   0.7033099620075221603    8.248718183675249449     0                     
212   1                       -0                        4                        4                        0.79920960305395449819   0.57095746912239675463   8.516523914766736425     0                     
213   1                       -0                        4                        4                        0.90973575153614760769   0.85822274156959943436   7.2031681846268007519    0                     
214   1                       -0                        4                        5                        0.88591752528661171784   0.24666861848362459098   9.9898682243013166016    0                     
215   1                       -0                        4                        5                        0.92900983688165661434   0.66309123947201864535   8.2556007516378873134    0                     
216   1                       -0                        5                        2                        0.00041462476607752595   0.02620303878394647165  10.543568066145088125     0                     
217   1                       -0                        5                        2                        0.77780406341448826701   0.60581702932850856058   8.3472004168000690782    0                     
218   1                       -0                        5                        3                        0.2717654082027959328    0.50598917121129483032   9.4655490669466484377    0                     
219   1                       -0                        5                        3                        0.27445337332888813942   0.77484522712374537257   8.1420578877989928657    0                     
220   1                       -0                        5                        3                        0.39215568738806894089   0.8857474135256093728    6.5885180906830811409    0                     
221   1                       -0                        5                        4                        0.10515275682209822283   0.10637907784813528667  10.657674187656459353     0                     
222   1                       -0                        5                        4                        0.1386922976674261343    0.48436639666658976022  10.586637744092946889     0                     
223   1                       -0                        5                        4                        0.23277560837631477986   0.21017380482986891543  10.637558314755473532     0                     
224   1                       -0                        5                        4                        0.32974931928711387341   0.35053468298955542393  10.009048745172314909     0                     
225   1                       -0                        5                        4                        0.41570880387576969461   0.37431461191370957176   9.6426855643479321145    0                     
226   1                       -0                        5                        5                        0.22313998995266701164   0.75122203926506647687   9.7324227677140928705    0                     
227   1                       -0                        5                        5                        0.76821396193891156035   0.0928446620034157899   10.060915688597798834     0                     
228   1                        1                        1                        1                        0.62432384199253054824   0.88909382478080067891   8.5730408077028616987    0                     
229   1                        1                        1                        1                        0.63304861187617800233   0.6265370965609026177    9.5039479931167107907    0                     
230   1                        1                        1                        1                        0.86220609521389457441   0.80592148047932155031   9.0671912966169916359    0                     
231   1                        1                        1                        1                        0.99616858809321073842   0.54851187456985439628   9.9490989502075315443    0                     
232   1                        1                        1                        2                        0.62857497358506275731   0.40483455360281156432  10.043577911834043803     0                     
233   1                        1                        1                        4                        0.70057398843592366688   0.91329719534298192674   8.4320177306394672456    0                     
234   1                        1                        2                        1                        0.15148112334578323068   0.2193279165664364927   10.370186808474816331     0                     
235   1                        1                        2                        2                        0.02842599556589483697   0.32358226634257375443  10.377238731592692389     0                     
236   1                        1                        2                        2                        0.1002763666477076987    0.06101916957592727619  10.522661674894505879     0                     
237   1                        1                        2                        2                        0.19150537581994167557   0.77951040282446049101   9.0834582883196279823    0                     
238   1                        1                        2                        2                        0.64346134200772775458   0.6478034904780339831    9.2093745753318945191    0                     
239   1                        1                        2                        2                        0.64817121695296486816   0.92373125297802760603   8.1202565779548532277    0                     
240   1                        1                        2                        3                        0.19503278462178216812   0.71680839857400280302   9.4145492211365375823    0                     
241   1                        1                        2                        3                        0.59986846120636949653   0.96426204851074037716   7.9130659128103566502    0                     
242   1                        1                        2                        3                        0.73780781518073623726   0.14616550092884156298  10.333445433757837861     0                     
243   1                        1                        2                        3                        0.85663333134181640638   0.84557175091907965658   8.6111657297359034402    0                     
244   1                        1                        2                        4                        0.0095692671795614536    0.81021604865716834176   9.7355250537975202008    0                     
245   1                        1                        2                        4                        0.09652422194443430192   0.72197971795188409239   9.767490163380966095     0                     
246   1                        1                        2                        4                        0.09721308301215675352   0.8152727551312665133    9.5078193107590145416    0                     
247   1                        1                        2                        4                        0.91057864739650673513   0.14803750819558531004  10.394122959372264603     0                     
248   1                        1                        2                        4                        0.98989483938161948462   0.4177528137227255467   10.025088366232136394     0                     
249   1                        1                        2                        5                        0.29816562046487016246   0.73889659727587442273   9.3831339363574954859    0                     
250   1                        1                        2                        5                        0.9762754003547462478    0.25602633551369102793  10.259582295697841303     0                     
251   1                        1                        3                        1                        0.12172260128622625075   0.55077638637913461928   9.7478052335495739555    0                     
252   1                        1                        3                        1                        0.35409028912756834728   0.65491012306299756229   8.9608867389838096074    0                     
253   1                        1                        3                        2                        0.03762132029614596862   0.42785134247221312531  10.276281065382249835     0                     
254   1                        1                        3                        2                        0.16525312524644031331   0.43608739444817273823  10.052773442584106434     0                     
255   1                        1                        3                        2                        0.38804052354955126392   0.56529116573633886311   9.3107169460543612871    0                     
256   1                        1                        3                        2                        0.88750128018689222742   0.89347552363919302554   8.4932528688888186963    0                     
257   1                        1                        3                        2                        0.93004706799985081833   0.3289902809127987493   10.2335001477073817       0                     
258   1                        1                        3                        3                        0.02133663835423144431   0.76458387455000786925   9.8263025099211755986    0                     
259   1                        1                        3                        3                        0.15540487512839140649   0.10871910384205459021  10.515194275463439766     0                     
260   1                        1                        3                        3                        0.31558128904215554389   0.1708907845719307983   10.317906109034009177     0                     
261   1                        1                        3                        3                        0.52262242512528067628   0.46441592432273304247   9.6000264710836784587    0                     
262   1                        1                        3                        3                        0.83554855263222671535   0.68407963591645148949   8.9957804333874129554    0                     
263   1                        1                        3                        3                        0.96102164594325112379   0.97322155323885894962   8.1858376754621922089    0                     
264   1                        1                        3                        4                        0.21278445435209458747   0.38411061929091283584  10.270463798435136127     0                     
265   1                        1                        3                        4                        0.35213859698940191967   0.74613761710068315924   9.0171955710983784371    0                     
266   1                        1                        3                        4                        0.53387418111100348739   0.31239171232074930407  10.015043334317864421     0                     
267   1                        1                        3                        4                        0.62076222792595980859   0.96952688782930540601   7.5719241161561949838    0                     
268   1                        1                        3                        4                        0.90417694814522842073   0.22834423556730096272  10.214521165195545649     0                     
269   1                        1                        3                        5                        0.32291836392279987811   0.7423224820527999368    9.3093536366631468582    0                     
270   1                        1                        3                        5                        0.34710816820162382346   0.92762222581022002466   8.5550055169756014095    0                     
271   1                        1                        3                        5                        0.54510856235285953808   0.46169543843445420839   9.7139025642086078705    0                     
272   1                        1                        4                        1                        0.42977573605714736171   0.98394259478212553471   7.1228836561377537606    0                     
273   1                        1                        4                        1                        0.43790291662201508149   0.36074537594276762098   9.6458342564096373195    0                     
274   1                        1                        4                        2                        0.29622917398101711317   0.58912288423917624769   9.2183219596436227761    0                     
275   1                        1                        4                        2                        0.75601050063331542983   0.50142785115045518385   9.3747326751587269911    0                     
276   1                        1                        4                        2                        0.78869729582422809511   0.16491779968334621675  10.196351763301683135     0                     
277   1                        1                        4                        2                        0.94458433600637381478   0.43981122283959089847  10.042448185938974703     0                     
278   1                        1                        4                        3                        0.21345155796659759373   0.01679894145581225726  10.495177441309051503     0                     
279   1                        1                        4                        3                        0.59408264965146850844   0.93836209054920549644   7.376685928634215017     0                     
280   1                        1                        4                        3                        0.74418561830127594181   0.59796339712679158485   8.9203870127568176684    0                     
281   1                        1                        4                        4                        0.01375267789476070264   0.17801862215266686662  10.359934434333569087     0                     
282   1                        1                        4                        4                        0.05339018231336730563   0.93398697635174110498   9.7454545167215496093    0                     
283   1                        1                        4                        4                        0.08566957756853729733   0.07239537548019132907  10.427503464125289057     0                     
284   1                        1                        4                        4                        0.18808381633555604218   0.49898371498309623817  10.182195327874731916     0                     
285   1                        1                        4                        4                        0.21779700586443387356   0.4207348785830509752   10.222458709874508997     0                     
286   1                        1                        4                        4                        0.73362446428128147424   0.0811075098295170327   10.195738818774184864     0                     
287   1                        1                        4                        5                        0.3759938941614998642    0.73245240176696924106   9.127374010366500201     0                     
288   1                        1                        4                        5                        0.40341483001987177293   0.49434950386197679117   9.7513412343972483143    0                     
289   1                        1                        4                        5                        0.91882708727121986669   0.9134016484736313668    7.7156619072911158952    0                     
290   1                        1                        5                        1                        0.12689428388612056242   0.49325848972578340002   9.7930146830194111374    0                     
291   1                        1                        5                        2                        0.1412863831488927191    0.31690934502602929879  10.290496336550445378     0                     
292   1                        1                        5                        2                        0.51294462848678501476   0.03695644388137302172  10.230201730503655        0                     
293   1                        1                        5                        2                        0.66812573820541742986   0.29090034802154801641   9.688620779226173596     0                     
294   1                        1                        5                        2                        0.81734313098186228697   0.30214275094885595374   9.9071139145314219832    0                     
295   1                        1                        5                        3                        0.33179871775407004941   0.58327890791152892103   9.1807158005677607093    0                     
296   1                        1                        5                        4                        0.07259499523073008331   0.13060432993976189842  10.378545565503763726     0                     
297   1                        1                        5                        4                        0.32422841565161053534   0.61492770804827900921   9.3702458168833384633    0                     
298   1                        1                        5                        4                        0.49590797742578229812   0.22558086413011130267   9.9946214093380145727    0                     
299   1                        1                        5                        4                        0.98161348530594583206   0.01146110021931300016  10.456207095503229354     0                     
300   1                        1                        5                        5                        0.22713425320894478632   0.02125872691889729368  10.418481494642175988     0                     
