1 51.83169270919372 0.20458072344375
2 51.51596027425163 0.00000000000000
3 51.94914348382814 95.53341310721805
4 52.70321616476937 20.35831716402370
5 51.43821641653650 0.56454069058237
6 51.01389183282136 366.83402331093322
7 49.89808054350900 1.74975869824334
8 51.28228243161324 24.89033257927865
9 54.08912074189876 479.80157933481843
10 50.51353557647046 442.29219866496203
11 56.83364411529944 41.71234753185974
12 55.88597025209446 652.14105257727454
13 55.98509701020316 627.93377587421878
14 51.24441214872619 160.21975454822717
15 49.30764209143630 0.00000000000000
16 48.96584125543379 75.86237900266686
17 49.04916889209661 259.82160263220146
18 48.92178270595200 6.97820515165808
19 49.19142306268648 0.00000000000000
20 49.13716296434718 0.00000000000000
21 49.12894456520728 1.13476171533379
22 48.92526499561360 0.00000000000000
23 48.87215968313768 56.60442364152522
24 48.68605766529311 0.00000000000000
25 48.80486986793088 545.04872493597941
26 48.69788011057586 38.03634127895975
27 48.43552996653190 7.08446618172192
28 48.01717246622710 282.34997098539242
29 47.55562644543184 55.63000232721222
30 48.85726925726269 790.51582288749262
31 49.04348543687467 1058.43882565423201
32 47.32657737369464 359.70449617687075
33 49.60284066967009 1491.94131285948083
34 47.39602606767133 447.74154131160140
35 49.57167595475585 1275.73895085741583
36 47.62174935471894 800.15416226116645
37 50.38326406217544 0.00000000000000
38 46.96629419318376 184.77296433598818
39 46.94694807113142 102.68901648474092
40 48.12374712951589 10.71141208555412
41 48.50548995094783 236.58333750356414
42 47.81987825674560 73.85651941564106
43 46.31834837715800 50.01102664370262
44 46.15216480943008 0.00000000000000
45 44.20370638312458 433.41764238280842
46 45.62149429904286 0.00000000000000
47 45.56304571506436 411.24762725359784
48 44.82069219948263 683.73449765499981
49 46.50922852577617 3047.97538746704595
50 44.58089873768230 2056.92176392003512
51 54.03646171450837 0.00000000000000
52 58.79697713969615 0.00000392734185
53 54.46069142805287 0.00000000000000
54 57.65638191827762 0.00749601658183
55 57.10051220211959 172.29071960790299
56 54.59066098336882 0.00000000000000
57 54.68556039407898 1.39747219976238
58 53.74057705932887 0.00000000000000
59 54.88234168242800 1189.54315454941229
60 53.00324785941164 0.60313542650260
61 52.96211177283645 0.00000000000000
62 52.06987128668943 789.08115116724036
63 53.13653807899919 287.66188246803210
64 52.94931256031884 1401.61919637820461
65 52.33089888857717 332.29458538176090
66 52.64156838412739 0.24586293215415
67 52.18072693054071 19.03912325693089
68 52.28619427003811 1410.96482618848154
69 52.02730250719080 3472.03504026394512
70 51.96137454955185 2367.05941067489539
71 52.09465797551888 3422.20049518786846
72 53.33055271061250 0.00000000000000
73 53.33655321174217 0.02585342373678
74 51.13683452651008 0.00000000000000
75 51.35471184136130 0.00000000000000
76 51.96163555609302 644.05950265481965
77 52.67011655407791 1.77607237408360
78 50.85887037529557 0.00000000000000
79 50.93209537989478 0.00486696243481
80 51.11462372874675 31.32841972061529
81 50.94510414211729 387.16631244778284
82 51.02648246489289 2038.04028003674421
83 48.78793770568201 1085.44915252759120
84 49.89540285717776 0.00000000000000
85 49.65457884453458 0.00000000000000
86 49.13152306598940 0.00000000000000
87 50.34854893777505 462.85157834469015
88 49.17515735045753 0.00000000000000
89 50.45286392101283 1.50288430998559
90 49.96098414041079 2572.88256453071563
91 48.04534379290262 2042.98037469094947
92 49.65602195658991 5.00688979707890
93 48.19599426524232 0.00000000000000
94 47.23024593039285 73.21190179396022
95 47.26058763908279 285.06950880902519
96 48.56738348844892 2712.75438208267269
97 47.52428758727149 0.00000000000000
98 47.83145769002699 7.32801112046406
99 47.92933510393075 495.39477476258844
100 47.85598883704914 402.55272162098760
101 47.40548658915112 0.00000000000000
102 46.64862250767727 3068.58772071053090
103 47.06691381563267 3194.28213651743999
104 46.73607187588544 129.30468698997817
105 46.38687804332606 148.84763075645026
106 46.70248641154885 168.77029583152446
107 46.49956455165474 238.80098550230679
108 46.66199377154580 116.36763201978515
109 46.22491572953487 235.48785123136577
110 46.20411118163624 264.16410294468812
111 46.17399621528556 0.00000000000000
112 46.18162049929085 328.79008987820191
113 46.14030464263357 922.05483571306888
114 46.23907037659671 437.48679993307832
115 46.10956578270046 973.88550804013835
116 46.19197509924710 0.00000000000000
117 45.95977281064751 261.55721571251905
118 46.11894622685401 496.32728474864467
119 46.19844989924344 503.39853453154558
120 46.78045371793261 679.67498886721705
121 46.84911224785444 5234.29201533784999
122 46.97583960095763 3097.36596734464911
123 46.30345651707098 3540.37400061784547
124 46.41638778877888 1042.51717159756436
125 47.09562833087314 3522.28365693230944
126 47.01637081294032 633.97421372787744
127 49.72961622917751 0.00000000000000
128 49.69775299466711 0.00000000000000
129 48.48297838863366 0.00000000000000
130 48.02081699889910 0.00000000000000
131 47.88632549508927 0.00617730787327
132 48.51963595316944 20.25885008472288
133 47.36309528653103 1.81721414369586
134 47.15139499470519 0.00000000000000
135 47.13135367608290 0.00000000000000
136 46.44706198503028 0.90327692174876
137 46.46286783164845 0.00000000000000
138 46.56777566488077 0.00000000000000
139 46.36965934058520 0.00000000000000
140 45.75110703769461 152.24903420334275
141 45.00675993664254 0.00000000000000
142 44.12005507073150 0.00000000000000
143 43.55846663822221 3599.85248408927691
144 43.50338484441222 2702.06678303562512
145 43.23456316606489 817.29686231613539
146 43.64377602307820 3965.83374314117646
147 42.26190234169953 849.23167111919258
148 41.98888828395045 0.00000000000000
149 42.18170444172242 5684.54678200712169
150 42.35876534133043 5199.71382367085880
151 52.56376115111035 974.40513755177687
152 65.88137363048810 0.00000000000000
153 50.62730222373460 0.04515200827591
154 56.44289910915680 0.00000000000000
155 50.20498592030285 4539.89895357291880
156 55.97549914399210 2647.59319934689984
157 54.31791297694866 12.12094769990495
158 49.47241898821635 2974.27122830322742
159 53.23453243869795 4290.91664296077761
160 52.94890322652641 5526.60095903262663
161 50.58446126624587 0.00000000000000
162 51.45890428963799 0.00000000000000
163 51.56426049541939 87.05325584753729
164 49.98579798377288 2062.80888049896339
165 51.41375303689423 0.00061190678128
166 53.39189766792031 6293.25595099197380
167 50.56953161904728 0.00000000000000
168 50.91935572761691 22.75707935015134
169 47.71324842561341 4.84037751244752
170 47.20783404102999 141.04733361940094
171 45.72213927109787 133.12930577637391
172 48.19904285808677 402.34252128952733
173 45.32684543347447 102.99544046011994
174 45.46053317688564 60.59735563372438
175 47.17517772045264 7850.37801830780245
176 44.96658271105396 0.00000000000000
177 45.13748681716098 0.00000000000000
178 43.78688749166913 5003.60053233367489
179 45.71988919867341 7287.70904094029538
180 45.52857923924682 8793.39750962778089
181 44.56000304168964 0.00000000000000
182 44.84971387043001 262.25174210290862
183 45.65894482943358 295.65773509053213
184 44.62074302019190 4261.38358354065258
185 44.09619617577454 617.19048104619458
186 44.40735059851044 6864.69705153470204
187 43.81213768999399 0.00000000000000
188 43.39619176111713 8316.28760828931263
189 47.42750420297174 14.95036078021191
190 47.50668335169242 0.00000000000000
191 47.18220400640498 0.00126560560888
192 45.44301477719849 6118.94687273488671
193 43.14753420720368 104.95952854569921
194 42.22139047545504 100.48696451667458
195 42.14620724573238 0.00000000000000
196 40.88939829010977 2015.63890235040367
197 40.69574120389786 9636.09531103544396
198 39.72556176652743 1825.78980046425181
199 38.56782573326507 3875.27108171272539
200 39.54964326100787 2195.64189285768953
201 51.34491263999998 0.00000000000000
202 61.92735063999999 142.00213170468874
203 50.76096663999999 75.62574133184613
204 49.23446906231662 12.08184789902931
205 55.43275383706876 101.84081963726381
206 51.21505863999999 0.00000000000000
207 50.63918438684774 0.00000000000000
208 49.40489009123110 0.00000000000000
209 51.29456546575019 0.00000000000000
210 50.76096663999999 75.62574133184613
211 49.31748462943806 17.77687910526864
212 51.24908315988903 6.10712180871661
213 54.33817847701395 1.50452971235872
214 51.34491263999998 0.00000000000000
215 51.21505863999999 0.00000000000000
216 50.60971725824256 0.00000000000000
217 51.59231735463201 436.08550179582852
218 50.76096663999999 75.62574133184613
219 49.47312079414310 0.00000000000000
220 51.30843766605457 95.91961091794930
221 50.72657543049373 0.00000000000000
222 49.33609858771775 18.89532770455146
223 51.25179599949023 0.33753908145307
224 52.58162361091246 0.01035529709439
225 49.53551786271729 0.00000000000000
226 57.52384872392290 20.17476712790036
227 51.23404254778692 319.50196659121542
228 52.03726391865977 13.84166930973344
229 51.34491263999998 0.00000000000000
230 51.21505863999999 0.00000000000000
231 50.76096663999999 75.62574133184613
232 49.33409299227513 18.77662918994205
233 52.57997872583615 0.00000000000000
