1 A A 7.994871 2.844743 51.831693 0.452306
2 A A 8.106924 44.103623 51.515960 0.000000
3 A A 13.003875 22.364622 51.949143 9.774120
4 A A 20.722670 6.445317 52.703216 4.512019
5 A A 31.688463 64.785102 51.438216 0.751359
6 A A 34.480895 76.178287 51.013892 19.152912
7 A A 44.729106 96.726999 49.898081 1.322784
8 A A 45.716786 68.616675 51.282282 4.989021
9 A A 48.650169 16.391056 54.089121 21.904374
10 A A 60.962891 81.638300 50.513536 21.030744
11 A A 71.398559 3.553239 56.833644 6.458510
12 A A 72.326649 16.643103 55.885970 25.537053
13 A A 74.106858 17.638843 55.985097 25.058607
14 A A 94.091755 89.331728 51.244412 12.657794
15 A B 11.626774 36.665423 49.307642 0.000000
16 A B 14.616054 8.533367 48.965841 8.709901
17 A B 17.887794 19.601321 49.049169 16.118983
18 A B 21.219121 4.975677 48.921783 2.641629
19 A B 22.842541 54.420476 49.191423 0.000000
20 A B 24.705229 55.091498 49.137163 0.000000
21 A B 28.090062 94.171964 49.128945 1.065252
22 A B 31.124439 44.800690 48.925265 0.000000
23 A B 36.271566 6.969967 48.872160 7.523591
24 A B 40.220540 45.595216 48.686058 0.000000
25 A B 42.119315 15.221673 48.804870 23.346279
26 A B 45.409963 26.635595 48.697880 6.167361
27 A B 46.389201 58.169245 48.435530 2.661666
28 A B 55.404292 71.791760 48.017172 16.803273
29 A B 58.206801 97.811072 47.555626 7.458552
30 A B 63.214631 12.939529 48.857269 28.116113
31 A B 71.520153 13.386672 49.043485 32.533657
32 A B 78.375636 90.026735 47.326577 18.965877
33 A B 82.826932 13.540915 49.602841 38.625656
34 A B 84.390870 91.762541 47.396026 21.159904
35 A B 85.160321 20.290694 49.571676 35.717488
36 A B 86.460246 86.781503 47.621749 28.286996
37 A C 23.974017 99.532658 50.383264 0.000000
38 A C 32.603838 21.829044 46.966294 13.593122
39 A C 33.620172 23.472749 46.946948 10.133559
40 A C 35.609148 61.022349 48.123747 3.272829
41 A C 41.737774 85.056274 48.505490 15.381266
42 A C 42.987567 68.293853 47.819878 8.593982
43 A C 46.971987 34.034660 46.318348 7.071847
44 A C 56.019548 47.014201 46.152165 0.000000
45 A C 64.737934 5.785289 44.203706 20.818685
46 A C 65.618419 47.563839 45.621494 0.000000
47 A C 74.859422 56.047722 45.563046 20.279241
48 A C 80.453293 37.524955 44.820692 26.148317
49 A C 90.884211 82.377216 46.509229 55.208472
50 A C 92.498957 24.818069 44.580899 45.353299
51 B A 2.950960 33.683663 54.036462 0.000000
52 B A 3.169950 93.948105 58.796977 0.001982
53 B A 4.680011 39.767545 54.460691 0.000000
54 B A 14.348049 93.421512 57.656382 0.086580
55 B A 16.013305 87.316012 57.100512 13.125956
56 B A 17.005770 48.741182 54.590661 0.000000
57 B A 30.745933 65.177530 54.685560 1.182147
58 B A 32.365102 46.438334 53.740577 0.000000
59 B A 33.164198 73.540872 54.882342 34.489754
60 B A 34.543587 31.268131 53.003248 0.776618
61 B A 40.715942 35.150446 52.962112 0.000000
62 B A 43.785051 9.440500 52.069871 28.090588
63 B A 55.530749 69.969432 53.136538 16.960598
64 B A 61.063727 83.562491 52.949313 37.438205
65 B A 61.833041 24.216207 52.330899 18.228949
66 B A 62.230973 58.598872 52.641568 0.495846
67 B A 64.167079 1.147008 52.180727 4.363384
68 B A 66.051331 10.555408 52.286194 37.562812
69 B A 87.352710 78.200657 52.027303 58.923977
70 B A 89.465398 82.521142 51.961375 48.652435
71 B A 89.982392 77.318289 52.094658 58.499577
72 B A 99.190531 54.734595 53.330553 0.000000
73 B B 0.098541 92.766333 53.336553 0.160790
74 B B 1.006515 49.594719 51.136835 0.000000
75 B B 3.503213 57.918820 51.354712 0.000000
76 B B 4.242442 72.065645 51.961636 25.378327
77 B B 6.195528 91.223664 52.670117 1.332694
78 B B 7.288868 53.296793 50.858870 0.000000
79 B B 11.485462 62.352706 50.932095 0.069764
80 B B 12.076293 67.831850 51.114624 5.597180
81 B B 15.603707 71.022033 50.945104 19.676542
82 B B 16.849307 75.880083 51.026482 45.144659
83 B B 18.612435 20.916666 48.787938 32.946155
84 B B 19.665413 52.284064 49.895403 0.000000
85 B B 23.448323 53.631813 49.654579 0.000000
86 B B 24.278199 40.247776 49.131523 0.000000
87 B B 27.821028 85.877840 50.348549 21.513986
88 B B 28.559992 51.035996 49.175157 0.000000
89 B B 29.484278 94.517322 50.452864 1.225922
90 B B 29.723470 79.384200 49.960984 50.723590
91 B B 30.454174 18.644141 48.045344 45.199340
92 B B 37.496113 95.890160 49.656022 2.237608
93 B B 38.439543 42.256913 48.195994 0.000000
94 B B 38.916961 5.102655 47.230246 8.556395
95 B B 39.348787 7.144964 47.260588 16.884002
96 B B 44.010423 76.987407 48.567383 52.084109
97 B B 47.003460 38.280359 47.524288 0.000000
98 B B 48.431217 59.145385 47.831458 2.707030
99 B B 49.863942 70.516754 47.929335 22.257466
100 B B 50.649909 70.036070 47.855989 20.063717
101 B B 51.883701 49.366011 47.405487 0.000000
102 B B 56.675293 17.492068 46.648623 55.394835
103 B B 62.608238 80.744071 47.066914 56.517981
104 B B 65.300962 64.300641 46.736072 11.371222
105 B B 66.855956 29.604815 46.386878 12.200313
106 B B 69.377453 95.429274 46.702486 12.991162
107 B B 69.980953 66.378573 46.499565 15.453187
108 B B 70.190866 98.109551 46.661994 10.787383
109 B B 73.110035 29.300988 46.224916 15.345613
110 B B 77.410346 60.253452 46.204111 16.253126
111 B B 78.663218 40.750452 46.173996 0.000000
112 B B 79.337857 0.844523 46.181620 18.132570
113 B B 79.774245 87.535500 46.140305 30.365356
114 B B 81.905863 3.104228 46.239070 20.916185
115 B B 82.067328 69.455108 46.109566 31.207139
116 B B 84.777616 41.122452 46.191975 0.000000
117 B B 85.577039 99.195283 45.959773 16.172731
118 B B 86.879383 63.575916 46.118946 22.278404
119 B B 90.000912 59.603594 46.198450 22.436545
120 B B 92.619807 2.220073 46.780454 26.070577
121 B B 95.471168 18.296631 46.849112 72.348407
122 B B 95.898905 9.727958 46.975840 55.653984
123 B B 96.050740 73.216726 46.303457 59.501042
124 B B 96.949586 67.385464 46.416388 32.288034
125 B B 98.640112 21.320265 47.095628 59.348830
126 B B 99.778418 36.057238 47.016371 25.178845
127 B C 1.656696 96.098851 49.729616 0.000000
128 B C 2.371860 98.522443 49.697753 0.000000
129 B C 5.075652 38.845892 48.482978 0.000000
130 B C 8.912589 32.708025 48.020817 0.000000
131 B C 10.188720 31.897602 47.886325 0.078596
132 B C 12.810834 89.663195 48.519636 4.500983
133 B C 15.109043 28.597918 47.363095 1.348041
134 B C 18.417487 35.901546 47.151395 0.000000
135 B C 19.491441 41.638227 47.131354 0.000000
136 B C 20.456892 1.784715 46.447062 0.950409
137 B C 25.622071 37.444141 46.462868 0.000000
138 B C 26.128553 48.242017 46.567776 0.000000
139 B C 27.408660 43.374085 46.369659 0.000000
140 B C 39.631881 88.580568 45.751107 12.338924
141 B C 41.479867 46.887487 45.006760 0.000000
142 B C 51.391935 52.654220 44.120055 0.000000
143 B C 52.417805 15.503474 43.558467 59.998771
144 B C 53.550385 19.228615 43.503385 51.981408
145 B C 54.985273 7.758299 43.234563 28.588404
146 B C 60.460499 80.064064 43.643776 62.974866
147 B C 70.752894 25.905665 42.261902 29.141580
148 B C 81.327075 45.014352 41.988888 0.000000
149 B C 87.758544 74.523291 42.181704 75.395933
150 B C 94.703307 84.328457 42.358765 72.109041
151 C A 9.026730 8.192306 52.563761 31.215463
152 C A 10.895454 97.268245 65.881374 0.000000
153 C A 22.072255 0.319535 50.627302 0.212490
154 C A 36.957495 56.755344 56.442899 0.000000
155 C A 50.262708 12.049219 50.204986 67.378772
156 C A 53.364022 72.958056 55.975499 51.454768
157 C A 59.146393 63.399275 54.317913 3.481515
158 C A 59.607269 10.365257 49.472419 54.536880
159 C A 76.762342 74.087279 53.234532 65.505089
160 C A 80.762450 75.106324 52.948903 74.341112
161 C A 83.246796 39.464409 50.584461 0.000000
162 C A 88.554934 57.261496 51.458904 0.000000
163 C A 91.973956 60.721020 51.564260 9.330233
164 C A 98.452181 22.923255 49.985798 45.418156
165 C B 0.957788 30.739597 51.413753 0.024737
166 C B 13.857967 77.720827 53.391898 79.330044
167 C B 21.908723 51.787036 50.569532 0.000000
168 C B 26.539155 66.560802 50.919356 4.770438
169 C B 35.116113 30.139776 47.713248 2.200086
170 C B 37.831689 26.306007 47.207834 11.876335
171 C B 52.655493 27.280456 45.722139 11.538167
172 C B 54.379624 88.453353 48.199043 20.058478
173 C B 57.217756 28.344310 45.326845 10.148667
174 C B 57.877859 33.132928 45.460533 7.784430
175 C B 58.978863 78.526261 47.175178 88.602359
176 C B 67.559628 43.827202 44.966583 0.000000
177 C B 68.176097 50.456628 45.137487 0.000000
178 C B 68.535199 11.166781 43.786887 70.736133
179 C B 72.539697 81.379541 45.719889 85.368080
180 C B 73.964913 79.676175 45.528579 93.773117
181 C B 75.392759 50.733089 44.560003 0.000000
182 C B 75.816394 61.923498 44.849714 16.194189
183 C B 76.396805 92.233214 45.658945 17.194701
184 C B 88.100624 84.826356 44.620743 65.279274
185 C B 91.414176 62.816199 44.096196 24.843319
186 C B 93.590819 83.232770 44.407351 82.853467
187 C B 97.303337 42.691723 43.812138 0.000000
188 C B 97.554001 11.745808 43.396192 91.193682
189 C C 5.643120 90.524240 47.427504 3.866570
190 C C 6.918264 34.934373 47.506683 0.000000
191 C C 9.754293 32.199149 47.182204 0.035575
192 C C 25.164800 14.112019 45.443015 78.223698
193 C C 43.262599 27.530600 43.147534 10.244976
194 C C 47.977118 65.877380 42.221390 10.024319
195 C C 49.393854 55.788148 42.146207 0.000000
196 C C 63.891488 23.603610 40.889398 44.895867
197 C C 67.054082 14.777815 40.695741 98.163615
198 C C 77.889423 25.322919 39.725562 42.729262
199 C C 83.690675 86.252189 38.567826 62.251675
200 C C 93.252085 4.197821 39.549643 46.857677
201 C C 46.084344 15.987395 42.916915 86.941962
202 C C 43.553839 16.333340 43.212697 85.539537
203 C C 45.672899 15.534109 42.969460 86.825714
204 C C 46.282216 16.232743 42.891410 86.790089
205 C C 45.108627 14.424571 43.046057 84.670352
206 C C 44.948615 15.529555 43.054828 86.524287
207 C C 47.647299 16.573837 42.728559 86.822657
208 C C 45.193623 16.691322 43.015296 85.509045
209 C C 44.612461 16.239358 43.088076 86.087837
210 C C 45.154952 16.468405 43.021900 85.955410
211 C C 47.178916 14.590960 42.801868 86.023560
212 C C 46.196400 14.970689 42.913197 86.433127
213 C C 45.892717 14.229229 42.955682 84.363702
214 C C 47.518314 14.684671 42.761448 86.411775
215 C C 47.381171 13.683804 42.786856 82.799013
216 C C 47.574911 19.499955 42.709325 71.819189
217 C C 48.013884 14.055714 42.709837 84.659731
218 C C 48.013711 19.901037 42.654254 68.841966
219 C C 47.677569 20.153118 42.691137 66.601756
220 C C 48.022631 20.364511 42.648803 64.958681
221 C C 48.256675 24.773103 42.579422 26.739233
222 C C 48.366635 20.720935 42.605271 61.999718
223 C C 48.793403 20.755715 42.555254 61.888303
224 C C 48.476436 20.561964 42.593997 63.451779
225 C C 49.201883 20.400906 42.511253 65.191195
226 C C 49.342101 24.800691 42.452414 27.047394
227 C C 49.393912 23.841773 42.455675 34.469581
228 C C 50.143305 24.885856 42.358600 26.828166
229 C C 49.907064 24.252535 42.392142 31.419668
230 C C 49.715171 23.273839 42.423909 39.440784
231 C C 49.827456 24.336690 42.400548 30.728475
232 C C 49.784726 24.103972 42.407768 32.532282
233 C C 50.813955 25.148645 42.278573 25.354136
234 C C 49.716577 25.045929 42.406507 25.512469
235 C C 50.807087 24.648087 42.284303 28.863607
236 C C 50.322315 25.042482 42.336359 25.829422
237 C C 50.370365 23.226867 42.348618 40.168379
238 C C 50.618060 24.239554 42.310106 31.868079
239 C C 51.686287 25.552979 42.174371 23.202830
240 C C 51.482229 25.798082 42.195313 21.642669
241 C C 51.581714 25.722398 42.184660 22.133542
242 C C 51.360997 25.762746 42.209576 21.785961
243 C C 51.430113 25.671748 42.202548 22.356123
244 C C 51.810095 26.015312 42.155583 20.592300
245 C C 51.739124 26.422762 42.159639 18.462918
246 C C 52.109484 27.290695 42.108571 15.025853
247 C C 53.526448 27.293352 41.947546 15.762465
248 C C 52.122178 26.409277 42.115964 18.724766
249 C C 52.959132 27.525501 42.009412 14.679712
250 C C 53.368796 27.036403 41.967978 16.633586
251 C C 54.875827 26.971668 41.799507 17.712515
252 C C 53.756575 27.470836 41.919774 15.282773
253 C C 55.017750 27.793317 41.775163 14.994529
254 C C 54.402511 27.083941 41.851201 17.010152
255 C C 55.014426 28.445292 41.768753 13.438403
256 C C 53.653372 27.837843 41.927656 14.121186
257 C C 55.560769 27.562729 41.717288 15.987409
258 C C 54.399548 28.654704 41.835320 12.712010
259 C C 53.732578 30.207518 41.894462 10.867523
260 C C 54.799404 28.115557 41.796159 14.035044
261 C C 54.356836 28.873903 41.837850 12.339712
262 C C 55.588454 28.959338 41.699599 12.906116
263 C C 54.800321 29.582351 41.780843 11.797539
264 C C 55.902864 29.683373 41.657203 12.344497
265 C C 55.819389 29.364673 41.669781 12.563004
266 C C 55.814422 29.632611 41.667517 12.330628
267 C C 55.846837 29.545791 41.664843 12.416773
268 C C 56.200067 30.619276 41.614531 12.145709
269 C C 55.694288 30.207010 41.674794 11.955910
270 C C 55.610857 29.676421 41.689605 12.182907
271 C C 56.040489 29.428280 41.644688 12.629460
272 C C 56.485253 30.643318 41.582873 12.307234
273 C C 56.266139 30.513320 41.608365 12.202113
274 C C 57.137859 29.799532 41.520397 12.986108
275 C C 56.448628 30.630048 41.587041 12.287893
276 C C 56.668967 32.057579 41.547692 12.356318
277 C C 57.651030 30.702194 41.454945 12.986547
278 C C 56.667488 31.228703 41.556648 12.377071
279 C C 56.439358 31.979674 41.573781 12.229495
280 C C 57.107380 31.909227 41.501220 12.625061
281 C C 56.677350 33.367810 41.532869 11.798631
282 C C 57.816494 32.969000 41.412642 12.760567
283 C C 58.593489 33.311186 41.325038 12.992500
284 C C 58.554772 33.371733 41.328543 12.916602
285 C C 58.329906 32.675605 41.360291 13.208101
286 C C 61.406358 33.678376 41.024518 14.400636
287 C C 61.939506 34.205083 40.963783 13.983372
288 C C 62.090505 33.981158 40.950870 14.445804
289 C C 62.742683 33.192978 40.893607 15.744321
290 C C 62.994708 34.098828 40.857901 14.865240
291 C C 63.498539 34.053743 40.807982 15.278211
292 C C 63.566495 33.923341 40.802712 15.520406
293 C C 64.120903 34.399571 40.742328 15.089830
294 C C 62.831676 34.231607 40.872806 14.529622
295 C C 62.185887 34.202901 40.938630 14.149873
296 C C 63.369871 34.239111 40.818694 14.879226
297 C C 63.795723 34.867104 40.769087 13.801252
298 C C 63.642611 34.694895 40.786276 14.122095
299 C C 63.533273 36.311213 40.778609 8.402867
300 C C 63.603774 36.411235 40.770424 7.974899
301 C C 63.954009 36.172850 40.738349 9.323818
302 C C 63.547261 35.743524 40.783729 10.828627
303 C C 63.487731 36.440983 40.781670 7.751468
304 C C 63.892775 36.738560 40.737900 6.509428
305 C C 63.307199 36.766967 40.796014 5.958643
306 C C 63.468268 35.434722 40.795158 11.888067
307 C C 64.240713 37.023897 40.700176 5.168379
308 C C 64.756008 37.297456 40.646415 3.898245
309 C C 64.439221 36.588721 40.685677 7.667012
310 C C 64.614872 36.694131 40.667231 7.242768
311 C C 64.888854 37.208070 40.634496 4.534567
312 C C 65.528603 36.700741 40.578522 7.848207
313 A C 65.406063 37.369739 45.275377 14.489356
314 C C 66.310774 36.699072 40.503996 8.413659
315 C C 65.964284 37.217871 40.530749 5.234027
316 C C 66.400550 36.865864 40.493545 7.578813
317 C C 67.314506 37.042124 40.406099 7.244997
318 C C 66.737739 37.028167 40.459926 6.906885
319 C C 66.587990 39.230105 40.447846 0.000000
320 C C 66.706878 38.586138 40.444307 0.000000
321 C C 66.057147 39.434756 40.495754 0.000000
322 C C 66.610721 39.227196 40.445738 0.000000
323 C C 66.563017 39.882262 40.442463 0.000000
324 C C 66.769647 40.558311 40.414969 0.000000
325 C C 66.840902 39.345010 40.422710 0.000000
326 C C 66.780230 39.273083 40.429256 0.000000
327 C C 67.182301 39.438649 40.389719 0.000000
328 C C 66.930654 39.408225 40.413554 0.000000
329 C C 66.799393 39.920086 40.419763 0.000000
330 C C 66.904423 39.178151 40.418748 0.000000
331 C C 69.096660 39.747086 40.211978 0.000000
332 C C 69.135712 40.029031 40.205078 0.000000
333 A C 69.767965 39.915080 45.169608 12.733527
334 C C 67.159765 41.622433 40.365745 0.000000
335 C C 67.028052 40.989933 40.385597 0.000000
336 C C 67.566256 40.941928 40.336145 0.000000
337 C C 67.666730 41.663706 40.318213 0.000000
338 C C 71.471905 42.038909 39.979409 0.000000
339 C C 71.246324 41.894528 40.000039 0.000000
340 C C 71.553675 42.362086 39.968577 0.000000
341 C C 72.197240 41.889316 39.921634 0.000000
342 C C 71.486942 42.121067 39.977132 0.000000
343 C C 71.292662 41.952007 39.995444 0.000000
344 C C 72.871851 42.729806 39.856772 0.000000
345 C C 72.517717 44.793964 39.859076 0.000000
346 C C 72.242298 44.598560 39.883886 0.000000
347 C C 72.379030 45.781068 39.857868 0.000000
348 C C 72.157898 44.909276 39.886868 0.000000
349 C C 73.171436 45.188595 39.801831 0.000000
350 C C 71.929819 44.886181 39.905874 0.000000
351 C C 72.022519 44.751957 39.899936 0.000000
352 C C 72.113469 44.974704 39.889681 0.000000
353 C C 72.161020 45.423374 39.880149 0.000000
354 C C 71.710750 45.429507 39.917180 0.000000
355 C C 71.993478 45.647830 39.891077 0.000000
356 A C 71.934067 45.674394 45.290332 3.506344
357 C C 73.735683 44.429783 39.767356 0.000000
358 C C 73.684258 45.294988 39.760295 0.000000
359 C C 73.987373 44.289571 39.749763 0.000000
360 C C 73.275305 44.285931 39.805110 0.000000
361 C C 73.636736 44.311360 39.776539 0.000000
362 C C 74.159655 44.313006 39.736297 0.000000
363 C C 74.158071 44.596029 39.732788 0.000000
364 C C 74.089243 47.676403 39.698561 0.000000
365 C C 74.273004 47.663481 39.684663 0.000000
366 C C 74.232053 47.717310 39.687098 0.000000
367 C C 74.154502 46.966285 39.702663 0.000000
368 C C 73.886070 47.682276 39.714148 0.000000
369 C C 74.781382 48.387881 39.636914 0.000000
370 C C 74.286720 48.147369 39.677403 0.000000
371 C C 74.691231 48.015049 39.648484 0.000000
372 C C 74.704059 48.061054 39.646928 0.000000
373 C C 74.788263 47.865366 39.643142 0.000000
374 C C 74.540523 48.194074 39.657531 0.000000
375 C C 74.879764 48.457529 39.628661 0.000000
376 C C 75.461396 48.271203 39.588187 0.000000
377 C C 75.166457 47.456584 39.620357 0.000000
378 A C 77.920279 49.149832 45.256557 8.962423
379 C C 75.038576 47.927599 39.623705 0.000000
380 C C 75.119267 47.556629 39.622540 0.000000
381 C C 75.658171 48.160546 39.575349 0.000000
382 C C 75.497187 47.757434 39.592258 0.000000
383 C C 75.684644 47.716598 39.579217 0.000000
384 C C 76.993062 48.078444 39.482722 0.000000
385 C C 76.257807 48.133734 39.532923 0.000000
386 C C 75.901194 48.559205 39.552679 0.000000
387 C C 75.711476 47.683008 39.577720 0.000000
388 C C 75.903154 48.598236 39.552029 0.000000
389 C C 77.001979 48.846613 39.471986 0.000000
390 C C 76.522619 49.811359 39.492367 0.000000
391 C C 79.464777 50.753821 39.288248 0.000000
392 C C 79.182731 50.944193 39.302818 0.000000
393 C C 79.853237 50.947517 39.262479 0.000000
394 C C 80.100295 51.631336 39.238743 0.000000
395 C C 79.507168 51.939544 39.269687 0.000000
396 C C 78.962117 53.297300 39.284802 0.000000
397 C C 79.197496 53.124701 39.272556 0.000000
398 C C 79.540735 53.132959 39.251546 0.000000
399 C C 79.337143 51.688737 39.283363 0.000000
400 C C 79.668440 53.703194 39.236163 0.000000
401 A C 79.936814 53.880019 45.394115 19.974884
402 C C 83.485901 52.084508 39.056544 0.000000
403 C C 81.637829 52.847965 39.136829 0.000000
404 C C 81.031772 51.881315 39.182704 0.000000
405 C C 83.679892 50.965729 39.063478 0.000000
406 C C 83.277328 51.696568 39.071556 0.000000
407 C C 83.242201 51.065614 39.082004 0.000000
408 C C 83.747942 51.871347 39.047734 0.000000
409 C C 84.002860 52.263427 39.031003 0.000000
410 C C 83.614499 52.041438 39.051322 0.000000
411 C C 83.886163 52.086034 39.038604 0.000000
412 C C 83.713124 52.037244 39.046957 0.000000
413 C C 83.919136 51.914819 39.039564 0.000000
414 C C 83.489604 52.572912 39.049534 0.000000
415 C C 83.545220 52.089042 39.053785 0.000000
416 C C 83.717904 52.354404 39.042292 0.000000
417 C C 83.538911 54.842409 39.015486 3.181746
418 C C 84.152179 54.715282 38.989998 2.626846
419 C C 84.121781 55.218088 38.984231 6.868782
420 C C 83.021415 56.005000 39.023446 12.078116
421 C C 84.052166 55.298830 38.986127 7.471481
422 C C 83.753112 55.774897 38.992695 10.988204
423 A C 84.355132 56.041614 45.461098 28.393534
424 C C 82.992362 54.869867 39.040667 2.934499
425 C C 83.790995 58.135141 38.957843 25.429705
426 C C 83.729656 57.824334 38.964981 23.939989
427 C C 82.899251 58.064143 39.000634 24.326194
428 C C 83.201744 58.306476 38.982722 25.637176
429 C C 85.540975 57.535365 38.893652 24.090480
430 C C 85.982295 58.563608 38.862616 29.128028
431 C C 86.206195 58.542227 38.854937 29.249098
432 C C 86.215536 58.189800 38.859667 27.834419
433 C C 86.249915 58.608353 38.852453 29.534909
434 C C 86.137422 58.456626 38.858595 28.858556
435 C C 86.640597 58.730838 38.837340 30.326627
436 C C 86.057850 59.620465 38.844749 32.355971
437 C C 86.569819 58.562826 38.842130 29.654265
438 C C 86.656972 58.653956 38.837903 30.068094
439 C C 86.376556 58.463239 38.850140 29.099695
440 C C 86.766482 58.925734 38.830367 31.094647
441 C C 86.242468 58.191886 38.858693 27.867643
442 C C 87.238187 58.415236 38.822770 29.689336
443 C C 86.771019 58.716114 38.833242 30.392690
444 C C 86.730038 59.248897 38.826907 32.027705
445 C C 86.808095 58.913233 38.829186 31.091898
446 A C 87.019773 60.295046 45.641243 35.423330
447 C C 89.634101 58.721374 38.757743 33.013762
448 C C 89.450118 58.446757 38.765508 31.825600
449 C C 89.759770 59.308335 38.746612 34.944074
450 C C 90.058251 59.133767 38.743680 34.727992
451 C C 89.790334 58.946246 38.751388 33.909892
452 C C 89.933536 60.907895 38.719633 37.831903
453 C C 89.424564 61.461743 38.721536 37.721935
454 C C 89.993180 61.698539 38.706807 38.330069
455 C C 89.331084 61.550751 38.722214 37.673550
456 C C 89.849380 61.660475 38.710066 38.186469
457 C C 89.709596 62.010503 38.707602 38.142128
458 C C 90.237463 61.646599 38.703227 38.537203
459 C A 90.275588 62.140821 51.672371 9.649765
460 C C 89.429192 64.784682 38.672392 38.514507
461 C C 89.031591 61.207425 38.733922 37.228589
462 C C 89.200372 64.336534 38.684031 37.990497
463 C C 89.578299 64.263605 38.676944 38.298662
464 C C 89.637649 64.569303 38.671203 38.533818
465 C C 89.380982 64.419798 38.678816 38.202269
466 C C 89.366938 65.030022 38.670119 38.702528
467 C C 89.691905 64.212975 38.675371 38.378885
468 A C 89.511551 64.586928 45.848506 38.111722
469 C C 91.760557 63.877645 38.649087 40.158806
470 C C 91.788755 63.527864 38.654074 40.120652
471 C C 91.686367 63.909618 38.649361 40.099139
472 C C 91.672301 67.460836 38.596082 47.109920
473 C C 91.511520 67.821475 38.592480 48.604264
474 C C 92.291084 67.993843 38.582249 50.175696
475 C C 93.546664 67.854618 38.578630 50.639772
476 C C 92.632419 67.501225 38.587349 48.167979
477 C C 93.125237 68.722515 38.566419 55.044394
478 C A 93.251639 69.318195 51.965284 27.996882
479 C C 92.239641 66.624544 38.603357 44.568904
480 C C 92.357214 67.193677 38.593850 46.649750
481 C C 95.060110 67.311713 38.591240 49.612315
482 C C 95.050842 67.331471 38.590870 49.684234
483 C C 94.875345 67.317763 38.589954 49.466236
484 C C 94.765765 67.202941 38.591107 48.907810
485 C C 94.288324 67.213505 38.589005 48.508151
486 C C 95.119825 67.505386 38.588667 50.481595
487 C C 95.012270 67.563792 38.587014 50.638820
488 C C 94.615284 67.542157 38.585132 50.176517
489 C C 95.856316 67.494482 38.595696 51.114598
490 C C 95.346605 67.400469 38.592085 50.243070
491 A C 95.185344 67.491758 46.194822 45.040677
492 C C 93.941502 71.313022 38.525516 75.832820
493 C C 94.500751 71.382473 38.525502 76.970671
494 C C 96.313001 71.920828 38.532285 83.535832
495 C C 96.651256 71.372350 38.545740 78.866243
496 C C 95.496931 71.401328 38.531302 78.059981
497 C C 96.616456 71.235082 38.547359 77.609113
498 C C 96.330993 71.507191 38.538994 79.783597
499 C C 96.452672 71.572970 38.539655 80.490919
500 C C 96.609244 72.039762 38.534640 84.902704
501 C C 99.535047 70.622170 38.626665 74.984486
502 C C 96.735565 72.031988 38.536712 84.947800
503 C A 97.477775 71.913638 52.042224 50.537523
504 C C 94.605780 73.244128 38.497189 94.114578
505 C C 94.415921 73.353631 38.494894 94.925021
506 C C 97.497396 75.650989 38.493315 115.823112
507 C C 97.635075 75.624404 38.496512 115.782507
508 C C 97.907524 74.990518 38.512377 111.693985
509 C C 97.852434 75.150446 38.508627 112.797291
510 C C 98.221872 75.890744 38.505382 117.946465
511 C C 97.684852 75.727942 38.495908 116.474309
512 C C 98.128825 75.567740 38.508295 115.876494
513 A C 98.218474 75.371398 46.669602 63.186295
514 C C 98.026432 73.334348 38.541316 98.085571
515 C C 99.169817 73.305324 38.572224 98.877781
516 C C 99.865959 73.525657 38.591125 101.486923
517 C C 97.845248 75.902425 38.496569 117.667452
518 C C 97.712159 76.800930 38.479516 121.994750
519 C C 97.522496 76.398024 38.482020 120.025430
520 C C 97.681005 77.241981 38.471897 123.529553
521 C C 97.185093 76.647638 38.471736 120.865837
522 C A 97.270466 76.784544 52.254204 87.656739
523 C C 96.987186 75.892527 38.480192 116.817863
524 C C 97.368844 78.878228 38.439941 125.105691
525 C C 98.697980 78.868650 38.470054 126.338780
526 C C 98.110036 77.849073 38.471673 125.355734
527 C C 99.700147 78.017090 38.513373 127.063062
528 C C 99.991809 78.589658 38.513978 127.655357
529 C C 99.323761 77.408037 38.511230 125.518741
530 C C 99.882875 78.711834 38.508290 127.522798
531 C C 99.526983 78.939686 38.492993 127.039579
532 C C 99.968844 79.014189 38.506354 127.367570
533 C C 99.842212 78.504229 38.510258 127.519431
534 C C 99.721543 78.505647 38.506227 127.408690
535 C C 99.873061 81.064344 38.470123 120.180517
536 A C 98.439241 80.717371 46.871034 64.846396
537 C C 99.935545 76.018392 38.553421 120.255335
538 C C 98.608739 82.840339 38.404470 106.462299
539 C C 98.295319 83.132986 38.392132 103.711861
540 C C 98.206033 82.429089 38.401225 109.396428
541 C C 98.032968 82.236176 38.400373 110.715964
542 C C 97.902521 82.503433 38.393309 108.533841
543 C C 97.596333 82.601082 38.385524 107.475747
544 C A 97.766692 81.941950 52.472720 78.419937
545 C C 97.827016 83.647564 38.373613 98.776934
546 C C 97.635863 83.772253 38.367794 97.482877
547 C C 97.816484 83.474442 38.376135 100.303595
548 C C 97.313829 83.941692 38.359131 95.654069
549 C C 97.514356 84.164116 38.359276 93.810399
550 C C 97.116654 83.144750 38.368304 102.524016
551 C C 97.463848 84.044970 38.360214 94.852759
552 C C 96.726044 84.032890 38.348333 94.281841
553 C C 96.885487 84.397557 38.344947 91.085005
554 C C 96.594793 83.614760 38.353066 97.932234
555 C C 96.563787 84.205330 38.343399 92.555209
556 C C 96.457309 83.759074 38.349003 96.513509
557 A C 96.174329 83.882019 46.821607 56.890824
558 C C 96.089486 85.957381 38.310407 76.123922
559 C C 96.218185 85.814135 38.314024 77.511793
560 C C 96.030919 86.125443 38.307190 74.598172
561 C C 95.691340 86.229924 38.302495 73.379858
562 C C 95.889700 85.870665 38.309804 76.706079
563 C C 93.779553 86.784431 38.288638 66.966940
564 C C 94.286005 86.285052 38.295766 71.607907
565 C C 93.600665 86.679566 38.290762 67.659081
566 C A 94.154388 86.674178 52.771865 36.508667
567 C C 93.250329 88.170582 38.269540 56.333487
568 C C 94.290560 85.517816 38.307565 78.392884
569 C C 93.228561 88.836781 38.259505 52.352397
570 C C 93.187150 88.259408 38.268539 55.710159
571 C C 93.175705 88.629813 38.262962 53.464973
572 C C 93.391371 88.407954 38.265206 54.978582
573 C C 94.157079 88.898630 38.255625 52.874536
574 C C 94.152127 88.789420 38.257306 53.464822
575 C C 93.138398 89.082267 38.256293 50.974473
576 C C 92.945040 89.199200 38.255795 50.211244
577 C C 92.230732 89.505352 38.257585 48.119251
578 C C 92.993087 89.612432 38.249172 48.353528
579 A C 92.858767 89.750750 46.844386 42.721957
580 C C 93.245824 88.013710 38.271955 57.354165
581 C C 93.327814 88.091606 38.270341 56.916642
582 C C 93.029162 88.167649 38.270909 56.148381
583 C C 92.560403 91.972901 38.216884 41.721877
584 C C 92.903844 91.905992 38.214950 42.120223
585 C C 92.757536 92.433952 38.208116 41.455417
586 C C 92.491014 92.864787 38.204044 40.949838
587 C C 92.276661 91.233792 38.230956 42.635613
588 C A 92.658182 92.464601 53.117773 10.670004
589 C C 92.618344 88.645898 38.266794 52.858655
590 C C 92.068442 88.843345 38.269407 51.247618
591 C C 92.537216 89.062414 38.261210 50.521683
592 C C 91.579636 94.052164 38.197379 39.902017
593 C C 92.154949 90.896960 38.237402 43.275665
594 C C 91.690764 90.977243 38.242041 42.655997
595 C C 91.674218 94.419123 38.190488 39.987991
596 C C 92.982740 94.662084 38.172438 41.187729
597 C C 91.808255 94.515415 38.187167 40.110149
598 C C 91.322742 94.367664 38.196595 39.665145
599 C C 91.284227 94.272861 38.198638 39.629891
600 C C 91.418993 94.595650 38.191651 39.750373
601 C C 91.406435 94.476244 38.193639 39.741242
602 A C 91.611782 94.550038 46.957887 39.930424
603 C C 91.152617 96.500061 38.167457 38.617893
604 C C 91.648071 96.642042 38.157428 38.897424
605 C C 91.066805 96.972727 38.161873 37.870623
606 C C 91.072530 95.790793 38.179464 39.145014
607 C C 90.915321 97.073987 38.163090 37.556051
608 C C 91.271974 96.281203 38.168725 38.959790
609 C C 91.265050 96.415393 38.166828 38.816449
610 C A 91.190535 96.503028 53.405411 8.991393
611 C C 88.438910 99.997866 38.180620 24.159038
612 C C 88.211956 99.338197 38.197304 27.560996
613 C C 87.849070 98.950660 38.214673 29.047000
614 C C 87.813250 99.966938 38.201069 23.773933
615 C C 88.106867 99.137025 38.203574 28.436266
616 C C 87.566160 98.796289 38.226455 29.450612
617 C C 87.951711 98.808747 38.213369 29.748498
618 C C 88.175554 97.276284 38.228559 34.665159
619 C C 87.881988 99.704820 38.202603 25.335546
620 C C 88.163351 95.070519 38.261146 36.731916
621 C C 87.925732 99.656309 38.201869 25.641597
622 A C 87.610911 99.931243 47.027098 33.156177
623 C C 88.004792 97.083215 38.236802 34.880596
624 C C 87.912225 94.398202 38.278912 36.547891
625 C C 90.556459 98.450202 38.149501 33.529201
626 C C 88.212237 96.450828 38.239467 35.985917
627 C C 90.810308 94.678862 38.200821 39.188314
628 C C 91.086653 94.131795 38.204053 39.448528
629 C C 90.923434 94.357102 38.203556 39.298439
630 C C 90.873097 95.972598 38.180329 38.847900
631 C C 90.569219 95.661632 38.190804 38.749704
632 C A 90.670005 95.838027 53.405097 9.448819
633 C C 90.388165 97.392768 38.168729 36.439479
634 C C 90.779728 97.212921 38.163556 37.171033
635 C C 90.308199 97.105265 38.174701 36.942594
636 C C 90.564458 96.488817 38.178571 38.091150
637 C C 90.619346 96.556199 38.176473 38.061355
638 C C 90.313866 96.745752 38.179927 37.530898
639 C C 89.749278 96.894862 38.190512 36.789946
640 C C 90.337878 97.119051 38.173864 36.944455
641 C C 89.748502 97.151752 38.186729 36.343855
642 C C 90.441283 97.101672 38.171953 37.071131
643 C C 90.143988 97.061417 38.178927 36.871247
644 A C 90.008329 97.047561 46.988218 38.037619
645 C C 89.916687 96.973730 38.185388 36.814528
646 C C 89.781241 96.913382 38.189472 36.789623
647 C C 89.903453 97.924730 38.171602 34.647772
648 C C 89.700620 97.154351 38.187848 36.295160
649 C C 89.032420 97.529777 38.199611 34.888411
650 C C 90.221549 97.452046 38.171418 36.155105
651 C C 90.474194 97.649452 38.163116 35.915149
652 C C 89.812218 97.644817 38.177904 35.320556
653 C C 88.843250 97.826397 38.200537 33.957245
654 C A 90.462201 97.856205 53.523786 6.198026
655 C C 85.876539 96.419398 38.324751 33.908692
656 C C 90.534459 97.930314 38.157696 35.209620
657 C C 88.121906 98.270327 38.215743 31.938378
658 C C 90.790453 95.875497 38.183323 38.836035
659 C C 90.576222 98.065556 38.154834 34.842684
660 C C 90.407249 95.663041 38.194074 38.600543
661 C C 85.975351 97.546414 38.304541 32.078883
662 C C 90.790189 97.953780 38.152294 35.375719
663 C C 88.506191 92.700735 38.285428 37.380883
664 C C 90.425189 99.062164 38.143103 30.898466
665 C C 85.890651 98.822656 38.289773 27.827745
666 A C 90.591388 99.998585 47.109395 35.775834
667 C C 88.413657 97.728604 38.214595 33.829156
668 C C 90.781628 93.081179 38.225213 39.294553
669 C C 88.364799 95.667179 38.246233 36.733043
670 C C 85.680280 98.430003 38.304235 29.173309
671 C C 91.143386 95.934488 38.176086 39.122043
672 C C 88.571898 98.095099 38.204477 32.918780
673 C C 91.168364 93.003632 38.219565 39.676328
674 C C 87.276881 96.049643 38.276366 35.511633
675 C A 91.152815 98.128530 53.490920 5.542497
676 C C 89.580916 99.646742 38.153954 27.201933
677 C C 88.722585 99.626663 38.177587 26.527491
678 C C 88.338045 99.800120 38.186615 25.216645
679 C C 86.580465 99.609931 38.250732 24.675221
680 C C 88.927855 98.225545 38.192285 32.822252
681 C C 85.989626 93.697340 38.359089 34.823848
682 C C 91.237418 99.909933 38.114908 27.237142
683 C C 91.822610 99.976307 38.104713 27.385053
684 C C 94.021945 95.734112 38.150898 41.892385
685 C C 94.246265 95.087292 38.160464 42.312114
686 C C 94.138734 99.910719 38.086529 29.905673
687 C C 94.168775 98.435704 38.109123 36.907809
688 C C 94.206742 99.393900 38.094334 32.783694
689 C C 94.720417 99.454249 38.093218 32.949868
690 C C 94.639761 99.103982 38.098554 34.587556
691 A C 94.168603 99.946304 47.261072 39.146901
692 C C 94.141065 99.975536 38.085529 29.526889
693 C C 94.780005 99.854357 38.087112 30.824092
694 C C 94.707807 99.861258 38.086926 30.717718
695 C C 94.646824 99.968422 38.085228 30.036015
696 C C 94.658086 99.938533 38.085696 30.222526
697 C C 94.752823 99.811610 38.087739 31.043320
698 C A 94.969623 99.521492 53.339505 0.559739
699 C C 94.281861 99.900735 38.086426 30.095953
700 C C 95.166347 99.762678 38.089445 31.701650
701 C C 95.266564 99.904872 38.087613 30.981332
702 C C 94.737232 99.922357 38.086012 30.390391
703 C C 95.004248 99.483545 38.093277 33.060448
704 B C 95.273898 99.461645 42.520585 37.129989
705 C C 93.828411 99.877974 38.087966 29.809328
706 C C 94.789128 99.827598 38.087537 30.985782
707 C C 95.201827 99.344749 38.096044 33.949642
708 C B 94.881430 99.571317 44.640526 16.380494
709 C C 95.118404 99.772331 38.089137 31.603124
710 C C 95.152466 99.973712 38.086130 30.471740
711 C C 95.328404 99.882059 38.088223 31.170877
712 C C 94.458983 99.943748 38.085599 30.008024
713 A C 95.344812 99.395897 47.307228 40.986578
714 C C 94.928771 99.758087 38.088855 31.507946
715 C C 95.265176 99.947194 38.086952 30.732374
716 C C 95.078659 99.926869 38.086624 30.679356
717 C C 95.448587 99.901848 38.088475 31.167075
718 C C 95.715211 99.866072 38.090559 31.620535
719 C C 95.859152 99.516183 38.096999 33.679777
720 C C 95.438052 99.950028 38.087675 30.875394
721 C A 95.477142 99.874061 53.331886 0.000000
722 C C 95.600367 99.878084 38.089665 31.445097
723 C C 94.988898 99.434010 38.094004 33.301806
724 C C 95.718867 99.626319 38.094313 32.963484
725 B C 95.835136 99.439304 42.538742 37.720292
726 C C 95.618179 99.862866 38.090007 31.549374
727 C C 96.018170 99.907268 38.092137 31.661676
728 C C 95.688998 99.948066 38.089116 31.118752
729 C B 95.769309 99.979410 44.627994 14.595528
730 C C 94.917372 99.914869 38.086408 30.600514
731 C C 94.503495 97.891568 38.117193 38.976129
732 C C 95.699242 98.035693 38.118927 39.655689
733 A C 93.955630 98.046180 47.184341 41.071555
734 C C 95.988764 95.289164 38.163901 43.878868
735 C C 94.267305 99.955298 38.085608 29.763043
736 C C 94.006846 97.985737 38.116393 38.243223
737 C C 94.026145 99.924099 38.086604 29.723599
738 C C 94.263879 95.349860 38.156411 42.269108
739 C C 93.799728 97.831932 38.119411 38.493775
740 C C 96.410377 99.876971 38.096255 32.199723
741 C C 93.773636 95.662795 38.152720 41.698590
742 C C 96.541230 97.823260 38.129829 41.049623
743 C A 93.951450 97.783804 53.308616 7.199999
744 C C 96.993687 95.648215 38.169772 44.679177
745 C C 93.689295 99.932552 38.087716 29.363199
746 C C 93.882820 99.856861 38.088088 29.981289
747 C C 93.456595 99.985380 38.088120 28.836788
748 B C 93.416972 97.589154 42.454004 39.830245
749 C C 93.380797 99.951618 38.089092 28.966532
750 C C 93.412694 95.761391 38.152859 41.315686
751 C C 98.815523 97.800828 38.171258 43.208759
752 C B 93.585971 93.606527 44.577584 26.114683
753 C C 95.932607 97.541866 38.128321 41.208870
754 C C 96.873933 97.513433 38.138811 42.145250
755 C C 99.988852 95.511433 38.241470 47.495481
756 A C 93.510959 97.986017 47.160060 40.706635
757 C C 96.697158 97.879505 38.130797 41.036555
758 C C 93.342676 99.845765 38.090947 29.546602
759 C C 93.481847 95.533644 38.155968 41.485052
760 C C 96.014437 97.816956 38.124704 40.580409
761 C C 98.270628 99.880440 38.125598 33.896245
762 C C 94.623580 99.954490 38.085431 30.096799
763 C C 93.325534 99.989309 38.088868 28.692536
764 C C 94.366470 93.572505 38.183689 42.494850
765 C A 97.425379 95.886459 53.080644 10.976474
766 C C 93.619483 99.997718 38.087053 28.913695
767 C C 93.494858 97.617125 38.124076 38.775191
768 C C 93.137001 95.758971 38.154617 41.062703
769 C C 96.625024 97.646553 38.133575 41.592389
770 B C 94.601342 95.694102 42.464760 42.537466
771 C C 92.933107 97.888466 38.123769 37.535808
772 C C 98.554985 97.750950 38.165787 43.102930
773 C C 96.274634 93.480769 38.194850 44.268768
774 C B 93.342707 99.894531 44.688320 13.693217
775 C C 95.233128 98.031442 38.116513 39.238066
776 C C 98.149185 95.969889 38.185098 45.560229
777 C C 93.343750 97.860479 38.121228 37.993533
778 A C 96.692828 94.461390 47.220888 44.618783
779 C C 92.847723 97.816559 38.125589 37.658000
780 C C 95.724882 99.878792 38.090424 31.556028
781 C C 94.753262 96.363745 38.140955 42.086370
782 C C 97.980429 99.999846 38.117781 32.927483
783 C C 95.020452 97.756777 38.120030 39.824952
784 C C 92.700186 99.884852 38.095549 28.728944
785 C C 96.851926 99.994351 38.099566 31.918890
786 C C 33.016625 95.915112 43.874172 2.360337
787 C A 99.702487 99.985722 53.194402 0.000000
788 C C 93.257886 93.808517 38.183548 41.453916
789 C C 94.462457 97.911820 38.116884 38.880273
790 C C 92.694351 96.239870 38.150914 40.307592
791 C C 96.594194 97.818519 38.130516 41.111572
792 C C 95.171728 98.023957 38.116392 39.204087
793 B C 98.357752 95.008795 42.602261 46.133047
794 C C 96.252699 99.960894 38.093373 31.563836
795 C C 92.894154 95.979918 38.153105 40.702187
796 C B 94.404095 98.054701 44.628303 22.461820
797 C C 92.807671 93.006886 38.198993 41.183713
798 C C 98.223762 99.940753 38.123650 33.501453
799 C C 95.026958 96.667650 38.136897 41.979427
800 A C 96.617503 98.081247 47.340998 43.502929
801 C C 99.987119 94.568002 38.256601 47.651406
802 C C 92.976521 98.167646 38.119168 36.727364
803 C C 94.779640 96.140428 38.144447 42.319100
804 C C 96.848855 97.997592 38.130876 40.832608
805 C C 92.510337 97.999797 38.126055 36.820990
806 C C 94.766250 99.907130 38.086280 30.506056
807 C C 97.497815 96.185031 38.169248 44.791229
808 C C 95.132963 98.040673 38.115994 39.117387
809 C C 98.246610 93.582341 38.225085 46.076110
810 C C 96.180645 99.935586 38.093098 31.646216
811 C A 92.794600 95.756651 53.272313 9.983289
812 C C 95.438277 98.164423 38.115391 39.010328
813 C C 98.396558 99.976126 38.126805 33.452021
814 B C 94.570303 96.380879 42.470485 42.184141
815 C C 92.809740 97.931257 38.124183 37.299136
816 C C 96.398813 94.429365 38.181352 44.346985
817 C C 94.284016 92.181660 38.205105 43.084812
818 C B 99.935039 98.229704 44.579196 25.089918
819 C C 92.337372 99.912521 38.099011 28.233884
820 C C 97.167099 96.846774 38.153473 43.699128
821 C C 95.231496 95.521822 38.155393 43.105103
822 C C 94.264528 99.882438 38.086732 30.186101
823 C C 96.858086 99.959843 38.100188 32.129092
824 A C 92.663224 97.831849 47.115287 40.035636
825 C C 98.382227 96.175599 38.186897 45.614962
826 C C 94.898940 97.487494 38.123881 40.381317
827 C C 96.518098 95.000079 38.173772 44.423661
828 C C 92.275163 97.988754 38.128833 36.637413
829 C C 94.652605 99.878129 38.086624 30.569399
830 C C 98.426870 99.915538 38.128439 33.836271
831 C A 96.065214 97.900013 53.217063 7.365060
832 C C 94.606752 93.387144 38.186667 42.742971
833 C C 96.865180 99.983148 38.099914 31.997714
834 C C 92.691475 96.363053 38.149072 40.184550
835 C C 99.982547 98.008353 38.201073 43.687077
836 B C 94.653742 99.946024 42.506957 34.884896
837 C C 92.560108 94.894803 38.172600 40.782267
838 C C 96.453012 97.862778 38.128226 40.858258
839 C C 40.600778 96.496861 42.877904 4.040958
840 C B 94.767134 97.929459 44.617639 23.045600
841 C C 97.492256 96.046254 38.171342 44.899004
842 C C 92.300025 91.958336 38.219747 41.499467
843 C C 98.192246 98.174095 38.151029 41.521256
844 A C 94.571802 99.969013 47.283353 39.485722
845 C C 92.422267 98.122927 38.125136 36.359915
846 C C 96.166964 94.765794 38.173694 44.122222
847 C C 94.725805 96.376629 38.140715 42.047597
848 C C 98.168504 97.647482 38.158887 43.014276
849 C C 92.619394 99.912496 38.095936 28.493828
850 C C 95.794526 93.382655 38.192015 43.840912
851 C C 94.327006 99.985927 38.085057 29.636926
852 C C 92.179723 98.148208 38.127565 36.055883
853 C A 94.164673 95.649931 53.196666 10.352612
854 C C 96.737483 99.902001 38.099573 32.356651
855 C C 92.369602 98.107166 38.125959 36.361242
856 C C 98.485770 96.520147 38.183770 45.358249
857 C C 99.993037 99.950496 38.170143 35.072093
858 B C 94.741525 94.465371 42.456937 42.816117
859 C C 96.918346 98.117435 38.129922 40.527613
860 C C 92.274851 96.213127 38.155686 39.945468
861 C C 94.200486 99.920632 38.086253 29.904824
862 C C 96.367922 99.976602 38.094260 31.577353
863 C C 94.503750 97.999768 38.115527 38.660081
864 C B 98.325054 96.130049 44.548115 28.303932
865 C C 92.214707 97.880516 38.131186 36.896477
866 A C 95.810848 93.781599 47.141097 43.806408
867 C C 94.531666 96.646726 38.136375 41.549743
868 C C 96.605052 98.325323 38.122702 39.549312
869 C C 92.647318 97.905626 38.126093 37.223397
870 C C 98.465542 99.895215 38.129626 33.990225
871 C C 94.472781 94.653351 38.167060 42.563109
872 C C 92.024371 96.469109 38.154859 39.455093
873 C C 30.234269 99.953286 44.209542 0.000000
874 C C 95.987311 97.517401 38.129148 41.317146
875 C C 93.926379 99.926951 38.086865 29.614821
876 C A 93.644699 94.817057 53.182228 10.436265
877 C C 91.995027 92.106239 38.221051 41.051422
878 C C 92.046801 98.058643 38.130585 36.215239
879 C C 94.084180 96.415292 38.140310 41.413923
880 B C 97.817608 99.931841 42.622594 37.858423
881 C C 96.638781 98.113377 38.126423 40.282316
882 C C 93.923333 96.228683 38.143567 41.451412
883 C C 92.215759 99.981564 38.099420 27.715725
884 C C 95.721810 98.144298 38.117388 39.337004
885 C C 94.329271 94.444057 38.170293 42.435319
886 C C 98.609480 98.061570 38.162118 42.261964
887 C C 92.418097 96.278465 38.153104 40.016846
888 C C 95.712574 97.776889 38.123042 40.410461
889 C B 97.184632 99.947728 44.606673 15.599549
890 C C 94.011943 99.983570 38.085731 29.360042
891 A C 92.789224 93.138410 46.958480 41.042162
892 C C 91.717297 95.688843 38.170768 39.791080
893 C C 94.022831 98.060649 38.115202 38.030865
894 C C 91.792735 99.973358 38.105185 27.375040
895 C C 99.863112 98.045946 38.196691 43.463211
896 C C 94.083431 96.157891 38.144263 41.661510
897 C C 96.283905 98.199346 38.121203 39.677687
898 C A 93.846031 99.981529 53.419056 0.000000
899 C C 91.928231 94.749219 38.182042 40.211995
900 C C 97.441959 96.538274 38.162725 44.374087
901 C C 95.497570 99.977989 38.087544 30.765189
902 C C 91.737222 98.072337 38.134608 35.888052
903 C C 94.045987 96.391687 38.140754 41.403987
904 B C 96.980726 92.342715 42.514931 45.224267
905 C C 94.018430 94.462944 38.170407 42.148143
906 C C 98.458748 97.959213 38.160264 42.431585
907 C C 91.669780 99.950400 38.107340 27.397500
908 C B 96.048767 97.706544 44.589523 24.397850
909 C C 95.101005 98.069466 38.115441 38.999278
910 C C 91.903466 96.362146 38.158055 39.459832
911 A C 93.668814 99.984760 47.236971 38.628762
912 C C 97.408706 94.869714 38.188485 45.260603
913 C C 96.072883 99.995339 38.091219 31.193558
914 C C 93.774953 98.070680 38.115849 37.771053
915 C C 99.780849 96.329273 38.221732 46.758599
916 C C 91.437508 93.629699 38.205866 39.789610
917 C C 95.369123 98.283765 38.113197 38.550452
918 C C 97.570288 96.684034 38.162628 44.305994
919 C C 93.510750 98.114661 38.116391 37.389592
920 C A 91.427878 99.986952 53.567201 0.000000
921 C C 95.719626 95.071908 38.165171 43.675491
922 C C 93.665546 98.159571 38.114947 37.389015
923 C C 91.829427 91.307194 38.235208 42.079032
924 B C 98.053858 99.974921 42.633960 37.917639
925 C C 95.842370 96.449154 38.144638 43.000527
926 C C 94.046825 99.989107 38.085550 29.359352
927 C C 91.981097 98.151358 38.130043 35.862935
928 C C 93.638714 96.271011 38.143952 41.149357
929 C B 23.883109 94.156646 53.043904 0.662022
930 C C 98.095296 98.062616 38.150786 41.784897
931 C C 91.250540 99.967953 38.113814 26.908557
932 C C 96.230575 96.676960 38.144465 43.078734
933 A C 93.914309 98.133391 47.185251 40.965259
934 C C 92.933709 95.130983 38.165689 41.093309
935 C C 96.706524 98.096513 38.127509 40.397950
936 C C 94.615351 98.113142 38.113816 38.414091
937 C C 90.757239 96.114918 38.180378 38.634291
938 C C 98.837174 99.912631 38.138109 34.231152
939 C C 95.099640 93.571461 38.185058 43.172098
940 C C 92.873026 99.972654 38.092605 28.374071
941 C C 97.116204 96.640579 38.155953 43.944847
942 C C 89.762901 98.077791 38.172675 34.059835
943 C C 94.799997 99.954060 38.085600 30.262270
944 C C 13.295688 94.955354 46.439071 0.158103
945 C A 91.688738 98.248594 53.462114 5.273388
946 C C 96.215750 99.980092 38.092726 31.416118
947 B C 99.933979 96.688719 42.702947 46.899442
948 C C 93.559258 92.119843 38.207761 42.478723
949 C C 97.246867 98.132638 38.134447 40.782583
950 C C 91.518509 96.281116 38.164799 39.186456
951 C B 94.877784 98.205715 44.619422 22.254468
952 C C 93.283069 94.363500 38.174934 41.470245
953 C C 35.233411 99.987980 43.551520 0.000000
954 C C 20.583580 99.954715 45.472634 0.000000
955 A C 89.305363 96.760072 46.957561 37.509631
956 C C 95.840812 98.089467 38.119083 39.620444
957 C C 98.269359 95.137424 38.200891 46.017449
958 C C 93.335802 99.969561 38.089103 28.819118
959 C C 91.404190 98.032527 38.140294 35.704180
960 C C 96.151032 99.987135 38.092027 31.314534
961 C C 94.513279 96.414154 38.139952 41.811359
962 C C 97.960568 97.976140 38.149452 41.922385
963 C C 92.454006 93.282080 38.198096 40.777857
964 C C 89.408684 95.709243 38.216467 37.664196
965 C A 95.121440 99.984468 53.353633 0.000000
966 C C 93.355422 98.047202 38.118308 37.456320
967 C C 91.260766 96.503877 38.165573 38.712781
968 C C 96.726828 97.768601 38.132904 41.369483
969 B C 94.686113 94.348835 42.454245 42.765404
970 C C 97.596496 99.980515 38.111022 32.688300
971 C C 92.901023 96.431729 38.146181 40.304416
972 C C 95.425682 98.072548 38.116753 39.289641
973 C B 99.699630 98.091953 44.576013 25.399330
974 C C 91.024044 95.539243 38.184080 39.220023
975 C C 94.213432 92.354425 38.202493 42.862292
976 C C 96.787147 98.165279 38.127443 40.253409
977 A C 89.677246 99.968004 47.079374 34.984053
978 C C 37.553738 96.494021 43.275327 3.063054
979 C C 93.228697 98.233733 38.116281 36.742846
980 C C 98.181055 99.963302 38.122401 33.329268
981 C C 91.676188 94.727273 38.185824 39.981396
982 C C 95.554734 96.639911 38.139714 42.503666
983 C C 99.962572 98.062989 38.199555 43.502131
984 C C 93.846730 99.945950 38.086855 29.429828
985 C C 96.308008 98.117460 38.122723 39.963930
986 C A 91.575982 94.493121 53.279369 9.973333
987 C C 94.372843 99.957027 38.085454 29.850297
988 C C 89.384748 99.996225 38.153827 25.031254
989 C C 93.200316 96.422091 38.144082 40.590939
990 C C 91.482472 91.319150 38.239884 41.736975
991 B C 94.503841 98.052833 42.484704 40.035830
992 C C 89.446962 98.091053 38.180334 33.729656
993 C C 97.110489 96.147779 38.163622 44.465685
994 C C 93.559571 93.596725 38.185188 41.747481
995 C C 95.306941 97.977087 38.117668 39.469592
996 C B 92.751817 6.314471 43.119818 42.069364
997 C C 98.051427 96.020539 38.182265 45.433918
998 C C 91.037425 99.943998 38.117933 26.854053
999 A C 95.224356 98.105964 47.255603 42.196767
1000 C C 92.846915 99.967643 38.092915 28.379651
