1 A A 0.975202 21.394622 51.297442 11.965371
2 A A 1.302949 78.372404 51.305913 19.991638
3 A A 3.387974 13.143888 51.453225 18.102644
4 A A 9.236217 57.147465 51.430016 0.000000
5 A A 16.814174 27.660963 52.055721 1.080209
6 A A 18.830588 81.746636 51.067971 17.225718
7 A A 35.222292 52.431223 51.919647 0.000000
8 A A 51.568790 74.574703 50.958179 18.095081
9 A A 84.086783 9.066600 57.978248 18.042850
10 A A 93.207788 54.307211 54.797608 1.814329
11 A A 93.824758 78.638278 52.336556 30.489635
12 A B 4.436838 30.929363 49.338288 0.006664
13 A B 8.084574 91.897248 50.140163 0.278978
14 A B 12.637633 4.296708 48.921998 1.545883
15 A B 14.270432 37.811805 49.271805 0.000000
16 A B 19.910255 92.326813 49.552966 0.526061
17 A B 24.342074 47.171697 49.111563 0.000000
18 A B 25.879008 82.133355 49.202730 17.245036
19 A B 27.898741 91.123855 49.131274 1.624779
20 A B 29.247734 48.069501 48.980351 0.000000
21 A B 32.888920 77.260089 48.871953 21.198148
22 A B 36.075642 36.465009 48.812832 0.000000
23 A B 40.799329 32.419686 48.733733 3.102935
24 A B 41.405891 29.677836 48.736872 3.359649
25 A B 45.254383 11.371804 48.811075 19.125169
26 A B 47.977928 47.601398 48.481911 0.000000
27 A B 60.441449 42.595865 48.348449 0.000000
28 A B 64.813029 36.568204 48.447474 8.608293
29 A B 65.998019 56.999250 48.063203 8.181928
30 A B 68.609809 87.646435 47.425712 17.325227
31 A B 70.115462 44.377606 48.333511 0.000000
32 A B 73.756083 57.684493 48.079446 12.819733
33 A B 77.084355 63.718064 47.987518 16.925412
34 A B 81.116434 7.305736 49.663456 25.003712
35 A B 82.410779 89.388819 47.411001 21.804628
36 A B 94.816394 72.397432 48.649502 37.718902
37 A C 1.775813 49.833730 50.244803 0.000000
38 A C 3.848742 77.811349 51.098444 19.845850
39 A C 21.985695 95.661306 50.397172 0.773921
40 A C 38.511907 61.934478 47.933973 4.226991
41 A C 53.787555 73.435778 47.226959 24.043184
42 A C 54.025506 0.428065 44.646177 10.887816
43 A C 61.488381 73.989678 46.765577 29.852462
44 A C 61.848035 56.461533 46.131297 11.383722
45 A C 64.338032 54.789928 45.938675 9.798267
46 A C 66.264164 72.764410 46.471450 30.388491
47 A C 67.319695 88.052687 46.956308 23.304988
48 A C 75.065795 6.968272 43.847387 30.677504
49 A C 85.663989 94.133113 46.795316 34.517996
50 A C 96.527897 80.303222 46.720745 63.550565
51 B A 5.187290 83.497348 57.797412 34.031182
52 B A 10.121392 34.976172 53.934257 0.000000
53 B A 17.174060 87.416462 56.999082 12.675254
54 B A 18.496791 75.272446 56.136107 42.601057
55 B A 21.332852 69.702658 55.590690 12.948858
56 B A 24.729626 89.762994 56.414985 4.369239
57 B A 28.869880 39.211200 53.552947 0.000000
58 B A 33.716976 50.462088 53.849637 0.000000
59 B A 35.530975 43.303155 53.464675 0.000000
60 B A 37.511396 7.637470 52.011819 17.525921
61 B A 42.815592 70.166698 54.017658 16.433434
62 B A 43.847984 95.024813 54.708942 1.507201
63 B A 46.641340 2.655853 51.883333 2.722811
64 B A 50.185761 99.476588 54.176869 0.000000
65 B A 52.702003 53.370659 52.981931 0.000000
66 B A 56.241210 24.781380 52.362913 14.710556
67 B A 57.085019 70.655123 53.050346 20.670414
68 B A 58.102906 48.541926 52.679995 0.000000
69 B A 63.051283 85.861062 52.829032 24.669658
70 B A 79.963563 33.608132 52.589390 6.860954
71 B A 81.715105 8.266930 53.013403 27.664449
72 B A 94.164949 33.327734 53.511123 10.228002
73 B A 97.489389 55.137159 53.153042 0.000000
74 B A 97.519196 65.343766 52.820670 12.113250
75 B B 0.145302 12.579933 49.367456 43.068703
76 B B 6.306412 28.783435 49.813865 0.893540
77 B B 8.526696 62.533450 51.175837 0.029556
78 B B 12.157746 1.230399 48.317502 0.181622
79 B B 15.335909 74.351514 51.101083 38.301385
80 B B 20.549277 19.426289 48.625063 40.858792
81 B B 22.856678 51.388923 49.621390 0.000000
82 B B 23.340293 84.635582 50.744068 28.176001
83 B B 25.190337 79.435810 50.389447 50.174928
84 B B 26.758128 6.016542 47.839534 9.990583
85 B B 30.480565 29.185546 48.364169 1.892567
86 B B 30.726877 82.710413 49.966794 39.596623
87 B B 32.370587 68.867527 49.403860 10.751483
88 B B 33.240584 75.979147 49.531156 47.004162
89 B B 34.824874 20.245358 47.843456 38.293114
90 B B 36.565849 46.787719 48.448944 0.000000
91 B B 37.224129 8.655856 47.403275 24.482394
92 B B 39.868489 45.388627 48.172046 0.000000
93 B B 42.054710 99.986940 49.276950 0.000000
94 B B 48.744949 5.135930 46.785940 11.067208
95 B B 49.358043 16.803808 46.976146 54.423108
96 B B 50.822747 86.194152 48.126361 24.508561
97 B B 54.866662 14.821861 46.687263 56.507265
98 B B 55.335190 22.035464 46.773811 33.477326
99 B B 56.745975 90.260737 47.656156 10.689622
100 B B 59.188273 97.163095 47.530173 7.496343
101 B B 60.887995 59.952342 46.960938 8.209788
102 B B 62.793305 10.384418 46.343568 42.119821
103 B B 66.517119 26.749035 46.376052 16.309511
104 B B 68.091164 41.818928 46.430338 0.000000
105 B B 71.225439 15.228496 46.195428 63.784748
106 B B 72.314829 79.861522 46.447433 63.192442
107 B B 73.286611 20.768394 46.192014 48.429227
108 B B 74.732895 28.150389 46.197066 17.349974
109 B B 75.583718 23.258703 46.177642 35.443232
110 B B 76.381841 44.607836 46.206422 0.000000
111 B B 78.941779 18.092562 46.173201 63.765682
112 B B 80.463331 86.583320 46.119065 35.389657
113 B B 83.791396 17.721258 46.252037 67.560280
114 B B 84.755782 22.794041 46.259613 42.951107
115 B B 85.351235 39.931096 46.205954 0.111669
116 B B 86.472661 63.000107 46.118193 22.028661
117 B B 86.672474 71.539218 46.077957 44.508705
118 B B 87.488224 38.670010 46.260650 8.001397
119 B B 88.559738 42.395453 46.270359 0.000000
120 B B 89.016881 50.720643 46.231567 0.000000
121 B B 90.147437 34.186719 46.382682 23.093431
122 B B 91.454122 11.798144 46.620226 64.379311
123 B B 92.618820 98.126419 45.951067 22.831191
124 B B 98.261466 67.488211 46.496442 33.317096
125 B B 99.306537 4.638396 47.376001 33.870144
126 B C 2.676218 88.618723 49.508848 7.600057
127 B C 4.527085 76.449469 49.132999 46.812731
128 B C 7.810215 53.829190 48.456803 0.000000
129 B C 11.599929 17.140522 47.523883 48.603180
130 B C 13.658587 84.017177 48.348414 31.311562
131 B C 15.792862 61.426366 47.793002 0.173755
132 B C 31.932993 0.625507 45.318043 2.487299
133 B C 34.388445 40.061353 45.623022 0.000000
134 B C 38.479328 80.729700 45.763643 50.733699
135 B C 39.444467 27.119333 44.943711 8.154467
136 B C 41.598071 3.768564 44.421568 7.770345
137 B C 44.880075 38.322543 44.559356 0.000000
138 B C 53.458478 60.070298 44.020812 9.566377
139 B C 67.766996 15.912550 42.337336 69.686036
140 B C 71.698306 58.981753 42.576381 20.050506
141 B C 72.773118 96.956779 42.935539 22.587063
142 B C 74.485063 10.744152 41.889468 58.911760
143 B C 76.573548 76.636906 42.508603 73.973737
144 B C 82.774233 21.577422 41.706961 60.810457
145 B C 83.364449 18.717743 41.665120 76.024308
146 B C 87.932728 30.149063 41.734914 36.667630
147 B C 90.614302 55.897656 42.003359 25.958573
148 B C 95.203809 35.672352 41.909730 39.723784
149 B C 95.839578 96.310158 42.509176 43.401559
150 B C 98.629113 43.851560 42.139986 3.949816
151 C A 2.073111 32.524673 56.944565 0.000000
152 C A 7.281514 23.947849 55.123334 25.084606
153 C A 10.864054 67.518131 61.397582 7.396587
154 C A 17.979941 51.700931 58.159867 0.000000
155 C A 27.048860 31.418105 54.405851 0.381549
156 C A 31.286361 68.386674 58.633773 12.315736
157 C A 43.140033 71.329382 57.266626 35.363253
158 C A 46.297180 1.589630 49.358619 2.098921
159 C A 59.814640 37.453128 51.900803 0.000000
160 C A 63.958569 64.995456 53.890824 5.044079
161 C A 65.039534 13.928304 49.500311 80.708866
162 C A 69.283538 25.458550 50.212989 19.345225
163 C A 77.651386 31.821513 50.282381 6.878120
164 C A 78.092271 5.971025 48.524622 21.195551
165 C A 79.264950 49.439981 51.384696 0.000000
166 C B 5.988798 90.841652 55.478455 2.993231
167 C B 6.720274 9.952712 49.233335 47.246539
168 C B 11.032171 97.522444 55.226944 0.000000
169 C B 13.082732 2.430268 48.113924 1.225819
170 C B 16.176890 81.422195 53.326628 70.710851
171 C B 20.288441 35.393924 49.676551 0.000000
172 C B 22.224066 94.867628 53.342590 0.516408
173 C B 23.636353 52.582806 50.408215 0.000000
174 C B 26.357043 24.493457 48.317112 21.685948
175 C B 29.583377 40.736630 48.956132 0.000000
176 C B 40.281636 12.311060 46.207854 70.066684
177 C B 47.488122 69.181321 48.253955 21.473094
178 C B 48.319304 59.103757 47.667088 1.148848
179 C B 51.137896 62.098688 47.456242 5.828715
180 C B 55.945154 93.098102 48.178960 7.595056
181 C B 57.855568 65.870652 46.800632 10.318370
182 C B 58.856556 92.583379 47.755484 8.919265
183 C B 62.312450 85.396275 47.022754 47.033382
184 C B 70.895226 66.405333 45.410492 17.221052
185 C B 80.748382 14.208547 43.303117 96.198642
186 C B 88.432445 64.124367 44.192724 23.309476
187 C B 89.995620 98.916724 44.805253 16.734400
188 C B 91.815788 41.433238 43.713391 0.000000
189 C B 92.284515 3.224627 43.053355 27.889845
190 C C 9.591734 19.912211 47.258583 60.937277
191 C C 14.593162 45.547106 46.534105 0.000000
192 C C 19.321010 26.357001 46.069079 9.669832
193 C C 28.298856 93.877351 44.506570 1.745711
194 C C 44.002640 66.564960 42.707142 10.063696
195 C C 45.707359 46.463732 42.680229 0.000000
196 C C 49.814547 58.424087 42.070012 2.513407
197 C C 52.480410 60.728316 41.729237 9.334427
198 C C 69.967532 16.285431 40.424035 100.964760
199 C C 96.327148 25.789630 39.253690 56.422967
200 C C 99.565063 83.720831 38.417491 99.721758
201 B C 95.519089 56.012538 42.114758 31.015026
202 B C 96.055378 56.422910 42.138534 33.342593
203 B C 96.736402 57.947204 42.180493 39.492186
204 B C 96.565941 57.190629 42.166213 36.859260
205 B C 96.607788 58.601949 42.181279 41.082054
206 B C 95.222741 58.141142 42.124768 38.642073
207 B C 95.490316 56.354558 42.116993 32.524886
208 B C 94.839928 56.798901 42.099399 33.775979
209 B C 94.795558 56.415587 42.094326 32.147369
210 B C 94.888342 55.836880 42.091742 29.608115
211 B C 94.274008 56.008288 42.074698 29.845381
212 B C 95.200763 57.108877 42.114177 35.298965
213 B C 94.629198 55.572788 42.081077 28.087464
214 B C 94.568835 55.473104 42.078277 27.535622
215 B C 94.424125 55.255341 42.071848 26.296006
216 B C 94.006502 55.053173 42.058006 24.858082
217 B C 93.896895 57.215177 42.075866 34.482884
218 B C 94.336985 54.479385 42.061837 22.061509
219 B C 93.719040 53.125358 42.031762 13.771013
220 B C 99.846764 54.139031 42.305675 25.239687
221 B C 93.144544 53.957056 42.025766 18.024849
222 B C 91.145986 54.322630 41.993873 18.249379
223 B C 93.148808 54.056633 42.026829 18.594727
224 B C 92.697604 53.845415 42.014972 16.975653
225 B C 92.846103 54.535048 42.024778 20.993304
226 B C 90.996951 52.570021 41.974797 8.078758
227 B C 91.125658 52.474870 41.975457 7.657164
228 B C 91.355583 52.706308 41.980783 9.185200
229 B C 90.867170 52.854505 41.976072 9.585766
230 B C 90.451310 49.272977 41.936379 0.000000
231 B C 90.564569 51.656927 41.961025 2.640026
232 B C 90.320856 52.138136 41.963483 5.031265
233 B C 89.523330 52.150131 41.958108 4.367934
234 B C 90.629586 52.026662 41.965333 4.698853
235 B C 90.502175 49.360820 41.937743 0.000000
236 B C 90.041170 48.627756 41.926443 0.000000
237 B C 90.319155 50.271540 41.945018 0.000000
238 B C 90.149602 48.837466 41.929382 0.000000
239 B C 89.842700 48.680829 41.925535 0.000000
240 B C 87.872465 49.528944 41.929854 0.000000
241 B C 87.499320 48.618819 41.921905 0.000000
242 B C 83.529618 48.137818 41.966791 0.000000
243 B C 83.456794 48.244595 41.969415 0.000000
244 B C 84.484090 48.609339 41.953707 0.000000
245 B C 84.371785 48.265685 41.952091 0.000000
246 B C 83.233950 48.316492 41.974937 0.000000
247 B C 86.974764 49.375525 41.932300 0.000000
248 B C 87.149401 49.840029 41.935939 0.000000
249 B C 86.573455 49.150515 41.932950 0.000000
250 B C 88.074657 49.738376 41.931555 0.000000
251 B C 86.566719 49.528551 41.936841 0.000000
252 B C 86.312515 50.037961 41.944249 0.000000
253 B C 86.606897 49.770380 41.938968 0.000000
254 B C 86.799451 49.875625 41.938562 0.000000
255 B C 87.082971 49.589024 41.933789 0.000000
256 B C 86.768792 46.726105 41.906870 0.000000
257 B C 87.513336 46.310334 41.898576 0.000000
258 B C 87.938783 46.757302 41.901843 0.000000
259 B C 88.286760 46.153439 41.895382 0.000000
260 B C 88.595059 46.082541 41.894787 0.000000
261 B C 88.372377 45.959919 41.893431 0.000000
262 B C 87.937880 45.847276 41.892698 0.000000
263 B C 88.091964 45.918035 41.893170 0.000000
264 B C 88.300864 44.677838 41.880584 0.000000
265 B C 88.547906 44.511808 41.879020 0.000000
266 B C 87.982491 44.680877 41.880898 0.000000
267 B C 88.620030 45.749299 41.891482 0.000000
268 B C 88.476136 43.817868 41.872013 0.000000
269 B C 82.040274 44.439898 41.963227 0.000000
270 B C 85.134773 45.934098 41.916159 0.000000
271 B C 84.872733 42.756901 41.887363 0.000000
272 B C 84.495230 43.250162 41.898358 0.000000
273 B C 81.992106 43.307490 41.952638 0.000000
274 B C 85.932837 45.938677 41.906330 0.000000
275 B C 84.781782 43.015693 41.891394 0.000000
276 B C 84.381090 42.976924 41.897452 0.000000
277 B C 81.203261 42.418912 41.965178 0.000000
278 B C 84.668368 44.626663 41.909717 0.000000
279 B C 82.656802 42.231166 41.924789 0.000000
280 B C 84.389323 45.273733 41.920970 0.000000
281 B C 88.715573 43.751379 41.871647 0.000000
282 B C 88.474672 43.348001 41.867307 0.000000
283 B C 88.517702 40.404942 41.837880 13.129002
284 B C 88.729584 39.817248 41.832348 16.639341
285 B C 88.414419 40.535839 41.839100 12.284851
286 B C 89.422072 40.590098 41.842635 12.891946
287 A C 88.820492 39.470392 44.958872 29.874032
288 B C 89.016727 41.066268 41.845614 9.775910
289 B C 88.882114 40.571378 41.840258 12.506733
290 B C 85.051717 37.039535 41.826137 26.390539
291 B C 85.605077 38.163145 41.830636 22.276798
292 B C 85.544587 36.968817 41.819136 27.084795
293 B C 80.215649 36.590613 41.933993 23.665160
294 B C 85.115686 40.217413 41.857836 11.125748
295 B C 82.823283 37.898676 41.875799 20.983880
296 B C 82.095870 38.184566 41.896341 19.065694
297 B C 83.361165 40.272659 41.888755 9.250863
298 B C 85.039221 37.121181 41.827147 26.081765
299 B C 85.485601 37.312918 41.823351 25.758804
300 B C 79.305187 37.299048 41.972400 20.390424
301 B C 85.568866 39.656869 41.846318 14.665690
302 B C 82.259594 34.360206 41.852250 30.273708
303 B C 81.944972 34.648515 41.863209 29.617290
304 A C 80.467032 34.586493 44.718400 29.328722
305 B C 85.161439 40.011915 41.855107 12.327688
306 B C 85.385865 35.517200 41.806196 31.099006
307 B C 82.147646 30.504292 41.814710 31.435168
308 B C 82.061943 30.959599 41.821613 31.327114
309 B C 85.311508 31.671038 41.767753 34.201081
310 B C 78.813590 30.823766 41.921050 28.527256
311 B C 82.129070 28.856332 41.797936 32.192549
312 B C 81.169868 32.613085 41.862940 30.458808
313 B C 81.883656 35.893708 41.877846 27.108232
314 B C 77.163766 30.133896 41.978733 27.229364
315 B C 80.125258 32.857457 41.897359 29.491716
316 B C 83.403379 27.976429 41.760378 34.420299
317 B C 85.497980 28.710485 41.735266 35.323477
318 B C 84.065244 29.369419 41.762532 33.509605
319 B C 83.577590 28.560431 41.763040 33.774844
320 B C 83.348760 28.233486 41.764130 33.986543
321 C C 83.539427 28.111692 39.390060 35.355687
322 C C 83.361212 28.999592 39.385240 33.561938
323 C C 78.212181 28.757547 39.659801 29.457359
324 C C 78.338805 28.993085 39.648868 29.218704
325 C C 77.538361 28.692092 39.702993 28.996526
326 C C 76.200309 28.026394 39.800058 29.264044
327 C C 76.072432 28.390767 39.804023 28.332943
328 C C 75.304894 27.610393 39.867605 29.685636
329 C C 74.285791 28.248165 39.933005 27.174833
330 C C 75.849506 28.407588 39.819147 28.114940
331 C C 74.512526 27.656903 39.923961 28.898401
332 C C 75.504959 28.321290 39.844280 28.009851
333 C C 73.454740 27.172105 40.009002 29.673029
334 C C 75.009755 27.248239 39.893287 30.651672
335 C C 74.380272 26.157009 39.952926 34.952673
336 C C 74.697867 26.874688 39.920558 31.844150
337 C C 74.252414 26.067294 39.963465 35.324513
338 C C 74.689205 25.864718 39.934207 36.795879
339 C C 74.363973 25.250686 39.965767 40.284235
340 C C 74.662722 25.525223 39.940498 38.782084
341 C C 74.197458 25.469612 39.975182 38.749880
342 C C 74.066830 25.649987 39.982519 37.542376
343 C C 74.385559 25.786060 39.957307 36.999738
344 C C 74.229575 25.455314 39.973001 38.865181
345 C C 75.247129 23.898035 39.919818 51.021803
346 C C 76.074569 23.443282 39.868530 55.516280
347 C C 76.122311 23.177833 39.868765 57.860788
348 C C 76.316028 24.427708 39.839342 47.718275
349 C C 76.327189 22.419963 39.864893 64.843390
350 C C 76.646699 23.334049 39.831652 56.932801
351 C C 76.590017 22.821630 39.842131 61.415033
352 C C 76.562496 22.708204 39.845443 62.415022
353 C C 76.912228 22.233917 39.828714 67.037330
354 C C 77.177321 21.429194 39.822200 74.680224
355 C C 77.075205 21.810937 39.823730 71.076024
356 C C 76.903545 22.424827 39.826765 65.278067
357 C C 76.484470 22.226131 39.856946 66.752995
358 C C 77.099093 21.863225 39.821499 70.612989
359 C C 77.514506 21.872741 39.794877 70.873090
360 C C 76.820447 21.529258 39.843976 73.462036
361 C C 78.232000 19.291088 39.784873 93.728630
362 C C 77.661741 19.860016 39.812326 88.834131
363 C C 78.090148 20.388923 39.778853 84.764123
364 C C 77.955633 20.192442 39.789709 86.328256
365 C C 78.281660 20.017022 39.772186 88.070944
366 C C 78.282119 18.829339 39.788011 97.020271
367 C C 78.408741 19.643214 39.769536 91.194767
368 C C 78.737582 19.007182 39.758546 96.194022
369 C C 78.424267 19.527384 39.770155 92.108704
370 C C 78.971926 18.208916 39.755604 101.414925
371 C C 78.823500 19.363677 39.748731 93.690943
372 C C 78.851716 18.342077 39.760793 100.553357
373 C C 79.272656 19.743213 39.717698 91.138937
374 C C 80.024755 18.776441 39.688934 98.858585
375 C C 78.816470 18.821647 39.756414 97.525022
376 C C 79.471398 18.545884 39.722602 99.857373
377 C C 78.862972 18.100463 39.763380 101.915629
378 C C 79.045111 18.109162 39.752723 102.024042
379 C C 79.255989 18.248256 39.738787 101.436501
380 C C 79.204879 18.492391 39.738410 99.958212
381 C C 79.806525 18.007909 39.711263 103.210957
382 C C 79.628838 17.221588 39.731707 106.500502
383 C C 80.019294 16.624349 39.718429 108.545914
384 C C 79.847619 17.055194 39.721915 107.245979
385 C C 79.978059 16.433055 39.723253 108.884247
386 C C 79.760372 16.247100 39.737634 108.977927
387 C C 79.718866 15.814588 39.745766 109.276867
388 C C 79.890599 15.513909 39.740456 109.392835
389 C C 80.280998 15.589432 39.718495 109.757339
390 C C 80.530614 15.939037 39.700625 109.925715
391 C C 80.335634 15.420505 39.717907 109.722231
392 C C 80.204187 15.245097 39.727252 109.451186
393 C C 80.562704 14.037527 39.724885 106.723152
394 C C 80.340181 14.907490 39.724648 109.059226
395 C C 80.625465 13.064472 39.734922 102.021120
396 C C 80.456277 12.781829 39.747519 100.151402
397 C C 80.911727 13.238480 39.717978 103.257561
398 C C 81.031097 12.598058 39.720762 99.454258
399 C C 80.292731 13.978761 39.739783 106.258198
400 C C 80.839701 10.368235 39.760857 81.282527
401 C C 80.993165 13.360883 39.712212 103.988997
402 C C 81.352097 12.958276 39.699996 102.021064
403 C C 81.259966 11.823584 39.720075 94.041690
404 C C 81.565359 11.422626 39.710823 91.089823
405 C C 81.577082 9.026825 39.743242 69.596277
406 C C 81.802644 11.679203 39.696058 93.377822
407 C C 81.188788 11.463274 39.728509 91.096395
408 C C 82.751170 7.396482 39.712858 56.425166
409 C C 81.841765 8.088356 39.743774 61.425109
410 C C 99.867673 11.884364 39.582537 111.434561
411 C C 81.912410 11.578399 39.692324 92.665108
412 C C 99.112375 11.755897 39.554491 109.739413
413 C C 82.517923 10.574698 39.678809 84.605567
414 C C 98.978940 9.782613 39.581049 92.392043
415 C C 99.710188 9.538158 39.613656 90.807503
416 C C 99.842431 6.311390 39.671084 63.956881
417 C C 99.432981 6.670977 39.648341 66.092189
418 C C 99.238909 5.804586 39.654529 60.161075
419 C C 99.988119 5.858125 39.684674 61.174887
420 C C 98.928284 5.133960 39.653392 56.158171
421 C C 99.906124 5.169264 39.692193 57.236290
422 C C 98.001052 5.335961 39.618239 56.353176
423 C C 99.588541 5.751988 39.669410 60.167109
424 C C 99.994031 5.335512 39.693346 58.184943
425 C C 99.995936 5.802983 39.685903 60.847170
426 C C 99.969571 5.385778 39.691467 58.433045
427 C C 99.204714 5.031929 39.665558 55.905871
428 C C 99.687385 5.415156 39.678926 58.333706
429 C C 98.321144 3.669547 39.655151 49.815776
430 C C 98.440303 3.834100 39.656602 50.419035
431 C C 98.161089 2.953255 39.661186 47.946173
432 C C 97.827579 0.055306 39.696399 45.666253
433 C C 97.893660 3.160539 39.649316 48.129388
434 C C 98.043216 2.973557 39.657027 47.877245
435 C C 97.993558 2.748160 39.659006 47.418032
436 C C 97.574365 2.714848 39.646664 46.975366
437 C C 97.482412 2.843061 39.641956 47.113246
438 C C 97.461973 3.058989 39.637960 47.513909
439 C C 97.400929 2.574183 39.643861 46.592675
440 A C 97.482221 2.423616 44.095597 45.624112
441 C C 97.475482 1.706126 39.659696 45.732986
442 C C 97.393091 2.797448 39.640117 46.949387
443 C C 97.196771 1.537196 39.654498 45.371391
444 C C 96.861460 2.127436 39.636368 45.527719
445 C C 96.831745 3.184706 39.619019 47.203081
446 C C 96.304927 0.492865 39.648681 44.270320
447 C C 96.412885 0.018958 39.658547 44.360461
448 C C 96.641117 3.973470 39.601980 49.207123
449 C C 96.265267 1.499440 39.632068 44.490804
450 C C 96.408366 0.646855 39.648620 44.377894
451 C C 96.362409 1.169962 39.639389 44.441085
452 C C 96.103197 0.173445 39.649263 44.074846
453 C C 96.293773 0.900927 39.642054 44.308715
454 C C 95.940485 1.472573 39.625625 44.176834
455 C C 96.012987 1.144393 39.632223 44.110220
456 C C 95.592315 1.465191 39.619044 43.851461
457 C C 96.526228 7.993866 39.536318 73.944474
458 C C 93.160134 7.920608 39.492476 70.208465
459 C C 92.859268 2.220204 39.578039 41.933763
460 C C 93.633976 8.566050 39.485225 76.308941
461 C C 93.307888 8.465196 39.484860 75.105596
462 A C 93.709694 8.683575 44.080342 50.757270
463 C C 93.087655 8.288668 39.486576 73.337052
464 C C 92.970093 8.611447 39.481249 76.104587
465 C C 93.221022 8.440642 39.484821 74.806609
466 C C 92.779736 8.058451 39.489130 71.042660
467 C C 92.657886 8.433750 39.483197 74.226082
468 C C 92.752541 8.790105 39.477963 77.519232
469 C C 92.572110 8.867981 39.476496 78.061261
470 C A 92.729779 9.371575 49.029813 52.109623
471 C C 92.516163 7.933849 39.490596 69.728042
472 C C 92.795198 8.705322 39.479343 76.790255
473 C C 92.683278 8.315191 39.485039 73.198252
474 C C 92.708745 8.553088 39.481475 75.339388
475 C C 92.578310 8.412491 39.483408 73.963631
476 C C 93.020116 8.128328 39.488767 71.870497
477 C C 92.585441 8.802542 39.477504 77.478205
478 C C 92.045196 8.113820 39.488004 70.846174
479 C C 92.600636 8.042659 39.489044 70.741103
480 C C 92.867106 7.783039 39.493535 68.771271
481 C C 92.411894 8.079741 39.488317 70.888055
482 C C 91.734392 7.752900 39.494144 67.474712
483 C C 92.920443 8.449480 39.483559 74.608184
484 C C 92.431667 8.748273 39.478204 76.844117
485 A C 92.166010 9.503659 44.036245 51.213220
486 C C 91.979570 9.329865 39.469771 81.754058
487 C C 91.729246 9.575448 39.466728 83.791320
488 C C 91.518898 9.606467 39.467061 83.884414
489 C C 91.334214 10.158770 39.459661 88.795929
490 C C 91.347944 10.014177 39.461757 87.484449
491 C A 91.354137 10.546979 49.023022 62.558586
492 C C 94.081476 9.661196 39.471946 86.751447
493 C C 94.459679 10.205001 39.467341 92.098391
494 C C 94.199492 10.218650 39.464474 91.982563
495 C C 94.313212 9.919411 39.470192 89.346242
496 C C 94.212304 10.281066 39.463637 92.562455
497 C C 90.568901 10.548617 39.459370 91.622987
498 C C 94.247287 11.134007 39.450865 100.138690
499 C C 90.603228 11.310589 39.447699 98.275317
500 C C 90.579143 10.332757 39.462494 89.686435
501 C C 90.707660 10.530820 39.458414 91.590741
502 C C 90.568950 11.053033 39.451852 96.058049
503 C C 90.547641 10.810966 39.455656 93.932657
504 C C 91.215065 11.040196 39.447121 96.540589
505 C C 90.448056 10.964368 39.454320 95.181215
506 A C 90.108048 10.837357 44.004630 52.353603
507 C C 90.346549 11.060206 39.453912 95.915843
508 C C 89.967870 11.024932 39.458675 95.265282
509 C C 90.418769 11.083385 39.452837 96.181055
510 C C 90.101032 12.813212 39.430559 108.968731
511 C C 90.054570 13.352291 39.423108 112.055055
512 C C 89.984929 13.872805 39.416234 114.475478
513 C A 90.429208 13.706929 49.149287 85.017266
514 C C 90.373712 12.435667 39.433168 106.722893
515 C C 90.323548 12.870430 39.427226 109.529757
516 C C 90.264210 13.416339 39.419749 112.582260
517 C C 90.106954 13.022236 39.427387 110.250845
518 C C 89.982628 14.073710 39.413283 115.280719
519 C C 89.574064 13.530167 39.426788 112.526337
520 C C 88.889964 13.725349 39.434801 112.827860
521 C C 90.458152 13.134245 39.421911 111.224187
522 C C 89.744705 13.897628 39.418979 114.360113
523 C C 89.536002 13.763573 39.423888 113.589775
524 C C 89.641635 14.231565 39.415462 115.541508
525 C C 88.231291 13.846489 39.445577 112.763192
526 C C 86.929489 14.630934 39.464839 114.275260
527 A C 88.953972 13.594650 44.065566 56.190839
528 C C 86.928056 14.087326 39.472728 112.552730
529 C C 89.240920 13.855940 39.427012 113.723600
530 C C 88.592585 13.922022 39.437336 113.409917
531 C C 87.287585 14.468435 39.457990 114.154524
532 C C 88.784279 13.601024 39.438504 112.150652
533 C C 88.843219 13.558968 39.438069 112.000713
534 C C 88.349312 13.797218 39.443902 112.656616
535 C C 87.733929 14.039997 39.453555 113.101542
536 C A 87.304478 15.500637 49.163203 88.947703
537 C C 88.979859 13.148111 39.441731 109.951324
538 C C 88.844182 13.683122 39.436229 112.592401
539 C C 89.015594 15.668094 39.404063 117.550508
540 C C 88.264312 15.597303 39.419317 116.853422
541 C C 86.516801 15.381494 39.465340 115.157461
542 C C 89.138616 15.817409 39.399785 117.650291
543 C C 86.734796 16.471665 39.443538 114.784479
544 C C 88.914706 16.242298 39.397383 117.118357
545 C C 89.298565 16.419952 39.388301 117.204167
546 C C 86.467247 16.406073 39.452014 114.657427
547 C C 88.908282 17.052400 39.385593 115.308284
548 C C 86.446853 16.532908 39.450776 114.408805
549 A C 89.390729 16.057935 44.163280 57.858142
550 C C 89.387708 16.834142 39.380785 116.381385
551 C C 86.634640 16.872946 39.440540 113.775808
552 C C 90.062285 16.484256 39.376536 117.788421
553 C C 86.551431 15.579915 39.461504 115.296840
554 C C 89.634807 17.165170 39.372181 115.601148
555 C C 89.085612 17.464727 39.376430 113.978912
556 C C 86.668618 17.022082 39.437440 113.370732
557 C A 88.248079 17.471520 49.290281 85.548281
558 C C 88.947192 15.669112 39.405234 117.488216
559 C C 85.533587 17.144440 39.470165 111.954431
560 C C 89.094164 15.640007 39.403140 117.618558
561 C C 87.802235 17.260098 39.405140 113.597713
562 C C 85.438297 17.467897 39.468699 110.665237
563 C C 86.662677 20.472928 39.387882 91.550072
564 C C 87.022617 20.715790 39.374434 89.742371
565 C C 84.457236 20.761697 39.456761 87.031340
566 C C 87.108440 20.475677 39.375619 91.928954
567 C C 87.064468 20.954134 39.369867 87.649747
568 C C 85.109703 19.827349 39.446312 95.577057
569 C C 86.343313 20.962168 39.390140 86.926381
570 C C 84.511352 19.597441 39.471186 96.866601
571 A C 86.288600 20.828874 44.260016 48.328011
572 C C 87.060598 20.959831 39.369888 87.594932
573 C C 86.403792 20.897327 39.389276 87.563959
574 C C 86.819627 21.461380 39.369216 82.806865
575 C C 83.986773 23.744081 39.432983 59.773514
576 C C 86.241661 21.282645 39.388595 83.924492
577 C C 85.323619 20.940251 39.423092 86.207580
578 C C 83.952712 20.761742 39.476297 86.582187
579 C C 86.597674 23.747861 39.342573 62.080061
580 C A 86.559431 22.669258 49.558152 44.974947
581 C C 86.540209 24.493689 39.333517 56.106414
582 C C 84.107552 23.996712 39.424625 57.808528
583 C C 85.959627 21.683029 39.391581 79.989784
584 C C 84.052562 24.073223 39.425728 57.144633
585 C C 85.204637 21.556270 39.418423 80.481266
586 C C 85.975741 23.995637 39.357951 59.487717
587 C C 86.647490 24.770410 39.326397 54.167168
588 C C 83.914052 24.127973 39.430503 56.585285
589 C C 85.747079 23.801103 39.368112 60.872734
590 C C 85.712881 24.190728 39.363667 57.695301
591 C C 84.098725 24.688130 39.415236 52.479169
592 C C 86.686110 23.928390 39.337416 60.673282
593 A C 83.573156 25.402881 44.392933 36.274411
594 C C 86.406529 23.550200 39.351055 63.569849
595 C C 86.472341 23.400137 39.351255 64.913248
596 C C 86.485365 23.092463 39.355297 67.610867
597 C C 86.832439 23.886200 39.333867 61.150012
598 C C 86.402095 23.319629 39.354502 65.546145
599 C C 84.829697 23.840535 39.399352 59.725762
600 C A 86.884388 25.724121 49.732709 21.427499
601 C C 85.225320 23.501887 39.390025 62.920126
602 C C 83.478980 25.713198 39.426218 45.157450
603 C C 87.000320 23.215835 39.338902 66.990825
604 C C 87.025698 23.657889 39.331822 63.218959
605 C C 86.622434 23.218242 39.349483 66.628441
606 C C 86.462910 23.496513 39.350148 64.077958
607 C C 85.882546 23.542103 39.367423 63.167069
608 C C 83.375646 23.576969 39.460497 60.635471
609 C C 85.579084 26.493404 39.335247 42.886862
610 C C 85.090020 26.255126 39.355659 43.617209
611 C C 84.622970 26.381565 39.371041 42.569342
612 C C 83.089083 25.747913 39.442504 44.609336
613 C C 84.841273 26.830779 39.356531 40.718345
614 C C 85.909864 24.299749 39.355701 57.020536
615 A C 83.311075 24.141680 44.348217 38.301712
616 C C 85.074274 26.626334 39.350950 41.819987
617 C C 84.939701 26.699138 39.354787 41.374322
618 C C 83.307282 26.722825 39.419411 39.819072
619 C C 84.493747 26.657942 39.372046 41.159457
620 C C 85.036213 24.732074 39.379224 52.995902
621 C C 82.931818 30.346354 39.385349 32.184018
622 C A 85.367994 26.772628 49.793175 15.747872
623 C C 85.140578 24.196564 39.383120 57.136401
624 C C 83.431109 26.808964 39.412904 39.557009
625 C C 85.319772 23.561893 39.385893 62.494024
626 C C 82.952990 25.034820 39.458438 49.014702
627 C C 85.439405 30.324996 39.285391 34.419766
628 C C 82.978626 27.643897 39.420928 36.125303
629 C C 85.633169 30.500538 39.276208 34.551411
630 C C 84.558616 30.566141 39.314297 33.578004
631 C C 83.464826 31.801191 39.341559 32.552909
632 C C 83.003953 32.065652 39.358138 32.128403
633 C C 83.357460 31.041565 39.356834 32.466695
634 C C 82.399440 32.462765 39.380483 31.527032
635 C C 86.889306 30.093769 39.242651 35.804841
636 A C 86.873452 30.181916 44.594105 35.644522
637 C C 87.108996 30.098970 39.236394 36.001318
638 C C 86.958721 32.871943 39.200539 35.439950
639 C C 87.434736 33.467282 39.178753 35.438884
640 C C 87.400163 33.491573 39.179325 35.383609
641 C C 87.099360 32.767681 39.198058 35.615652
642 C C 88.001476 33.928388 39.157649 35.399938
643 C C 87.849264 33.970787 39.160762 35.199821
644 C A 87.585967 34.075542 50.200282 7.610419
645 C C 88.171851 33.308579 39.162648 36.251307
646 C C 87.350894 33.720943 39.177326 35.085104
647 C C 87.830343 31.897862 39.191409 36.464882
648 C C 87.291888 33.484136 39.182361 35.292943
649 C C 88.151817 34.373322 39.147573 34.785354
650 C C 87.944849 33.880957 39.159716 35.415443
651 C C 87.890701 33.587397 39.165320 35.728608
652 C C 89.053679 33.987760 39.133885 36.270651
653 C C 87.332985 33.564974 39.180071 35.247037
654 C C 88.718994 34.379108 39.134875 35.290229
655 C C 88.042075 35.574848 39.132660 31.390719
656 C C 87.606059 34.455354 39.159898 34.125767
657 C C 88.212037 34.312141 39.147058 34.957136
658 A C 88.584542 34.168091 44.768993 36.758151
659 C C 88.181171 34.452725 39.145725 34.653324
660 C C 88.281157 34.471520 39.143132 34.705530
661 C C 88.250795 35.410151 39.130117 32.150843
662 C C 88.676209 35.328951 39.121846 32.804826
663 C C 91.320126 35.565186 39.078650 34.422049
664 C C 88.433403 35.508910 39.124509 31.979667
665 C C 88.572714 36.006852 39.114138 30.187352
666 C A 91.143083 35.026948 50.265497 6.346953
667 C C 88.717146 36.160411 39.108782 29.652428
668 C C 88.683375 35.847850 39.114084 30.940974
669 C C 91.658006 36.230566 39.066017 32.029284
670 C C 90.889675 36.219893 39.073031 31.371957
671 C C 91.205185 36.128216 39.071236 32.072051
672 C C 91.317764 36.467536 39.065136 30.593225
673 C C 91.188230 36.345556 39.068137 31.063002
674 C C 92.026293 36.352223 39.061942 31.802016
675 C C 91.060017 36.322237 39.069727 31.055250
676 C C 91.701505 36.810486 39.056990 29.170704
677 C C 91.639803 36.589441 39.060747 30.278437
678 C C 94.437794 36.719903 39.058917 32.179391
679 C C 95.078945 36.671752 39.065551 33.024915
680 A C 94.365349 36.714204 45.084430 39.887593
681 C C 94.721193 38.223845 39.038036 22.850379
682 C C 93.570543 37.895469 39.036518 24.146466
683 C C 94.336711 38.238321 39.034836 22.388242
684 C C 95.206401 37.385445 39.055935 29.036271
685 C C 94.553248 38.369069 39.034399 21.609555
686 C C 94.200432 38.341185 39.032393 21.494202
687 C C 94.364366 38.698578 39.027942 18.880787
688 C A 94.991138 36.876014 50.435326 0.000000
689 C C 95.063203 38.779409 39.032766 18.881357
690 C C 95.095471 39.429440 39.023050 13.495103
691 C C 95.068791 38.927588 39.030532 17.686838
692 C C 94.986779 38.889251 39.030274 17.923594
693 C C 94.797418 38.493419 39.034560 20.885551
694 C C 95.408210 39.053713 39.032494 16.962112
695 C C 95.027941 38.545414 39.036016 20.696185
696 C C 95.575680 38.656309 39.040836 20.334041
697 C C 95.278579 38.745731 39.035698 19.349818
698 C C 95.296537 38.901305 39.033499 18.111620
699 C C 95.671110 39.204006 39.033628 15.948365
700 C C 95.258138 39.549237 39.023005 12.607826
701 C B 95.202852 39.197328 43.709931 0.000000
702 C C 95.268388 38.472093 39.039820 21.484698
703 C C 95.450649 39.039086 39.033255 17.122506
704 C C 95.246115 38.755759 39.035163 19.239704
705 A C 95.373435 39.358989 45.233217 36.139454
706 C C 95.559281 41.311515 38.999363 0.000000
707 C C 95.682845 41.340619 39.000562 0.000000
708 C C 95.664247 41.602913 38.996229 0.000000
709 C C 95.983689 40.452624 39.018786 5.175898
710 C C 96.692292 41.708267 39.011518 0.000000
711 C A 96.859771 41.544170 50.706245 0.000000
712 C C 96.644692 41.013591 39.021490 0.616995
713 C C 97.321885 41.221752 39.032541 0.000000
714 C C 97.335706 41.482600 39.028750 0.000000
715 C C 97.528791 41.445925 39.033908 0.000000
716 C C 97.826688 41.963461 39.033216 0.000000
717 C C 96.532912 41.805183 39.006982 0.000000
718 C C 97.905712 41.948107 39.035531 0.000000
719 C C 97.732771 41.318154 39.041006 0.000000
720 C C 97.659369 42.178564 39.025552 0.000000
721 C C 97.481458 41.264899 39.035622 0.000000
722 C B 97.056231 42.509575 43.802536 0.000000
723 C C 97.877737 43.391548 39.011943 0.000000
724 A C 98.036209 43.388854 45.551327 29.716696
725 C C 98.056784 41.040745 39.053979 1.669250
726 C C 97.058352 42.703594 39.003350 0.000000
727 C C 99.973906 42.969783 39.086701 0.000000
728 C C 96.870729 43.795741 38.982291 0.000000
729 C C 96.979212 44.092591 38.979846 0.000000
730 C C 98.094515 44.210338 39.004756 0.000000
731 C C 98.129406 44.569750 39.000011 0.000000
732 C C 97.934033 44.065851 39.002742 0.000000
733 C C 98.367768 43.635542 39.021570 0.000000
734 C C 99.843171 43.071078 39.080038 0.000000
735 C A 97.703780 44.705082 50.873279 0.000000
736 C C 98.521829 44.764314 39.008147 0.000000
737 C C 99.943937 44.610984 39.059127 0.000000
738 C C 98.236750 47.197950 38.961266 0.000000
739 C C 98.279662 47.114251 38.963792 0.000000
740 C C 98.485906 45.877453 38.989374 0.000000
741 C C 98.508372 47.191730 38.969126 0.000000
742 C C 98.664039 46.231249 38.989074 0.000000
743 C C 98.770894 45.519051 39.003718 0.000000
744 C C 99.596102 47.312978 39.002743 0.000000
745 C B 99.370887 46.669828 43.934787 0.000000
746 C C 99.640050 46.549453 39.016589 0.000000
747 A C 99.524362 47.557538 45.813339 27.285218
748 C C 99.740090 47.418592 39.006296 0.000000
749 C C 99.618746 47.284586 39.004016 0.000000
750 C C 99.971671 47.566567 39.012625 0.000000
751 C C 99.655909 47.494595 39.001992 0.000000
752 C C 98.861215 46.998049 38.982962 0.000000
753 C C 98.518003 46.917254 38.973777 0.000000
754 C C 99.787770 46.970614 39.015262 0.000000
755 C C 98.113156 44.891210 38.994467 0.000000
756 C A 98.463695 45.766614 50.946598 0.000000
757 C C 99.854621 45.556404 39.040508 0.000000
758 C C 98.195393 50.921410 38.901029 0.000000
759 C C 99.933497 50.984468 38.956170 0.000000
760 C C 98.323073 51.529646 38.894867 0.000000
761 C C 98.120854 50.756575 38.901645 0.000000
762 C C 98.221406 51.651227 38.890150 0.000000
763 C C 98.006056 50.843874 38.897246 0.000000
764 C C 97.665432 51.213394 38.882921 0.000000
765 C C 97.856977 52.219951 38.871667 0.000000
766 C C 97.549512 51.178277 38.880750 0.000000
767 A C 97.856195 51.414639 45.815154 30.653435
768 C B 97.404031 51.660211 43.938756 0.000000
769 C C 99.898107 51.187312 38.951578 0.000000
770 C C 97.323069 51.007045 38.878351 0.000000
771 C C 99.992247 51.169345 38.955416 0.000000
772 C C 97.480200 50.267366 38.893532 0.000000
773 C C 97.956660 51.245523 38.889610 0.000000
774 C C 98.007805 51.424027 38.888097 0.000000
775 C C 99.968005 50.864416 38.959405 0.000000
776 C C 99.578913 51.284430 38.938399 0.000000
777 C C 97.447020 51.099781 38.879644 0.000000
778 C C 99.900921 50.727443 38.959082 0.000000
779 C A 99.892197 50.850347 51.212759 0.000000
780 C C 97.127764 53.264459 38.838669 1.342612
781 C C 97.544643 53.341547 38.846483 2.439409
782 C C 99.777313 53.255086 38.913875 3.696833
783 C C 99.951403 53.558872 38.915415 6.660967
784 C C 99.824819 53.839625 38.906212 9.124095
785 C C 99.677313 53.737960 38.902513 8.056679
786 C C 99.904919 53.565566 38.913574 6.679970
787 C C 99.977552 54.181632 38.906371 12.373123
788 C C 96.750201 53.635784 38.825536 4.420017
789 C C 96.816262 54.285615 38.816552 10.395844
790 A C 97.131187 53.769917 45.844635 35.268798
791 C B 96.625343 53.509323 43.948553 0.000000
792 C C 97.552377 55.031819 38.819972 17.584624
793 C C 96.654949 54.969426 38.802922 16.228034
794 C C 96.719455 55.865738 38.790005 23.512160
795 C C 96.195999 59.257996 38.728517 40.735250
796 C C 96.600459 58.675350 38.743910 39.266961
797 C C 96.433172 58.019988 38.751448 36.447646
798 C C 96.386581 60.522399 38.711575 43.376732
799 C C 96.478544 60.846861 38.707923 43.807620
800 C C 96.309770 61.770035 38.690917 44.169993
801 C C 96.087321 59.688445 38.720276 41.695125
802 C C 96.336806 60.276198 38.714672 42.997839
803 C A 96.109209 60.649471 51.540788 10.208056
804 C C 96.277006 62.208817 38.683582 44.215655
805 C C 95.684365 62.404148 38.672991 43.681292
806 C C 95.802869 64.470689 38.642169 44.144436
807 C C 93.670811 62.376476 38.662314 41.820550
808 C C 93.990230 63.422149 38.646571 42.139335
809 C C 94.338815 62.994638 38.654047 42.445081
810 A C 94.277337 63.425132 46.003574 42.392140
811 C C 94.007931 61.922449 38.669606 42.079329
812 C C 93.718260 62.023957 38.667718 41.829837
813 C B 93.859445 59.258987 44.013682 22.829197
814 C C 93.904442 61.348675 38.678230 41.785560
815 C C 93.647852 62.155863 38.665687 41.782255
816 C C 93.282271 62.355019 38.663011 41.460969
817 C C 93.593713 62.682739 38.657641 41.756689
818 C C 93.691237 62.174155 38.665412 41.824236
819 C C 93.466396 62.079775 38.666940 41.605549
820 C C 93.186724 62.046615 38.667922 41.342895
821 C C 93.417575 62.191997 38.665280 41.573530
822 C C 93.350000 62.540208 38.660064 41.530123
823 C C 93.345850 62.156134 38.665930 41.503653
824 C A 93.117583 64.930958 51.754465 11.053223
825 C C 93.068308 61.720771 38.673207 41.163255
826 C C 93.537924 62.115845 38.666333 41.676186
827 C C 93.571203 62.266412 38.664015 41.721744
828 C C 93.685484 62.495723 38.660491 41.838601
829 C C 93.288993 62.871398 38.655123 41.475838
830 C C 93.402302 63.421120 38.646539 41.596695
831 C C 92.955666 63.969476 38.639384 41.285477
832 A C 92.904840 66.627753 46.046270 42.139096
833 C C 93.065930 63.937898 38.639467 41.377702
834 C C 92.973690 64.201802 38.635781 41.388833
835 C C 93.106362 64.278969 38.634145 41.547311
836 C C 92.966827 64.436333 38.632240 41.504953
837 C B 92.566705 65.137051 44.120332 26.460466
838 C C 92.919704 69.903684 38.549313 63.074381
839 C C 93.192788 69.212951 38.558715 58.296388
840 C C 92.479645 70.320752 38.545621 65.976107
841 C C 92.321478 70.644546 38.541918 68.518735
842 C C 92.087476 68.306491 38.579228 51.651272
843 C C 92.465663 69.395515 38.559734 58.896996
844 C C 91.961601 68.795669 38.573011 54.426788
845 C C 91.994552 69.689760 38.559210 60.601427
846 C A 91.946283 68.776148 51.968476 24.111675
847 C C 91.937513 72.624241 38.515518 85.985659
848 C C 92.502747 72.415547 38.513722 84.579525
849 C C 91.792068 73.207616 38.508271 91.190081
850 C C 91.789652 73.149088 38.509179 90.657560
851 C C 92.161100 72.933228 38.508694 89.031683
852 C C 91.231128 73.686108 38.508068 94.939879
853 A C 91.392632 72.947346 46.201416 51.910627
854 C C 91.787443 70.459962 38.549698 66.482660
855 C C 91.587284 70.938960 38.544738 70.366583
856 C C 91.466290 70.639086 38.550701 67.685744
857 C C 91.679784 70.865951 38.544770 69.819468
858 C B 91.120504 70.533652 44.240830 51.677713
859 C C 91.552347 75.338321 38.479034 108.290679
860 C C 91.508491 75.847411 38.471938 111.497335
861 C C 91.468337 76.477411 38.462993 114.819966
862 C C 91.407009 75.685207 38.475695 110.418131
863 C C 91.242839 74.818261 38.490935 104.261807
864 C C 91.014621 77.392535 38.455738 117.814836
865 C C 91.874571 75.495890 38.472895 109.639116
866 C C 91.218700 78.519210 38.435808 119.569180
867 C C 91.047634 77.739437 38.450040 118.646710
868 C C 91.183220 78.076456 38.442961 119.279776
869 C A 90.732785 78.745855 52.518415 89.729966
870 C C 90.948542 75.384737 38.486790 108.050072
871 C C 90.843213 75.093155 38.492805 105.923949
872 C C 91.040867 75.349295 38.485910 107.895288
873 C C 90.707294 75.405799 38.490357 107.970062
874 C C 90.701577 75.976986 38.481929 111.509511
875 C C 90.750584 74.678398 38.500497 102.737706
876 C C 91.026225 75.570294 38.482824 109.341799
877 C C 90.658379 75.589552 38.488438 109.127555
878 C C 90.777016 76.004362 38.480268 111.733867
879 C C 90.527673 75.385958 38.493727 107.672153
880 A C 90.352710 75.754008 46.261582 56.549909
881 C C 90.062527 77.376418 38.472879 116.897838
882 C C 90.205280 77.306132 38.471109 116.829765
883 C B 90.449469 77.523334 44.387116 103.057417
884 C C 89.500239 81.534559 38.423499 107.781315
885 C C 90.456673 81.935788 38.397458 105.931608
886 C C 90.164978 81.961360 38.402748 105.482074
887 C C 90.561002 81.452204 38.402737 109.278988
888 C C 90.124658 82.051281 38.402229 104.796585
889 C C 90.196879 81.889447 38.403176 106.021279
890 C C 90.078407 81.320165 38.414026 109.656421
891 C C 89.609043 82.147136 38.411941 103.620497
892 C A 88.962525 82.317742 52.796783 73.616923
893 C C 89.908896 80.896113 38.423852 111.918407
894 C C 89.917670 80.107909 38.435348 115.467985
895 C C 89.707600 80.305801 38.436957 114.509511
896 C C 89.616229 80.023426 38.443173 115.493314
897 A C 89.392918 80.711095 46.403847 56.520891
898 C C 89.731034 84.058596 38.380905 87.603678
899 C C 89.630836 83.918727 38.385251 88.784477
900 C C 89.765142 84.100088 38.379527 87.255994
901 C C 90.613559 84.616179 38.354614 83.285204
902 C C 90.207052 85.079619 38.355572 78.636804
903 C B 89.681981 84.333367 44.542390 70.729810
904 C C 66.107637 86.517189 39.935131 45.758893
905 C C 89.955682 82.924854 38.392784 97.785154
906 C C 89.437683 83.000544 38.403324 96.676393
907 C C 89.106570 82.768999 38.414851 98.298526
908 C C 89.259990 83.083233 38.406399 95.814064
909 C C 88.622444 83.279761 38.420142 93.544469
910 C C 89.377438 83.193190 38.401921 94.980848
911 C C 61.252154 83.229429 40.485987 71.989270
912 C C 89.132745 89.522812 38.314759 45.200527
913 C C 89.060396 89.109913 38.322728 47.090664
914 C C 88.893179 88.818218 38.331474 48.474641
915 C A 88.997879 88.785849 53.142689 20.596266
916 C C 88.085848 86.999660 38.381328 60.020055
917 C C 88.643727 85.427793 38.388065 74.022957
918 C C 88.887587 90.861666 38.301604 40.367926
919 A C 88.782308 91.165437 46.749747 37.898146
920 C C 88.426377 85.551639 38.392394 72.702259
921 C C 88.800997 86.088007 38.374066 68.273348
922 C C 88.763203 87.471787 38.354786 57.034521
923 C C 88.977282 86.677913 38.360685 63.426784
924 C C 88.320753 87.484873 38.367195 56.535616
925 C C 88.394447 87.463313 38.365349 56.761043
926 C B 88.331609 87.167785 44.656778 45.082817
927 C C 88.165457 85.889426 38.395123 69.440810
928 C C 87.736676 85.748829 38.410448 70.302588
929 C C 87.394519 89.546823 38.366552 43.514003
930 C C 87.916835 89.627913 38.348258 43.636664
931 C C 87.680006 89.834514 38.352865 42.571869
932 C C 87.162637 89.575247 38.374127 43.179891
933 C C 86.933302 89.641885 38.381297 42.686135
934 C C 85.518674 89.807270 38.434154 40.730461
935 C C 87.589053 88.568769 38.374244 48.703141
936 C C 87.418521 93.059322 38.314789 36.233717
937 C C 85.138705 93.325523 38.400423 34.109697
938 C A 87.285931 88.740754 53.258371 20.458315
939 C C 85.822433 91.587000 38.396115 36.114725
940 A C 54.485092 88.250072 47.700669 14.734851
941 C C 85.253918 95.949865 38.358023 33.761526
942 C C 84.971146 94.805378 38.386864 33.883508
943 C C 84.201854 94.661378 38.424709 33.205737
944 C C 84.521983 96.625979 38.381742 32.450437
945 C C 84.805484 96.220546 38.374313 33.146995
946 C C 84.683632 98.120156 38.353033 29.332384
947 C C 83.266286 97.258149 38.435156 30.296400
948 C B 84.296744 99.926981 45.175795 8.360563
949 C C 82.558362 90.753225 38.563396 34.968918
950 C C 84.821596 92.729293 38.423068 34.040635
951 C C 37.140049 89.879087 43.383242 9.883526
952 C C 85.587716 96.528568 38.335325 33.524759
953 C C 86.181508 88.102001 38.431668 50.320328
954 C C 86.771615 92.034411 38.352663 36.361675
955 C C 82.375693 92.354210 38.551135 32.130964
956 C C 85.885047 90.179222 38.413702 39.674052
957 C C 84.253165 95.904426 38.404714 32.898271
958 C C 86.506454 93.204615 38.345785 35.366269
959 C C 86.071411 93.567661 38.357644 34.909198
960 C C 83.535163 93.401415 38.475323 32.668069
961 C A 82.475002 92.097638 53.865466 8.698196
962 A C 85.462200 98.880179 46.957820 32.552468
963 C C 86.312236 94.915115 38.328730 35.077173
964 C C 84.973785 94.551966 38.390342 33.897465
965 C C 82.179568 97.371111 38.492547 29.104332
966 C C 86.241497 91.526897 38.380166 36.589939
967 C C 83.906561 95.471229 38.427701 32.803593
968 C C 87.003367 87.525338 38.409377 55.045104
969 C C 85.699920 93.409133 38.375137 34.597242
970 C C 82.225859 88.927077 38.606870 41.911568
971 C B 86.722151 90.773049 44.815603 25.327960
972 C C 85.905992 95.937509 38.330432 34.354852
973 C C 86.987899 93.107179 38.329264 35.828600
974 C C 83.782814 93.420796 38.462640 32.884293
975 C C 86.730898 91.974168 38.355042 36.394680
976 C C 84.870758 98.606230 38.337495 27.787986
977 C C 82.022663 98.570298 38.484859 25.406684
978 C C 83.488070 95.233988 38.452041 32.501689
979 C C 85.426873 91.957036 38.407393 35.241990
980 C C 84.518021 97.185921 38.374012 31.549742
981 C C 86.407356 94.107372 38.336621 35.186828
982 C C 81.666113 93.940080 38.569239 30.978615
983 A A 85.528097 98.651168 49.655457 7.050154
984 C C 84.523305 95.331754 38.399978 33.396315
985 C C 82.849518 92.007743 38.530347 32.891042
986 C C 87.006927 99.893819 38.230489 23.471849
987 C C 85.313312 99.097316 38.310605 26.099226
988 C C 81.841656 98.723125 38.493145 24.646514
989 C C 83.614283 97.325634 38.416301 30.465490
990 C C 86.519922 95.987040 38.305226 34.873514
991 C C 81.800589 99.568407 38.483861 20.648567
992 C C 85.641747 95.844131 38.342802 34.176684
993 C C 85.969752 94.213083 38.352510 34.792659
994 C C 83.875994 99.680896 38.370040 21.868496
995 C C 85.912034 95.372893 38.338265 34.627545
996 C C 81.835954 95.945752 38.531796 30.738621
997 C B 70.161895 96.773688 46.465694 12.196524
998 C C 83.319280 94.392741 38.472474 32.428500
999 C C 85.460488 97.908840 38.321104 30.665345
1000 C C 84.276370 98.040459 38.373466 29.217538
