1 A A 1.959217 12.056238 51.361050 16.299015
2 A A 8.262320 17.555595 51.733852 19.007312
3 A A 10.164434 99.426215 51.012903 0.000000
4 A A 18.932240 16.878424 52.369455 19.725582
5 A A 19.197142 22.576630 52.268584 9.385196
6 A A 23.434507 96.376322 50.626051 0.061860
7 A A 26.681605 13.677424 52.903058 19.159050
8 A A 35.569021 16.309450 53.329556 20.736303
9 A A 44.488013 66.456298 51.387660 2.485484
10 A A 62.125807 97.077245 49.453392 3.508716
11 A A 64.706255 73.800584 51.095276 18.470900
12 A A 65.884766 69.491224 51.432206 9.304966
13 A A 74.684923 98.849907 49.299213 4.517861
14 A A 89.527530 35.525907 56.199200 8.229524
15 A B 0.132517 14.843066 49.096738 19.776563
16 A B 0.570316 52.696249 49.786019 0.000000
17 A B 3.945235 20.828987 49.179891 13.251222
18 A B 8.908762 60.073535 49.670839 0.000000
19 A B 12.113734 49.609092 49.449821 0.000000
20 A B 13.286841 80.978665 49.764588 18.392710
21 A B 24.273766 32.700353 49.045299 0.652292
22 A B 38.873210 5.678273 48.866089 5.833302
23 A B 40.407696 21.854727 48.788489 13.944041
24 A B 49.965339 95.137122 47.963138 5.485276
25 A B 55.213999 94.562663 47.727371 7.214310
26 A B 56.421476 64.992437 48.080165 7.842952
27 A B 67.850635 11.715123 48.972864 28.003723
28 A B 69.857035 3.167428 49.210322 13.904405
29 A B 70.720804 92.015686 47.300556 13.930063
30 A B 71.247961 38.761728 48.472727 7.945170
31 A B 71.720088 24.717819 48.796163 18.983564
32 A B 72.293656 77.368075 47.614777 34.070304
33 A B 73.283696 71.825033 47.743728 24.567037
34 A B 80.815546 17.298416 49.367783 38.150015
35 A B 81.832222 58.397684 48.271389 17.871479
36 A B 96.398948 11.284157 51.032407 42.479524
37 A B 99.952209 47.524582 50.151860 9.811856
38 A C 30.718743 42.263634 47.834401 0.000000
39 A C 34.018125 9.070088 46.406726 12.745207
40 A C 37.898431 39.514612 47.188286 0.000000
41 A C 38.353445 20.194959 46.470904 18.821060
42 A C 50.009287 3.762573 45.036492 9.812324
43 A C 50.943097 36.983188 46.140103 6.328081
44 A C 54.268831 84.188231 47.572432 23.072222
45 A C 54.875299 91.793048 47.799163 11.641375
46 A C 78.273834 38.311643 44.873627 22.908670
47 A C 82.762378 14.165430 44.000571 51.233431
48 A C 84.221689 88.876097 46.600382 35.908756
49 A C 89.297746 50.992429 45.371250 21.924304
50 A C 92.119399 31.086829 44.781403 40.398729
51 B A 3.221743 55.064937 55.719007 0.000000
52 B A 5.510217 63.015934 56.206650 0.003653
53 B A 6.650266 59.638038 55.883083 0.000000
54 B A 7.550413 4.062714 51.724313 3.094456
55 B A 12.841825 68.015409 56.088066 6.123019
56 B A 13.890572 0.661595 51.545109 0.067536
57 B A 15.799105 67.010738 55.818599 3.419902
58 B A 16.870877 97.715325 57.674439 0.000000
59 B A 36.520345 81.926724 54.948902 42.864554
60 B A 45.157979 75.044305 53.990463 43.128539
61 B A 47.452289 39.163252 52.860432 0.000000
62 B A 57.802785 23.361814 52.330734 22.011395
63 B A 67.085457 26.553619 52.364700 9.906942
64 B A 70.339822 30.527741 52.398447 5.447002
65 B A 73.675545 28.683903 52.455227 7.048408
66 B A 78.780365 82.764413 52.029039 45.060066
67 B A 80.233707 10.116700 52.888575 37.893051
68 B A 83.113694 87.224927 51.874254 21.538828
69 B A 88.440042 62.691649 52.384713 9.256859
70 B A 90.380145 49.186945 52.790230 0.000000
71 B A 91.323209 31.676700 53.295230 9.915542
72 B A 92.619927 52.258723 52.854200 0.000000
73 B A 99.118514 83.843922 52.312343 43.805950
74 B B 1.049407 15.658877 49.475247 49.998251
75 B B 7.244085 83.075865 52.201691 36.332229
76 B B 11.049498 73.054798 51.422772 31.133043
77 B B 11.606240 36.301934 49.821992 0.000000
78 B B 14.287946 33.939852 49.554639 0.000000
79 B B 14.744149 47.228480 50.061107 0.000000
80 B B 17.727430 53.722051 50.096750 0.000000
81 B B 19.988948 43.896836 49.560790 0.000000
82 B B 21.136188 79.757701 50.779987 49.358825
83 B B 21.643857 76.037130 50.598922 45.966168
84 B B 22.176817 45.552537 49.465074 0.000000
85 B B 27.091292 67.997565 49.838855 6.982348
86 B B 27.910705 85.521656 50.328337 23.519206
87 B B 28.919592 90.282918 50.378689 4.039307
88 B B 29.184876 27.312272 48.387173 4.365688
89 B B 29.800879 93.625859 50.392504 1.277659
90 B B 31.056580 28.242530 48.299611 2.946136
91 B B 33.196490 74.341365 49.488257 39.802168
92 B B 34.547241 42.710656 48.484599 0.000000
93 B B 36.366564 12.688510 47.553587 45.766593
94 B B 39.394965 77.838513 49.010583 52.459771
95 B B 41.843920 21.194277 47.467501 34.413082
96 B B 42.079389 54.811998 48.230799 0.000000
97 B B 43.749768 19.630023 47.326231 43.255646
98 B B 45.981784 68.572316 48.216092 12.376722
99 B B 46.218171 65.363169 48.130406 5.218257
100 B B 49.105407 1.698683 46.706405 5.484433
101 B B 51.783336 2.521905 46.615742 6.841134
102 B B 52.199271 26.250967 46.997130 12.219660
103 B B 52.538427 2.325269 46.583734 6.919960
104 B B 53.427829 94.124714 48.016839 6.602260
105 B B 53.933788 29.542772 46.958293 7.095627
106 B B 56.501436 10.589973 46.559122 40.812236
107 B B 61.064992 93.164461 47.320895 9.489538
108 B B 65.001292 86.173128 46.943856 29.943441
109 B B 66.126485 70.971663 46.742216 30.794431
110 B B 69.406823 46.220222 46.408471 0.000000
111 B B 76.031270 95.918704 46.303753 16.134661
112 B B 77.831169 45.105568 46.184478 0.000000
113 B B 85.699856 65.866504 46.100881 22.928101
114 B B 86.240377 80.432109 46.035535 69.267544
115 B B 88.898396 78.707222 46.051775 73.382442
116 B B 90.556900 50.393119 46.281540 0.000000
117 B B 91.645386 74.565547 46.128079 64.172690
118 B B 94.594805 41.894860 46.547270 0.000000
119 B B 95.649454 19.266038 46.853339 68.465563
120 B B 97.789453 56.813712 46.593024 19.446676
121 B B 98.973898 72.912837 46.476282 59.456913
122 B C 4.078473 66.818638 49.023445 2.930513
123 B C 5.383950 87.697913 49.227313 11.314064
124 B C 15.300298 89.575961 48.267990 4.850763
125 B C 18.272897 6.656017 46.728783 12.254703
126 B C 20.456558 55.755641 47.244844 0.000000
127 B C 22.584613 59.033264 47.080083 0.000000
128 B C 23.672348 84.748563 47.345038 27.936950
129 B C 30.156225 92.764721 46.790524 2.257418
130 B C 33.571024 7.154224 45.248812 16.971254
131 B C 35.449863 4.934729 45.034380 8.660318
132 B C 37.296319 70.143610 45.741103 18.757108
133 B C 40.726928 9.728252 44.585188 33.198924
134 B C 42.760954 44.738198 44.851390 0.000000
135 B C 47.558724 64.247013 44.634719 7.819030
136 B C 48.144688 6.219877 43.832588 17.833440
137 B C 51.422154 56.307559 44.163294 0.000000
138 B C 57.464024 44.436737 43.469783 0.000000
139 B C 59.884464 24.264095 43.022191 28.427984
140 B C 60.463573 96.824394 43.844255 13.868556
141 B C 64.411020 25.153823 42.680103 27.387668
142 B C 66.907124 86.876454 43.213112 34.274610
143 B C 74.108416 57.511645 42.423503 18.086553
144 B C 76.794837 40.545818 42.107273 2.039781
145 B C 77.419002 81.448238 42.521699 71.299928
146 B C 83.501046 18.258420 41.657763 77.892572
147 B C 87.822052 90.523691 42.342370 38.874950
148 B C 93.254919 69.992284 42.183525 55.585565
149 B C 95.115241 88.466894 42.410729 51.319365
150 B C 96.733852 29.411207 41.911152 45.051673
151 C A 9.222714 40.332320 57.466657 0.000000
152 C A 16.041022 75.737632 61.865417 71.080693
153 C A 26.404923 78.395580 60.649869 80.330595
154 C A 32.851938 89.313999 60.995282 9.170090
155 C A 43.439982 18.761127 51.418924 70.896822
156 C A 46.976848 30.447598 52.379628 1.927552
157 C A 62.961271 48.858184 52.615937 0.000000
158 C A 75.396431 58.609261 52.272012 0.908761
159 C A 75.652708 46.768990 51.418509 0.000000
160 C A 81.316394 48.230075 51.201702 0.000000
161 C A 84.935745 25.500155 49.720456 22.341134
162 C A 93.669222 98.409016 53.353378 5.172976
163 C A 98.452006 63.860687 51.706840 11.647129
164 C B 2.344469 51.814096 52.931304 0.000000
165 C B 2.530622 35.359144 51.613273 0.000000
166 C B 4.733050 22.488275 50.381721 37.795841
167 C B 9.799479 7.799284 48.794153 27.868252
168 C B 10.590504 23.673771 49.885574 27.399861
169 C B 17.313522 91.143759 53.832548 2.535312
170 C B 20.616253 5.449619 47.652696 11.573090
171 C B 25.475744 54.433824 50.297034 0.000000
172 C B 25.792466 0.334294 46.858548 0.832782
173 C B 28.059352 62.120082 50.443721 1.033071
174 C B 32.360348 53.034163 49.349797 0.000000
175 C B 39.952246 79.287768 49.797879 82.273574
176 C B 41.126885 43.289301 47.747665 0.000000
177 C B 44.563399 34.353390 46.901229 2.062134
178 C B 48.982753 60.970318 47.672474 4.699673
179 C B 55.981617 85.283615 47.844453 45.611528
180 C B 58.324721 71.019725 46.953677 39.514283
181 C B 59.393024 72.150593 46.869177 50.145190
182 C B 60.944762 99.515513 47.743343 0.000000
183 C B 63.373179 15.273526 44.289589 90.155706
184 C B 63.579933 8.477204 44.022849 44.189242
185 C B 68.845176 1.495828 43.445197 13.087884
186 C B 72.924616 37.314806 44.335237 1.020641
187 C B 79.043228 61.899723 44.614439 17.880800
188 C B 79.971525 41.038491 44.016717 0.000000
189 C B 85.264373 34.919454 43.669567 18.115048
190 C B 86.831814 57.083441 44.100966 9.373055
191 C B 87.306954 82.262688 44.606587 87.159555
192 C B 97.320930 76.941874 44.286793 105.230456
193 C C 6.253632 61.448604 47.473589 0.000000
194 C C 24.665462 32.166586 45.384597 1.130704
195 C C 31.861094 37.527765 44.461561 0.000000
196 C C 58.735054 13.412320 41.526157 87.481607
197 C C 61.697981 51.248096 40.796893 0.000000
198 C C 68.313086 33.160493 40.361819 19.702272
199 C C 82.401185 8.616260 39.711140 66.585991
200 C C 94.300804 27.993531 39.192136 45.433392
201 B C 38.353445 17.103404 44.915897 52.747878
202 C A 60.463573 33.068766 51.453016 3.317644
203 A C 21.615242 76.326322 49.737608 19.360789
204 C C 63.066165 15.434328 41.063862 96.313726
205 B B 91.323209 26.036921 46.500426 31.515103
206 C B 56.621686 71.063408 47.165233 39.263322
207 C B 71.827186 65.048672 45.281016 15.100341
208 C B 81.316394 52.077058 44.226617 0.000000
209 A B 43.677208 50.745062 48.566641 0.000000
210 B B 47.941306 6.115923 46.839429 14.371311
211 A B 0.627121 13.802351 49.075924 18.933440
212 B A 74.684923 97.120135 52.084990 5.133178
213 C A 63.042714 99.206636 56.940552 0.000000
214 A C 51.506664 92.803979 48.064006 9.621692
215 A A 53.209242 27.618054 53.717879 3.630696
216 B C 84.215042 28.683903 41.752924 34.205267
217 C B 76.073815 54.531118 44.619891 0.000000
218 C A 34.018125 51.221685 56.145755 0.000000
219 B A 22.065688 83.522954 56.320391 34.096590
220 C C 89.237098 77.988423 38.482038 117.390365
221 C A 66.311977 48.803092 52.298562 0.000000
222 A C 47.454206 30.447598 46.157175 7.650144
223 B A 57.802785 17.578248 52.248129 50.691625
224 B B 98.973898 4.244045 47.344197 32.692644
225 C C 50.198116 94.796472 41.667887 8.898642
226 A B 5.510217 66.195975 49.868179 0.727763
227 C C 68.313086 97.853595 39.580037 16.607088
228 C A 24.870895 54.144632 57.650717 0.000000
229 A C 83.276146 11.283277 43.901459 47.151052
230 A B 48.461288 0.698945 48.898564 5.062179
231 C C 12.532653 45.508854 46.784417 0.000000
232 C A 83.174109 91.999689 53.792729 8.961332
233 C A 32.360348 56.379848 56.988698 0.000000
234 A B 22.250319 20.499682 49.010655 14.512379
235 B C 50.067547 79.851947 44.590533 57.570006
236 B C 68.102203 42.839911 42.623303 0.000000
237 A B 29.768699 14.565039 48.913388 20.872773
238 A B 93.996387 11.696123 50.709946 41.934582
239 B C 3.287175 87.658655 49.433333 11.478350
240 A B 28.700341 88.902063 49.084422 3.779011
241 C A 73.682191 92.704564 54.895245 6.358130
242 C B 80.024472 59.076049 44.477423 14.522313
243 C C 61.697981 10.322906 41.257150 66.108591
244 A A 99.118514 23.432272 59.126502 19.061787
245 A C 83.501046 18.258420 44.144504 50.710752
246 B B 90.556900 45.525387 46.317327 0.000000
247 C A 0.333496 57.204487 61.154504 0.000000
248 A B 44.502662 37.461406 48.635351 0.316164
249 B B 36.357129 73.848583 49.186719 37.731012
250 C B 31.036741 85.039705 51.411035 41.786771
251 A A 47.533362 39.163252 52.827677 0.000000
252 B C 65.832532 46.220222 42.821365 0.000000
253 A B 81.774464 41.038491 48.757931 8.372435
254 C B 11.116766 36.301934 50.752717 0.000000
255 C B 8.107696 50.801708 52.168267 0.000000
256 A A 58.459174 99.206636 49.376301 1.206922
257 B A 32.639239 53.034163 54.018816 0.000000
258 C B 68.030831 56.770500 45.364646 0.000000
259 B A 0.192942 52.754879 55.685167 0.000000
260 A B 21.275436 44.473368 49.175195 0.000000
261 C C 56.436928 44.899348 41.437363 0.000000
262 B C 27.445624 59.033264 46.589746 0.000000
263 C A 73.400159 51.201938 51.894034 0.000000
264 B A 14.423032 45.057053 54.469373 0.000000
265 A A 81.316394 52.077058 53.691123 0.000000
266 C C 18.921808 49.755324 45.980779 0.000000
267 B B 77.678537 44.897804 46.186400 0.000000
268 A A 5.579456 49.609092 51.413270 0.000000
269 B B 90.455130 45.525387 46.313501 0.000000
270 A C 37.046820 39.514612 47.253125 0.000000
271 B B 10.314577 53.722051 50.654032 0.000000
272 A B 66.311977 46.119397 48.272041 0.000000
273 A B 2.304940 35.359144 49.442681 0.000000
274 B A 32.883016 55.226894 54.101616 0.000000
275 C B 43.763241 50.745062 47.817084 0.000000
276 C B 52.307348 58.344766 47.144156 0.000000
277 B B 27.378833 40.904006 48.937795 0.000000
278 C C 12.827207 45.508854 46.748725 0.000000
279 B C 43.250583 44.738198 44.803109 0.000000
280 C C 30.304229 37.527765 44.654084 0.000000
281 B B 19.327987 50.427242 49.851481 0.000000
282 B A 21.897926 45.552537 54.175870 0.000000
283 A C 3.527786 38.589059 49.716932 0.000000
284 B A 96.389537 53.249822 53.115855 0.000000
285 C B 64.962072 97.048499 47.115633 9.376168
286 B C 0.570316 64.683907 49.328926 0.312244
287 C B 31.602397 53.470878 49.470237 0.000000
288 C A 36.270672 46.788737 55.342042 0.000000
289 B C 92.111747 49.236338 41.958822 0.000000
290 C A 86.886960 48.230075 51.002386 0.000000
291 B C 60.588431 48.806155 43.258860 0.000000
292 C C 63.113903 47.738960 40.690079 0.000000
293 B A 12.633736 99.426215 58.234078 0.000000
294 B B 94.176699 32.441967 46.613259 26.380683
295 B C 7.107514 61.448604 48.644458 0.000000
296 B C 95.972906 50.393119 42.078161 1.485471
297 C A 1.053136 47.440857 59.472733 0.000000
298 C A 65.080188 54.531118 52.889354 0.000000
299 C B 30.018597 52.835814 49.630554 0.000000
300 A B 83.985000 39.864619 48.910942 12.270360
301 B B 28.522825 53.034163 49.241173 0.000000
302 C B 54.092332 41.695681 46.207567 0.000000
303 C B 32.927932 41.797695 48.627824 0.000000
304 A B 80.060638 50.393119 48.424438 1.502739
305 B B 95.500526 39.514612 46.629598 8.207948
306 A C 42.760954 44.738198 47.005767 0.000000
307 B C 8.593655 61.663928 48.503315 0.000000
308 B B 68.422870 42.368243 46.421465 0.000000
309 B A 21.275436 44.473368 54.141352 0.000000
310 C A 56.436928 44.784556 52.895530 0.000000
311 B B 9.176860 45.509654 50.379011 0.000000
312 A C 65.832532 45.425942 45.536288 0.000000
313 B B 61.021269 46.223079 46.798750 0.000000
314 B B 17.862441 57.104947 50.216083 0.000000
315 B B 30.304229 99.920291 50.532438 0.000000
316 B A 43.430753 43.287944 53.130617 0.000000
317 A A 46.681053 44.738198 52.511324 0.000000
318 A B 57.059999 59.909784 48.135833 7.401110
319 A C 35.986148 54.531118 47.865227 0.000000
320 B A 31.777767 40.904006 53.518212 0.000000
321 B A 18.921808 49.755324 54.561166 0.000000
322 B A 86.879580 45.781032 52.677485 0.000000
323 B B 34.063974 55.319470 48.873862 0.000000
324 C C 41.339151 40.877887 43.264016 0.000000
325 B C 50.378224 56.120854 44.259502 0.000000
326 A C 57.806643 57.120812 46.393744 9.891635
327 C B 34.547241 42.719529 48.490296 0.000000
328 A C 30.718743 53.936817 48.248154 0.000000
329 B B 88.543294 48.743772 46.231218 0.000000
330 A B 40.853359 50.627854 48.645893 0.000000
331 B B 2.304940 30.216215 50.113479 0.086330
332 A B 90.650413 49.021014 49.092486 5.462303
333 C C 76.584270 42.640412 39.582241 0.000000
334 A C 66.311977 46.661013 45.556447 0.000000
335 B C 42.079389 51.240437 45.005013 0.000000
336 B C 92.912340 56.390300 42.044201 30.300231
337 B C 6.253632 73.382497 48.915590 32.936958
338 B A 68.973985 48.803298 52.405598 0.000000
339 C B 69.083617 45.218090 44.882831 0.000000
340 C C 61.775052 33.149375 40.992529 15.134214
341 A B 15.254439 45.696207 49.330687 0.000000
342 B A 52.307348 58.344766 53.103809 0.000000
343 C C 44.222880 47.738960 42.849677 0.000000
344 C B 77.134482 34.721746 43.997243 14.201777
345 C B 77.565384 47.445688 44.322079 0.000000
346 B C 57.464024 40.421981 43.420854 0.000000
347 A B 22.584613 60.441737 49.233439 0.296079
348 A A 18.031132 55.442135 51.581882 0.000000
349 C B 78.158752 43.738509 44.185652 0.000000
350 B B 26.110862 51.258647 49.369460 0.000000
351 A B 61.872551 51.949339 48.183805 0.000000
352 B C 59.140077 47.445688 43.363138 0.000000
353 C C 17.105574 47.435663 46.217166 0.000000
354 C C 42.760954 40.300184 43.094972 0.000000
355 B C 12.700124 52.789743 47.965657 0.000000
356 A C 55.174251 47.239740 46.214896 0.000000
357 A A 42.760954 42.498477 52.510281 0.000000
358 B C 75.643472 51.248096 42.276807 0.000000
359 C B 35.900831 44.163854 48.411555 0.000000
360 C C 27.445624 59.033264 44.858593 0.000000
361 B B 47.063204 56.307559 47.880420 0.000000
362 B A 88.982375 45.412452 52.796627 0.000000
363 B C 31.845988 40.304492 45.881351 0.000000
364 C C 33.222902 34.337615 44.317483 0.863908
365 C B 68.603854 42.368243 44.828118 0.000000
366 B A 78.283286 47.581637 52.395229 0.000000
367 C B 69.406823 45.537054 44.866173 0.000000
368 C B 58.164937 44.899348 45.911220 0.000000
369 B C 65.262901 44.964249 42.848431 0.000000
370 B C 69.169112 32.248415 42.432169 20.731204
371 C B 76.547635 43.739015 44.283217 0.000000
372 B C 60.839435 49.646119 43.248310 0.000000
373 A C 11.529299 46.661013 49.429287 0.000000
374 C B 62.047222 44.384414 45.497764 0.000000
375 C B 81.272522 41.166211 43.957980 0.000000
376 C C 75.889332 44.436737 39.607303 0.000000
377 C B 64.681722 45.218090 45.275853 0.000000
378 C C 50.378224 56.188851 42.024287 0.000000
379 C C 26.598698 46.365606 45.051442 0.000000
380 C C 85.912895 41.695681 39.106590 0.000000
381 B C 37.898431 39.353979 45.262243 0.000000
382 C B 94.594805 40.184683 43.714485 0.000000
383 C C 68.030831 57.781926 40.090574 10.852548
384 B A 88.758325 42.631760 52.846162 0.000000
385 B A 90.219378 49.236338 52.779441 0.000000
386 C B 75.611667 44.897804 44.376909 0.000000
387 B B 35.631104 60.225114 48.882781 1.266129
388 B C 59.964729 36.944671 43.167966 7.138566
389 C C 59.226623 49.218072 41.083370 0.000000
390 B B 55.835934 58.344766 47.275410 3.353487
391 C C 45.945248 44.980819 42.665056 0.000000
392 B B 90.455130 48.865101 46.289161 0.000000
393 B A 41.101586 44.771406 53.277690 0.000000
394 C A 41.386569 46.476328 54.713997 0.000000
395 C B 78.195388 42.639907 44.153935 0.000000
396 B A 65.956389 42.795812 52.432548 0.000000
397 A C 67.615319 45.508854 45.456008 0.376769
398 A B 6.253632 59.713515 49.745970 0.000000
399 B B 74.814862 53.141060 46.259464 0.000000
400 B C 57.464024 48.378006 43.517816 0.000000
401 A B 36.018580 40.877887 48.805184 0.000000
402 C B 59.509238 56.120854 46.218137 0.000000
403 C B 79.001885 44.626142 44.161414 0.000000
404 C C 31.861094 42.887770 44.421544 0.000000
405 C C 70.154792 42.322197 40.087688 0.000000
406 C B 80.382988 52.077058 44.277327 0.000000
407 B B 75.644019 28.384448 46.187577 17.495428
408 B A 59.226623 49.218072 52.650771 0.000000
409 A B 65.832532 45.425942 48.284460 0.000000
410 C C 56.025660 47.445688 41.456644 0.000000
411 B B 78.953167 41.166211 46.171835 0.000000
412 B C 85.131976 55.552316 42.014766 19.314414
413 B B 64.635584 49.903894 46.646514 0.000000
414 B C 61.815476 44.384414 43.106640 0.000000
415 C C 78.158752 43.738509 39.463376 0.000000
416 B C 37.898431 29.226358 45.124927 4.563897
417 A A 68.102203 44.740606 53.363732 0.000000
418 C A 68.607113 49.376677 52.143055 0.000000
419 C B 82.839245 36.599306 43.783050 10.274476
420 C C 63.113903 47.617160 40.691471 0.000000
421 B B 69.361238 37.954853 46.360910 1.812049
422 B C 44.116419 51.240437 44.803315 0.000000
423 C B 76.547635 43.843854 44.286160 0.000000
424 A B 73.028385 41.038491 48.455762 3.795580
425 C C 80.990905 37.904339 39.376305 12.737525
426 C C 42.760954 55.889495 42.957055 0.000000
427 C C 45.761548 51.288565 42.629126 0.000000
428 B B 78.195388 50.103139 46.181900 0.000000
429 A C 62.934488 42.640412 45.587527 1.678237
430 B B 69.404410 46.138410 46.408077 0.000000
431 B C 58.394159 48.806155 43.442928 0.000000
432 C B 50.584844 56.188851 47.254009 0.000000
433 B B 30.304229 37.527765 48.629671 0.000000
434 C A 62.307949 51.248096 52.887197 0.000000
435 A A 58.035839 40.421981 53.163134 0.000000
436 C C 57.862048 41.348000 41.317541 0.000000
437 C A 44.827912 45.563658 54.222062 0.000000
438 B B 75.875217 51.248096 46.228181 0.000000
439 A B 92.289893 52.564962 49.114015 12.820457
440 B A 56.436928 44.899348 52.681184 0.000000
441 A A 52.783198 42.837503 52.807777 0.000000
442 B A 80.952545 50.921872 52.397759 0.000000
443 C C 57.464024 44.436737 41.328152 0.000000
444 B C 51.422154 56.429359 44.164830 0.000000
445 A C 56.623322 48.378006 46.161409 0.000000
446 C C 27.611436 51.420620 44.890423 0.000000
447 C C 42.760954 45.016518 43.053248 0.000000
448 C A 25.053982 60.654021 58.495301 0.000000
449 C A 76.547635 43.728342 51.152042 0.000000
450 C C 26.598698 45.340160 45.058414 0.000000
451 B C 47.941058 49.420434 44.406886 0.000000
452 B B 99.592102 40.184683 46.945047 6.841793
453 C C 77.041177 42.035504 39.559157 0.000000
454 A C 63.355031 47.020569 45.718309 0.000000
455 B A 41.339151 35.578726 52.956512 0.000000
456 B C 52.262191 54.364579 44.060291 0.000000
457 A B 36.049137 62.769900 48.760121 2.194377
458 C B 75.727413 41.742830 44.278872 0.000000
459 C B 76.545035 44.436737 44.302967 0.000000
460 B B 93.522416 49.236338 46.417377 0.000000
461 C C 57.293905 44.436737 41.346956 0.000000
462 C C 56.439681 47.894842 41.405362 0.000000
463 B C 57.506906 43.157933 43.450496 0.000000
464 C A 77.933954 49.073589 51.436748 0.000000
465 A C 60.839435 55.873059 46.168047 9.667694
466 B C 75.643472 51.077635 42.274946 0.000000
467 B A 65.700447 46.220222 52.453079 0.000000
468 C A 64.569090 42.317311 51.912691 0.000000
469 B C 57.587196 54.645910 43.583479 0.000000
470 C B 33.634721 35.223136 48.167180 0.000000
471 C B 78.979802 41.038491 44.067920 0.000000
472 C C 50.539418 56.366854 42.003283 0.000000
473 C C 78.158752 44.257214 39.456461 0.000000
474 A A 54.619523 42.009203 52.924148 0.000000
475 B C 60.838044 58.637265 43.355875 11.558211
476 C A 57.464024 40.421981 52.386542 0.000000
477 C B 42.778089 41.090015 47.442326 0.000000
478 A B 65.095201 44.973305 48.292291 0.000000
479 B C 65.025968 50.298354 42.928121 0.000000
480 A B 56.025660 44.620859 48.363982 0.000000
481 C A 68.804996 52.089717 52.340168 0.000000
482 C B 85.912895 43.526139 43.840352 0.000000
483 C A 75.891932 43.739015 51.190997 0.000000
484 B C 56.349133 50.895053 43.646181 0.000000
485 C B 63.879766 64.428555 46.057562 10.919259
486 A C 63.111150 44.899348 45.657099 0.000000
487 C C 59.140077 45.277245 41.135815 0.000000
488 C C 42.873193 48.206364 43.011208 0.000000
489 C C 42.000831 49.662555 43.106004 0.000000
490 B C 51.422154 56.478021 44.165444 0.000000
491 C B 80.515074 52.077058 44.269960 0.000000
492 C C 75.611667 41.755388 39.662038 0.000000
493 C B 68.219479 42.856062 44.876897 0.000000
494 C B 56.620532 48.806155 46.236931 0.000000
495 B A 71.795616 46.437294 52.379124 0.000000
496 A B 76.693133 42.337973 48.519813 2.719912
497 C C 42.760954 43.896487 43.063156 0.000000
498 C B 42.760954 46.484974 47.720545 0.000000
499 C C 42.760954 48.539970 43.022076 0.000000
500 B C 60.453922 56.219043 43.358724 3.108675
501 A A 44.222880 44.201157 52.469892 0.000000
502 C C 57.293905 47.614713 41.312989 0.000000
503 C C 58.489394 42.291689 41.238886 0.000000
504 C C 76.022467 42.114309 39.628201 0.000000
505 B A 74.086507 51.253893 52.350560 0.000000
506 C C 64.658522 50.680627 40.500417 0.000000
507 C C 79.674453 44.436737 39.361123 0.000000
508 B B 57.464024 45.014651 46.985289 0.000000
509 C C 54.659840 59.474737 41.487040 8.374267
510 C B 61.682895 37.885609 45.285023 0.000000
511 A C 57.506906 43.176211 45.923210 0.000000
512 B B 42.019791 53.736432 48.210529 0.000000
513 C B 41.339151 44.372653 47.779360 0.000000
514 C C 83.356668 41.738098 39.207217 0.000000
515 C A 45.945248 44.947446 54.030894 0.000000
516 A C 58.799598 52.676963 46.176856 1.382585
517 C C 65.378757 28.442915 40.689665 20.009047
518 C C 78.158752 35.194336 39.577287 23.944866
519 C C 53.754713 36.829675 41.824150 0.000000
520 B B 91.398427 48.145765 46.330262 0.000000
521 B B 60.154809 29.736231 46.652755 9.295837
522 B A 54.291691 48.855575 52.826083 0.000000
523 C C 39.921851 45.016518 43.403173 0.000000
524 C C 55.278201 49.321592 41.521602 0.000000
525 B C 38.966886 44.812818 45.229382 0.000000
526 C C 56.305837 50.913363 41.388504 0.000000
527 A C 56.025660 47.207295 46.158550 0.000000
528 A C 77.133383 35.585797 44.798456 25.770784
529 B C 75.383510 54.532788 42.325376 5.563895
530 B B 49.449848 58.185916 47.735940 0.847174
531 A C 68.102203 45.307472 45.427447 0.935426
532 C A 77.041177 44.134702 51.152064 0.000000
533 B C 65.262901 46.893176 42.870885 0.000000
534 A C 66.914082 43.400918 45.414235 2.930264
535 C B 56.454767 51.298422 46.359272 0.000000
536 C C 42.316988 45.355760 43.104798 0.000000
537 A C 48.484453 54.644525 46.935173 0.309948
538 A C 61.815476 40.889648 45.587706 4.868073
539 A C 63.144655 45.549130 45.678048 0.000000
540 A A 67.730366 47.772332 53.114579 0.000000
541 B C 50.718702 49.201490 44.139653 0.000000
542 C A 42.344859 53.850045 55.428337 0.000000
543 C B 76.713095 36.744171 44.077275 6.232265
544 A A 57.862048 48.318795 52.649593 0.000000
545 B C 59.115622 44.091291 43.324708 0.000000
546 B C 60.839435 46.806909 43.214380 0.000000
547 B B 59.905352 42.520492 46.816270 0.000000
548 C C 29.418929 56.684509 44.626406 0.000000
549 A C 76.584270 42.731038 45.058276 11.814582
550 B C 66.461143 59.249133 42.926698 16.612444
551 A C 85.912895 47.772063 45.189552 14.867271
552 C A 78.498694 41.755388 50.914545 0.000000
553 C C 37.958873 46.731347 43.632338 0.000000
554 B B 70.569271 56.095646 46.417658 1.502258
555 C C 44.474944 40.683132 42.882784 0.000000
556 C C 69.663843 51.220901 40.021406 0.000000
557 C C 68.912797 44.926392 40.165351 0.000000
558 B C 56.439681 42.847979 43.539539 0.000000
559 C C 77.049802 50.913363 39.441466 0.000000
560 A B 53.754713 36.685397 48.494648 4.168384
561 C C 51.356899 43.138671 42.037399 0.000000
562 C C 45.945248 49.830878 42.620191 0.000000
563 B C 64.411523 56.009900 43.041092 4.790419
564 C C 42.759956 48.206364 43.025150 0.000000
565 B A 61.815476 48.484869 52.561998 0.000000
566 A C 57.880262 44.085170 45.931895 0.000000
567 C C 63.822641 51.358532 40.576510 0.000000
568 A C 82.782610 41.964157 44.966409 18.793663
569 A B 57.684467 43.559740 48.358132 0.000000
570 A C 70.320436 42.322197 45.232071 7.680232
571 C C 42.000831 54.019432 43.067879 0.000000
572 C A 33.674628 47.445688 55.724936 0.000000
573 B B 94.292236 48.503542 46.464990 0.000000
574 B C 50.378224 45.453917 44.124204 0.000000
575 A C 44.222880 39.693985 46.719133 0.000000
576 A C 59.140077 45.277245 45.896814 0.000000
577 C A 63.354486 17.834317 49.920553 78.865184
578 A C 40.995064 56.586159 47.556590 1.066197
579 A C 56.436928 40.776011 45.906469 1.801513
580 C B 53.722347 49.348787 46.581715 0.000000
581 B A 50.260906 56.404710 53.168578 0.000000
582 B B 71.046033 47.886774 46.358098 0.000000
583 A C 59.691399 41.207922 45.721232 2.769525
584 C C 75.889332 44.581014 39.605421 0.000000
585 C B 71.033756 43.993495 44.683727 0.000000
586 C C 78.158752 48.542252 39.399333 0.000000
587 B B 73.392394 45.140402 46.274389 0.000000
588 A B 42.874192 43.896487 48.629287 0.000000
589 C A 42.760954 42.996454 54.169395 0.000000
590 B C 58.129786 44.546102 43.413856 0.000000
591 B C 62.660133 38.482788 42.969968 2.442977
592 C C 42.237965 46.234753 43.106797 0.000000
593 C C 75.423029 51.954631 39.543154 0.000000
594 B B 57.128261 40.289986 46.940620 0.000000
595 C C 54.936247 40.588380 41.651307 0.000000
596 C C 54.769313 36.216054 41.715529 3.417214
597 A A 60.324368 45.191416 52.948961 0.000000
598 C C 73.873906 51.248096 39.669486 0.000000
599 C C 76.595022 51.077635 39.470690 0.000000
600 C A 44.086553 45.355760 54.282601 0.000000
601 A B 79.251695 45.012054 48.538768 0.000000
602 C A 72.968536 42.651385 51.296730 0.000000
603 B C 72.687264 44.581014 42.358246 0.000000
604 B C 77.047678 40.611299 42.096953 1.874375
605 C A 65.262901 44.964249 52.074361 0.000000
606 B A 59.076743 45.277245 52.605490 0.000000
607 B C 75.643472 48.638441 42.248327 0.000000
608 C C 59.243199 43.621380 41.142772 0.000000
609 C C 54.523065 49.035754 41.610793 0.000000
610 B C 51.861804 47.396190 44.009963 0.000000
611 C C 78.141377 43.738509 39.464485 0.000000
612 C C 57.482687 40.865701 41.364345 0.000000
613 B C 56.381682 49.281258 43.623517 0.000000
614 C C 50.594185 57.764317 41.982995 0.000000
615 B C 68.102203 42.921900 42.624241 0.000000
616 C A 63.985344 44.709782 52.165942 0.000000
617 C C 80.226854 38.876128 39.404807 4.714574
618 C C 86.434968 37.946848 39.143174 17.262506
619 C C 63.380598 45.645945 40.686906 0.000000
620 C C 55.632152 51.291933 41.460762 0.000000
621 C C 91.892700 38.693145 39.027394 16.644925
622 C C 54.225805 53.176168 41.602261 0.000000
623 C B 93.262312 29.362148 43.518462 26.585560
624 B C 45.945248 58.113473 44.713206 2.281573
625 A C 74.102435 51.248096 45.416512 9.229340
626 C C 63.133763 48.542252 40.678872 0.000000
627 C A 53.895525 33.605965 52.067736 1.883522
628 A C 92.111747 49.236338 45.409371 21.695304
629 B C 76.588521 51.077635 42.230658 0.000000
630 C C 55.072945 47.614713 41.562741 0.000000
631 C C 72.475480 50.913363 39.785313 0.000000
632 C C 58.489394 42.059402 41.241404 0.000000
633 C A 56.474044 49.306807 53.317830 0.000000
634 C C 82.942941 53.812625 39.057772 0.000000
635 C C 54.456268 47.445688 41.634874 0.000000
636 C C 78.183676 33.560975 39.597506 27.211013
637 A C 50.539418 56.849152 46.867060 5.505821
638 C C 67.519229 47.935176 40.256684 0.000000
639 C C 69.161517 44.156044 40.152473 0.000000
640 C C 55.862192 54.322132 41.402823 0.000000
641 C C 54.917118 50.407581 41.551476 0.000000
642 B C 57.293905 44.905396 43.490225 0.000000
643 C C 70.151496 46.403554 40.037702 0.000000
644 C A 75.585170 67.689127 52.896883 14.594046
645 C C 52.619727 41.752021 41.904366 0.000000
646 C C 75.641992 51.077635 39.538558 0.000000
647 C B 60.034294 47.617160 45.825691 0.000000
648 C C 60.669659 50.919449 40.909348 0.000000
649 B C 79.674453 44.463175 42.035677 0.000000
650 B C 65.604003 46.220222 42.838011 0.000000
651 A C 69.729342 47.935176 45.451199 1.379811
652 A B 56.436928 35.978071 48.476635 5.941387
653 A C 77.049802 37.989363 44.883758 22.467257
654 C C 85.584288 41.695681 39.118092 0.000000
655 C C 61.948820 47.683971 40.810813 0.000000
656 C B 63.822641 56.888957 45.786438 0.000000
657 C C 69.328227 51.220901 40.051360 0.000000
658 B C 56.875570 43.684836 43.511685 0.000000
659 B C 72.099252 51.954631 42.474123 0.000000
660 C C 83.844528 40.370970 39.205063 0.000000
661 A C 93.056225 44.214387 45.277681 23.678368
662 A A 70.350707 51.777423 52.948237 0.000000
663 C B 79.674453 46.842385 44.182177 0.000000
664 C C 69.780821 42.452525 40.118621 0.000000
665 C C 66.441689 42.291689 40.425384 0.000000
666 C C 56.923154 39.002003 41.445903 0.000000
667 A A 56.439681 47.894842 52.627726 0.000000
668 C B 75.889332 44.436737 44.345334 0.000000
669 C C 83.356668 51.734002 39.067369 0.000000
670 A C 57.759222 39.485454 45.778038 5.489244
671 C C 69.604037 44.171355 40.113068 0.000000
672 C B 53.016362 51.840170 46.771671 0.000000
673 C C 76.376488 34.926202 39.697688 23.216474
674 C C 75.980322 44.581014 39.598965 0.000000
675 A A 62.213306 43.357389 53.157752 0.000000
676 A B 54.113599 43.366283 48.407964 0.000000
677 B B 55.960746 51.291933 47.165361 0.000000
678 C C 57.293905 47.407850 41.315200 0.000000
679 C C 60.669659 46.527267 40.958171 0.000000
680 C C 64.650979 45.645945 40.559673 0.000000
681 C C 68.519393 51.248096 40.124308 0.000000
682 C C 78.141377 52.563038 39.346856 0.000000
683 C A 71.945370 45.668800 51.592329 0.000000
684 B C 62.537442 53.812625 43.160936 0.000000
685 B C 55.862192 54.322132 43.731491 0.000000
686 C C 75.503607 48.276692 39.585043 0.000000
687 B C 63.214780 40.071994 42.945673 0.000000
688 C C 56.679808 50.783035 41.347815 0.000000
689 A A 78.158752 44.257214 54.112086 0.000000
690 C A 77.649825 51.459246 51.615749 0.000000
691 C B 64.658522 45.041461 45.271634 0.000000
692 C C 58.489394 42.193234 41.239954 0.000000
693 B C 60.222546 54.623458 43.358821 0.000000
694 C C 75.132093 38.684850 39.736470 1.966013
695 A A 73.609132 49.270887 53.344964 0.000000
696 A C 60.721907 44.685172 45.782810 0.000000
697 B B 80.081869 40.062499 46.166827 0.000000
698 C A 58.489394 24.383477 50.819458 25.002653
699 A C 57.293905 51.799473 46.239091 0.000000
700 B C 78.141377 49.326882 42.145195 0.000000
701 A C 68.224216 51.215871 45.628573 4.610633
702 C C 75.326241 51.273039 39.559118 0.000000
703 B C 73.694513 47.591663 42.336181 0.000000
704 C C 74.144629 51.127711 39.650055 0.000000
705 C C 68.937336 47.624688 40.130326 0.000000
706 C C 85.782888 45.032575 39.063375 0.000000
707 C A 69.156888 44.156044 51.686728 0.000000
708 C C 79.883257 41.695681 39.386079 0.000000
709 C B 78.158752 44.257214 44.199639 0.000000
710 B A 83.652173 41.528393 52.614355 0.000000
711 C B 61.671533 45.585778 45.580667 0.000000
712 C C 69.505967 49.923390 40.051339 0.000000
713 A B 78.066778 44.460386 48.510404 0.000000
714 C C 63.380598 50.456043 40.631784 0.000000
715 B B 67.477555 50.936620 46.519211 0.000000
716 B B 73.465078 46.197154 46.276027 0.000000
717 A B 65.915951 59.072145 48.024014 10.496459
718 C C 66.612108 49.704104 40.321258 0.000000
719 C C 85.754957 50.913363 38.980300 0.000000
720 B C 72.475480 47.810319 42.406191 0.000000
721 C B 78.883584 43.738509 44.144534 0.000000
722 C C 78.161493 48.542252 39.399156 0.000000
723 C C 90.127427 41.755388 39.000505 0.000000
724 C A 69.780821 40.486147 51.353503 0.000000
725 C C 63.822641 47.973890 40.615485 0.000000
726 B C 60.669659 55.889124 43.336917 1.731101
727 C C 62.399782 51.340404 40.722599 0.000000
728 C B 82.942941 53.905816 44.189285 0.000000
729 C C 65.424087 47.387033 40.463350 0.000000
730 B C 60.108196 40.615640 43.200225 0.000000
731 B B 74.724707 42.322197 46.233919 0.000000
732 C A 83.356668 51.734002 51.327381 0.000000
733 B B 77.041177 43.879680 46.194636 0.000000
734 C A 74.402200 50.933970 51.800191 0.000000
735 C A 64.756592 44.335234 52.066053 0.000000
736 A C 79.749053 43.714860 45.042463 12.574344
737 B B 66.389208 57.693643 46.622430 5.760943
738 A A 60.711334 47.918005 52.781896 0.000000
739 A A 75.968033 51.284034 53.338538 0.000000
740 A A 63.779353 45.645945 53.071907 0.000000
741 A C 68.742378 53.777967 45.695854 10.703707
742 C B 78.141377 52.563038 44.424721 0.000000
743 C A 76.022467 50.208991 51.635650 0.000000
744 C C 78.032495 41.695681 39.498658 0.000000
745 A C 75.889332 44.581014 45.138026 7.934413
746 B A 59.226623 49.274847 52.651486 0.000000
747 C C 82.180160 41.738098 39.262558 0.000000
748 C C 75.858321 41.695681 39.645254 0.000000
749 B A 60.506273 51.241838 52.631442 0.000000
750 C B 73.946618 44.581014 44.482745 0.000000
751 C B 79.883257 41.695681 44.038081 0.000000
752 B C 78.161493 48.542252 42.135961 0.000000
753 C C 68.937336 46.899625 40.139146 0.000000
754 B C 77.291168 47.935176 42.165604 0.000000
755 B A 69.614174 41.535931 52.394669 0.000000
756 C C 73.206017 52.044863 39.711994 0.000000
757 C A 85.242002 42.640412 50.721340 0.000000
758 C C 84.842116 36.978112 39.212623 22.007669
759 C C 80.515708 44.444317 39.312857 0.000000
760 C C 82.180160 44.870431 39.219202 0.000000
761 B C 69.161517 44.587512 42.572921 0.000000
762 C A 70.151415 42.322197 51.468798 0.000000
763 A C 78.280823 45.637347 45.128482 8.719246
764 A C 69.328227 51.220901 45.582155 5.445747
765 C C 76.612823 43.041911 39.575007 0.000000
766 C C 85.669136 50.401151 38.990733 0.000000
767 C C 84.431233 58.054276 38.930921 25.639392
768 A A 73.081552 42.535292 53.857839 0.000000
769 C C 80.175053 50.235358 39.253374 0.000000
770 C C 75.137100 52.811472 39.553179 0.000000
771 C B 89.227888 58.224356 44.054710 16.559709
772 C A 75.980322 41.754413 51.046906 0.000000
773 B A 83.356668 42.855918 52.581552 0.000000
774 C B 69.505967 49.923390 45.002136 0.000000
775 C C 72.475480 29.896070 40.050381 23.587302
776 B C 83.844528 41.329638 41.890085 3.598511
777 A B 76.595022 51.077635 48.296536 0.937572
778 C C 75.161496 42.084700 39.690300 0.000000
779 C C 67.269238 42.035504 40.350603 0.000000
780 B C 79.406204 51.380651 42.118790 0.000000
781 B A 75.424908 48.186460 52.367549 0.000000
782 C A 67.354529 52.293570 52.487532 0.000000
783 A C 77.860180 35.920427 44.797060 26.059092
784 B C 74.144629 51.127711 42.351237 0.000000
785 C C 69.317476 44.149546 40.138678 0.000000
786 A C 70.154873 46.403554 45.380957 1.662192
787 A A 82.820871 50.734653 53.951177 0.000000
788 B B 68.519393 61.879288 46.544501 12.628161
789 C C 78.141377 53.259637 39.337570 0.000000
790 C C 90.574210 24.552744 39.250589 59.335769
791 C C 65.082829 56.138635 40.394616 0.000000
792 C A 84.962114 45.236749 50.880995 0.000000
793 C C 66.612108 43.207256 40.398369 0.000000
794 A B 63.941149 51.734002 48.171714 0.000000
795 C C 80.568353 39.191004 39.381568 2.404976
796 C A 81.248647 41.737915 50.793123 0.000000
797 A C 61.475173 52.274758 46.005647 2.167078
798 C C 75.889332 53.641450 39.487233 0.000000
799 B C 75.894465 53.227634 42.286342 0.000000
800 C B 75.636859 44.345852 44.359391 0.000000
801 C C 72.475480 48.659391 39.813740 0.000000
802 B B 77.939090 41.909482 46.181222 0.000000
803 A A 74.144629 41.214292 54.045034 0.000000
804 A C 73.023340 49.599214 45.391379 5.517554
805 A B 71.921597 44.444317 48.357257 0.000000
806 A B 68.685524 49.824097 48.206574 0.000000
807 C A 85.754957 51.024249 51.194178 0.000000
808 C C 79.063658 44.870431 39.391807 0.000000
809 A C 79.715834 44.436737 45.067924 11.364791
810 C A 77.018107 48.535793 51.455630 0.000000
811 B B 90.127427 41.420628 46.330591 0.000000
812 B A 75.889332 44.477104 52.395932 0.000000
813 A C 83.356668 41.561933 44.953458 20.210929
814 A C 81.335304 48.617780 45.200723 11.348757
815 C B 83.356668 50.998567 44.101819 0.000000
816 B C 75.334683 42.640476 42.197749 0.000000
817 C C 78.222572 43.769487 39.458899 0.000000
818 C C 65.479227 39.439571 40.551155 0.000000
819 B C 78.175717 49.182958 42.142269 0.000000
820 A B 70.151496 46.437414 48.289615 0.000000
821 C A 83.844528 42.880368 50.773793 0.000000
822 C A 77.387437 50.401151 51.560299 0.000000
823 C C 85.482120 44.561410 39.080896 0.000000
824 C A 69.663843 51.082414 52.186537 0.000000
825 B C 80.629605 49.202053 42.054151 0.000000
826 A C 85.592113 51.140407 45.302414 18.858542
827 B C 81.114961 55.370078 42.104137 14.855196
828 C B 74.132608 41.755388 44.385523 0.000000
829 A C 86.603331 44.907078 45.100340 16.795946
830 C C 83.601178 53.701740 39.028642 0.000000
831 C A 75.889332 44.581014 51.250161 0.000000
832 C B 78.099997 52.563038 44.427373 0.000000
833 C C 77.049802 54.318737 39.396544 0.000000
834 A A 75.815722 51.077635 53.345223 0.000000
835 C C 69.328227 51.555662 40.047272 0.000000
836 C B 79.878774 41.655314 44.037267 0.000000
837 B C 75.137100 52.987637 42.320705 0.000000
838 C C 74.714436 41.620153 39.729208 0.000000
839 A C 69.059159 42.505681 45.288844 6.327327
840 C C 80.206829 43.041847 39.349312 0.000000
841 C B 78.141377 53.557942 44.451561 0.000000
842 C C 78.158752 42.701484 39.477202 0.000000
843 C B 74.882101 49.149213 44.550606 0.000000
844 B A 88.984652 44.591735 52.815395 0.000000
845 C B 77.271162 41.202367 44.168435 0.000000
846 C C 75.980322 40.248212 39.655534 0.000000
847 C C 75.631530 43.055299 39.643703 0.000000
848 C C 81.924480 41.695681 39.275870 0.000000
849 C B 77.911956 48.542252 44.330397 0.000000
850 B A 87.641607 41.145143 52.813208 0.000000
851 C B 83.368412 43.414767 43.923856 0.000000
852 C C 81.000881 69.278655 38.946194 47.758773
853 C A 77.049802 42.035221 51.007469 0.000000
854 B A 80.857167 43.482062 52.493245 0.000000
855 C C 75.446711 51.928967 39.541749 0.000000
856 B B 78.158752 42.701484 46.179234 0.000000
857 C B 90.031906 37.431730 43.645453 9.549190
858 C C 75.566940 38.941659 39.701831 0.253876
859 A A 82.849717 41.695681 54.788127 0.000000
860 C C 84.357679 44.561410 39.124544 0.000000
861 C B 70.182530 51.267717 44.987641 0.000000
862 B A 76.916142 52.811472 52.336805 0.000000
863 A C 79.634481 41.695681 44.973450 16.662463
864 C C 70.283386 44.436737 40.050500 0.000000
865 A C 75.886697 45.306570 45.163363 7.036076
866 B C 92.767241 41.695681 41.898408 9.605630
867 C A 73.594718 42.615142 51.253055 0.000000
868 A C 82.180160 29.004040 44.516323 31.698488
869 C C 76.356397 38.861940 39.647490 1.554695
870 C C 72.006556 36.288618 40.007482 14.729008
871 C A 85.079865 39.356135 50.532682 0.000000
872 C B 78.161493 52.125276 44.411630 0.000000
873 C C 83.009034 50.610941 39.099267 0.000000
874 C C 87.340477 41.483391 39.065088 0.000000
875 C C 77.029801 43.752954 39.537270 0.000000
876 C B 83.142934 50.573824 44.101339 0.000000
877 C B 76.035306 42.114309 44.269786 0.000000
878 C C 75.503607 48.544943 39.581557 0.000000
879 C C 76.595022 50.637420 39.476471 0.000000
880 C C 74.202963 51.153375 39.645234 0.000000
881 A C 66.959201 48.163326 45.578628 0.000000
882 B C 81.176894 45.245776 41.995702 0.000000
883 B C 78.287161 43.778964 42.079840 0.000000
884 C B 71.934075 53.701740 44.916939 0.000000
885 C C 90.911626 44.870431 38.943488 0.000000
886 A C 80.175053 50.240679 45.265268 12.436604
887 A C 78.141377 53.259637 45.395978 17.016247
888 A B 74.036196 39.933760 48.504732 6.826293
889 A C 90.754752 42.035504 45.107397 25.822745
890 C A 76.488205 40.878979 50.957878 0.000000
891 C C 85.298000 50.401151 39.004547 0.000000
892 C C 78.141377 43.763780 39.464148 0.000000
893 C C 93.273736 41.133255 38.986599 0.000000
894 B C 83.613094 47.144726 41.954794 0.000000
895 C C 80.639799 48.464113 39.251110 0.000000
896 A B 79.354576 43.945988 48.571248 0.967883
897 C B 82.180160 44.870431 44.008059 0.000000
898 C C 80.449615 44.375692 39.317485 0.000000
899 C C 85.944142 42.640412 39.091993 0.000000
900 C C 70.114318 53.227556 39.956918 0.000000
901 B C 94.501453 44.870431 41.974549 0.000000
902 C C 78.141377 48.823953 39.396697 0.000000
903 C B 85.754957 44.643991 43.869247 0.000000
904 A C 91.108295 30.703780 44.727814 39.475484
905 C C 75.584713 55.783221 39.481525 4.054885
906 B C 85.584288 41.695681 41.866966 3.057312
907 C C 89.893861 44.376358 38.965353 0.000000
908 B C 85.944142 44.526848 41.891821 0.000000
909 B C 78.259705 50.235358 42.150199 0.000000
910 C A 80.450523 42.805448 50.894042 0.000000
911 C A 79.436739 41.303977 50.840895 0.000000
912 C C 82.990673 43.901528 39.193693 0.000000
913 C A 76.431047 53.729842 51.852941 0.000000
914 C C 90.718713 41.788670 38.991848 0.000000
915 B C 79.218521 49.056182 42.100853 0.000000
916 C C 75.446711 51.735786 39.544258 0.000000
917 A C 87.106965 50.681741 45.309381 19.345520
918 A C 78.322729 40.269259 44.941007 18.822040
919 B B 80.872543 52.695400 46.149913 0.000000
920 C C 76.001955 54.318737 39.470271 0.000000
921 C C 87.227150 53.701740 38.891365 0.000000
922 C C 69.114269 47.635061 40.114293 0.000000
923 C A 84.357679 51.661524 51.281751 0.000000
924 B A 85.983663 56.546350 52.430119 0.000000
925 A B 78.141377 43.738509 48.531808 0.682680
926 A A 85.782888 51.301947 54.195531 0.000000
927 A C 78.088463 40.509236 44.953037 18.075304
928 C C 80.300320 40.481371 39.378859 0.000000
929 C C 83.380281 41.695681 39.206755 0.000000
930 C C 65.714715 53.259637 40.366017 0.000000
931 C A 86.196201 44.561410 50.810060 0.000000
932 A C 80.207819 43.041847 45.014611 14.247013
933 B C 77.293129 44.444317 42.127827 0.000000
934 C C 76.604351 41.738098 39.592714 0.000000
935 C C 78.240933 57.292059 39.277309 16.383491
936 A C 75.849551 41.695681 45.038433 13.477911
937 C C 94.574147 45.411813 38.926023 0.000000
938 C C 78.472372 48.041818 39.385994 0.000000
939 C A 77.807351 48.577361 51.410708 0.000000
940 C C 81.924480 36.862058 39.342618 20.077090
941 A C 85.693570 30.518440 44.587974 34.558920
942 C A 85.134024 41.467920 50.655291 0.000000
943 C C 77.799751 41.686116 39.513755 0.000000
944 B C 87.051758 44.436737 41.881870 0.000000
945 B B 80.031392 41.483391 46.165908 0.000000
946 C C 83.356668 46.699827 39.137800 0.000000
947 A A 72.584604 28.259147 54.974334 6.447458
948 C C 66.097108 44.870431 40.427783 0.000000
949 A C 78.131477 43.589045 45.059543 11.423531
950 C B 79.971503 51.996500 44.298602 0.000000
951 C C 78.431744 39.098233 39.508113 1.352206
952 A C 82.207693 50.415630 45.260358 14.501630
953 C C 77.049802 43.851697 39.534619 0.000000
954 B B 70.781262 44.827663 46.351871 0.000000
955 C B 82.995691 37.580554 43.800629 4.629094
956 A C 81.988915 41.492610 44.950699 19.166142
957 C B 83.356668 46.699827 44.001203 0.000000
958 A C 80.175053 43.513434 45.031305 13.307131
959 C C 91.704582 48.589852 38.879709 0.000000
960 B A 78.284881 41.282601 52.458328 0.000000
961 A C 81.315388 45.622986 45.096712 11.337558
962 C A 81.081651 44.870431 50.998981 0.000000
963 C C 84.768517 50.467032 39.024314 0.000000
964 C A 78.426765 51.284508 51.555821 0.000000
965 C B 79.063658 44.870431 44.164414 0.000000
966 B C 83.356668 43.515505 41.922485 0.000000
967 C B 97.668919 41.755388 43.810480 0.000000
968 B C 83.382617 41.788670 41.904031 0.568519
969 B C 77.049802 50.913363 42.208273 0.000000
970 C C 78.472372 53.683236 39.310558 0.000000
971 B C 84.869756 41.695681 41.876512 2.417623
972 A C 84.504576 37.833387 44.829953 29.191195
973 C A 85.958706 47.621050 50.991707 0.000000
974 B A 84.983822 52.197354 52.478998 0.000000
975 B C 85.669136 44.361213 41.893190 0.000000
976 C A 83.488700 41.695681 50.712997 0.000000
977 B C 92.766525 59.133715 42.067767 38.633162
978 C C 86.169083 53.812625 38.924101 0.000000
979 C A 83.857871 50.679650 51.242746 0.000000
980 C C 79.866699 49.450659 39.281967 0.000000
981 C C 84.357679 43.719627 39.136428 0.000000
982 C C 81.136887 50.623452 39.194205 0.000000
983 C C 78.477855 44.513810 39.432825 0.000000
984 C A 93.130224 42.567185 50.666158 0.000000
985 C A 84.057688 51.414713 51.278893 0.000000
986 C B 85.763715 47.824513 43.938184 0.000000
987 B C 78.158752 40.676581 42.051619 2.432375
988 B C 78.860570 46.283321 42.084553 0.000000
989 B B 78.141377 47.327152 46.181489 0.000000
990 C A 90.472259 51.957006 51.138224 0.000000
991 A A 86.077040 41.695681 55.148556 0.000000
992 C C 93.038306 41.738098 38.977382 0.000000
993 A A 76.907697 47.414855 53.737394 0.000000
994 C B 87.227150 45.550632 43.848539 0.000000
995 C C 83.453047 42.640412 39.190287 0.000000
996 A A 87.340477 41.486293 55.321924 0.000000
997 B C 78.496386 44.870431 42.083359 0.000000
998 C C 84.831132 41.695681 39.146160 0.000000
999 C B 80.485692 44.375692 44.076195 0.000000
1000 C C 78.072599 44.742850 39.455505 0.000000
