1 A A 7.994871 2.844743 51.831693 0.452306
2 A A 8.106924 44.103623 51.515960 0.000000
3 A A 13.003875 22.364622 51.949143 9.774120
4 A A 20.722670 6.445317 52.703216 4.512019
5 A A 31.688463 64.785102 51.438216 0.751359
6 A A 34.480895 76.178287 51.013892 19.152912
7 A A 44.729106 96.726999 49.898081 1.322784
8 A A 45.716786 68.616675 51.282282 4.989021
9 A A 48.650169 16.391056 54.089121 21.904374
10 A A 60.962891 81.638300 50.513536 21.030744
11 A A 71.398559 3.553239 56.833644 6.458510
12 A A 72.326649 16.643103 55.885970 25.537053
13 A A 74.106858 17.638843 55.985097 25.058607
14 A A 94.091755 89.331728 51.244412 12.657794
15 A B 11.626774 36.665423 49.307642 0.000000
16 A B 14.616054 8.533367 48.965841 8.709901
17 A B 17.887794 19.601321 49.049169 16.118983
18 A B 21.219121 4.975677 48.921783 2.641629
19 A B 22.842541 54.420476 49.191423 0.000000
20 A B 24.705229 55.091498 49.137163 0.000000
21 A B 28.090062 94.171964 49.128945 1.065252
22 A B 31.124439 44.800690 48.925265 0.000000
23 A B 36.271566 6.969967 48.872160 7.523591
24 A B 40.220540 45.595216 48.686058 0.000000
25 A B 42.119315 15.221673 48.804870 23.346279
26 A B 45.409963 26.635595 48.697880 6.167361
27 A B 46.389201 58.169245 48.435530 2.661666
28 A B 55.404292 71.791760 48.017172 16.803273
29 A B 58.206801 97.811072 47.555626 7.458552
30 A B 63.214631 12.939529 48.857269 28.116113
31 A B 71.520153 13.386672 49.043485 32.533657
32 A B 78.375636 90.026735 47.326577 18.965877
33 A B 82.826932 13.540915 49.602841 38.625656
34 A B 84.390870 91.762541 47.396026 21.159904
35 A B 85.160321 20.290694 49.571676 35.717488
36 A B 86.460246 86.781503 47.621749 28.286996
37 A C 23.974017 99.532658 50.383264 0.000000
38 A C 32.603838 21.829044 46.966294 13.593122
39 A C 33.620172 23.472749 46.946948 10.133559
40 A C 35.609148 61.022349 48.123747 3.272829
41 A C 41.737774 85.056274 48.505490 15.381266
42 A C 42.987567 68.293853 47.819878 8.593982
43 A C 46.971987 34.034660 46.318348 7.071847
44 A C 56.019548 47.014201 46.152165 0.000000
45 A C 64.737934 5.785289 44.203706 20.818685
46 A C 65.618419 47.563839 45.621494 0.000000
47 A C 74.859422 56.047722 45.563046 20.279241
48 A C 80.453293 37.524955 44.820692 26.148317
49 A C 90.884211 82.377216 46.509229 55.208472
50 A C 92.498957 24.818069 44.580899 45.353299
51 B A 2.950960 33.683663 54.036462 0.000000
52 B A 3.169950 93.948105 58.796977 0.001982
53 B A 4.680011 39.767545 54.460691 0.000000
54 B A 14.348049 93.421512 57.656382 0.086580
55 B A 16.013305 87.316012 57.100512 13.125956
56 B A 17.005770 48.741182 54.590661 0.000000
57 B A 30.745933 65.177530 54.685560 1.182147
58 B A 32.365102 46.438334 53.740577 0.000000
59 B A 33.164198 73.540872 54.882342 34.489754
60 B A 34.543587 31.268131 53.003248 0.776618
61 B A 40.715942 35.150446 52.962112 0.000000
62 B A 43.785051 9.440500 52.069871 28.090588
63 B A 55.530749 69.969432 53.136538 16.960598
64 B A 61.063727 83.562491 52.949313 37.438205
65 B A 61.833041 24.216207 52.330899 18.228949
66 B A 62.230973 58.598872 52.641568 0.495846
67 B A 64.167079 1.147008 52.180727 4.363384
68 B A 66.051331 10.555408 52.286194 37.562812
69 B A 87.352710 78.200657 52.027303 58.923977
70 B A 89.465398 82.521142 51.961375 48.652435
71 B A 89.982392 77.318289 52.094658 58.499577
72 B A 99.190531 54.734595 53.330553 0.000000
73 B B 0.098541 92.766333 53.336553 0.160790
74 B B 1.006515 49.594719 51.136835 0.000000
75 B B 3.503213 57.918820 51.354712 0.000000
76 B B 4.242442 72.065645 51.961636 25.378327
77 B B 6.195528 91.223664 52.670117 1.332694
78 B B 7.288868 53.296793 50.858870 0.000000
79 B B 11.485462 62.352706 50.932095 0.069764
80 B B 12.076293 67.831850 51.114624 5.597180
81 B B 15.603707 71.022033 50.945104 19.676542
82 B B 16.849307 75.880083 51.026482 45.144659
83 B B 18.612435 20.916666 48.787938 32.946155
84 B B 19.665413 52.284064 49.895403 0.000000
85 B B 23.448323 53.631813 49.654579 0.000000
86 B B 24.278199 40.247776 49.131523 0.000000
87 B B 27.821028 85.877840 50.348549 21.513986
88 B B 28.559992 51.035996 49.175157 0.000000
89 B B 29.484278 94.517322 50.452864 1.225922
90 B B 29.723470 79.384200 49.960984 50.723590
91 B B 30.454174 18.644141 48.045344 45.199340
92 B B 37.496113 95.890160 49.656022 2.237608
93 B B 38.439543 42.256913 48.195994 0.000000
94 B B 38.916961 5.102655 47.230246 8.556395
95 B B 39.348787 7.144964 47.260588 16.884002
96 B B 44.010423 76.987407 48.567383 52.084109
97 B B 47.003460 38.280359 47.524288 0.000000
98 B B 48.431217 59.145385 47.831458 2.707030
99 B B 49.863942 70.516754 47.929335 22.257466
100 B B 50.649909 70.036070 47.855989 20.063717
101 B B 51.883701 49.366011 47.405487 0.000000
102 B B 56.675293 17.492068 46.648623 55.394835
103 B B 62.608238 80.744071 47.066914 56.517981
104 B B 65.300962 64.300641 46.736072 11.371222
105 B B 66.855956 29.604815 46.386878 12.200313
106 B B 69.377453 95.429274 46.702486 12.991162
107 B B 69.980953 66.378573 46.499565 15.453187
108 B B 70.190866 98.109551 46.661994 10.787383
109 B B 73.110035 29.300988 46.224916 15.345613
110 B B 77.410346 60.253452 46.204111 16.253126
111 B B 78.663218 40.750452 46.173996 0.000000
112 B B 79.337857 0.844523 46.181620 18.132570
113 B B 79.774245 87.535500 46.140305 30.365356
114 B B 81.905863 3.104228 46.239070 20.916185
115 B B 82.067328 69.455108 46.109566 31.207139
116 B B 84.777616 41.122452 46.191975 0.000000
117 B B 85.577039 99.195283 45.959773 16.172731
118 B B 86.879383 63.575916 46.118946 22.278404
119 B B 90.000912 59.603594 46.198450 22.436545
120 B B 92.619807 2.220073 46.780454 26.070577
121 B B 95.471168 18.296631 46.849112 72.348407
122 B B 95.898905 9.727958 46.975840 55.653984
123 B B 96.050740 73.216726 46.303457 59.501042
124 B B 96.949586 67.385464 46.416388 32.288034
125 B B 98.640112 21.320265 47.095628 59.348830
126 B B 99.778418 36.057238 47.016371 25.178845
127 B C 1.656696 96.098851 49.729616 0.000000
128 B C 2.371860 98.522443 49.697753 0.000000
129 B C 5.075652 38.845892 48.482978 0.000000
130 B C 8.912589 32.708025 48.020817 0.000000
131 B C 10.188720 31.897602 47.886325 0.078596
132 B C 12.810834 89.663195 48.519636 4.500983
133 B C 15.109043 28.597918 47.363095 1.348041
134 B C 18.417487 35.901546 47.151395 0.000000
135 B C 19.491441 41.638227 47.131354 0.000000
136 B C 20.456892 1.784715 46.447062 0.950409
137 B C 25.622071 37.444141 46.462868 0.000000
138 B C 26.128553 48.242017 46.567776 0.000000
139 B C 27.408660 43.374085 46.369659 0.000000
140 B C 39.631881 88.580568 45.751107 12.338924
141 B C 41.479867 46.887487 45.006760 0.000000
142 B C 51.391935 52.654220 44.120055 0.000000
143 B C 52.417805 15.503474 43.558467 59.998771
144 B C 53.550385 19.228615 43.503385 51.981408
145 B C 54.985273 7.758299 43.234563 28.588404
146 B C 60.460499 80.064064 43.643776 62.974866
147 B C 70.752894 25.905665 42.261902 29.141580
148 B C 81.327075 45.014352 41.988888 0.000000
149 B C 87.758544 74.523291 42.181704 75.395933
150 B C 94.703307 84.328457 42.358765 72.109041
151 C A 9.026730 8.192306 52.563761 31.215463
152 C A 10.895454 97.268245 65.881374 0.000000
153 C A 22.072255 0.319535 50.627302 0.212490
154 C A 36.957495 56.755344 56.442899 0.000000
155 C A 50.262708 12.049219 50.204986 67.378772
156 C A 53.364022 72.958056 55.975499 51.454768
157 C A 59.146393 63.399275 54.317913 3.481515
158 C A 59.607269 10.365257 49.472419 54.536880
159 C A 76.762342 74.087279 53.234532 65.505089
160 C A 80.762450 75.106324 52.948903 74.341112
161 C A 83.246796 39.464409 50.584461 0.000000
162 C A 88.554934 57.261496 51.458904 0.000000
163 C A 91.973956 60.721020 51.564260 9.330233
164 C A 98.452181 22.923255 49.985798 45.418156
165 C B 0.957788 30.739597 51.413753 0.024737
166 C B 13.857967 77.720827 53.391898 79.330044
167 C B 21.908723 51.787036 50.569532 0.000000
168 C B 26.539155 66.560802 50.919356 4.770438
169 C B 35.116113 30.139776 47.713248 2.200086
170 C B 37.831689 26.306007 47.207834 11.876335
171 C B 52.655493 27.280456 45.722139 11.538167
172 C B 54.379624 88.453353 48.199043 20.058478
173 C B 57.217756 28.344310 45.326845 10.148667
174 C B 57.877859 33.132928 45.460533 7.784430
175 C B 58.978863 78.526261 47.175178 88.602359
176 C B 67.559628 43.827202 44.966583 0.000000
177 C B 68.176097 50.456628 45.137487 0.000000
178 C B 68.535199 11.166781 43.786887 70.736133
179 C B 72.539697 81.379541 45.719889 85.368080
180 C B 73.964913 79.676175 45.528579 93.773117
181 C B 75.392759 50.733089 44.560003 0.000000
182 C B 75.816394 61.923498 44.849714 16.194189
183 C B 76.396805 92.233214 45.658945 17.194701
184 C B 88.100624 84.826356 44.620743 65.279274
185 C B 91.414176 62.816199 44.096196 24.843319
186 C B 93.590819 83.232770 44.407351 82.853467
187 C B 97.303337 42.691723 43.812138 0.000000
188 C B 97.554001 11.745808 43.396192 91.193682
189 C C 5.643120 90.524240 47.427504 3.866570
190 C C 6.918264 34.934373 47.506683 0.000000
191 C C 9.754293 32.199149 47.182204 0.035575
192 C C 25.164800 14.112019 45.443015 78.223698
193 C C 43.262599 27.530600 43.147534 10.244976
194 C C 47.977118 65.877380 42.221390 10.024319
195 C C 49.393854 55.788148 42.146207 0.000000
196 C C 63.891488 23.603610 40.889398 44.895867
197 C C 67.054082 14.777815 40.695741 98.163615
198 C C 77.889423 25.322919 39.725562 42.729262
199 C C 83.690675 86.252189 38.567826 62.251675
200 C C 93.252085 4.197821 39.549643 46.857677
201 A B 22.842541 25.636267 49.032449 3.841747
202 C C 68.351708 7.024505 40.674324 41.725176
203 A B 34.480895 76.178287 48.801978 20.311519
204 B A 69.828176 17.638843 52.393315 52.578472
205 A A 96.245631 37.347985 57.063385 7.557547
206 C C 75.392759 50.596482 39.563009 0.000000
207 A A 15.603707 71.022033 51.291726 7.870617
208 B C 84.390870 91.762541 42.399778 34.123725
209 B A 32.603838 21.829044 52.642277 28.068369
210 B C 91.878106 87.947645 42.333191 50.400873
211 C C 74.382757 47.563839 39.677590 0.000000
212 C B 40.715942 35.278107 47.374349 0.000000
213 C A 61.278484 86.727720 56.122485 29.305854
214 B C 96.050740 69.483640 42.262207 55.781641
215 A B 17.887794 19.139664 49.045312 16.983218
216 C B 77.824731 7.256546 43.213095 40.680577
217 A C 42.781633 35.147806 46.665852 4.743880
218 B A 8.912589 32.708025 53.805449 0.000000
219 A B 19.665413 68.345580 49.389591 3.248168
220 B C 22.912431 43.893578 46.825977 0.000000
221 A A 44.895899 58.179380 51.797716 0.000000
222 C A 35.116113 28.797397 53.303851 2.201907
223 C B 47.161588 13.438713 45.610657 78.692400
224 B A 89.962386 59.603594 52.516948 8.007909
225 C B 54.783657 56.064664 46.751221 0.000000
226 B B 47.096470 70.754352 48.166087 22.713260
227 C C 69.478697 86.240891 39.609527 50.584729
228 A A 70.752894 15.314759 55.837294 25.445090
229 B B 45.704732 8.150422 46.981308 23.568989
230 B A 50.262708 7.906686 52.042021 20.193740
231 B B 45.716786 68.616675 48.239358 12.472553
232 C B 10.188720 31.897602 50.530626 0.043681
233 C B 4.714104 49.636278 52.481019 0.000000
234 B B 66.760962 82.747139 46.793685 49.891374
235 A B 92.216608 75.106324 48.338214 42.003073
236 B B 96.984485 67.257804 46.419874 31.983163
237 C A 93.590819 83.232770 52.627898 67.195611
238 A B 64.737934 7.555111 48.981622 17.415165
239 B C 17.005770 49.698045 47.496553 0.000000
240 A A 10.566521 0.844523 52.048139 0.035468
241 C B 6.918264 9.221304 49.159959 40.500742
242 C B 28.750148 71.258158 50.908826 34.405801
243 B B 62.767758 0.001155 46.239389 10.126885
244 B C 78.616188 2.186304 41.621813 28.859259
245 B B 66.906065 83.150765 46.787075 47.844692
246 B A 3.916655 70.192026 56.865900 15.129859
247 B C 60.145588 19.228615 42.940515 55.845876
248 A C 50.348669 63.265490 47.106174 8.986972
249 B C 93.803920 17.492068 41.690473 89.607587
250 A B 20.571305 74.191469 49.395122 15.346015
251 C C 77.141344 55.906731 39.369300 6.284376
252 C B 22.842541 50.396017 50.364555 0.000000
253 B B 37.651629 48.798848 48.420992 0.000000
254 C A 31.804048 37.459408 54.697495 0.000000
255 C C 0.111355 49.624546 48.261067 0.000000
256 B A 21.908723 61.964671 55.108610 0.172841
257 B C 15.741605 41.122452 47.491252 0.000000
258 A C 26.128553 60.762122 48.841556 1.205479
259 C B 28.559992 51.035996 49.702801 0.000000
260 C C 65.618419 47.465720 40.443485 0.000000
261 B C 9.041466 44.722328 48.195715 0.000000
262 B C 45.449859 49.795286 44.653491 0.000000
263 A A 78.663218 56.895463 53.049039 3.596573
264 B A 95.206535 33.314232 53.616785 10.475619
265 A A 11.626774 36.665423 51.706645 0.000000
266 B A 3.503213 58.879816 56.004596 0.000000
267 A B 27.609177 55.091498 49.045594 0.000000
268 B B 4.496878 55.450642 51.163996 0.000000
269 C A 46.940959 53.066668 54.781957 0.000000
270 B B 31.615623 40.361419 48.624355 0.000000
271 C B 53.642769 60.052124 47.059001 5.021325
272 C C 19.015010 34.934373 46.055821 0.000000
273 B C 15.616997 96.098851 48.334667 0.000000
274 C A 17.653692 52.284064 58.282222 0.000000
275 B B 51.774802 51.079649 47.442021 0.000000
276 B B 47.179564 46.519997 47.676859 0.000000
277 A B 75.392759 53.894066 48.198599 6.565522
278 B B 78.717458 54.446422 46.174743 0.000000
279 B B 35.204333 47.892474 48.579775 0.000000
280 A B 70.217351 50.468360 48.203437 0.000000
281 B B 5.075652 36.271852 50.232076 0.000000
282 B C 84.345045 31.094164 41.775634 33.340479
283 B A 37.455147 47.180057 53.531064 0.000000
284 C C 49.393854 55.886267 42.145257 0.000000
285 B C 16.822067 48.508478 47.496752 0.000000
286 B B 1.087098 55.105444 51.400354 0.000000
287 C B 88.554934 41.116486 43.732273 0.000000
288 A C 10.854032 42.691723 49.336671 0.000000
289 A C 23.974017 99.675778 50.388350 0.000000
290 A B 74.382757 38.066612 48.558126 10.821681
291 B C 22.710200 42.193447 46.821219 0.000000
292 C B 24.330597 40.247776 49.534988 0.000000
293 A C 45.814648 45.695572 46.813494 0.000000
294 A C 31.124439 44.800690 47.893261 0.000000
295 C C 60.103771 36.302025 41.131357 6.193193
296 C C 56.019548 47.014201 41.461875 0.000000
297 B B 1.657379 98.522443 53.463542 0.000000
298 B A 67.838511 39.464409 52.401608 0.000000
299 B C 16.622920 52.654220 47.578725 0.000000
300 B C 22.621419 46.887487 46.898702 0.000000
301 C C 19.134522 36.975521 46.029366 0.000000
302 C B 6.097784 34.748135 51.181972 0.000000
303 A C 49.651169 42.178610 46.413393 0.000000
304 A A 53.376336 45.797344 52.654199 0.000000
305 B B 47.179564 46.880991 47.684042 0.000000
306 B B 13.193593 32.098531 49.547282 0.097969
307 B C 65.618419 47.189552 42.848217 0.000000
308 A B 24.293324 45.572010 49.105356 0.000000
309 C C 13.441536 35.526936 46.725446 0.000000
310 B C 50.507881 42.765348 44.077931 0.000000
311 C A 49.393854 96.183166 58.930376 1.562062
312 B B 32.093702 51.535238 48.919102 0.000000
313 A B 59.570682 47.014201 48.286338 0.000000
314 A C 31.312830 50.790665 48.091098 0.000000
315 C C 3.699468 49.624546 47.830615 0.000000
316 B C 4.364208 38.712873 48.548572 0.000000
317 C C 74.382757 47.926513 39.672928 0.000000
318 B B 13.236953 51.001570 50.323761 0.000000
319 B C 51.428517 49.900854 44.081906 0.000000
320 C C 89.848741 42.170218 38.998791 0.000000
321 A A 64.687135 57.959570 52.231911 2.326014
322 C A 73.859615 47.465720 51.588219 0.000000
323 A B 56.219913 47.014201 48.328890 0.000000
324 C A 36.612962 54.446422 56.212705 0.000000
325 A C 10.074508 51.509680 49.708231 0.000000
326 C C 38.899961 35.275685 43.611126 0.095936
327 A B 20.062492 38.295195 49.160845 0.000000
328 C A 97.303337 42.589951 50.767585 0.000000
329 B B 38.909884 40.931598 48.129562 0.000000
330 C C 75.256241 51.205975 39.565150 0.000000
331 C C 45.449859 44.205738 42.732282 0.000000
332 C C 66.983462 43.246454 40.362881 0.000000
333 C A 90.244600 36.019390 50.308550 2.654500
334 B C 17.803710 52.654220 47.462145 0.000000
335 C C 25.299429 41.255360 45.246773 0.000000
336 C C 81.288830 45.175887 39.260785 0.000000
337 C B 51.774802 51.079649 46.881224 0.000000
338 C C 6.119224 50.516269 47.535935 0.000000
339 A A 70.217351 41.934608 53.708921 0.000000
340 C C 25.223348 41.771246 45.252750 0.000000
341 B C 69.832302 46.069663 42.546489 0.000000
342 B C 8.065048 46.438253 48.316492 0.000000
343 A B 16.196814 38.956311 49.245333 0.000000
344 B A 11.909831 51.464016 55.014804 0.000000
345 B A 26.269267 48.242017 54.118486 0.000000
346 C B 64.011264 66.129222 46.105646 13.369888
347 C C 24.900773 37.296228 45.322057 0.000000
348 A C 80.015919 46.209225 45.126542 9.795563
349 A A 15.750526 52.654220 51.594299 0.000000
350 B C 53.195636 47.014201 43.882074 0.000000
351 C C 49.393854 55.653574 42.147511 0.000000
352 B C 51.428517 52.766232 44.118039 0.000000
353 C B 96.193136 42.193447 43.775958 0.000000
354 A C 65.618419 51.104300 45.745320 2.500750
355 C A 24.929227 43.958337 56.284379 0.000000
356 B C 69.886918 46.832225 42.551642 0.000000
357 A C 21.022343 36.813253 48.376720 0.000000
358 A C 75.116025 43.312037 45.112586 9.436425
359 C A 74.382757 38.972425 50.940904 0.000000
360 C A 58.566659 45.330866 52.732856 0.000000
361 B C 40.093256 47.330354 45.150748 0.000000
362 B A 84.323417 47.189552 52.544576 0.000000
363 B C 45.449859 45.880084 44.602478 0.000000
364 B C 41.263253 37.955034 44.909281 0.000000
365 B C 25.781922 43.832751 46.539010 0.000000
366 A A 54.890578 50.625264 52.411446 0.000000
367 C A 24.900773 55.621582 57.844088 0.000000
368 B C 54.525102 47.806534 43.771016 0.000000
369 A B 51.774802 51.079649 48.361516 0.000000
370 C C 68.592227 50.456628 40.127239 0.000000
371 B C 75.256241 53.190604 42.316994 0.000000
372 B B 19.018645 36.656338 49.356890 0.000000
373 C C 73.292935 45.175887 39.792408 0.000000
374 C B 19.213562 41.772800 50.225457 0.000000
375 B C 19.327807 36.671418 47.073662 0.000000
376 A B 30.659343 39.664329 48.932008 0.000000
377 C B 58.074696 48.846545 46.081365 0.000000
378 B C 39.580810 55.821508 45.316054 0.000000
379 A B 20.294222 47.761118 49.222103 0.000000
380 C C 79.319690 45.664341 39.365629 0.000000
381 C C 64.136063 50.530899 40.554433 0.000000
382 B A 90.190239 42.170218 52.948269 0.000000
383 B C 25.299429 45.569012 46.612291 0.000000
384 C B 74.382757 51.910054 44.668440 0.000000
385 B C 56.019548 47.014201 43.627671 0.000000
386 B B 66.072617 41.083972 46.505531 0.000000
387 C C 58.886538 49.795286 41.114092 0.000000
388 B C 25.599524 34.701026 46.425553 0.000000
389 A C 43.449019 48.826630 47.098673 0.000000
390 B B 69.087283 55.224206 46.475875 0.000000
391 C C 75.392759 22.820645 39.923582 60.435505
392 A C 22.425745 43.200831 48.498406 0.000000
393 B A 24.311441 40.251566 53.781562 0.000000
394 C B 78.663218 40.750452 44.077307 0.000000
395 C B 65.102176 41.489609 45.102701 0.000000
396 B B 51.082817 47.333385 47.424600 0.000000
397 A C 49.401743 42.178610 46.431032 0.000000
398 A C 40.715942 35.278107 46.825290 3.899036
399 B B 49.110463 45.473823 47.524066 0.000000
400 B B 37.271454 56.757800 48.657352 0.000000
401 A C 67.267703 46.832225 45.517950 0.000000
402 C B 39.993554 59.339503 48.732758 0.000000
403 C B 77.894989 51.402545 44.409096 0.000000
404 C C 76.176264 44.274131 39.589162 0.000000
405 A C 51.391935 52.654220 46.660097 0.000000
406 C C 44.886050 48.855326 42.758408 0.000000
407 A C 49.393854 50.404739 46.721094 0.000000
408 C B 97.378922 42.617620 43.813342 0.000000
409 C B 75.665100 46.968655 44.432723 0.000000
410 C C 40.406475 46.875873 43.327363 0.000000
411 B C 56.608785 53.558340 43.655906 0.000000
412 A C 60.546206 43.261366 45.743082 0.000000
413 A B 74.255007 47.556781 48.328289 0.000000
414 B C 40.006668 55.323392 45.266584 0.000000
415 A C 50.716813 50.330869 46.625356 0.000000
416 C C 48.212585 34.842533 42.488550 4.939937
417 B C 65.617503 47.220575 42.848644 0.000000
418 C C 53.841243 47.987531 41.699923 0.000000
419 C B 47.756790 44.205738 47.025172 0.000000
420 C C 79.258928 40.648878 39.436853 0.000000
421 B A 51.668657 46.087860 52.873435 0.000000
422 C C 75.727934 45.869762 39.600151 0.000000
423 A B 86.522650 37.595951 49.142905 18.166289
424 B B 94.035760 59.429877 46.346818 24.495560
425 C C 65.102176 41.489609 40.563759 0.000000
426 A A 61.608895 47.465720 52.848951 0.000000
427 B C 76.662456 38.289160 42.088662 13.936297
428 B A 55.193384 47.014201 52.758970 0.000000
429 C C 74.747526 51.205975 39.603099 0.000000
430 B C 93.670206 42.170218 41.924787 7.777833
431 B C 19.698331 31.924972 46.966879 0.593124
432 B B 71.750554 43.901306 46.316484 0.000000
433 C C 55.747208 62.379145 41.331369 11.838325
434 A C 58.886538 49.806900 46.070942 0.000000
435 C C 25.405334 37.296228 45.260014 0.000000
436 C C 75.185695 47.548927 39.617745 0.000000
437 C C 65.746169 47.933571 40.425572 0.000000
438 A C 51.515105 47.393993 46.466596 0.000000
439 B C 63.927132 42.965378 42.925102 0.000000
440 C C 24.511361 56.015162 45.247590 0.000000
441 C B 68.148395 49.778584 45.117052 0.000000
442 C A 48.735239 55.472577 54.816909 0.000000
443 B C 82.481979 54.444740 42.056421 11.117330
444 C B 78.723981 47.276226 44.247463 0.000000
445 C B 80.358919 46.996004 44.149319 0.000000
446 C B 26.409167 41.904776 49.398149 0.000000
447 B A 75.256241 55.374244 52.320908 0.000000
448 C C 41.625658 41.578779 43.222764 0.000000
449 C B 45.449859 48.520948 47.503730 0.000000
450 C A 37.203512 41.771246 54.640672 0.000000
451 C C 82.857670 45.014352 39.184408 0.000000
452 C C 63.905112 44.205738 40.650609 0.000000
453 C C 48.955464 37.080925 42.379181 0.000000
454 B C 79.300247 43.094778 42.034340 0.000000
455 B B 51.340532 42.966612 47.331837 0.000000
456 B C 74.364450 53.558340 42.366461 0.000000
457 C C 69.886918 46.311328 40.061954 0.000000
458 B C 96.193136 42.241810 42.009565 9.713781
459 C C 59.812533 51.427718 40.995687 0.000000
460 C B 74.323062 53.093889 44.707967 0.000000
461 C B 75.880991 40.842009 44.243342 0.000000
462 C C 52.514571 56.245515 41.770399 0.000000
463 A C 81.288830 45.994364 45.109754 11.027365
464 C B 75.392759 50.530147 44.554146 0.000000
465 A C 73.261137 51.205975 45.440002 8.469423
466 C A 65.618419 51.468297 52.582282 0.000000
467 C B 73.282134 45.003060 44.543625 0.000000
468 B B 93.766693 43.689145 46.481855 0.000000
469 C B 74.558011 45.248761 44.459255 0.000000
470 B C 49.245196 42.691723 44.196101 0.000000
471 C C 56.177040 58.056085 41.327701 4.324087
472 A A 88.961381 49.769169 54.707365 0.000000
473 B C 64.191015 37.962332 42.846475 5.883873
474 A B 50.095150 47.364930 48.437080 0.000000
475 C C 46.646923 37.094798 42.653814 0.000000
476 C C 76.172487 39.433275 39.652747 0.000000
477 C C 75.686614 45.794040 39.604104 0.000000
478 B C 50.559284 52.452956 44.195864 0.000000
479 C C 51.139818 47.926513 42.015381 0.000000
480 B C 58.886538 52.089938 43.440702 0.000000
481 B B 75.447148 45.615978 46.226416 0.000000
482 A C 75.107815 51.909208 45.412377 11.435863
483 C B 61.416799 46.861122 45.655072 0.000000
484 B C 84.469367 46.059953 41.927711 0.000000
485 C A 63.177402 47.220575 52.454478 0.000000
486 C C 65.618419 47.374164 40.444560 0.000000
487 C B 40.406475 37.850801 47.544805 0.000000
488 B B 56.019548 45.363788 47.076535 0.000000
489 C B 60.549458 50.597233 45.888880 0.000000
490 B C 41.684913 45.069913 44.962237 0.000000
491 B B 88.554934 34.225503 46.320003 22.141986
492 B C 74.437285 41.754843 42.232852 0.000000
493 B B 46.645877 52.222483 47.829496 0.000000
494 B B 75.256241 53.190604 46.247620 0.000000
495 C B 99.465875 51.089006 43.993197 0.000000
496 C C 50.047862 44.536024 42.177665 0.000000
497 C B 52.315231 40.051124 46.326168 0.000000
498 C B 81.314266 50.864524 44.196653 0.000000
499 B B 54.902173 46.750388 47.166107 0.000000
500 C C 52.304785 49.474194 41.863183 0.000000
501 B C 49.651259 53.190604 44.291363 0.000000
502 A C 53.841243 65.106758 46.930726 11.015604
503 B C 69.586390 46.832225 42.570877 0.000000
504 C B 65.618419 37.508088 44.914717 0.000000
505 B C 80.534691 49.633345 42.061735 0.000000
506 B A 45.364656 44.388962 53.084248 0.000000
507 B B 50.872357 47.926513 47.449192 0.000000
508 C A 75.079316 50.609449 51.728593 0.000000
509 C C 84.971583 47.609175 39.056804 0.000000
510 C A 73.131952 47.023807 51.607335 0.000000
511 A C 77.538974 39.433275 44.924912 20.018974
512 C B 49.400027 50.320497 47.123477 0.000000
513 A B 66.259397 43.246454 48.327356 0.000000
514 C C 75.605277 39.643680 39.689966 0.000000
515 A C 70.699879 62.246057 45.913140 21.920878
516 C C 56.659783 50.626348 41.351725 0.000000
517 C C 48.064733 47.802745 42.382706 0.000000
518 C A 86.567218 46.069663 50.887626 0.000000
519 B C 60.906654 46.059953 43.199969 0.000000
520 A C 57.203206 45.718380 46.031419 0.000000
521 C C 50.381572 62.819374 41.958825 9.001451
522 B B 74.129658 43.094778 46.249343 0.000000
523 C A 83.002550 49.100031 51.181633 0.000000
524 C B 52.514571 55.865254 47.008832 0.000000
525 C C 74.382757 55.912100 39.570285 4.053820
526 B C 75.652843 49.978542 42.262500 0.000000
527 C C 79.006615 40.648878 39.452021 0.000000
528 B C 69.966475 45.664341 42.533377 0.000000
529 A C 50.502024 37.939877 46.204487 4.585576
530 C B 48.883012 21.842199 45.845423 48.914110
531 C B 76.163747 41.628089 44.247869 0.000000
532 B C 85.045131 47.563839 41.934146 0.000000
533 C C 54.930547 50.162904 41.552483 0.000000
534 A C 75.256241 56.941666 45.583970 22.117091
535 A C 56.316607 45.166281 46.068245 0.000000
536 C C 70.232301 47.465720 40.017581 0.000000
537 C C 64.537609 50.993197 40.508843 0.000000
538 C C 88.423011 35.184324 39.129491 33.026133
539 B A 81.018880 53.645921 52.362860 0.000000
540 A C 60.843596 47.374164 45.870016 0.000000
541 B A 52.203349 36.985476 52.662358 0.000000
542 B B 76.936506 56.323576 46.211218 5.715662
543 C C 63.184149 52.667171 40.626561 0.000000
544 A C 90.541459 47.824436 45.300463 19.094907
545 C C 90.526655 49.548818 38.878694 0.000000
546 C A 48.096089 47.397940 54.050286 0.000000
547 C B 79.213724 43.085004 44.109243 0.000000
548 C A 66.015606 39.726232 51.577802 0.000000
549 C C 65.617503 57.022091 40.331354 4.940601
550 B C 74.747526 54.688207 42.359056 5.896176
551 C B 56.019548 40.587632 45.956485 0.000000
552 C C 74.537619 39.256339 39.772808 0.000000
553 C C 71.833123 50.530119 39.843129 0.000000
554 B C 54.331965 67.742145 44.035806 16.295955
555 C B 61.495335 41.288091 45.433292 0.000000
556 C C 69.641371 49.548818 40.043891 0.000000
557 C B 75.727934 43.484985 44.328717 0.000000
558 C C 92.758338 47.548927 38.889545 0.000000
559 C C 92.529561 42.170218 38.971830 0.000000
560 B B 82.435059 51.994336 46.144051 0.000000
561 B C 79.442117 40.135015 41.997763 6.619387
562 C A 76.543470 58.154262 52.151567 0.000000
563 C B 79.390840 43.877847 44.120454 0.000000
564 C C 48.740851 45.175887 42.326820 0.000000
565 C C 59.812533 48.921038 41.023280 0.000000
566 B C 80.074194 51.230730 42.093819 0.000000
567 B B 74.837367 45.794040 46.240307 0.000000
568 B A 74.218154 52.667171 52.342668 0.000000
569 B C 84.469367 58.254218 42.053245 29.133670
570 C C 41.878047 55.886267 43.066822 0.000000
571 C C 93.028415 47.609175 38.888054 0.000000
572 C A 68.128565 46.731964 51.973466 0.000000
573 C C 66.960709 52.552934 40.254149 0.000000
574 C C 79.006615 47.075447 39.365651 0.000000
575 C A 80.513119 52.759556 51.531766 0.000000
576 C C 55.062293 49.103566 41.548461 0.000000
577 C A 75.392759 50.596482 51.705797 0.000000
578 B A 74.635043 50.327035 52.353835 0.000000
579 B A 85.045131 47.563839 52.564544 0.000000
580 C C 90.772183 43.141777 38.970992 0.000000
581 C C 58.886538 49.028914 41.122438 0.000000
582 B C 49.393854 55.653574 44.347315 0.000000
583 C C 64.537609 47.921982 40.544488 0.000000
584 C C 75.463407 39.802882 39.698048 0.000000
585 C C 65.251213 44.274131 40.516673 0.000000
586 C C 66.803208 45.497387 40.353073 0.000000
587 C C 81.941827 52.179092 39.130209 0.000000
588 A C 51.139818 47.926513 46.511324 0.000000
589 C B 57.120280 44.322728 45.997101 0.000000
590 C B 70.232301 47.465720 44.860207 0.000000
591 B A 63.463688 33.584882 52.404370 3.669835
592 C C 66.525864 39.571422 40.449657 0.000000
593 C A 79.319690 45.664341 51.133154 0.000000
594 C C 58.144459 47.465720 41.220623 0.000000
595 C A 75.256241 58.435219 52.270820 0.217749
596 C C 55.026590 43.506854 41.610743 0.000000
597 A C 36.716701 48.009815 47.578715 0.000000
598 A B 50.437317 48.916575 48.413922 0.000000
599 C A 58.626041 51.405434 53.283032 0.000000
600 C B 63.036906 44.499984 45.405912 0.000000
601 A B 68.973855 47.926513 48.247727 0.000000
602 A C 81.173893 40.624613 44.923676 20.455464
603 C C 65.618419 46.599128 40.453661 0.000000
604 A C 75.660704 57.553642 45.595347 23.322903
605 C A 64.306630 39.571422 51.703204 0.000000
606 C C 70.230839 47.465720 40.017708 0.000000
607 A A 74.989361 51.205975 53.277367 0.000000
608 B C 66.983462 40.849038 42.677289 0.000000
609 C C 71.985733 44.274131 39.908954 0.000000
610 A A 74.397471 45.869762 53.679292 0.000000
611 A C 63.712022 55.591264 45.999376 11.027977
612 C A 84.825404 47.580308 51.023176 0.000000
613 B C 81.185384 45.175887 41.994716 0.000000
614 B C 82.318925 50.457996 42.018939 0.000000
615 C C 65.618419 38.009787 40.554526 0.000000
616 C C 65.147221 48.921038 40.472542 0.000000
617 C C 81.295654 52.179092 39.164273 0.000000
618 A C 69.556868 47.933571 45.458063 1.248365
619 C C 63.885242 44.167458 40.653041 0.000000
620 C C 76.406181 48.158820 39.522180 0.000000
621 A C 90.772183 43.141777 45.146332 23.496622
622 C C 58.724638 51.416515 41.114159 0.000000
623 C A 66.636375 53.183509 52.626846 0.000000
624 C C 89.759350 50.596482 38.875571 0.000000
625 C A 78.730253 48.886406 51.377991 0.000000
626 B A 92.758338 47.209855 53.000854 0.000000
627 C C 87.861002 47.048621 38.970040 0.000000
628 C A 68.759832 50.456628 52.215250 0.000000
629 C C 65.102176 40.680520 40.573207 0.000000
630 C C 86.033687 47.921982 39.013256 0.000000
631 C B 75.591197 45.794040 44.404020 0.000000
632 A C 49.237845 59.306160 47.045457 7.627558
633 C B 74.382757 43.523552 44.420610 0.000000
634 C C 64.491685 34.146911 40.708853 15.808306
635 B C 75.185695 47.548927 42.258753 0.000000
636 C C 64.660656 52.667171 40.477117 0.000000
637 C B 74.893705 51.234842 44.610675 0.000000
638 C C 76.109976 39.433275 39.657102 0.000000
639 C B 64.048448 45.014352 45.328188 0.000000
640 B C 75.463407 48.014568 42.250228 0.000000
641 C A 71.761891 54.648670 52.281149 0.000000
642 C C 81.935004 43.085318 39.256150 0.000000
643 C C 65.830672 49.548818 40.398364 0.000000
644 C B 74.557489 54.983787 44.745807 0.000000
645 C C 64.450309 39.603149 40.649636 0.000000
646 C A 94.451954 32.840283 50.230328 10.408459
647 A C 64.488854 51.004400 45.798463 1.513660
648 C A 92.488851 41.539644 50.608245 0.000000
649 A C 83.064997 42.170218 44.973910 18.584270
650 C A 71.833123 50.530119 51.965731 0.000000
651 A C 81.884670 45.175887 45.078978 12.280728
652 C A 75.821036 47.931477 51.489385 0.000000
653 C C 77.518981 39.331549 39.563249 0.000000
654 C C 70.752901 44.632388 40.007741 0.000000
655 B B 69.886918 46.311328 46.391158 0.000000
656 B C 79.615670 48.478328 42.080425 0.000000
657 C C 82.045886 47.075447 39.195425 0.000000
658 C A 77.159005 41.974497 50.997478 0.000000
659 C C 89.362605 47.599369 38.927343 0.000000
660 C C 95.342604 47.548927 38.899933 0.000000
661 C B 70.275347 47.563839 44.859802 0.000000
662 A C 66.525864 39.571422 45.298457 11.094992
663 C C 76.051524 39.036237 39.666373 0.000000
664 C C 82.513973 47.919430 39.160495 0.000000
665 C B 84.971583 50.256039 44.019190 0.000000
666 C C 76.429372 43.814720 39.577522 0.000000
667 A C 89.759350 43.668306 45.131069 21.573091
668 A B 71.381038 52.186907 48.176817 0.654973
669 B C 62.531251 47.416813 43.085751 0.000000
670 C C 62.411088 45.354217 40.789289 0.000000
671 B C 72.600450 48.572538 42.407556 0.000000
672 C C 72.625281 45.972357 39.835517 0.000000
673 C C 82.857670 50.288647 39.110951 0.000000
674 C C 75.652273 37.804228 39.710556 8.912558
675 C C 69.641371 47.688314 40.066688 0.000000
676 C C 85.605411 50.586987 38.990411 0.000000
677 B B 74.537619 46.973411 46.250546 0.000000
678 C C 80.766768 45.152197 39.289300 0.000000
679 C C 96.951357 37.962810 39.075588 26.796184
680 C A 76.375402 35.150142 50.565943 2.733187
681 C C 67.592432 48.063033 40.248323 0.000000
682 C C 83.753043 40.739234 39.203811 0.000000
683 B B 90.768834 43.151582 46.343225 0.000000
684 C C 71.794964 47.926513 39.878922 0.000000
685 A C 74.895126 47.465720 45.263028 5.286378
686 C C 71.833123 52.115785 39.823260 0.000000
687 A C 81.941827 52.179092 45.322218 17.822345
688 C B 68.650679 56.137135 45.285137 0.000000
689 C A 72.026806 45.550540 51.577547 0.000000
690 A C 90.526655 49.548818 45.359686 20.639120
691 C A 79.319690 40.942938 50.822392 0.000000
692 C C 68.121098 50.174630 40.173891 0.000000
693 B C 66.728019 47.925756 42.776848 0.000000
694 C B 79.006615 46.447112 44.209196 0.000000
695 B C 66.960709 39.839381 42.667246 0.000000
696 B C 65.734123 45.250411 42.817263 0.000000
697 C C 86.646064 42.982722 39.064047 0.000000
698 A A 74.747526 45.222056 53.758552 0.000000
699 C C 61.721716 47.807156 40.833110 0.000000
700 A A 89.133840 47.457799 54.958216 0.000000
701 C C 75.185695 46.378213 39.632912 0.000000
702 C C 90.943429 51.321508 38.846659 0.000000
703 B C 75.495801 50.596482 42.276857 0.000000
704 C C 75.225403 43.502567 39.667267 0.000000
705 C C 81.935004 43.084379 39.256163 0.000000
706 B C 81.288830 45.175887 41.991694 0.000000
707 C B 80.102635 47.215812 44.168555 0.000000
708 C C 75.605277 37.619586 39.716296 10.115695
709 B C 75.686614 45.766241 42.214917 0.000000
710 A C 77.176562 39.802882 44.944467 18.906533
711 C A 77.518981 39.331549 50.798682 0.000000
712 C C 79.120471 47.822292 39.348639 0.000000
713 A C 91.062908 47.921982 45.322419 19.616975
714 C C 69.466352 47.705874 40.081991 0.000000
715 B C 74.299828 46.674325 42.294070 0.000000
716 C C 76.051524 40.664249 39.645103 0.000000
717 C C 64.359143 46.442355 40.579408 0.000000
718 B A 76.108382 47.934558 52.372266 0.000000
719 C C 76.176264 30.501837 39.769314 26.364198
720 B C 76.109976 39.433275 42.126046 7.697594
721 C C 70.072869 39.888003 40.124745 0.000000
722 A A 89.745444 52.115785 54.569688 0.000000
723 C A 79.847619 41.353708 50.826042 0.000000
724 C A 88.351089 51.319237 51.140288 0.000000
725 B C 75.322196 48.215314 42.259321 0.000000
726 B C 92.751156 38.380035 41.865850 27.782311
727 C C 76.452511 39.433275 39.633385 0.000000
728 B A 90.057172 45.152197 52.867828 0.000000
729 B C 92.529561 45.103425 41.926532 0.000000
730 C B 79.319690 45.664341 44.171049 0.000000
731 C C 82.857670 57.320213 39.013020 20.532241
732 C C 91.536053 37.979919 39.040621 21.678896
733 C C 89.453923 53.175329 38.843253 0.000000
734 C C 64.905607 50.111783 40.482500 0.000000
735 C A 95.342604 49.671321 51.033513 0.000000
736 C C 80.617882 52.785442 39.193376 0.000000
737 C C 87.131297 47.609175 38.982425 0.000000
738 B C 89.362605 36.093480 41.797579 33.286020
739 C C 82.045886 48.023590 39.182317 0.000000
740 C C 82.544525 48.572796 39.149932 0.000000
741 B C 73.153446 51.197931 42.405655 0.000000
742 A C 66.201724 50.530119 45.696992 1.835221
743 B C 79.258928 54.273917 42.154994 7.370358
744 A C 75.727934 45.869762 45.186694 6.400939
745 C B 96.589632 51.913195 43.925022 0.000000
746 C C 71.847028 50.596482 39.841139 0.000000
747 A C 90.526655 40.606294 45.049927 28.884656
748 C B 74.265848 45.794040 44.496028 0.000000
749 C A 79.319690 40.335679 50.782423 0.000000
750 A C 76.696849 43.453677 45.081103 10.471065
751 C B 85.460762 44.677337 43.878990 0.000000
752 C A 89.362605 47.702087 50.927926 0.000000
753 B B 81.899290 47.075447 46.154753 0.000000
754 A C 87.861002 47.057637 45.198848 16.502973
755 C C 79.024343 47.838057 39.354313 0.000000
756 C C 89.820808 42.170218 38.999257 0.000000
757 B C 87.131297 45.394987 41.891113 0.000000
758 C C 74.381519 48.158820 39.670036 0.000000
759 C A 74.685448 41.925977 51.134941 0.000000
760 C A 89.752566 50.974116 51.096404 0.000000
761 C C 97.042962 40.198790 39.042409 8.469968
762 B C 83.751040 50.470696 41.986439 0.000000
763 A B 95.342604 37.376063 49.955985 23.569657
764 B C 83.595440 44.287615 41.925566 0.000000
765 C C 93.273734 47.548927 38.888778 0.000000
766 C C 81.900599 43.084379 39.257899 0.000000
767 B C 76.999444 43.628034 42.131677 0.000000
768 C A 77.248383 47.075447 51.341616 0.000000
769 C C 82.083654 41.124684 39.275816 0.000000
770 A C 81.295654 59.858799 45.591694 30.150601
771 B C 79.006615 47.208269 42.088964 0.000000
772 C C 76.414789 41.226183 39.612472 0.000000
773 C A 81.984880 45.152197 50.978950 0.000000
774 C C 80.635814 51.148178 39.214707 0.000000
775 B C 75.727934 44.285112 42.196790 0.000000
776 B C 75.402838 50.210065 42.277176 0.000000
777 C C 82.544525 48.563780 39.150058 0.000000
778 A C 75.281822 46.333958 45.213708 5.753715
779 A C 85.880308 42.982722 45.022925 19.367308
780 B C 97.518699 41.472253 42.060854 15.267166
781 A C 89.946334 53.175329 45.466269 27.277604
782 C C 93.936853 45.014352 38.928703 0.000000
783 B A 68.704037 42.102621 52.400609 0.000000
784 C C 91.611476 50.550581 38.851025 0.000000
785 C C 73.786773 47.564499 39.723351 0.000000
786 C A 82.859672 41.725127 50.734616 0.000000
787 C A 68.192249 45.934041 51.904599 0.000000
788 C B 87.551896 43.128293 43.791156 0.000000
789 B C 83.435138 35.251990 41.835177 29.909921
790 A A 75.721018 45.631708 53.797322 0.000000
791 C C 79.319690 46.205460 39.358335 0.000000
792 A C 81.529062 39.390332 44.879099 23.528684
793 C C 88.343874 47.609175 38.949596 0.000000
794 A C 82.476205 56.337705 45.465830 27.262961
795 C C 56.120799 53.137061 41.385948 0.000000
796 C C 75.185695 40.989537 39.702724 0.000000
797 C C 92.486921 42.170218 38.971977 0.000000
798 B C 79.664258 52.179092 42.118061 0.000000
799 C B 67.922403 52.789790 45.239690 0.000000
800 C C 89.866097 44.776179 38.959895 0.000000
801 A C 77.911702 50.387940 45.299798 10.756601
802 A A 81.295654 52.179092 53.680066 0.000000
803 C C 78.737429 53.032339 39.302438 0.000000
804 C A 86.171102 36.748855 50.362937 0.000000
805 C C 89.024211 60.783013 38.740333 36.886547
806 A B 82.026899 50.550581 48.501285 2.846754
807 A A 92.485734 42.170218 55.951589 0.000000
808 C C 86.003219 47.921982 39.014312 0.000000
809 C C 95.452769 48.221752 38.890738 0.000000
810 B C 93.583902 47.609175 41.975037 0.000000
811 B C 95.342604 47.548927 42.027888 0.000000
812 C C 89.453923 65.834084 38.656370 40.021738
813 C C 90.370641 53.540343 38.821591 0.000000
814 C C 80.718512 47.546025 39.259265 0.000000
815 C C 79.354096 42.643542 39.404293 0.000000
816 C A 81.889976 47.601813 51.136204 0.000000
817 B C 82.513973 45.274745 41.959959 0.000000
818 C C 91.418959 48.888531 38.877812 0.000000
819 B C 89.910765 43.754122 41.877166 0.000000
820 C C 92.739429 50.084005 38.851119 0.000000
821 C C 81.352681 46.039906 39.245536 0.000000
822 C C 89.866097 45.129431 38.954661 0.000000
823 C C 83.323229 42.422764 39.199140 0.000000
824 C C 76.002654 48.316883 39.548598 0.000000
825 C B 80.279524 38.294531 43.931506 0.000000
826 C B 89.762065 41.721827 43.728782 0.000000
827 B C 91.051188 50.421751 41.954335 0.000000
828 A A 93.207511 42.170218 56.059706 0.000000
829 C A 81.931067 43.084379 50.851735 0.000000
830 C C 76.406181 58.529746 39.386218 20.690273
831 C C 75.856496 40.648878 39.659033 0.000000
832 C C 90.772183 44.824729 38.945865 0.000000
833 C C 98.389319 45.856845 38.986888 0.000000
834 C B 88.649138 47.609175 43.859295 0.000000
835 C C 86.141050 45.152197 39.049296 0.000000
836 A A 80.200380 23.757431 56.124362 14.086733
837 B B 96.704091 42.099021 46.685835 0.000000
838 C A 72.046811 46.457943 51.644024 0.000000
839 C A 87.488919 42.972447 50.695910 0.000000
840 C C 74.662506 47.820572 39.653149 0.000000
841 A C 82.857670 45.014352 45.072441 13.322176
842 C C 79.258928 42.706086 39.409139 0.000000
843 C B 83.691018 40.741571 43.849556 0.000000
844 A C 90.962338 47.548927 45.305812 19.388398
845 A A 87.762907 64.747983 53.098804 9.241297
846 C C 85.583499 42.148663 39.111655 0.000000
847 A A 79.006615 47.111756 53.934757 0.000000
848 B A 81.288830 47.492487 52.450642 0.000000
849 B A 86.387681 43.106873 52.706892 0.000000
850 A A 79.006615 32.159324 55.249812 7.162126
851 C B 93.936853 38.448948 43.677287 4.654952
852 C C 82.188699 43.085318 39.243489 0.000000
853 C C 82.112767 50.288647 39.147609 0.000000
854 C C 82.874616 47.074600 39.154912 0.000000
855 B A 80.635814 52.756324 52.368695 0.000000
856 C C 78.405943 45.957529 39.418058 0.000000
857 C A 92.758338 47.548927 50.906473 0.000000
858 C B 85.575507 50.532393 44.003576 0.000000
859 A C 83.323229 48.565320 45.196633 13.048042
860 C C 89.848741 47.685590 38.917091 0.000000
861 C C 82.011611 47.919430 39.185493 0.000000
862 A A 90.469437 54.184807 54.451332 0.909643
863 B B 79.748590 43.554486 46.165902 0.000000
864 A B 88.771720 45.129431 49.070301 4.497272
865 C A 92.659985 45.154136 50.788126 0.000000
866 B C 93.089062 52.884825 42.014114 11.804480
867 B B 89.453923 55.882109 46.209551 10.590687
868 A C 89.786830 45.356109 45.190393 19.177527
869 C C 86.590581 48.888531 38.980746 0.000000
870 C C 84.950700 47.609175 39.057619 0.000000
871 C A 92.475802 52.195322 51.135228 0.000000
872 B B 92.465534 47.609175 46.380771 0.000000
873 B C 76.119017 55.633615 42.301886 11.930013
874 B B 86.646064 42.982722 46.217654 0.000000
875 C A 91.942240 42.963317 50.674538 0.000000
876 A B 83.902099 47.609175 48.678599 0.661205
877 B C 78.329029 48.023590 42.123716 0.000000
878 A A 83.331957 39.848065 55.010848 0.000000
879 C C 84.797667 51.177296 39.013077 0.000000
880 A C 81.310204 54.324372 45.399225 22.168545
881 B C 82.544525 48.563780 41.993517 0.000000
882 C C 87.890907 45.221112 38.995869 0.000000
883 C C 92.486921 41.724379 38.978730 0.000000
884 C B 93.273734 42.033556 43.729179 0.000000
885 C B 82.444189 52.179092 44.172081 0.000000
886 A A 89.092748 34.523802 56.237962 8.833725
887 C C 89.821131 54.979822 38.809546 10.020606
888 C B 98.389319 45.856845 43.888869 0.000000
889 C A 85.048656 44.822789 50.854226 0.000000
890 B C 90.732708 47.599369 41.922789 0.000000
891 C C 83.332945 47.966529 39.121160 0.000000
892 B C 91.611476 50.550581 41.963376 0.000000
893 A A 85.604382 42.148663 55.049876 0.000000
894 C C 90.580413 42.226492 38.987079 0.000000
895 C C 90.943429 41.752929 38.989727 0.000000
896 C C 86.195818 45.094495 39.048281 0.000000
897 C A 91.700350 41.186496 50.583594 0.000000
898 C C 83.968269 43.352837 39.157866 0.000000
899 C A 90.149991 55.234563 51.314062 0.000000
900 B B 86.430838 49.234830 46.183381 0.000000
901 C C 80.379773 54.154597 39.188280 0.000000
902 C C 92.218048 49.256139 38.866024 0.000000
903 A C 93.876604 41.959592 45.240072 28.866684
904 C C 96.234587 47.443978 38.913636 0.000000
905 B C 80.987528 45.205163 42.000914 0.000000
906 C A 90.322086 54.143903 51.254168 0.000000
907 C C 92.482261 51.114863 38.836511 0.000000
908 C C 87.131297 51.036439 38.932837 0.000000
909 A B 90.591791 52.179092 48.982787 10.976522
910 C B 74.143828 47.966529 44.569311 0.000000
911 C C 86.167576 45.152197 39.048402 0.000000
912 B C 93.945492 44.776179 41.957376 0.000000
913 C C 74.812718 43.104897 39.702762 0.000000
914 A B 90.921992 41.752929 49.357853 11.875196
915 C A 89.362605 47.599369 50.922448 0.000000
916 C C 89.866097 41.128653 39.013934 0.000000
917 C B 78.180820 40.062308 44.085300 0.000000
918 A C 86.186346 45.094366 45.100430 16.193878
919 B C 93.970268 44.824729 41.958533 0.000000
920 B A 89.278369 53.175329 52.635001 0.000000
921 C B 92.496068 48.888531 43.842582 0.000000
922 C C 87.254312 45.221112 39.013385 0.000000
923 C C 99.721139 50.084005 38.962781 0.000000
924 C C 89.925622 48.888531 38.897942 0.000000
925 C C 84.950700 51.259927 39.005806 0.000000
926 C C 95.852491 41.313866 39.003386 0.000000
927 C C 76.334499 47.074600 39.541407 0.000000
928 C B 89.848741 51.532134 43.913939 0.000000
929 C A 85.583499 42.313859 50.694324 0.000000
930 B C 85.960048 46.620654 41.912990 0.000000
931 C C 84.797667 53.791236 38.976029 0.000000
932 C C 92.762998 40.293068 38.999694 3.661069
933 A C 84.049011 49.548818 45.233770 14.780112
934 A B 82.233537 43.371967 48.714669 3.560622
935 A C 91.799850 45.856845 45.279468 20.581082
936 A C 85.983506 48.563780 45.217972 15.419531
937 C C 84.971583 47.685013 39.055727 0.000000
938 C C 91.551214 50.325527 38.854962 0.000000
939 C B 89.870178 47.685590 43.840715 0.000000
940 A A 91.611476 50.550581 54.967839 0.000000
941 A C 83.838561 43.626499 45.027015 16.305473
942 B C 89.768801 46.339589 41.901817 0.000000
943 C C 86.638965 42.982851 39.064268 0.000000
944 B C 93.273734 47.548927 41.966753 0.000000
945 C B 85.112644 50.288647 44.014719 0.000000
946 B C 91.409812 41.724379 41.873830 8.193246
947 A C 83.953364 50.586987 45.269311 16.345364
948 C A 92.733141 42.170218 50.642002 0.000000
949 C C 84.888813 38.505539 39.189178 11.747581
950 C C 89.489542 47.792909 38.922033 0.000000
951 C B 92.529561 42.170218 43.727491 0.000000
952 C A 86.733345 50.996265 51.162745 0.000000
953 B C 99.938140 56.202651 42.330304 35.954725
954 C A 88.343874 52.256653 51.191630 0.000000
955 B C 85.071365 57.558149 42.036231 27.613813
956 B A 88.140256 49.742498 52.655512 0.000000
957 C C 98.389319 39.654326 39.085479 14.579361
958 C C 86.800536 50.325527 38.953327 0.000000
959 C C 92.925297 47.548673 38.889149 0.000000
960 A C 85.220285 39.212892 44.884284 27.169756
961 A A 84.689309 45.223483 54.655459 0.000000
962 C C 92.739429 50.296203 38.847898 0.000000
963 C C 93.401996 44.017313 38.942707 0.000000
964 C A 84.265981 52.213491 51.318298 0.000000
965 C C 92.486921 42.295978 38.970072 0.000000
966 C B 89.848804 41.128653 43.716685 0.000000
967 A C 92.482261 56.634678 45.681412 36.813658
968 B C 91.507508 47.609175 41.932986 0.000000
969 A A 93.840057 44.737253 55.887918 0.000000
970 C C 91.708839 50.550229 38.850172 0.000000
971 B C 92.486921 42.575517 41.901067 4.488687
972 C C 97.871219 59.107310 38.762997 41.851302
973 B A 91.418959 48.888531 52.862914 0.000000
974 C C 81.469925 55.032392 39.115696 2.982241
975 C C 85.605411 50.598029 38.990253 0.000000
976 C B 98.827332 45.856399 43.904117 0.000000
977 C C 75.136701 48.949862 39.603213 0.000000
978 C C 88.417285 41.332331 39.039663 0.000000
979 A C 89.651925 48.888531 45.308689 19.050942
980 C A 91.938794 49.256139 50.990015 0.000000
981 A B 90.943429 51.321508 49.040159 9.342786
982 A C 91.341259 54.104062 45.546956 30.689039
983 A C 95.342604 47.685844 45.519274 23.466405
984 C C 90.365758 59.625121 38.731134 36.281665
985 C C 89.877869 45.127060 38.954498 0.000000
986 A C 91.656425 41.958020 45.138703 26.824210
987 B A 89.362605 47.599369 52.768347 0.000000
988 C B 99.907815 49.767624 43.993970 0.000000
989 C C 89.866034 42.170218 38.998504 0.000000
990 B C 90.943429 41.752929 41.867710 7.602984
991 C C 87.925585 49.627360 38.930770 0.000000
992 A A 87.668668 41.797725 55.332451 0.000000
993 C C 91.329631 57.705382 38.746448 30.231670
994 C C 89.113632 42.446149 39.008226 0.000000
995 C C 85.516320 51.036439 38.987289 0.000000
996 B B 95.808333 48.221752 46.557876 0.000000
997 A C 90.579443 52.180628 45.452662 25.591461
998 C C 90.543110 40.006852 39.020646 4.211341
999 C C 89.892686 53.166049 38.835121 0.000000
1000 B A 88.547198 50.622559 52.656264 0.000000
