1 A A 13.447927 68.781142 51.327823 3.568994
2 A A 17.442917 87.695938 50.979703 4.628665
3 A A 23.641860 27.165645 52.377697 1.659211
4 A A 24.460473 60.601985 51.534108 0.067760
5 A A 27.734850 24.349865 52.645500 5.884212
6 A A 56.889405 72.380884 51.101178 14.003672
7 A A 82.892865 82.366382 51.037171 23.979929
8 A A 89.075654 50.581456 54.640669 0.000000
9 A A 94.041608 42.524227 56.150905 0.000000
10 A B 4.286480 64.051442 49.874488 0.039946
11 A B 9.803942 30.557186 49.260411 0.059509
12 A B 16.194315 63.983450 49.478706 0.239926
13 A B 18.710163 95.052689 49.636178 0.311409
14 A B 21.667054 85.962030 49.422586 8.502071
15 A B 24.883692 36.638957 49.051189 0.000000
16 A B 29.730774 96.324791 49.043394 1.081633
17 A B 35.287866 17.136831 48.860323 21.458675
18 A B 36.440824 4.895444 48.876092 4.342875
19 A B 40.297797 11.007452 48.838118 17.188435
20 A B 43.974153 89.366818 48.305398 5.919942
21 A B 44.391780 73.638877 48.391725 17.697024
22 A B 45.112116 85.083195 48.280549 14.133949
23 A B 48.487921 46.818645 48.477387 0.000000
24 A B 54.791358 40.349439 48.436301 0.000000
25 A B 55.295333 38.248495 48.457368 2.211051
26 A B 55.799373 52.188555 48.266379 0.000000
27 A B 59.224647 26.026934 48.610507 11.400769
28 A B 59.737017 95.949579 47.523006 8.800350
29 A B 61.906529 92.504627 47.501992 9.873776
30 A B 62.270624 21.890560 48.691514 20.742201
31 A B 74.562035 38.520862 48.552036 10.064134
32 A B 76.279872 29.986877 48.816202 16.550973
33 A B 78.246526 13.589577 49.323699 36.210877
34 A B 81.032555 49.795730 48.479435 1.069690
35 A B 89.657484 48.462549 49.030770 4.368670
36 A B 95.852988 37.436492 50.012730 23.769125
37 A B 96.814446 66.233863 49.069245 28.700078
38 A B 97.523319 32.758712 50.389718 28.317991
39 A C 1.344321 11.678205 48.908091 15.568778
40 A C 12.681697 1.468094 47.732359 0.224461
41 A C 17.977181 78.926245 50.103863 20.412571
42 A C 28.779463 58.405908 48.555263 0.258181
43 A C 56.355714 55.471921 46.427467 6.144345
44 A C 67.005424 9.049454 44.209236 28.887553
45 A C 71.609111 8.543545 44.005994 31.207843
46 A C 75.547330 90.429031 46.743489 26.819987
47 A C 82.235722 7.875734 43.782025 38.591912
48 A C 93.792653 22.992619 44.579611 50.250333
49 A C 96.405022 56.357980 45.885189 39.965795
50 A C 97.329789 16.367709 44.566394 65.076736
51 B A 0.683399 18.092675 52.817424 45.874042
52 B A 2.177737 88.912268 58.490019 6.578057
53 B A 2.551466 75.058874 57.349795 41.532779
54 B A 5.206169 39.580062 54.428440 0.000000
55 B A 7.232233 61.664439 55.999927 0.000000
56 B A 9.493328 99.952839 58.604177 0.000000
57 B A 15.802558 74.457398 56.295731 38.736253
58 B A 19.903016 64.611228 55.393246 0.431849
59 B A 25.099662 33.488538 53.392049 0.000000
60 B A 26.734345 93.110315 56.390353 0.441816
61 B A 30.422242 79.193246 55.363324 50.218150
62 B A 31.038860 0.380304 51.682640 0.572597
63 B A 32.897141 12.770598 52.240086 44.520958
64 B A 39.919297 45.147208 53.342807 0.000000
65 B A 43.121478 10.595765 52.107023 34.630097
66 B A 45.568352 39.294871 52.929154 0.000000
67 B A 47.017405 70.393346 53.720836 18.009986
68 B A 48.503249 75.874170 53.754502 46.914119
69 B A 57.925687 29.173447 52.412298 3.830388
70 B A 60.256848 26.606326 52.359838 8.591839
71 B A 64.215633 40.576845 52.445481 0.000000
72 B A 64.578382 76.170946 52.662458 50.286413
73 B A 67.558308 17.621696 52.344245 52.202360
74 B A 69.452790 41.179511 52.395279 0.000000
75 B A 70.159758 72.685391 52.380810 34.326858
76 B A 77.869323 67.692479 52.198707 12.026544
77 B A 85.405219 44.666817 52.631998 0.000000
78 B A 90.920877 54.330364 52.694824 0.000000
79 B B 1.624526 20.213360 49.667916 36.476007
80 B B 3.811971 21.098217 49.595627 31.607329
81 B B 4.588962 34.554050 50.182315 0.000000
82 B B 8.355606 59.941129 51.074636 0.000000
83 B B 8.976462 25.839171 49.529403 7.446859
84 B B 15.310429 5.677899 48.362209 7.953416
85 B B 20.956144 93.770441 51.306396 0.455578
86 B B 22.554904 81.398079 50.705509 44.717191
87 B B 23.421017 94.467127 51.078596 0.624435
88 B B 27.326391 32.365042 48.665081 0.940234
89 B B 29.150965 66.751129 49.620590 3.973429
90 B B 32.478084 22.092832 48.031810 27.513568
91 B B 33.933616 82.551611 49.652611 40.854750
92 B B 34.596438 79.777166 49.511554 50.811639
93 B B 38.419754 41.585665 48.180342 0.000000
94 B B 38.876395 18.529421 47.569332 47.023415
95 B B 39.219758 28.785381 47.805592 3.671085
96 B B 40.545175 84.108517 49.054985 33.656917
97 B B 42.291006 50.425162 48.113669 0.000000
98 B B 42.756769 88.310325 48.937994 12.320720
99 B B 50.506028 4.404126 46.699090 9.538041
100 B B 51.101263 7.371172 46.726709 21.032498
101 B B 51.736421 80.208853 47.940848 53.993764
102 B B 52.149235 20.926561 46.910467 38.755523
103 B B 52.820897 6.031461 46.633757 15.526328
104 B B 53.577997 34.220770 47.051587 5.591901
105 B B 54.498969 86.603187 47.801291 23.545319
106 B B 60.845011 62.252845 46.989678 9.327980
107 B B 61.238842 43.850437 46.760719 0.000000
108 B B 62.669678 23.581863 46.481307 27.658000
109 B B 63.187986 74.665154 46.964876 49.987937
110 B B 65.684438 2.650515 46.204004 12.282555
111 B B 68.900537 35.009351 46.357773 10.674634
112 B B 69.799288 91.969957 46.654050 13.848390
113 B B 70.607638 91.491286 46.599417 14.666793
114 B B 77.375367 69.834033 46.213854 30.442221
115 B B 83.194545 73.013886 46.086780 51.031898
116 B B 87.298257 77.324798 46.050380 71.396948
117 B B 87.980995 15.609496 46.407140 72.874364
118 B B 88.154288 98.988070 45.927776 18.224287
119 B B 88.993107 0.733215 46.549319 23.477096
120 B B 91.346020 71.616134 46.143969 47.607385
121 B B 91.982015 52.555117 46.318297 0.000000
122 B B 93.367583 58.574209 46.324474 22.445018
123 B B 94.727301 6.989668 46.903451 40.071077
124 B B 99.018851 92.412142 46.232281 29.531513
125 B C 6.006541 9.583018 47.932108 27.406208
126 B C 6.529532 37.683903 48.326088 0.000000
127 B C 7.703661 78.160267 48.848494 49.928514
128 B C 11.491742 45.831369 47.976258 0.000000
129 B C 11.702134 31.522863 47.735595 0.127263
130 B C 13.505248 94.673227 48.526454 0.191423
131 B C 14.034881 13.235643 47.232656 45.795302
132 B C 28.395977 81.640050 46.815032 44.943617
133 B C 30.536666 1.772262 45.470311 2.447901
134 B C 36.689665 83.646538 45.987246 36.893052
135 B C 47.670365 23.089940 44.093990 27.963911
136 B C 49.000459 36.092782 44.134993 3.758032
137 B C 50.197369 3.753179 43.611781 11.374306
138 B C 65.463559 51.280656 42.907128 0.000000
139 B C 66.258529 43.425914 42.758286 0.000000
140 B C 66.956556 84.695206 43.184362 46.338976
141 B C 72.961118 27.522847 42.153562 26.428271
142 B C 73.136615 70.891709 42.624970 42.614447
143 B C 73.567194 98.349167 42.904355 21.008401
144 B C 78.590005 33.759616 41.960783 27.700657
145 B C 79.094773 24.586610 41.844294 41.322618
146 B C 79.942846 25.242639 41.822513 39.181075
147 B C 80.391380 76.757866 42.353354 77.531663
148 B C 83.983176 80.699238 42.294125 79.613558
149 B C 84.820843 63.411196 42.100258 33.772775
150 B C 90.078033 47.804948 41.918583 0.000000
151 C A 5.962944 97.005560 66.702799 0.000000
152 C A 12.003795 87.403617 64.212252 20.250402
153 C A 19.004523 65.739205 60.012688 2.019231
154 C A 41.274858 19.069724 51.627028 68.594376
155 C A 46.579898 42.201415 53.668183 0.000000
156 C A 58.856847 97.892142 57.500481 0.000000
157 C A 68.119778 53.933640 52.548459 0.000000
158 C A 72.317156 49.244530 51.831889 0.000000
159 C A 74.382221 51.856096 51.867996 0.000000
160 C A 75.349263 19.795629 49.529518 68.216775
161 C A 81.577962 12.342776 48.928256 75.004163
162 C A 84.413510 83.031825 53.145755 66.824513
163 C A 86.518819 5.350988 48.572978 19.429239
164 C B 0.387190 15.324824 50.236731 79.823999
165 C B 3.149996 89.651117 55.799257 6.987242
166 C B 10.349076 60.249026 52.594552 0.000000
167 C B 18.070021 48.592678 50.821718 0.000000
168 C B 20.441453 44.498870 50.264909 0.000000
169 C B 21.058455 47.266406 50.375213 0.000000
170 C B 25.636356 65.052749 50.945171 1.670108
171 C B 31.697730 62.866146 50.010555 1.514133
172 C B 34.118142 77.805376 50.545107 81.227805
173 C B 35.879450 53.258878 48.922663 0.000000
174 C B 37.784653 68.094445 49.495011 12.649302
175 C B 41.662702 86.434194 49.926693 31.255795
176 C B 44.639387 71.305085 48.737492 37.707163
177 C B 49.962972 14.766453 45.412321 84.440331
178 C B 53.408035 57.894922 46.992512 0.000000
179 C B 57.110027 99.423161 48.278187 0.000000
180 C B 71.101792 14.296306 43.734062 91.533335
181 C B 76.704325 56.768778 44.637696 1.910719
182 C B 80.579262 69.243723 44.700854 35.890301
183 C B 86.115587 59.444772 44.177164 18.892730
184 C B 92.369188 67.212132 44.158593 31.497177
185 C B 92.816394 90.623985 44.548905 29.214056
186 C B 98.155261 96.831986 44.557739 27.395067
187 C B 98.931106 57.367406 44.054561 17.950807
188 C B 99.804305 35.501079 43.816613 24.663814
189 C C 10.958515 54.788338 46.930121 0.000000
190 C C 14.926008 55.924457 46.438397 0.000000
191 C C 16.561626 10.092722 46.490164 48.874514
192 C C 22.198040 61.079619 45.505143 0.429891
193 C C 26.461404 31.054792 45.172345 1.434926
194 C C 33.349700 8.167881 44.502166 33.793604
195 C C 37.109546 30.420577 43.870654 3.893588
196 C C 46.426839 3.149236 42.996270 9.559475
197 C C 58.105376 46.184750 41.238742 0.000000
198 C C 63.942959 16.782366 40.963031 95.623763
199 C C 85.871264 28.480504 39.297121 36.642049
200 C C 95.158800 2.025138 39.602980 43.852987
201 B B 69.888789 91.491286 46.645502 14.323231
202 A A 86.115587 59.444772 53.449569 7.997292
203 B C 31.609982 11.033718 45.495247 37.977233
204 A A 9.764521 30.167101 51.700246 0.057181
205 A C 99.132429 37.605800 45.437382 42.961899
206 A C 39.810137 41.907727 47.127799 0.000000
207 B B 4.787917 85.962030 52.561880 20.018723
208 A B 41.802121 29.562233 48.731114 3.470225
209 A C 70.625406 8.543545 44.041360 30.445828
210 B C 74.796995 73.899773 42.567323 60.929372
211 A C 58.242441 36.358493 45.638562 11.178629
212 C A 47.448519 19.198353 51.150189 68.290892
213 B B 11.632429 60.249026 50.831507 0.000000
214 A A 75.547330 38.402777 54.391651 1.124029
215 A B 94.370693 56.357980 49.176564 22.158954
216 C B 59.818227 99.751598 47.908676 0.000000
217 B B 20.102644 64.611847 50.317267 0.675602
218 B A 69.743149 20.454342 52.391596 40.482523
219 C B 50.099789 31.522863 46.173464 5.539912
220 B B 20.987239 78.290802 50.740550 50.405634
221 B C 65.463559 50.295255 42.895671 0.000000
222 C C 99.905722 90.320646 38.322308 52.063164
223 C C 68.929781 2.158811 40.683991 21.366634
224 C C 14.232628 57.762432 46.514029 0.000000
225 A A 72.938324 27.522847 55.064958 7.012613
226 B B 62.270624 16.543470 46.423022 59.398354
227 C A 95.158800 2.025138 48.832586 11.451446
228 A B 17.316661 78.573277 49.566519 20.255431
229 B A 4.411215 63.648164 56.323373 0.028823
230 B B 95.506506 77.155487 46.236238 75.780731
231 B B 18.734527 87.987271 51.314018 10.381933
232 A C 7.711451 78.160267 50.832090 19.993396
233 C A 23.502442 87.213560 62.292238 21.902796
234 A A 25.444184 61.110198 51.527157 0.218378
235 A B 54.797773 52.196777 48.285272 0.000000
236 B A 83.114695 79.879444 51.989880 56.730069
237 B B 36.501348 65.533951 48.952425 3.225235
238 B C 45.185337 90.899490 45.215700 8.433701
239 C A 99.277928 7.301070 49.402491 35.484431
240 B B 46.363573 5.157671 46.889755 10.470353
241 A B 2.286920 64.050824 49.938510 0.036555
242 A A 6.672815 76.170946 51.273376 18.376682
243 A C 11.565677 14.766453 48.287911 19.858380
244 C C 5.709613 39.580062 47.630694 0.000000
245 C B 0.387190 16.310252 50.315784 79.565621
246 A B 67.149614 91.100326 47.383920 12.634633
247 C B 65.645064 70.891709 46.098676 41.414840
248 C C 28.581716 13.879547 45.033637 77.858698
249 B A 59.404449 89.765632 53.146911 7.576197
250 C A 73.108046 47.067089 51.612225 0.000000
251 B A 7.203800 39.488369 54.353844 0.000000
252 A A 61.238842 45.699725 52.953566 0.000000
253 C B 92.264914 44.610225 43.768999 0.000000
254 C B 67.357838 98.730596 46.870740 5.622656
255 B A 67.158122 51.216578 52.443797 0.000000
256 B A 74.382221 58.000902 52.313048 1.196924
257 C C 22.427693 37.683903 45.623042 0.000000
258 B A 8.355606 59.941129 55.806390 0.000000
259 B B 39.339793 55.763469 48.467777 0.000000
260 C A 90.920877 52.991418 51.186349 0.000000
261 B B 94.041608 67.120704 46.273716 29.952317
262 C B 76.844709 46.679183 44.346535 0.000000
263 B A 40.460017 45.147208 53.318834 0.000000
264 B B 58.856847 97.892142 47.568948 6.291650
265 C C 58.105376 99.268608 40.665909 4.313873
266 A C 10.958515 54.788338 49.761062 0.000000
267 B B 64.215633 98.123703 47.111153 8.042321
268 C A 88.527985 50.581456 51.096432 0.000000
269 C B 40.355717 50.425162 48.215149 0.000000
270 A C 65.246760 43.931025 45.512761 0.786806
271 A C 79.520346 44.666817 45.078070 10.868777
272 A B 24.883692 39.390172 49.063174 0.000000
273 C B 18.070021 58.928980 51.525753 0.000000
274 B C 85.637721 47.804948 41.928729 0.000000
275 A B 60.585580 42.195984 48.353947 0.000000
276 A A 46.509961 46.910338 52.395210 0.000000
277 B B 49.598572 57.082947 47.704468 0.000000
278 C B 14.296888 54.024116 51.655738 0.000000
279 C B 72.952233 47.067089 44.631068 0.000000
280 B C 68.311288 53.997717 42.736735 0.000000
281 C C 38.419754 35.566617 43.667670 0.000000
282 B B 8.305763 33.488538 49.906259 0.000000
283 B B 9.284397 39.580062 50.112471 0.000000
284 C B 18.620495 60.249026 51.545324 0.000000
285 B A 72.243386 49.600341 52.368157 0.000000
286 B A 7.232233 42.676264 54.589648 0.000000
287 B B 18.944374 41.138123 49.530427 0.000000
288 B C 10.951114 45.831369 48.028602 0.000000
289 A C 6.334111 42.243178 49.646897 0.000000
290 C B 59.818227 46.098421 45.788057 0.000000
291 C A 9.215641 60.249026 60.513634 0.000000
292 B A 9.493328 45.150531 54.680921 0.000000
293 A B 46.540748 39.294871 48.582376 0.000000
294 C B 48.676302 57.894922 47.565794 0.000000
295 C B 17.437918 62.907083 51.878546 0.261156
296 A B 39.523834 52.350191 48.676879 0.000000
297 A B 56.304477 58.870310 48.166365 6.454433
298 B C 18.339444 48.782321 47.351334 0.000000
299 A C 64.546442 50.295255 45.770703 0.261296
300 A A 44.278571 40.354870 52.658811 0.000000
301 C B 59.818227 45.645911 45.770172 0.000000
302 C C 5.967072 38.875411 47.602985 0.000000
303 C B 10.809138 31.509329 50.436172 0.062712
304 B B 9.116188 50.110170 50.584724 0.000000
305 B C 92.038514 47.841860 41.943909 0.000000
306 B A 55.799373 36.408294 52.560535 0.000000
307 C C 14.926008 57.796258 46.428439 0.000000
308 C B 48.143301 57.894922 47.631514 0.000000
309 A C 48.593063 39.050245 46.378414 1.539057
310 A C 57.088183 46.184750 46.055018 0.000000
311 C B 37.242515 39.294871 47.984633 0.000000
312 B B 63.106166 43.850437 46.665676 0.000000
313 A B 29.844632 53.276502 48.971597 0.000000
314 C C 72.952233 47.067089 39.795422 0.000000
315 A B 38.371011 41.585665 48.747327 0.000000
316 C C 16.123044 43.974412 46.356337 0.000000
317 B A 5.709613 29.549792 53.648334 0.323038
318 C B 64.864480 51.280656 45.477409 0.000000
319 A B 15.085094 28.877223 49.167250 0.486535
320 B A 49.808041 48.011186 52.992845 0.000000
321 B B 78.343037 44.315012 46.177824 0.000000
322 B A 38.419754 28.948461 52.805867 1.781707
323 A A 6.529532 42.120785 51.481236 0.000000
324 B B 86.472821 47.830892 46.190800 0.000000
325 C B 71.722938 99.165013 46.360854 5.778930
326 B B 53.999571 44.555204 47.189167 0.000000
327 C A 39.339793 55.763469 56.022365 0.000000
328 A B 44.707707 57.688205 48.490338 1.658724
329 B A 65.357424 46.702120 52.462206 0.000000
330 A C 90.078033 55.323404 45.544866 32.171999
331 A B 24.883692 52.419218 49.119934 0.000000
332 B C 20.974362 59.607896 47.249978 0.000000
333 B B 10.853818 54.577145 50.650450 0.000000
334 C C 6.334111 42.243178 47.545043 0.000000
335 B C 19.796922 39.580062 47.070733 0.000000
336 C B 16.960686 40.355713 50.387093 0.000000
337 C B 33.790291 50.407538 49.020429 0.000000
338 C B 20.485258 46.086996 50.365307 0.000000
339 B C 41.254347 41.907727 44.962824 0.000000
340 A B 62.872741 54.788338 48.125868 2.694074
341 A C 17.509938 43.578143 48.879601 0.000000
342 B B 39.523834 52.350191 48.368939 0.000000
343 C B 40.355717 61.187222 48.783946 2.676710
344 B B 72.958798 64.876918 46.359334 15.226665
345 C A 92.264914 38.739312 50.466718 0.000000
346 C A 60.585580 37.993392 51.881940 0.000000
347 A B 11.536249 50.566836 49.475859 0.000000
348 C B 72.952233 47.044683 44.630384 0.000000
349 C C 23.222067 54.505954 45.418497 0.000000
350 C C 60.667129 33.591390 41.102231 14.021677
351 B C 17.735176 60.292537 47.583280 0.000000
352 B C 53.408035 57.894922 43.998337 5.232049
353 B C 60.426493 57.857844 43.380632 9.240772
354 C C 39.163271 34.074061 43.588903 2.998624
355 C A 83.765257 44.610225 50.880511 0.000000
356 B B 65.463559 50.420231 46.609923 0.000000
357 B A 85.150673 47.805310 52.564199 0.000000
358 A B 9.068478 40.907323 49.409212 0.000000
359 A C 14.232628 57.762432 49.627483 0.000000
360 B C 24.948583 54.505954 46.776647 0.000000
361 C B 61.557809 36.413843 45.240400 0.820971
362 B B 43.543228 40.941778 47.810230 0.000000
363 C B 42.455816 50.366710 47.956333 0.000000
364 C A 40.636797 42.243178 54.318022 0.000000
365 A B 53.805233 44.555204 48.398247 0.000000
366 C B 59.818227 99.598426 47.902622 0.000000
367 A B 70.398743 69.274861 47.797712 17.892308
368 C C 66.345187 39.003796 40.473469 0.000000
369 C C 0.018853 39.577278 48.306632 0.000000
370 C B 80.170789 41.849792 44.027602 0.000000
371 C C 72.952233 48.892880 39.772285 0.000000
372 C A 67.068374 47.067089 52.090393 0.000000
373 B C 14.926008 51.382687 47.726376 0.000000
374 B B 75.076739 43.187982 46.228690 0.000000
375 C A 91.494662 26.739096 49.849926 17.285717
376 C C 6.894341 38.190770 47.495512 0.000000
377 C C 90.078033 47.804948 38.911474 0.000000
378 B B 65.463559 59.367303 46.685176 9.328430
379 C A 46.782934 59.387479 55.472620 0.000000
380 A A 61.517418 45.056635 53.009441 0.000000
381 A C 46.619811 41.782751 46.616854 0.000000
382 B A 92.327189 47.841499 52.952437 0.000000
383 C C 17.614383 44.635566 46.170661 0.000000
384 C C 10.951114 45.831369 46.974164 0.000000
385 A B 78.343037 56.281348 48.210344 13.051647
386 C B 55.452258 51.339108 46.472867 0.000000
387 C C 6.058477 54.639273 47.525953 0.000000
388 B B 57.282521 46.184750 47.011832 0.000000
389 B C 41.609201 42.891795 44.940778 0.000000
390 C B 21.453094 37.779215 49.703804 0.000000
391 C C 15.882299 43.410568 46.388723 0.000000
392 C B 33.916367 46.679183 48.791408 0.000000
393 B B 56.596428 43.850437 47.020492 0.000000
394 C A 49.325631 57.082947 54.910971 0.000000
395 A C 68.311288 53.997717 45.721989 10.884737
396 C B 23.408713 72.245334 51.703761 42.880375
397 C C 22.876280 51.773572 45.478923 0.000000
398 C C 45.713938 50.425162 42.642901 0.000000
399 C C 8.081086 41.383325 47.339874 0.000000
400 C B 14.699593 61.148311 52.108066 0.000000
401 C B 60.136631 45.645911 45.737626 0.000000
402 C C 14.232628 52.064923 46.543840 0.000000
403 B B 90.078033 54.499829 46.236481 3.808665
404 B C 67.255091 46.679256 42.725453 0.000000
405 B C 56.596428 43.850437 43.538093 0.000000
406 B C 57.173190 51.280656 43.578528 0.000000
407 B B 62.942478 45.831461 46.693566 0.000000
408 B B 57.088183 43.229172 46.983059 0.000000
409 C B 50.922650 52.347144 47.038128 0.000000
410 B C 62.570432 35.566617 42.942480 12.792371
411 B C 16.806664 47.519761 47.483400 0.000000
412 C A 74.575968 52.467821 51.897611 0.000000
413 C C 41.665031 41.782751 43.216155 0.000000
414 C C 10.581245 40.316212 47.045143 0.000000
415 B B 54.736612 34.190741 46.986287 6.020458
416 C C 67.636447 37.757423 40.367877 2.982123
417 A C 41.609201 42.891795 47.026895 0.000000
418 C B 97.114234 44.610225 43.833543 0.000000
419 C C 65.463559 54.689182 40.373890 0.000000
420 A B 53.346547 43.425914 48.419272 0.000000
421 B C 19.454343 43.410568 47.161330 0.000000
422 C C 23.222067 32.818443 45.556673 0.756584
423 A C 62.862308 47.804948 45.772247 0.000000
424 B B 92.038514 47.841860 46.359632 0.000000
425 C A 76.771959 53.997717 51.847722 0.000000
426 B C 10.951114 45.831369 48.028602 0.000000
427 C B 72.952233 45.072323 44.570166 0.000000
428 C A 24.948583 47.811073 56.796141 0.000000
429 C B 77.025817 52.739462 44.503080 0.000000
430 B B 87.364745 54.956682 46.170166 4.742129
431 A A 65.572890 25.194283 54.648322 8.492687
432 B C 73.168476 44.315012 42.328513 0.000000
433 A C 75.076739 46.143559 45.212257 5.686206
434 C C 17.658037 50.435032 46.132463 0.000000
435 C B 40.713803 62.229239 48.792404 3.087080
436 B B 89.434083 39.996740 46.314618 2.054416
437 B A 15.991956 38.526662 53.985811 0.000000
438 A B 58.105376 46.184750 48.315195 0.000000
439 C C 78.112020 43.974412 39.463217 0.000000
440 B B 23.143340 47.374284 49.459166 0.000000
441 A B 73.168755 43.539377 48.400639 0.000000
442 C C 75.151166 38.228001 39.741002 5.482124
443 C B 14.926008 55.924457 51.712132 0.000000
444 C C 10.958515 55.242326 46.927934 0.000000
445 C C 57.288135 62.591551 41.153564 12.740419
446 C B 62.663316 50.420231 45.664503 0.000000
447 B B 41.254347 39.289797 47.928197 0.000000
448 C C 85.881578 43.850437 39.076831 0.000000
449 A C 64.622788 43.850437 45.541315 0.488824
450 B C 20.224769 58.109242 47.302780 0.000000
451 C C 11.066029 51.319544 46.933765 0.000000
452 C C 16.123044 41.679169 46.368896 0.000000
453 C B 78.343037 44.315012 44.190505 0.000000
454 B C 78.065891 28.363784 41.923033 29.239820
455 B C 26.741567 37.683903 46.354843 0.000000
456 C C 40.623251 41.907727 43.343141 0.000000
457 A C 57.240410 51.280656 46.224248 0.000000
458 C A 77.428543 46.686467 51.304486 0.000000
459 B B 72.952233 47.067089 46.293582 0.000000
460 B C 39.486521 39.151785 45.101371 0.000000
461 A B 60.232764 55.997534 48.137456 4.057370
462 B B 85.881578 43.850437 46.198698 0.000000
463 B C 17.614383 44.635566 47.360738 0.000000
464 C A 41.057779 37.497163 53.733759 0.000000
465 C B 78.112020 43.974412 44.194732 0.000000
466 B C 41.745724 32.116442 44.784071 5.314501
467 A A 26.756180 54.512367 51.726334 0.000000
468 A B 65.065734 58.739368 48.036100 9.851124
469 A B 90.043361 44.323397 49.197522 6.304929
470 C B 72.355838 41.245424 44.496705 0.000000
471 A B 95.496611 41.440615 49.827281 15.223200
472 A B 70.841041 56.620512 48.074415 9.829163
473 B A 85.637721 47.804948 52.583311 0.000000
474 B B 77.033055 52.555165 46.204678 0.000000
475 B B 75.390110 41.973656 46.219703 0.000000
476 B B 77.711342 45.072323 46.186077 0.000000
477 B B 90.078033 46.763149 46.291032 0.000000
478 B B 60.294561 43.423988 46.806007 0.000000
479 C B 92.038514 47.841860 43.825474 0.000000
480 B A 68.311288 53.457200 52.424331 0.000000
481 B C 66.080997 51.280656 42.862003 0.000000
482 C C 39.890963 50.417879 43.361173 0.000000
483 C A 71.951005 46.679256 51.667681 0.000000
484 C C 71.885466 47.044683 39.882468 0.000000
485 B C 92.038514 49.323606 41.958377 0.000000
486 B B 72.952233 48.892880 46.300350 0.000000
487 C B 83.236015 47.214510 44.018291 0.000000
488 A C 67.627935 41.152808 45.303211 8.304583
489 B B 58.160875 43.850437 46.929530 0.000000
490 C C 61.354983 52.466161 40.819346 0.000000
491 A B 62.710874 42.109194 48.346305 0.000000
492 A B 66.345187 39.003796 48.409736 5.163750
493 C C 75.942316 44.601840 39.601387 0.000000
494 C C 74.824016 48.999645 39.625826 0.000000
495 C A 50.939814 47.340480 53.727501 0.000000
496 A C 97.114234 44.610225 45.526991 26.834990
497 C C 17.658037 52.422860 46.121199 0.000000
498 C A 91.974774 50.033578 51.028899 0.000000
499 C C 90.078033 42.014573 38.997416 0.000000
500 A B 32.898845 47.573127 48.878179 0.000000
501 C C 89.190843 43.974412 38.984175 0.000000
502 C C 61.846572 54.689182 40.742550 0.000000
503 C B 22.876280 52.330168 50.485812 0.000000
504 A B 65.256916 50.295255 48.192750 0.000000
505 C C 23.222067 44.916755 45.479592 0.000000
506 A C 58.564638 33.962845 45.534869 13.189923
507 C C 56.010809 51.266206 41.418103 0.000000
508 B B 78.285470 43.974412 46.178351 0.000000
509 B C 66.101987 51.096584 42.858351 0.000000
510 C C 81.775878 30.189526 39.442052 31.218604
511 B A 71.506808 46.786128 52.379979 0.000000
512 B C 36.903924 44.991526 45.438366 0.000000
513 C A 92.038514 49.384792 50.996304 0.000000
514 C C 92.264914 43.358223 38.954929 0.000000
515 C A 72.289217 40.677277 51.195269 0.000000
516 B B 76.529811 43.498652 46.202226 0.000000
517 C C 73.722886 46.960781 39.736026 0.000000
518 C B 24.210260 40.493034 49.564548 0.000000
519 A C 45.271874 50.440209 47.020575 0.000000
520 C C 93.722071 52.197225 38.818107 0.000000
521 C C 72.952233 51.235950 39.742593 0.000000
522 C B 92.129461 47.841860 43.825222 0.000000
523 A A 98.332225 49.795494 56.071958 0.000000
524 C C 42.875705 46.976384 43.021798 0.000000
525 A C 74.824016 48.999645 45.318352 6.227521
526 C B 75.942316 44.601840 44.346564 0.000000
527 B C 66.345187 39.003796 42.700954 2.399042
528 C A 74.508029 32.762747 50.487825 6.040489
529 B B 68.387193 54.499969 46.502565 0.000000
530 C C 75.853495 47.239911 39.573299 0.000000
531 C C 54.583503 54.089797 41.551586 0.000000
532 A C 41.080894 32.649437 46.705021 5.057870
533 C C 72.931242 47.251160 39.794768 0.000000
534 B B 77.165059 47.763615 46.196906 0.000000
535 C C 40.220540 42.166282 43.390536 0.000000
536 B A 69.999003 38.475270 52.393639 0.000000
537 C C 79.228726 44.253826 39.390107 0.000000
538 B B 43.374902 43.228961 47.872676 0.000000
539 A A 66.754535 52.666724 52.701182 0.000000
540 B B 67.623676 38.533938 46.425162 0.000000
541 C C 97.114234 44.610225 38.974556 0.000000
542 C C 85.800772 43.657364 39.082411 0.000000
543 C C 64.864480 47.914520 40.512167 0.000000
544 B B 65.463559 45.117029 46.565318 0.000000
545 B A 80.079842 41.849792 52.493425 0.000000
546 C C 59.412255 53.997717 41.010872 0.000000
547 C C 85.680333 47.804948 39.027412 0.000000
548 B C 74.892204 47.814449 42.276300 0.000000
549 C C 77.841912 48.464682 39.420930 0.000000
550 B C 69.460443 33.177741 42.424072 20.710322
551 B C 56.883922 49.008217 43.576051 0.000000
552 B C 55.132715 52.466161 43.773930 0.000000
553 C B 73.168476 45.147711 44.556402 0.000000
554 A B 67.705505 48.892880 48.221286 0.000000
555 A C 58.105376 46.184750 45.991640 0.000000
556 A B 71.885466 45.697483 48.328466 0.000000
557 B C 91.758028 42.175752 41.883732 5.985239
558 B B 96.250406 51.121975 46.554878 0.000000
559 C C 85.434480 53.968291 38.948554 0.000000
560 C C 86.242266 56.408224 38.884306 17.836462
561 B C 38.350976 48.896098 45.346196 0.000000
562 C C 73.601330 54.287031 39.652055 0.000000
563 B C 62.590709 42.175256 43.019066 0.000000
564 C C 74.116266 43.832285 39.745768 0.000000
565 B C 66.345187 39.003796 42.700954 2.399042
566 C B 68.384287 48.143946 45.040933 0.000000
567 A C 41.665031 29.044380 46.533926 5.561945
568 C B 43.208601 46.282415 47.657178 0.000000
569 A B 75.853495 47.239911 48.373270 0.000000
570 C C 45.713938 50.575277 42.641517 0.000000
571 C A 85.680333 47.804948 51.010178 0.000000
572 C C 81.845561 47.251160 39.203187 0.000000
573 B A 77.721908 48.153473 52.383178 0.000000
574 A B 90.301417 50.803557 49.004957 7.958550
575 C B 85.881578 36.983665 43.699429 9.889894
576 C C 72.682580 51.257634 39.764105 0.000000
577 C A 67.255091 46.679256 52.042986 0.000000
578 B C 72.952233 46.273389 42.362208 0.000000
579 B C 72.881834 36.145952 42.253655 18.904184
580 A C 99.224359 42.539062 45.615212 32.531558
581 C C 65.463559 50.899539 40.418318 0.000000
582 C C 35.612924 54.705186 43.861223 0.000000
583 C C 61.908135 55.302026 40.729171 0.000000
584 C A 47.863620 43.649075 53.683152 0.000000
585 A C 92.275009 47.804948 45.366771 20.680064
586 B B 89.319664 61.264014 46.170711 23.453378
587 A C 75.314537 47.525135 45.254398 5.642240
588 A B 45.738636 64.021291 48.410991 4.339387
589 A C 41.813338 44.062897 47.052903 0.000000
590 A B 79.063100 43.657364 48.567698 1.316889
591 B C 90.713065 43.558453 41.882741 0.000000
592 C C 65.463559 51.539437 40.410816 0.000000
593 C A 77.892464 52.664049 51.681910 0.000000
594 A C 56.596428 44.603385 46.030645 0.000000
595 C C 73.722886 46.810666 39.737943 0.000000
596 B C 92.038514 28.577322 41.755811 41.421912
597 C C 62.118578 47.914520 40.790562 0.000000
598 C C 66.201001 53.301156 40.318198 0.000000
599 B C 92.038514 39.888267 41.866251 19.276012
600 C B 61.846572 54.689182 45.910445 0.000000
601 C B 97.114234 38.947185 43.754345 2.537631
602 A B 65.060454 50.899539 48.182013 0.000000
603 B C 61.381261 52.524190 43.238465 0.000000
604 C C 71.052144 52.336768 39.886536 0.000000
605 B A 59.412255 53.997717 52.703703 0.000000
606 C C 76.177932 43.850437 39.594587 0.000000
607 A C 73.168476 44.315012 45.202565 6.119974
608 C C 74.281260 63.816235 39.476621 24.828955
609 A B 77.711685 54.689182 48.234110 9.548452
610 B C 62.118578 52.761138 43.181851 0.000000
611 B B 92.038514 47.845102 46.359605 0.000000
612 A C 71.846084 36.101944 44.959376 20.972305
613 B B 91.261481 43.558453 46.360539 0.000000
614 C C 45.713938 50.147748 42.645459 0.000000
615 C A 64.867527 47.805774 52.347119 0.000000
616 C C 85.680333 47.787494 39.027661 0.000000
617 A C 64.796353 54.670612 45.911063 9.857403
618 C B 79.228726 44.603222 44.148261 0.000000
619 C A 77.547119 43.137204 51.056184 0.000000
620 C A 65.463559 51.532968 52.602346 0.000000
621 C B 59.618794 59.092975 46.323962 4.953411
622 C C 76.382690 44.601840 39.570446 0.000000
623 A C 97.146885 47.642037 45.634009 25.118590
624 C C 71.204922 56.667176 39.819576 6.854570
625 C C 97.387859 49.323606 38.906325 0.000000
626 C B 65.437280 51.481408 45.428976 0.000000
627 B C 72.040404 42.667393 42.373866 0.000000
628 C B 89.190843 43.949504 43.778510 0.000000
629 C C 93.814408 64.375447 38.631764 42.251363
630 C C 88.848627 54.720377 38.833459 6.904071
631 A B 64.531819 43.974412 48.310692 0.000000
632 C C 84.407931 58.289327 38.928593 26.636121
633 C C 77.363506 46.807424 39.474528 0.000000
634 B C 67.247307 47.026614 42.729991 0.000000
635 C A 70.050324 35.891341 50.978854 0.000000
636 C A 58.733526 51.266206 53.258858 0.000000
637 A A 74.113219 38.621060 54.256367 0.410392
638 A C 72.931242 48.433356 45.353629 4.179990
639 C C 63.167379 35.910274 40.819855 9.911448
640 C A 85.637721 41.112337 50.623461 0.000000
641 C C 90.344669 55.276851 38.796165 12.980585
642 C C 72.952233 63.379405 39.588708 23.700495
643 A C 74.824016 48.999645 45.318352 6.227521
644 C C 73.551753 51.422459 39.692494 0.000000
645 A C 75.954420 43.323894 45.092736 10.102100
646 B C 54.267398 45.869144 43.770268 0.000000
647 C B 85.800772 43.657364 43.846435 0.000000
648 A C 45.713938 54.131574 47.118182 0.000000
649 C C 74.577311 43.288756 39.717925 0.000000
650 C C 75.472978 50.575277 39.557410 0.000000
651 C B 91.809316 43.952373 43.757771 0.000000
652 C C 75.472978 43.574111 39.648366 0.000000
653 C C 78.776520 47.272853 39.377213 0.000000
654 C A 97.387859 49.323606 51.062628 0.000000
655 C C 77.051674 48.639940 39.471328 0.000000
656 C C 65.463559 79.564565 40.082265 96.805335
657 C B 65.463559 52.473029 45.461798 0.000000
658 A C 85.136140 54.264186 45.405871 25.412575
659 C B 64.802800 33.735075 44.849842 10.025058
660 C C 59.412255 59.621596 40.949252 11.519517
661 C A 85.680333 47.787494 51.009167 0.000000
662 C C 73.234139 39.003796 39.875476 0.000000
663 A C 96.090552 47.650415 45.563997 24.145784
664 C C 71.001880 43.657364 39.998684 0.000000
665 A B 77.265116 49.854987 48.345871 0.000000
666 A C 80.857842 48.395504 45.195740 10.753631
667 C A 62.920265 47.914520 52.538551 0.000000
668 A C 72.952233 47.656782 45.325880 3.772433
669 C C 60.776892 54.217837 40.861217 0.000000
670 C A 65.225803 47.915445 52.323545 0.000000
671 A B 74.951448 47.699800 48.340069 0.000000
672 C A 54.474315 54.175199 54.004665 0.000000
673 C B 62.959672 51.235523 45.665091 0.000000
674 B B 78.567616 43.380262 46.175234 0.000000
675 A A 75.135036 62.248382 52.364395 6.357817
676 B C 72.952233 47.045395 42.370779 0.000000
677 C A 97.114234 44.610225 50.849214 0.000000
678 C C 79.953141 51.544853 39.248510 0.000000
679 B B 73.722886 46.810666 46.271076 0.000000
680 A B 61.428058 50.080791 48.219088 0.000000
681 C A 61.354983 49.215914 52.804723 0.000000
682 C C 79.527066 43.957932 39.376283 0.000000
683 B C 96.766278 57.550929 42.178023 38.289919
684 C A 75.557649 66.331945 52.803685 9.673993
685 A C 76.177932 40.294340 44.982168 16.969388
686 A A 71.946985 46.960781 53.423801 0.000000
687 C C 75.559774 44.120634 39.635002 0.000000
688 B C 85.851036 52.336768 41.972464 2.080089
689 C C 73.568298 43.288756 39.794898 0.000000
690 C A 70.456362 40.944789 51.340734 0.000000
691 C C 71.703775 37.494476 40.017058 7.801508
692 C B 83.564976 43.926965 43.928202 0.000000
693 C C 56.249342 51.275589 41.391051 0.000000
694 B B 73.482355 39.114766 46.251662 0.000000
695 A C 93.040803 47.804024 45.401175 21.385349
696 C C 82.424221 48.639472 39.154902 0.000000
697 C C 66.310189 66.467377 40.151871 22.257134
698 A C 72.952233 55.987092 45.616406 18.632256
699 B B 73.753608 47.004857 46.270873 0.000000
700 C C 72.651858 51.257634 39.766600 0.000000
701 C C 91.851515 49.323606 38.867483 0.000000
702 C A 90.947125 45.516299 50.802065 0.000000
703 C A 77.841912 45.470963 51.198494 0.000000
704 C C 72.997848 45.393552 39.812998 0.000000
705 C C 71.794882 43.725447 39.931550 0.000000
706 A B 85.800772 46.412355 48.824608 1.801929
707 C B 79.396006 37.968267 43.965829 0.033613
708 B C 72.952233 48.892880 42.391289 0.000000
709 C A 73.311591 39.037474 51.009264 0.000000
710 C C 77.081661 48.639940 39.469291 0.000000
711 A B 75.472978 48.991709 48.320653 0.000000
712 C A 69.685141 44.601840 51.680569 0.000000
713 B A 66.201001 53.301156 52.474521 0.000000
714 C C 74.604472 46.960781 39.668592 0.000000
715 A C 78.112020 53.287563 45.397424 17.055933
716 B C 75.472978 47.589921 42.245123 0.000000
717 C C 97.114234 46.572925 38.943675 0.000000
718 B C 72.679240 46.920645 42.384716 0.000000
719 C C 77.712299 49.608734 39.414250 0.000000
720 B A 76.382690 44.853262 52.397795 0.000000
721 C C 75.559774 26.358406 39.865959 34.891721
722 B C 95.257888 51.258311 42.060308 4.897116
723 C B 82.687616 44.250562 43.971187 0.000000
724 B C 81.182653 48.639472 42.031250 0.000000
725 C A 80.781494 37.938115 50.568465 0.000000
726 C A 71.052144 52.336768 52.165865 0.000000
727 C C 64.924911 42.014573 40.574963 0.000000
728 C A 90.078033 47.891239 50.930220 0.000000
729 C A 76.177932 48.466765 51.503805 0.000000
730 C C 77.204259 66.028993 39.231263 29.642467
731 C C 83.027564 51.084896 39.091782 0.000000
732 C C 78.942985 47.846620 39.359205 0.000000
733 C C 71.001880 41.690980 40.023116 0.000000
734 B A 80.589617 43.924255 52.480603 0.000000
735 C C 60.221059 47.239911 40.998015 0.000000
736 B C 73.543743 48.092905 42.349860 0.000000
737 C B 98.644589 53.332140 43.994326 0.000000
738 A B 71.297187 46.851285 48.294249 0.000000
739 C C 97.283613 52.197225 38.858741 0.000000
740 C A 52.441560 44.028597 53.234337 0.000000
741 B A 97.261822 53.968291 53.170492 0.000000
742 C C 72.651858 49.732977 39.785863 0.000000
743 C C 83.320122 51.404078 39.073668 0.000000
744 C C 77.113649 47.045555 39.488166 0.000000
745 B C 85.680333 47.536072 41.925474 0.000000
746 C C 85.881578 44.577361 39.066429 0.000000
747 C B 85.992703 51.444801 44.009135 0.000000
748 C C 65.851284 51.542701 40.372889 0.000000
749 C C 71.879975 46.878062 39.885011 0.000000
750 C C 71.393742 46.709651 39.927652 0.000000
751 C C 79.331258 37.520257 39.474720 13.890328
752 C C 89.819073 47.199340 38.924808 0.000000
753 C A 78.112020 42.334474 50.972530 0.000000
754 C B 74.878376 43.541714 44.387069 0.000000
755 C A 81.845561 49.522366 51.258532 0.000000
756 C A 74.753057 52.631817 51.896267 0.000000
757 C C 86.273617 44.601840 39.052760 0.000000
758 C B 97.114234 46.572925 43.860991 0.000000
759 A C 90.477502 50.575277 45.393564 22.223191
760 C C 78.322816 47.428634 39.403683 0.000000
761 C C 87.064564 57.694818 38.838580 26.286802
762 C C 74.356285 53.861543 39.598675 0.000000
763 C A 98.862193 50.934759 51.177150 0.000000
764 C B 90.442549 44.601840 43.776518 0.000000
765 B A 74.116266 41.857569 52.398060 0.000000
766 B C 81.887004 43.834243 41.960939 0.000000
767 C C 82.012105 52.197225 39.126348 0.000000
768 C C 79.941170 44.558729 39.343929 0.000000
769 B B 72.612675 38.754200 46.271066 0.000000
770 C B 77.051674 48.639940 44.387676 0.000000
771 C B 77.081661 47.368715 44.350515 0.000000
772 C B 75.102339 43.288756 44.364555 0.000000
773 C A 90.078033 47.787775 50.924793 0.000000
774 A B 83.363853 42.989794 48.784474 4.933351
775 B B 85.680333 47.020071 46.181648 0.000000
776 C C 90.246020 44.111196 38.963717 0.000000
777 C C 91.851515 49.397119 38.866375 0.000000
778 C B 75.559774 42.253054 44.304355 0.000000
779 A B 74.845486 49.032042 48.305427 0.000000
780 C B 78.973338 48.951770 44.277235 0.000000
781 A B 76.207263 44.684296 48.446420 0.000000
782 C C 72.682580 45.912565 39.831657 0.000000
783 C A 75.073507 45.347926 51.354922 0.000000
784 C C 79.889225 61.952875 39.111225 29.382714
785 C A 90.385435 50.524300 51.064717 0.000000
786 C C 70.922999 51.529207 39.907634 0.000000
787 C C 73.408256 50.709341 39.712907 0.000000
788 C C 76.377579 46.204768 39.549793 0.000000
789 B C 97.387859 35.098721 41.994777 42.927564
790 C A 73.529519 42.696936 51.263246 0.000000
791 C A 95.222011 50.005015 51.047013 0.000000
792 C A 77.113356 47.050332 51.347917 0.000000
793 C C 73.615313 46.964732 39.744356 0.000000
794 C A 74.604472 46.441857 51.463560 0.000000
795 C C 77.334075 48.464682 39.454573 0.000000
796 C C 92.321712 43.358223 38.954663 0.000000
797 C C 85.680333 47.804667 39.027416 0.000000
798 C C 79.483336 51.560232 39.276244 0.000000
799 C C 88.609754 47.627965 38.943012 0.000000
800 C C 65.052974 46.810666 40.506457 0.000000
801 A C 85.305922 42.156930 44.987381 20.606376
802 C B 84.643691 47.791792 43.976078 0.000000
803 A C 83.856748 54.640432 45.409604 25.106525
804 B C 92.246292 49.256696 41.961474 0.000000
805 A C 84.570873 47.804667 45.176656 13.678678
806 C B 77.284569 43.850437 44.240634 0.000000
807 C C 85.881578 33.356451 39.227005 34.139726
808 A C 77.113649 47.808102 45.224410 7.223021
809 C C 71.601899 51.306250 39.852763 0.000000
810 C B 79.483336 51.560232 44.315676 0.000000
811 C C 78.639994 62.718147 39.178873 28.369200
812 B A 84.475707 44.123323 52.603260 0.000000
813 C C 60.162144 44.394161 41.035762 0.000000
814 B A 82.365089 45.702678 52.504651 0.000000
815 C C 78.141107 48.464682 39.401504 0.000000
816 C B 85.800772 43.674218 43.846801 0.000000
817 C B 91.851515 45.845205 43.791005 0.000000
818 C C 83.320122 49.242250 39.103903 0.000000
819 C C 77.712299 48.214148 39.432763 0.000000
820 C C 85.473511 50.677203 38.994006 0.000000
821 C C 79.159320 47.627209 39.348895 0.000000
822 A C 97.828552 46.572925 45.645884 25.758045
823 C C 79.527312 41.949523 39.403393 0.000000
824 C A 90.246020 44.111196 50.731275 0.000000
825 A A 88.609754 47.656675 54.873428 0.000000
826 A C 90.078033 47.704263 45.280902 18.624309
827 C C 85.680333 47.246862 39.035384 0.000000
828 B C 79.035844 44.568199 42.059693 0.000000
829 B C 75.853495 47.380334 42.224573 0.000000
830 C C 82.033318 52.197225 39.125262 0.000000
831 C C 90.952350 45.479264 38.933907 0.000000
832 C C 82.826532 47.309188 39.153925 0.000000
833 C C 82.276491 53.939102 39.088798 0.000000
834 A B 75.472978 53.132020 48.218975 4.852161
835 C B 90.078033 44.263406 43.773649 0.000000
836 C A 86.020568 47.639557 50.991078 0.000000
837 A C 99.087770 46.649147 45.745953 26.894823
838 C C 78.712935 45.160385 39.409484 0.000000
839 A C 93.422855 58.917214 45.804010 40.488460
840 B C 75.502962 39.529959 42.155629 6.674542
841 C C 84.510243 33.544771 39.274057 32.731457
842 C C 97.283613 55.244035 38.810737 19.107204
843 B B 94.000518 53.488413 46.401702 0.326522
844 B A 87.324557 43.358223 52.749513 0.000000
845 C C 78.114594 43.974412 39.463052 0.000000
846 B C 86.273617 44.601840 41.889341 0.000000
847 C B 77.363506 41.621021 44.174509 0.000000
848 C C 74.477977 48.714337 39.655570 0.000000
849 C C 79.736046 44.855314 39.351848 0.000000
850 C C 77.991532 51.853660 39.366069 0.000000
851 C C 80.462281 58.268756 39.127500 23.086281
852 B A 89.006762 48.400135 52.730123 0.000000
853 C B 93.722071 56.716158 43.972448 11.030472
854 C C 81.845561 42.546475 39.268107 0.000000
855 C C 85.904116 35.645271 39.193493 29.202275
856 B A 79.784442 58.376275 52.291056 3.334629
857 B C 79.527066 43.957932 42.035460 0.000000
858 C C 85.505623 44.598636 39.079508 0.000000
859 A C 99.000642 49.324562 45.831271 28.159529
860 A C 76.661885 53.939102 45.446988 17.338197
861 C B 91.859961 49.444557 43.854271 0.000000
862 C A 90.357305 47.627209 50.914085 0.000000
863 C B 85.680333 43.779119 43.852631 0.000000
864 C B 77.447363 32.949011 43.931498 16.816638
865 C C 79.953141 51.403485 39.250427 0.000000
866 B C 93.467744 41.949523 41.917400 8.818787
867 C B 79.248339 47.272853 44.217180 0.000000
868 C C 78.712935 45.524285 39.404607 0.000000
869 C B 91.450481 54.986223 43.955734 0.000000
870 C C 79.736046 44.779468 39.352874 0.000000
871 C B 89.381670 46.597404 43.826932 0.000000
872 C A 85.267242 52.536599 51.298940 0.000000
873 C C 85.680333 45.547174 39.059664 0.000000
874 C A 94.564879 45.618734 50.832915 0.000000
875 B C 78.476058 46.622024 42.102916 0.000000
876 B C 81.578674 58.669184 42.125077 27.594471
877 C C 77.712299 47.208839 39.446109 0.000000
878 A A 96.613358 56.724323 55.038138 7.364196
879 B C 79.994540 49.242250 42.075430 0.000000
880 C B 77.991532 61.353198 44.672389 17.131880
881 C C 96.370762 47.816256 38.910052 0.000000
882 A B 85.473511 50.676247 48.675353 4.984036
883 A A 87.335958 44.558729 55.022236 0.000000
884 C C 98.145498 43.310785 39.020426 0.000000
885 C C 78.880047 42.014573 39.441379 0.000000
886 C A 81.885872 48.000241 51.161338 0.000000
887 B C 85.800772 47.376292 41.922444 0.000000
888 A C 81.992786 70.308670 45.952160 37.548817
889 A C 97.677354 52.197225 45.829099 32.173144
890 C C 78.756908 44.253826 39.418911 0.000000
891 B C 90.952350 45.115363 41.900909 0.000000
892 C C 83.011201 52.197225 39.077041 0.000000
893 B C 90.246020 44.187042 41.884205 0.000000
894 A A 82.424221 48.639472 54.106192 0.000000
895 A A 89.729823 48.366119 54.942965 0.000000
896 C B 76.037742 47.846620 44.432530 0.000000
897 A C 82.832546 52.012584 45.315556 18.236246
898 C C 85.953640 44.542727 39.064428 0.000000
899 B B 94.997723 52.122352 46.468542 0.000000
900 A B 77.883342 47.702082 48.420074 0.000000
901 C A 83.440996 55.872992 51.574974 0.000000
902 A B 85.468367 47.787494 48.762497 1.595822
903 B C 83.027564 51.084896 42.008313 0.000000
904 C A 79.954579 44.855314 51.049134 0.000000
905 A C 82.472345 47.213046 45.148774 11.684721
906 B C 79.159320 47.627209 42.087786 0.000000
907 C C 88.824990 51.343149 38.883591 0.000000
908 C B 80.904088 47.846620 44.142506 0.000000
909 C A 83.320122 49.242250 51.177347 0.000000
910 A C 91.835966 52.197225 45.500450 26.782647
911 C C 99.465744 45.588979 39.025739 0.000000
912 C C 91.822048 45.547174 38.924597 0.000000
913 A A 94.176297 52.145098 55.160913 0.000000
914 C C 90.441495 46.272203 38.928712 0.000000
915 C B 80.865394 47.627965 44.139000 0.000000
916 C B 89.258389 47.699509 43.850177 0.000000
917 A C 92.321712 43.309291 45.213169 24.594408
918 B C 79.848523 47.602845 42.063019 0.000000
919 B B 88.194226 59.755252 46.157706 21.614183
920 B C 85.911483 47.350628 41.920952 0.000000
921 C C 83.616204 43.606731 39.169529 0.000000
922 C C 86.295688 44.111196 39.059077 0.000000
923 A A 85.800772 45.003184 54.799745 0.000000
924 C C 74.001261 48.639472 39.692997 0.000000
925 A C 85.925736 45.479264 45.110161 15.551819
926 C A 85.434480 53.968291 51.376243 0.000000
927 C C 89.102090 50.677203 38.887310 0.000000
928 B C 97.387859 62.929860 42.256084 45.260620
929 C B 78.161039 40.958807 44.110569 0.000000
930 C A 85.310745 44.615475 50.834969 0.000000
931 C A 94.246334 43.358223 50.721054 0.000000
932 C B 84.314205 47.260269 43.976327 0.000000
933 A B 81.845561 40.004608 48.790606 10.778626
934 A C 81.169728 47.309188 45.156087 10.554160
935 C A 90.199610 49.323606 51.004047 0.000000
936 C C 79.623697 37.985784 39.451310 10.984862
937 C C 85.708458 49.397119 39.003650 0.000000
938 C C 82.012105 47.857075 39.186330 0.000000
939 A C 97.283613 45.608715 45.573333 25.843934
940 C C 91.942353 42.997804 38.962188 0.000000
941 B C 79.282709 56.261282 42.175300 17.523785
942 C C 99.532768 43.359717 39.063885 0.000000
943 A C 86.058258 44.625247 45.082334 16.678235
944 C C 89.243453 26.463697 39.241178 46.346455
945 C A 81.802169 56.809715 51.717712 0.000000
946 C A 96.508398 44.610225 50.830777 0.000000
947 C A 92.489330 44.601840 50.759681 0.000000
948 C C 92.291318 47.804948 38.887557 0.000000
949 A B 69.298774 44.779468 48.316294 0.000000
950 C C 90.908192 43.850437 38.958775 0.000000
951 A A 91.851515 50.502937 55.005035 0.000000
952 C C 80.890468 51.343149 39.197851 0.000000
953 C C 90.077706 47.051467 38.922663 0.000000
954 C B 85.853476 47.394964 43.925996 0.000000
955 C C 93.251970 43.359717 38.952644 0.000000
956 C C 96.351650 38.318124 39.058256 23.654476
957 A A 90.054081 46.572925 55.164581 0.000000
958 A C 86.562619 44.544883 45.087116 17.246050
959 A B 75.939717 48.059303 48.355164 0.000000
960 B C 85.473511 50.096832 41.954201 0.000000
961 C B 87.105328 45.204816 43.844321 0.000000
962 A C 99.892122 47.744829 45.851061 27.682203
963 C B 86.612251 49.802017 43.954318 0.000000
964 C B 83.367020 37.767613 43.791774 3.585663
965 C B 85.535724 45.547174 43.895719 0.000000
966 C C 85.682042 43.303724 39.091652 0.000000
967 C C 81.990708 52.197225 39.127445 0.000000
968 C C 89.143373 53.341995 38.847202 0.000000
969 A C 83.027564 40.745541 44.924353 21.800519
970 B C 97.665686 43.266477 42.084789 5.748880
971 C C 84.468784 47.042380 39.084941 0.000000
972 B C 85.500318 47.787494 41.930249 0.000000
973 A C 85.697964 54.013429 45.403399 25.349637
974 A B 82.072570 52.177873 48.457237 6.184699
975 C B 90.952350 43.824265 43.758559 0.000000
976 C A 82.276491 58.718968 51.810451 2.765633
977 A C 92.321712 57.163594 45.692732 37.487956
978 C C 89.819400 42.162446 38.999396 0.000000
979 C C 87.193848 45.180343 39.015733 0.000000
980 C C 93.829500 49.323606 38.862330 0.000000
981 C B 97.073750 60.345627 44.052957 26.914707
982 C B 97.138176 47.804948 43.878813 0.000000
983 B C 85.680333 47.804667 41.928216 0.000000
984 C C 90.445136 51.385604 38.852528 0.000000
985 B C 96.527867 44.111196 42.041049 0.922845
986 C C 80.286317 45.546498 39.310751 0.000000
987 C C 84.030545 37.142226 39.242645 20.332476
988 C C 89.184193 44.601840 38.975067 0.000000
989 C B 82.971141 51.326576 44.126890 0.000000
990 C A 90.561290 49.404180 51.004785 0.000000
991 B C 82.041781 43.974412 41.958317 0.000000
992 B C 85.327275 47.661399 41.931210 0.000000
993 C B 91.942353 51.086685 43.882657 0.000000
994 C B 91.822048 43.026062 43.741441 0.000000
995 C C 88.123919 49.133275 38.932815 0.000000
996 A A 96.644666 47.816256 56.003905 0.000000
997 C C 85.669353 47.002617 39.039269 0.000000
998 C C 83.025857 52.728757 39.068933 0.000000
999 A C 93.072029 46.604375 45.361130 21.356582
1000 C C 86.899424 44.533707 39.033857 0.000000
