1 1302.20531802969231 0
2 968.08325671837611 0
3 568.91131038285414 0
4 557.56265528371443 0
5 234.74617758514901 0
6 670.06479214578769 0
7 1255.58250993073466 0
8 351.75645624039822 0
9 149.88492385991154 0
10 647.91014539792172 0
11 143.87002091983297 0
12 236.60296179500318 0
13 1024.34411517038143 0
14 129.77049756537957 0
15 345.53492807094341 0
16 523.92874515255824 0
17 642.31874901990318 0
18 19.11200476249937 0
19 856.19270739744275 0
20 302.09539679318124 0
21 310.01739936204888 0
22 985.99063122999360 0
23 698.40962190854975 0
24 1356.00534218040320 0
25 895.79986304607428 0
26 427.26529914434809 0
27 709.74094678994697 0
28 826.58341324905643 0
29 425.42527210141242 0
30 551.32140055360696 0
31 641.02732850490042 0
32 898.45119997614268 0
33 639.41225949586385 0
34 304.22165030376067 0
35 552.20461436515791 0
36 451.88981015228978 0
37 1113.69330638886004 0
38 449.91587624974261 0
39 961.06201078605659 0
40 152.72362971004716 0
41 632.52221101084046 0
42 646.18166533399244 0
43 178.69275761217847 0
44 847.08421132388253 0
45 1441.62811850654703 0
46 1088.08337679160240 0
47 575.70167125030389 0
48 485.38464510628665 0
49 1067.11360298584668 0
50 1261.35429480809444 0
51 655.03702482246661 0
52 607.90858324802412 0
53 550.16829136595584 0
54 412.22091548493268 0
55 901.55388516170160 0
56 744.53375562367648 0
57 448.39406794048818 0
58 423.90509998449551 0
59 1226.19054931776645 0
60 1566.15010471051960 0
61 342.57259043665545 0
62 779.99777946181803 0
63 86.59670090311724 0
64 760.82413281687582 0
65 690.20994760754684 0
66 964.57226355021271 0
67 97.83094678152447 0
68 196.93532573915036 0
69 797.07003151915535 0
70 1090.43779748397378 0
71 764.24356328201725 0
72 780.66610961112838 0
73 1069.70415750114762 0
74 371.98795750349376 0
75 518.24955741488509 0
76 -44.75556485993684 0
77 0.33080321966921 0
78 12.01828690618703 0
79 21.45356160235907 0
80 5.01313109608207 0
81 -14.55253855402408 0
82 20.03384946861161 0
83 20.13684726409075 0
84 8.77707930106136 0
85 -30.86159924211483 0
86 0.83961444036095 0
87 -21.52187408943238 0
88 -6.52560286706444 0
89 22.45308206375993 0
90 11.12106214905181 0
91 12.80051818178979 0
92 -21.85266457046211 0
93 39.41122532516513 0
94 34.12067361948562 0
95 -31.62692997723979 0
96 49.28532890928567 0
97 -17.12982567223017 0
98 18.98421366953389 0
99 14.75849067594355 0
100 -13.64959199080933 0
101 -19.98735328506384 0
102 -20.01692496937629 0
103 14.34866810669859 0
104 12.23402990287030 0
105 -1.86303498096835 0
106 11.08510936763722 0
107 -0.44634163438491 0
108 -29.73541451263601 0
109 -40.96314537235609 0
110 23.00154230375811 0
111 21.46875900628714 0
112 -34.73079788831314 0
113 15.84259410419097 0
114 -12.66380036435644 0
115 23.86459105413979 0
116 -1.01176786872832 0
117 4.63569282962374 0
118 -2.04183138425504 0
119 -10.20862047520201 0
120 29.42159697049800 0
121 40.72774511806382 0
122 -25.86666252721722 0
123 3.14774038613953 0
124 -27.27018103706422 0
125 -34.01841305907313 0
126 -8.40088094211204 0
127 -20.25597324776836 0
128 12.89848161622382 0
129 -53.87150255182094 0
130 16.15658769639595 0
131 -9.28346594406373 0
132 -4.21608231641261 0
133 -9.36705021104009 0
134 -27.65669392210355 0
135 28.85945224515150 0
136 -26.71742420168999 0
137 -20.62634320378451 0
138 6.70941444937359 0
139 23.12267242943930 0
140 7.04846109372295 0
141 3.42042221478663 0
142 -15.69353894712253 0
143 68.30457659582248 0
144 -8.51975336085533 0
145 -29.98540174736302 0
146 -4.43860799428045 0
147 -4.51785599507341 0
148 -17.38708741281812 0
149 -11.09659889524257 0
150 -44.50939575482844 0
151 18.26248216532695 0
152 50.62418041234002 0
153 36.69041444805228 0
154 -15.14945393149961 0
155 -26.36838369972267 0
156 3.46021525494759 0
157 -3.13304677770312 0
158 26.12381503469400 0
159 28.81094056866853 0
160 23.10419310343083 0
161 14.17563158417020 0
162 -47.99039793419894 0
163 3.00610623941433 0
164 22.49603245693167 0
165 13.86517808469599 0
166 1.16687656316135 0
167 -27.86656352114085 0
168 21.21215541927893 0
169 2.69105610543188 0
170 37.74597099548345 0
171 46.95426342449018 0
172 -3.93767364517731 0
173 -47.09817244199527 0
174 -10.94843059489234 0
175 20.07625430310058 0
176 7768.55421483992905 0
177 9027.66339182133925 0
178 5525.12235663024148 0
179 11823.13658474549447 0
180 -28026.24391326545810 0
181 43094.39034398991498 0
182 10133.11591318075443 0
183 36678.93495125521440 0
184 16120.53532899718994 0
185 6969.25558602415731 0
186 16725.62587528055519 0
187 -9544.60401227071088 0
188 27822.40462174618369 0
189 18651.19648208858416 0
190 -19696.26276906953717 0
191 14043.41165681781604 0
192 -8831.55913891824093 0
193 -5769.99190932114470 0
194 32463.72539935059103 0
195 -10602.69167817097878 0
196 -1180.41475612348904 0
197 4623.26471640551790 0
198 3064.17576021219520 0
199 2490.75435912112380 0
200 45208.53228405476693 0
201 6780.17772505658104 0
202 27922.38260618132335 0
203 4422.74046660887143 0
204 30580.85752772924025 0
205 9836.46657769258672 0
206 21348.88434374818826 0
207 22374.56199343666958 0
208 -2592.02690906503994 0
209 2436.07036211574723 0
210 4936.17616378397361 0
211 -18544.81065276808295 0
212 24466.81496316717312 0
213 26413.17274635153444 0
214 22532.87372249648615 0
215 149.04580963816034 0
216 5017.66527087019040 0
217 -15035.82874879551491 0
218 11172.56964443984725 0
219 -10490.67426830939257 0
220 107.61212512469001 0
221 15099.37215230854963 0
222 25347.78940724871791 0
223 31742.05498752190761 0
224 139.68465543302193 0
225 14366.93456749618417 0
226 612.29850251059486 0
227 155.52286502832345 0
228 371.91170701329435 0
229 384.16288174946396 0
230 382.73446601284252 0
231 599.89961425756951 0
232 513.83102574360123 0
233 486.57460487563776 0
234 407.66790119401520 0
235 761.37543099901427 0
236 -79.94795989507077 0
237 268.62705620787767 0
238 303.47304438487470 0
239 56.22696380571824 0
240 234.96124391929834 0
241 -35.38014367280167 0
242 162.69417693323300 0
243 219.89105776276554 0
244 351.09652346104201 0
245 71.93759494951946 0
246 20.72495414038377 0
247 66.06604960063606 0
248 284.21264098616609 0
249 51.21932723285454 0
250 206.51031853789300 0
251 1873.50000000000000 0
252 1254.57609646096194 0
253 1430.30197455486655 0
254 1874.50000000000000 0
255 1873.50000000000000 0
256 1271.08310440948208 0
257 1873.50000000000000 0
258 1254.55899256111957 0
259 1873.50000000000000 0
260 1308.70550938809788 0
261 1873.50000000000000 0
262 1874.50000000000000 0
263 1435.09896043043773 0
264 1252.40755134009464 0
265 1874.50000000000000 0
266 1873.50000000000000 0
267 1874.50000000000000 0
268 1422.89500162968852 0
269 1251.87952196807350 0
270 1874.50000000000000 0
271 1873.50000000000000 0
272 1467.86266567914231 0
273 753.86542859437236 0
274 1873.50000000000000 0
275 1874.50000000000000 0
276 1460.80059952655756 0
277 1874.50000000000000 0
278 873.61976099250376 0
279 1320.24399558141522 0
280 1329.39327887851368 0
281 769.40063223207869 0
282 1474.27598829163071 0
283 1331.44920859965669 0
284 1874.50000000000000 0
285 1874.50000000000000 0
