1 496.04092090155586 0
2 667.66471548094785 0
3 195.73375938136391 0
4 666.26638053926285 0
5 363.63081882149919 0
6 1192.07096496505847 0
7 758.66406321975091 0
8 507.77689282884154 0
9 191.81253594070998 0
10 936.71191311414327 0
11 127.65980061647070 0
12 409.46287552578394 0
13 627.25191820880582 0
14 373.00153029444880 0
15 230.57447970036790 0
16 580.85941132035498 0
17 892.35441196015802 0
18 430.58273155201442 0
19 656.47238056886397 0
20 412.25844531886514 0
21 603.15965106493900 0
22 210.25868226203622 0
23 1062.72011927769995 0
24 291.08690434784381 0
25 88.64969705635200 0
26 507.57277983847274 0
27 522.05611238030860 0
28 607.50655843330060 0
29 731.38905098965643 0
30 613.03063181966399 0
31 480.91597361655863 0
32 609.67156208883114 0
33 352.78756164147791 0
34 683.43915806781104 0
35 551.42046642565640 0
36 691.98938698465349 0
37 962.94344193049346 0
38 761.88937504821160 0
39 223.13481535613892 0
40 1058.64448003284224 0
41 515.37980552396255 0
42 192.04368951689668 0
43 408.31548424295841 0
44 580.21821106223365 0
45 682.93834066281261 0
46 1469.34449810905471 0
47 1089.17001228983872 0
48 659.31205943567124 0
49 25.51043036529096 0
50 497.45165931149097 0
51 448.29921139684018 0
52 522.95074947202465 0
53 576.00270029570981 0
54 587.83229137334195 0
55 660.32917650479874 0
56 684.14329265504671 0
57 845.39774344473381 0
58 1081.49261078720883 0
59 267.69393043842422 0
60 405.95686309343307 0
61 1023.05264771662848 0
62 362.24007971819748 0
63 848.38994161378241 0
64 882.32980857216739 0
65 329.36610948438437 0
66 133.19439322000602 0
67 911.91073619676092 0
68 807.91249862668622 0
69 450.36957186184799 0
70 519.88196241572984 0
71 127.33818765829808 0
72 741.49662340297789 0
73 654.73242613822231 0
74 839.71021968169043 0
75 160.60627751061770 0
76 -47.37377355206613 0
77 -10.64896345434454 0
78 -30.48832581754036 0
79 55.82689858851649 0
80 -32.29606704523695 0
81 -31.29256068111690 0
82 -9.69413083118251 0
83 3.98679484078353 0
84 -27.45908625321441 0
85 -58.98246026479696 0
86 -5.96124669199373 0
87 -22.30142106041345 0
88 36.03649165116634 0
89 16.38184897101063 0
90 6.42763218502226 0
91 40.24457384144063 0
92 -41.00887382174583 0
93 21.27176827232162 0
94 -0.97486857717737 0
95 -9.87641845428302 0
96 12.45092035345986 0
97 -22.56470422753708 0
98 -12.98182481084527 0
99 -1.02597011379105 0
100 -30.65129191373272 0
101 9.12043979832913 0
102 24.12226033084147 0
103 -41.97761636919286 0
104 -4.22644368915969 0
105 -6.63626121965616 0
106 -14.49129110294657 0
107 26.11257543392306 0
108 -58.27543131479422 0
109 58.35347981748951 0
110 -18.38897820836608 0
111 -1.47054556129745 0
112 -16.33560289788888 0
113 6.59051864735095 0
114 36.14787862361592 0
115 -31.20624875610374 0
116 1.44707875138779 0
117 16.76269205522321 0
118 -41.41726405729010 0
119 -10.00925821531313 0
120 -16.82308597191774 0
121 -15.05151811167866 0
122 -12.42079207668565 0
123 1.86406003039424 0
124 15.46679110674346 0
125 25.10020043738191 0
126 5.43920775147136 0
127 -17.84584532324361 0
128 17.36498606763431 0
129 1.89174495248863 0
130 40.84719804061278 0
131 3.27439773774109 0
132 -24.70868515165725 0
133 24.29259378677527 0
134 -6.12034670395319 0
135 -6.36360948009034 0
136 -35.64193794345528 0
137 -14.18276119678346 0
138 14.70392411307523 0
139 20.90865956370455 0
140 -12.83394042045202 0
141 34.38194858398334 0
142 34.82571034598297 0
143 14.55795095317949 0
144 17.77546433156716 0
145 -53.70240536001567 0
146 13.49036872209757 0
147 -50.02368899168067 0
148 -15.39208772763426 0
149 43.70958570128995 0
150 8.39060416687992 0
151 -40.30136882822993 0
152 21.75051974425337 0
153 57.30389548822396 0
154 -1.66248233324440 0
155 2.37748488033597 0
156 26.48492671979706 0
157 12.82034631464172 0
158 -3.99013885768832 0
159 17.85835402113347 0
160 51.42579856610526 0
161 -21.12346345384221 0
162 4.29041652253140 0
163 4.23869674085143 0
164 -10.96881406428032 0
165 -18.63711901877009 0
166 25.74352834422222 0
167 12.47120869332254 0
168 -18.05166719922136 0
169 23.51282467935533 0
170 -57.23198181622475 0
171 -48.49428371126164 0
172 25.68490521053898 0
173 -26.45181899747621 0
174 24.90609765306257 0
175 37.67533696344945 0
176 25344.54019985325067 0
177 -1753.97168019404489 0
178 15970.50943806932628 0
179 1031.53001474559755 0
180 -6897.04240704049516 0
181 18905.06911216933804 0
182 28042.49070083023253 0
183 17355.54101010046361 0
184 16995.08946824365921 0
185 13655.98880033157729 0
186 15669.21382847711538 0
187 13463.69383929285505 0
188 1579.49955219208255 0
189 44199.08366527910403 0
190 24616.74340880200180 0
191 6777.05007684502198 0
192 908.18448262646632 0
193 -20071.49258359296437 0
194 37053.11581430725346 0
195 25695.19918069888809 0
196 -3010.70636075866923 0
197 -11891.65086010515188 0
198 2551.32659053691805 0
199 2341.36759647654526 0
200 14800.72207969240480 0
201 30470.94205380673884 0
202 33072.80748361293809 0
203 5043.71720579523753 0
204 31685.96635553504530 0
205 12525.88611065108853 0
206 4297.14270396556094 0
207 35328.85362166113919 0
208 37624.50532070045301 0
209 -9984.81795014600357 0
210 29048.69672000665742 0
211 6783.75268608995702 0
212 21859.86161121768964 0
213 7996.79556413657065 0
214 35143.78551205437543 0
215 677.96957559886141 0
216 5673.80510470046283 0
217 3383.10886935212329 0
218 8369.40000579567641 0
219 28209.36988179496257 0
220 -4116.62593520100745 0
221 21209.21374225945328 0
222 48555.97839297042083 0
223 13358.04105100772540 0
224 23496.04797513380618 0
225 37032.34990633799316 0
226 -83.72009989416016 0
227 172.05841691062943 0
228 630.26156063565941 0
229 299.71837311377470 0
230 699.75554493603795 0
231 279.15006466077551 0
232 -175.10618391372748 0
233 194.79290921790883 0
234 23.56823642938462 0
235 52.34345855650250 0
236 -64.67036087327553 0
237 57.42353773553130 0
238 158.58448066748213 0
239 53.80892963679402 0
240 26.64966973820077 0
241 246.15968782731792 0
242 -61.57809515496922 0
243 515.43708348314522 0
244 174.69026652672278 0
245 -16.74033271391392 0
246 271.58628752506354 0
247 454.80853155242357 0
248 58.30965350379176 0
249 -57.78063083314405 0
250 -129.76067316963019 0
251 1874.50000000000000 0
252 668.90205710308601 0
253 1873.50000000000000 0
254 1873.50000000000000 0
255 1333.49139976152719 0
256 1874.50000000000000 0
257 1873.50000000000000 0
258 1440.57225431673305 0
259 1428.87342178326003 0
260 1874.50000000000000 0
261 1260.09047861794420 0
262 1874.50000000000000 0
263 1326.63799436718750 0
264 1873.50000000000000 0
265 1450.04832342605209 0
266 1874.50000000000000 0
267 1325.63463347365155 0
268 1414.73660293039575 0
269 1262.63295017564519 0
270 1405.89111838930808 0
271 1368.54208285956270 0
272 1874.50000000000000 0
273 1873.50000000000000 0
274 876.55895610181688 0
275 1351.00197705770142 0
276 1292.97292374593371 0
277 1438.49079219732903 0
278 1468.81788541172250 0
279 1873.50000000000000 0
280 1350.72592235659567 0
281 1248.67110631642026 0
282 1493.37560880751289 0
283 1874.50000000000000 0
284 1873.50000000000000 0
285 1372.32465851752113 0
286 1350.05914241030951 0
287 1103.35543852305659 0
288 1251.67454301211092 0
289 1255.19276961098285 0
290 1874.50000000000000 0
