1 1177.60192185693131 0
2 607.33968674392167 0
3 470.59436273448273 0
4 551.04891421395666 0
5 1088.24253885149642 0
6 198.33699844194828 0
7 523.70522989813628 0
8 657.24663500580391 0
9 1134.73343084011003 0
10 232.62834698168285 0
11 840.32732764779348 0
12 780.89195383323943 0
13 304.73505220354031 0
14 920.61788809237805 0
15 1356.15504482515394 0
16 475.28416087449983 0
17 415.29082252422199 0
18 409.65459254533408 0
19 288.95617341433052 0
20 947.38148185945545 0
21 435.31782304257501 0
22 559.65229659070474 0
23 137.33810346589163 0
24 580.44936272441169 0
25 24.19946486769124 0
26 953.91071197003998 0
27 704.93067107498882 0
28 825.12588933765915 0
29 677.70578338028372 0
30 327.31540355145376 0
31 565.36968520673645 0
32 778.66139185750603 0
33 707.33689253635544 0
34 1268.20016728967994 0
35 341.22035971307639 0
36 742.71535617351992 0
37 83.99595974099155 0
38 863.79471136579036 0
39 304.60870234129391 0
40 787.54439263366305 0
41 1017.98506586293388 0
42 1371.20861898651788 0
43 730.64387363912670 0
44 1448.68085048318130 0
45 104.95749360674564 0
46 754.69894817125692 0
47 606.10132972746260 0
48 514.48768924749493 0
49 978.19491086780977 0
50 443.62380207863862 0
51 360.43276421882427 0
52 796.47114522663446 0
53 260.95824427891864 0
54 1066.94214004783521 0
55 227.11546552419216 0
56 1463.72977268856539 0
57 355.61526659274779 0
58 333.44527246192303 0
59 425.24866507256314 0
60 615.82621603288771 0
61 582.33656441484186 0
62 802.44134894606236 0
63 305.32379272460133 0
64 373.47859031649489 0
65 1222.35555573829379 0
66 314.88528734333113 0
67 268.84465209903499 0
68 487.24343646937689 0
69 1282.14993038399439 0
70 624.76666255135456 0
71 389.26805659999269 0
72 431.54842978427735 0
73 584.29577831889083 0
74 277.55655516979016 0
75 555.31475601469970 0
76 29.63880496731466 0
77 -21.21003768255236 0
78 0.22043187459009 0
79 26.19075595557940 0
80 18.54546682493423 0
81 21.25545320350106 0
82 -21.15901924857847 0
83 19.03694973777909 0
84 -31.52641799635869 0
85 18.08450123096455 0
86 -17.31937074207221 0
87 10.23134456986360 0
88 41.44871504006643 0
89 -23.16647786249091 0
90 6.52902627536306 0
91 39.63098218420776 0
92 -45.30993993817594 0
93 -7.35291729588828 0
94 35.86072607706316 0
95 -29.28421139245485 0
96 3.60244217392580 0
97 -12.79263818730429 0
98 -10.23789533983402 0
99 18.63513342510329 0
100 -39.15276537070814 0
101 11.58469252595787 0
102 1.58749525473162 0
103 10.87313556944326 0
104 7.79893666293447 0
105 30.48740612738007 0
106 24.88793239892179 0
107 12.79257692405781 0
108 32.32682669324493 0
109 31.46303053407069 0
110 10.47906169996575 0
111 -15.61723708944331 0
112 -24.14186885150659 0
113 -14.57323512834339 0
114 33.62563700229992 0
115 1.91362005084139 0
116 -11.76465190805603 0
117 -15.83529600193614 0
118 33.75180620862911 0
119 -2.48844713388208 0
120 -65.95790922108523 0
121 26.51596064883656 0
122 20.25421014048956 0
123 -53.22747277076064 0
124 -19.75443747869563 0
125 -7.06394047619867 0
126 10.30968710622044 0
127 16.22975924805034 0
128 -26.15675311551354 0
129 -48.02461016439008 0
130 -33.73138195172217 0
131 17.52341161978510 0
132 -20.66213403164925 0
133 -6.71297492081601 0
134 22.22820206460268 0
135 -4.08665940393383 0
136 15.06198319270322 0
137 -12.31979211737397 0
138 -1.03331027319965 0
139 -23.82917157449973 0
140 -21.41896338766882 0
141 -5.55388796971969 0
142 -31.60567041418181 0
143 26.33860661747368 0
144 42.08618685542750 0
145 7.22124586089544 0
146 13.34179770062720 0
147 1.67988796809685 0
148 24.48653944072466 0
149 14.92434799749040 0
150 -23.85073800251138 0
151 9.75748017340840 0
152 -4.00823894465535 0
153 -45.04612796676953 0
154 21.72139061877071 0
155 -20.05866102164579 0
156 -22.37143644077039 0
157 -25.01067332045890 0
158 -55.81962518342296 0
159 -10.39426534077019 0
160 19.55565034183106 0
161 62.27930027341919 0
162 47.88795021080131 0
163 -30.48705919700839 0
164 33.96299777590740 0
165 17.33569474252772 0
166 44.09473467173864 0
167 -30.43750513965205 0
168 19.14225158643495 0
169 5.33026360988856 0
170 -8.53904757903867 0
171 -5.76833793451272 0
172 13.91297362927649 0
173 -22.55943992413567 0
174 14.45854567004334 0
175 51.34971962432603 0
176 -11132.50443248500051 0
177 -13959.37418809172959 0
178 12302.98045100560557 0
179 8477.98737498224364 0
180 -15159.46116136098135 0
181 -19358.35793464300514 0
182 10526.61262545216414 0
183 15451.47198027970262 0
184 28836.94278239155756 0
185 13712.98676319762671 0
186 11788.18462279445339 0
187 12915.13103796027099 0
188 19330.02117086417638 0
189 -4448.47073123092923 0
190 45316.41902921344445 0
191 15425.01229723246615 0
192 47268.84591079529491 0
193 -15476.18309729717294 0
194 1964.94925481869222 0
195 -2660.67034546638752 0
196 18936.69629182384961 0
197 10439.20745338720371 0
198 15029.90940999355917 0
199 18066.24294790804561 0
200 29761.81041495081809 0
201 7455.08406694783025 0
202 4083.92622361049644 0
203 25240.39707417722821 0
204 901.23914854843702 0
205 2874.30720512972175 0
206 9513.49159384924678 0
207 20468.61610778438262 0
208 14229.55662369399579 0
209 19508.19668912127236 0
210 38055.64474904424424 0
211 41895.84239195435657 0
212 700.09571646199220 0
213 16118.38442491395472 0
214 26763.13512913434170 0
215 1174.13838867173490 0
216 2483.85334244699652 0
217 -3123.25671961840726 0
218 23068.25294255770496 0
219 5267.73803717249848 0
220 -16101.43181940194518 0
221 5541.74207169223882 0
222 10790.59116721026294 0
223 2765.00014415004307 0
224 14381.78477136995025 0
225 9846.72508672184631 0
226 210.25712905757888 0
227 49.53889832317878 0
228 351.10876618596751 0
229 -39.36482340491813 0
230 691.55891563446448 0
231 -21.18235326746337 0
232 205.06166346452463 0
233 -43.09864130383756 0
234 226.35934302367895 0
235 712.21561947223461 0
236 437.03266488399458 0
237 -2.08362876602345 0
238 -182.42582117684651 0
239 8.31192905384455 0
240 231.76592340159320 0
241 211.42356073030305 0
242 -192.79569632426404 0
243 201.04359856645550 0
244 230.47399829112516 0
245 444.33869318977361 0
246 478.02298332943440 0
247 103.76016052988263 0
248 792.05699525375758 0
249 242.86944016782951 0
250 500.60979292921434 0
251 1874.50000000000000 0
252 1873.50000000000000 0
253 1873.50000000000000 0
254 1874.50000000000000 0
255 1874.50000000000000 0
256 1498.60305084406764 0
257 1874.50000000000000 0
258 1501.05009781347940 0
259 1874.50000000000000 0
260 1260.85874674322849 0
261 1248.65087973636946 0
262 1874.50000000000000 0
263 1135.62208885842188 0
264 1327.63171851381412 0
265 736.33370294668566 0
266 787.68355144383054 0
267 1264.29367294747976 0
268 1257.97975693521744 0
269 1261.60699656937823 0
270 698.87948464626436 0
271 1353.16641107886016 0
272 1341.90924433033297 0
273 1410.95279162913585 0
274 1453.44055002336518 0
275 1084.27525830978266 0
276 1584.94435626354903 0
277 1393.38932616013449 0
278 1554.59815476110430 0
279 1088.02097453626584 0
280 932.44552078979405 0
281 1285.05549137492494 0
282 919.69124228378996 0
283 1257.82609384174066 0
284 941.04712225258004 0
285 1249.49225994955577 0
286 1249.56804829586872 0
287 767.72715500024742 0
288 652.79982536496800 0
289 1039.62986568114729 0
290 985.09967690175404 0
291 899.89264799449063 0
292 978.25016690367818 0
293 754.23952143549627 0
294 1263.71787044776693 0
295 1320.68299186246395 0
296 986.67094622604100 0
297 1294.45496218704443 0
298 631.33574386862324 0
299 1286.52797490522516 0
300 1032.51996863267004 0
301 1016.73824585732245 0
302 1489.46487636991560 0
303 739.28311249853095 0
304 1653.05198103071280 0
305 630.99349935188275 0
306 1273.20689611821876 0
307 367.44859495154304 0
308 1873.50000000000000 0
309 1470.52102396551072 0
310 979.97258497460609 0
311 801.09991025426120 0
312 1594.47429692000287 0
313 1275.73230518082073 0
314 874.35480151382160 0
315 696.90459620356205 0
316 1305.50894517246388 0
317 1045.42348842064598 0
318 632.69307167229590 0
319 975.85201500108235 0
320 347.67464186679871 0
321 651.02368416730815 0
322 716.62113219475725 0
323 730.11049544100922 0
324 1617.98336456589345 0
