1 0 -14.538514 0.875652 5.097052 -25.000000 237.615103 0.000000
2 0 4.253451 -1.927813 16.615834 -25.000000 297.394246 0.000000
3 0 -9.484862 16.723492 -6.366324 -21.000000 409.587873 0.000000
4 0 -14.158408 -0.497295 -3.830805 -20.000000 214.782881 0.000000
5 0 16.064252 -2.719296 24.022478 -20.000000 841.934244 0.000000
6 0 -8.236693 10.878514 -5.261730 -18.000000 213.230984 0.000000
7 0 -6.911600 8.417350 -23.782892 -18.000000 683.607969 0.000000
8 0 -2.437351 7.313766 -12.930540 -13.000000 225.890724 0.000000
9 0 3.690990 10.153104 -20.481084 -10.000000 535.383736 0.000000
10 0 -4.872097 -6.117018 -13.563023 -9.000000 244.290827 0.000000
11 0 -22.876961 21.999229 18.399151 -8.000000 1345.010144 0.000000
12 0 21.910076 -4.104258 -19.099105 -6.000000 860.792197 0.000000
13 0 -16.497863 23.259203 -23.894603 0.000000 1383.122030 0.000000
14 0 8.116654 -11.118467 -22.077620 4.000000 675.841672 0.000000
15 0 10.928797 0.387792 -13.616492 4.000000 303.917836 0.000000
16 0 -23.627378 4.128378 -16.217267 5.000000 837.196215 0.000000
17 0 17.636561 -19.922472 3.048122 6.000000 716.124215 0.000000
18 0 24.065927 -14.499356 -13.224258 8.000000 963.121156 0.000000
19 0 -24.449497 6.231106 -22.840583 10.000000 1157.096819 0.000000
20 0 -11.798323 12.624183 -9.034733 11.000000 378.976824 0.000000
21 0 -7.177254 -16.910908 -16.565992 18.000000 610.563904 0.000000
22 0 3.886027 3.308392 -9.492800 19.000000 114.779910 0.000000
23 0 -3.509058 -20.199363 -5.585515 21.000000 450.105734 0.000000
24 0 -16.180289 -4.629485 6.206743 24.000000 320.277537 0.000000
25 0 -1.999423 3.453544 -14.447264 24.000000 223.168080 0.000000
26 1 -3.316958 23.919908 6.857353 -24.000000 607.238078 0.000000
27 1 -24.221576 -22.722206 1.462120 -23.000000 1103.732685 0.000000
28 1 -5.688724 -5.891027 -11.625689 -23.000000 253.185166 0.000000
29 1 15.252817 14.354839 11.090792 -22.000000 521.792351 0.000000
30 1 7.355038 -9.274880 -3.281393 -21.000000 168.433109 0.000000
31 1 15.068659 -2.454506 -15.939826 -21.000000 555.346441 0.000000
32 1 -11.521404 -5.639626 3.984174 -20.000000 168.885074 0.000000
33 1 13.664238 -24.458165 -8.877890 -19.000000 903.621766 0.000000
34 1 -12.880858 -10.362746 2.826318 -18.000000 274.345803 0.000000
35 1 16.583616 -22.397389 2.281087 -17.000000 777.078363 0.000000
36 1 -0.021442 -5.587856 8.726753 -16.000000 76.793797 0.000000
37 1 -15.493924 -11.991681 1.711805 -15.000000 384.245147 0.000000
38 1 -19.061524 -9.706659 -2.426688 -13.000000 477.416490 0.000000
39 1 -1.729244 22.168878 8.826582 -12.000000 541.291659 0.000000
40 1 -23.575835 10.773197 16.050203 -11.000000 869.510003 0.000000
41 1 -7.628782 -24.943464 4.662341 -11.000000 687.682760 0.000000
42 1 0.780146 -23.944161 3.605716 -11.000000 576.729817 0.000000
43 1 -1.470097 7.455311 -8.304660 -9.000000 164.108874 0.000000
44 1 0.230969 2.106557 18.512329 -7.000000 277.287944 0.000000
45 1 -6.006708 -24.778050 -24.726244 -6.000000 1364.444397 0.000000
46 1 24.514588 8.893610 -9.772465 -5.000000 818.752256 0.000000
47 1 2.112625 -3.497156 -6.958443 -4.000000 97.026988 0.000000
48 1 17.982306 -20.771397 -19.874288 -4.000000 1233.378730 0.000000
49 1 -7.383986 -18.765731 -17.391647 -3.000000 782.771901 0.000000
50 1 4.420513 19.144425 23.809093 1.000000 861.666485 0.000000
51 1 -3.869956 -13.326918 20.306897 2.000000 527.685764 0.000000
52 1 21.618096 7.881098 -1.457370 2.000000 541.367197 0.000000
53 1 -12.406195 17.186130 5.389978 5.000000 460.668686 0.000000
54 1 15.647489 -12.524062 23.010563 5.000000 843.039781 0.000000
55 1 -19.273578 -6.274771 1.087303 6.000000 411.556595 0.000000
56 1 5.146142 1.426134 -5.065139 6.000000 78.312823 0.000000
57 1 15.563987 9.270207 -9.206333 7.000000 453.616316 0.000000
58 1 22.531196 -22.560840 -17.923590 8.000000 1413.435759 0.000000
59 1 -24.841063 8.626927 -20.690753 9.000000 1206.192525 0.000000
60 1 -4.701346 -10.953476 21.433582 9.000000 519.565408 0.000000
61 1 -19.730685 13.203627 -17.581636 10.000000 946.876185 0.000000
62 1 19.924980 24.758510 9.675395 10.000000 1068.700342 0.000000
63 1 -13.098592 16.514483 12.480183 11.000000 553.915498 0.000000
64 1 24.883419 -2.256655 15.742265 11.000000 812.906879 0.000000
65 1 20.767750 5.100050 7.006327 12.000000 482.133256 0.000000
66 1 -20.753426 6.722294 -8.493205 13.000000 585.741308 0.000000
67 1 9.188644 -14.197229 9.560270 13.000000 342.890175 0.000000
68 1 19.748722 12.388509 -4.273483 13.000000 582.583758 0.000000
69 1 22.704036 7.048152 3.510313 14.000000 567.150724 0.000000
70 1 6.696213 10.530367 -23.159769 15.000000 788.441890 0.000000
71 1 21.518494 3.144919 0.740635 16.000000 474.202083 0.000000
72 1 20.531094 -19.168308 -12.210534 17.000000 990.549119 0.000000
73 1 -8.683861 9.033405 -21.913301 21.000000 728.437832 0.000000
74 1 7.496234 18.391659 17.986360 22.000000 649.570360 0.000000
75 1 9.728443 20.987535 17.666272 24.000000 780.071335 0.000000
76 2 -5.831737 -8.960161 -7.083759 -24.000000 -22.395657 0.000000
77 2 -24.113137 -16.190200 -0.277747 -19.000000 -41.201085 0.000000
78 2 4.926193 18.530545 10.812482 -19.000000 33.649219 0.000000
79 2 1.772254 -15.587610 11.921262 -17.000000 -2.554094 0.000000
80 2 -22.605975 2.497661 -5.744681 -16.000000 -26.532995 0.000000
81 2 14.307035 -19.520582 23.291055 -16.000000 17.397508 0.000000
82 2 -7.582213 -17.359256 -19.657329 -15.000000 -45.298798 0.000000
83 2 -21.918294 -10.169545 6.086042 -14.000000 -26.721796 0.000000
84 2 -20.004963 12.930173 24.689578 -14.000000 16.894788 0.000000
85 2 5.470063 9.474365 -18.758036 -14.000000 -4.533608 0.000000
86 2 21.329887 11.671916 -16.854766 -14.000000 15.427036 0.000000
87 2 19.539161 17.784338 13.160234 -13.000000 49.743733 0.000000
88 2 -20.917272 -20.474710 15.505911 -12.000000 -26.646071 0.000000
89 2 -21.784098 19.755378 6.624541 -10.000000 3.795821 0.000000
90 2 -10.741769 15.268665 -0.423321 -10.000000 3.303574 0.000000
91 2 15.821083 -15.781162 -6.034411 -7.000000 -6.854490 0.000000
92 2 8.531093 -9.884859 20.528644 -5.000000 18.274878 0.000000
93 2 13.081688 20.387423 4.387055 -5.000000 36.956167 0.000000
94 2 -17.739625 9.604763 -21.226209 -4.000000 -30.281071 0.000000
95 2 -2.853177 13.107882 -18.269428 -3.000000 -8.954723 0.000000
96 2 3.210616 24.937225 -17.142429 -3.000000 10.065411 0.000000
97 2 -16.655970 -21.881044 21.395861 -2.000000 -18.101153 0.000000
98 2 -2.080176 -23.444723 24.237290 -2.000000 -2.247609 0.000000
99 2 8.694958 -14.870473 4.564312 -1.000000 -2.591204 0.000000
100 2 23.127571 20.554067 19.176652 -1.000000 61.878290 0.000000
101 2 9.323574 -15.287395 -14.220860 0.000000 -21.184681 0.000000
102 2 -11.389554 -12.332302 -7.305350 2.000000 -32.067207 0.000000
103 2 -20.475540 -1.108355 -14.834130 3.000000 -37.478025 0.000000
104 2 -17.803758 10.369613 -1.246015 4.000000 -9.760160 0.000000
105 2 18.028613 1.304358 12.704385 4.000000 30.957356 0.000000
106 2 13.418784 24.235868 -9.935873 5.000000 26.618778 0.000000
107 2 5.710623 -17.567373 7.318302 6.000000 -5.658448 0.000000
108 2 -19.434454 16.155709 14.231056 7.000000 9.812312 0.000000
109 2 -9.683468 21.209833 -16.065327 7.000000 -5.678962 0.000000
110 2 -0.320453 -18.531010 1.215687 9.000000 -18.815776 0.000000
111 2 0.835793 -16.400221 7.663662 10.000000 -9.100766 0.000000
112 2 19.013310 5.557029 14.411320 10.000000 37.781659 0.000000
113 2 3.476038 -8.468847 -7.423288 13.000000 -13.676097 0.000000
114 2 -22.059959 -21.164216 -24.585359 14.000000 -69.089534 0.000000
115 2 -6.325696 15.990635 -2.144072 14.000000 6.240868 0.000000
116 2 -18.295160 6.545157 8.043475 15.000000 -5.006529 0.000000
117 2 -13.806225 22.836226 -13.152243 15.000000 -5.422243 0.000000
118 2 -10.373673 -3.727474 -15.330518 16.000000 -30.751666 0.000000
119 2 2.281337 -5.192917 -12.030689 16.000000 -16.262269 0.000000
120 2 -4.462328 -7.771892 -21.753338 17.000000 -35.327558 0.000000
121 2 21.146049 -14.608302 5.740099 18.000000 10.917847 0.000000
122 2 -18.951279 -11.405271 20.710325 21.000000 -11.066224 0.000000
123 2 -7.831855 19.556927 22.333207 21.000000 32.638279 0.000000
124 2 23.360712 -13.876460 13.848680 22.000000 21.892932 0.000000
125 2 4.729949 24.498143 17.281793 24.000000 45.029886 0.000000
126 3 -13.770298 11.895459 -0.023356 -24.000000 -1.331482 0.000000
127 3 17.567144 -7.225218 -8.750436 -23.000000 19.632361 0.000000
128 3 -4.126532 19.914544 -15.045330 -22.000000 31.393343 0.000000
129 3 11.818309 6.956405 -17.681384 -19.000000 37.076098 0.000000
130 3 0.115607 -8.782145 -18.440527 -18.000000 10.413989 0.000000
131 3 -21.480794 -13.570630 -10.728656 -16.000000 -23.642768 0.000000
132 3 3.002304 4.495153 0.096416 -15.000000 8.101042 0.000000
133 3 12.562714 0.533960 10.000362 -14.000000 3.816312 0.000000
134 3 20.252923 17.537564 -10.584421 -14.000000 49.094908 0.000000
135 3 -22.386961 21.412562 -11.064169 -12.000000 10.849770 0.000000
136 3 -0.517316 5.295353 4.069962 -10.000000 1.508074 0.000000
137 3 6.872080 18.151603 14.853342 -10.000000 10.970342 0.000000
138 3 12.629210 4.768424 6.556609 -9.000000 11.661025 0.000000
139 3 11.673524 -16.370760 -1.136842 -8.000000 -2.720394 0.000000
140 3 -13.564845 -15.867029 19.627035 -7.000000 -48.198910 0.000000
141 3 5.276462 -14.338749 12.342726 -6.000000 -20.525013 0.000000
142 3 17.003541 -6.659889 -15.588451 -6.000000 26.812103 0.000000
143 3 22.344442 -18.130617 -24.973626 -4.000000 30.107450 0.000000
144 3 4.086616 14.876338 20.105980 -2.000000 -0.183026 0.000000
145 3 -2.316885 -18.277115 -24.228444 -1.000000 4.614444 0.000000
146 3 -16.253289 -19.613181 16.586892 1.000000 -51.433362 0.000000
147 3 23.499180 -13.723865 22.974324 1.000000 -12.179009 0.000000
148 3 -22.404187 -19.376018 22.660247 2.000000 -63.400452 0.000000
149 3 -19.996508 4.309753 -11.993512 3.000000 -2.633242 0.000000
150 3 -5.473957 -23.287979 11.555304 3.000000 -39.257240 0.000000
151 3 1.277912 -23.614324 13.256793 3.000000 -34.533205 0.000000
152 3 2.498129 -4.972672 21.138748 3.000000 -22.553292 0.000000
153 3 11.203602 9.869679 18.623537 4.000000 3.529744 0.000000
154 3 14.121821 -3.249553 7.476128 5.000000 4.496140 0.000000
155 3 -8.537657 -1.242517 15.962578 6.000000 -24.622753 0.000000
156 3 -10.106913 -1.557839 -1.823028 7.000000 -8.701725 0.000000
157 3 11.431590 -2.900850 -21.168908 7.000000 30.839648 0.000000
158 3 7.053067 21.636635 -14.781647 8.000000 44.631350 0.000000
159 3 22.991143 18.962590 -6.778264 9.000000 49.911998 0.000000
160 3 -14.256783 11.521523 9.241400 10.000000 -10.776660 0.000000
161 3 0.417494 17.342175 -21.467286 12.000000 40.466955 0.000000
162 3 -15.976921 15.505758 19.918744 13.000000 -19.129906 0.000000
163 3 1.964018 -13.142152 -1.646769 14.000000 -8.251364 0.000000
164 3 10.468553 -0.973250 10.643617 16.000000 0.171685 0.000000
165 3 -24.716412 -3.958838 8.563422 18.000000 -35.878673 0.000000
166 3 -21.125212 -12.731932 -0.774389 19.000000 -31.702755 0.000000
167 3 -12.047970 -9.470983 17.018937 19.000000 -37.157890 0.000000
168 3 2.727322 23.673102 -15.736168 19.000000 43.516592 0.000000
169 3 -16.834971 14.192164 9.091326 20.000000 -10.334133 0.000000
170 3 12.040565 2.983529 16.878054 20.000000 -0.453961 0.000000
171 3 13.944306 22.356955 3.294550 20.000000 34.406711 0.000000
172 3 14.940998 -7.075409 -7.966005 20.000000 17.231594 0.000000
173 3 -1.270814 -7.495414 20.995284 21.000000 -28.341512 0.000000
174 3 -3.733825 18.600798 11.600514 23.000000 4.726460 0.000000
175 3 5.833352 24.127898 -12.764145 23.000000 44.185395 0.000000
176 4 20.006646 -0.153288 21.666654 -24.000000 31974.107578 0.000000
177 4 -23.038010 21.073417 -23.330376 -23.000000 -4636.112709 0.000000
178 4 6.195983 -22.943584 22.461297 -22.000000 26579.057740 0.000000
179 4 16.245268 15.137553 0.880801 -22.000000 10184.034556 0.000000
180 4 -21.350867 12.439604 -4.642786 -20.000000 -18536.439073 0.000000
181 4 -14.628357 15.794512 10.505665 -20.000000 4526.457444 0.000000
182 4 18.871134 12.138799 -2.711325 -20.000000 16299.876474 0.000000
183 4 -12.794447 22.776829 15.174950 -18.000000 15004.626263 0.000000
184 4 16.682380 20.610454 -2.282480 -18.000000 13302.112560 0.000000
185 4 -20.305574 -10.786431 -10.989798 -16.000000 -13783.119187 0.000000
186 4 6.307358 -11.362162 -4.173025 -15.000000 2646.138117 0.000000
187 4 -17.225421 3.972421 -20.369743 -12.000000 3858.065940 0.000000
188 4 7.616770 -23.059600 -20.168036 -12.000000 27167.999775 0.000000
189 4 10.010355 22.525288 14.607970 -11.000000 13249.883198 0.000000
190 4 23.943470 -17.650924 -6.402953 -11.000000 35363.019733 0.000000
191 4 -1.014539 3.619544 -11.232758 -10.000000 5940.600977 0.000000
192 4 14.636260 1.059266 5.465642 -9.000000 6652.254029 0.000000
193 4 -0.821417 20.009007 18.842166 -8.000000 20845.278704 0.000000
194 4 -9.950358 11.126279 22.083345 -7.000000 28232.198936 0.000000
195 4 16.907404 6.099710 0.361089 -7.000000 10287.141006 0.000000
196 4 -3.081522 -4.223421 14.038346 -6.000000 11081.412738 0.000000
197 4 -17.050321 4.967106 15.226754 -5.000000 7975.704130 0.000000
198 4 -18.435898 1.930725 8.316066 -4.000000 -5063.826076 0.000000
199 4 18.606752 14.688257 -16.616940 -3.000000 34455.680354 0.000000
200 4 -8.023029 -4.420038 0.434913 -2.000000 -664.915840 0.000000
201 4 13.311925 -2.046964 -22.790875 -2.000000 36629.399548 0.000000
202 4 -10.416572 -1.601818 2.501745 -1.000000 -1100.285458 0.000000
203 4 8.297809 -0.248394 -10.043931 -1.000000 7759.536657 0.000000
204 4 10.310865 -6.487137 -11.542924 0.000000 11429.705792 0.000000
205 4 12.218049 23.408014 -18.994072 0.000000 29487.405183 0.000000
206 4 17.214199 -18.928510 18.055158 0.000000 23322.090475 0.000000
207 4 1.551124 0.642120 12.945618 1.000000 8247.324053 0.000000
208 4 8.995612 -20.941194 11.322196 2.000000 8814.017880 0.000000
209 4 -9.133289 -17.917642 -4.990067 7.000000 841.738736 0.000000
210 4 -11.083797 0.034713 -14.173360 8.000000 4187.748676 0.000000
211 4 -5.386620 1.766894 -13.941388 12.000000 7725.304503 0.000000
212 4 1.022705 -21.606581 24.844159 12.000000 33653.775859 0.000000
213 4 6.492689 -16.628521 -19.300660 12.000000 23013.048561 0.000000
214 4 -23.986389 5.898390 -20.895705 15.000000 -14753.939745 0.000000
215 4 14.553767 19.387155 19.497984 17.000000 22511.394339 0.000000
216 4 -4.366046 14.517047 16.209804 18.000000 16033.500361 0.000000
217 4 9.502935 11.320492 24.588816 18.000000 28679.171276 0.000000
218 4 -15.699048 -24.231317 -2.886816 20.000000 -4204.777135 0.000000
219 4 -5.167663 -3.187755 19.387668 22.000000 21047.103238 0.000000
220 4 12.909186 -22.199722 13.540494 22.000000 13485.743118 0.000000
221 4 7.895083 -11.709261 2.737337 23.000000 1899.590358 0.000000
222 4 11.041923 -12.985100 -12.516456 23.000000 14253.239216 0.000000
223 4 -6.459902 -8.018811 -5.896676 24.000000 817.207295 0.000000
224 4 19.263435 -7.993129 -3.412719 25.000000 17176.386289 0.000000
225 4 20.994674 -21.229916 23.553790 25.000000 40332.284383 0.000000
226 5 9.818773 -9.139710 10.288903 -24.000000 3.328183 0.000000
227 5 18.417487 8.090833 -0.953140 -24.000000 347.302093 0.000000
228 5 10.631856 16.334033 5.820420 -22.000000 60.212583 0.000000
229 5 24.664746 23.103011 7.992226 -22.000000 535.979649 0.000000
230 5 23.636282 -17.140457 -10.305092 -21.000000 650.999669 0.000000
231 5 -18.055950 -24.030739 -3.185156 -17.000000 354.343751 0.000000
232 5 -14.889831 5.642031 2.095940 -17.000000 202.503613 0.000000
233 5 -12.325576 -0.714643 -22.570659 -15.000000 354.755758 0.000000
234 5 -2.612475 16.940755 -8.077506 -13.000000 79.262577 0.000000
235 5 -23.284330 -15.147803 -24.198715 -9.000000 759.768480 0.000000
236 5 -13.221549 2.266590 17.495941 -8.000000 17.185902 0.000000
237 5 -15.280742 -20.329058 9.963895 -5.000000 143.726033 0.000000
238 5 -18.683388 -10.403276 -23.422777 -4.000000 559.793974 0.000000
239 5 2.847996 -12.085732 -7.626542 0.000000 76.749961 0.000000
240 5 -8.871809 2.767354 -22.327404 9.000000 279.835633 0.000000
241 5 -10.810260 7.646235 -18.198162 11.000000 280.865168 0.000000
242 5 -15.180503 -8.350587 12.110568 13.000000 121.712570 0.000000
243 5 -9.235115 17.985894 -3.717756 14.000000 119.027160 0.000000
244 5 -17.437920 8.210051 -4.464176 16.000000 344.578638 0.000000
245 5 -11.816599 13.448938 23.647946 17.000000 -72.859507 0.000000
246 5 24.288096 -5.215347 4.836303 17.000000 546.724858 0.000000
247 5 18.308996 13.918872 -19.564148 18.000000 511.656673 0.000000
248 5 -0.758684 -6.813210 21.978166 20.000000 -196.827896 0.000000
249 5 22.163717 13.722565 13.713374 23.000000 368.269978 0.000000
250 5 -6.647597 -21.458629 1.916103 25.000000 27.445620 0.000000
251 2 -24.956531 -4.116030 -23.250766 3.000000 -53.383327 0.000000
252 0 -23.984482 -19.288875 -23.639876 3.000000 1505.099819 0.000000
253 2 -24.805919 -24.677525 -21.327984 3.000000 -71.871428 0.000000
254 2 -24.320552 -23.393260 -21.716181 2.000000 -70.469993 0.000000
255 2 -24.847594 -24.761236 -20.995625 2.000000 -71.644455 0.000000
256 2 -24.821068 -24.809228 -21.464528 2.000000 -72.134823 0.000000
257 2 -24.762044 -24.918834 -20.862871 2.000000 -71.583748 0.000000
258 2 -24.696068 -24.909649 -21.330633 2.000000 -71.976351 0.000000
259 2 -24.815789 -24.651589 -21.116983 2.000000 -71.624360 0.000000
260 2 -24.876501 -24.662695 -20.994988 2.000000 -71.574184 0.000000
261 2 -24.966917 -24.919496 -20.737724 2.000000 -71.664137 0.000000
262 2 -24.543349 -24.659356 -21.098371 1.000000 -71.321076 0.000000
263 2 -24.908405 -24.699724 -20.859176 1.000000 -71.487305 0.000000
264 2 -24.760800 -24.701123 -21.637521 2.000000 -72.139443 0.000000
265 2 -24.955855 -24.934301 -20.910711 2.000000 -71.840867 0.000000
266 2 -23.071954 -24.968823 -20.851030 2.000000 -69.931806 0.000000
267 2 -23.204590 -24.869357 -21.088388 2.000000 -70.202335 0.000000
268 2 -23.182157 -24.914772 -21.306879 1.000000 -70.423808 0.000000
269 2 -23.881462 -24.393375 -21.528910 1.000000 -70.823747 0.000000
270 2 -24.035018 -24.038499 -22.112695 1.000000 -71.206212 0.000000
271 2 -24.268375 -23.980826 -22.051560 1.000000 -71.320762 0.000000
272 2 -24.882252 -23.874852 -20.286129 1.000000 -70.063232 0.000000
273 2 -23.880945 -24.131608 -22.224130 1.000000 -71.256683 0.000000
274 2 -24.102889 -23.984159 -22.228200 -1.000000 -71.295248 0.000000
275 2 -24.790662 -22.871912 -20.059265 -1.000000 -68.701839 0.000000
276 2 -22.106744 -24.950256 -22.547033 4.000000 -70.684033 0.000000
277 2 -23.649725 -24.026216 -20.856424 0.000000 -69.532365 0.000000
278 2 -24.956982 -22.448553 -22.354488 2.000000 -70.800023 0.000000
279 2 -22.675133 -23.815708 -19.797091 4.000000 -67.367932 0.000000
280 2 -23.956676 -23.021019 -23.362851 0.000000 -71.340546 0.000000
281 2 -21.463018 -23.015736 -23.423225 -1.000000 -68.881979 0.000000
282 2 -23.059424 -24.949848 -20.675239 -2.000000 -69.644511 0.000000
283 2 -24.981245 -22.609485 -19.023975 0.000000 -67.614705 0.000000
284 2 -23.884329 -24.982557 -21.690261 2.000000 -71.597147 0.000000
285 2 -22.207763 -23.575707 -20.686062 3.000000 -67.529532 0.000000
286 2 -23.712265 -24.932589 -23.547637 2.000000 -73.232491 0.000000
287 2 -20.680121 -24.347100 -23.325986 2.000000 -69.393207 0.000000
288 0 -22.982700 -24.972014 -24.509687 3.000000 1751.470759 0.000000
289 2 -23.684640 -24.979202 -19.575169 4.000000 -69.319010 0.000000
290 2 -24.976001 -22.209981 -21.130028 2.000000 -69.356010 0.000000
291 2 -22.508062 -22.946874 -22.798187 5.000000 -69.353122 0.000000
292 2 -23.844712 -23.413167 -20.423664 1.000000 -68.701543 0.000000
293 2 -23.394985 -24.944143 -21.392819 0.000000 -70.731947 0.000000
294 2 -24.917038 -23.521656 -23.972971 2.000000 -73.451665 0.000000
295 2 -21.555524 -22.192556 -21.912213 3.000000 -66.720293 0.000000
296 2 -22.743301 -23.241584 -23.502744 2.000000 -70.527630 0.000000
297 2 -23.871713 -23.664677 -24.575180 -25.000000 -72.611570 0.000000
298 2 -24.944159 -23.797446 -24.905962 3.000000 -74.707567 0.000000
299 2 -21.449831 -23.886511 -24.239242 4.000000 -70.655584 0.000000
300 2 -23.428036 -22.386379 -24.821499 4.000000 -71.715914 0.000000
301 2 -20.358140 -22.241171 -24.886523 -25.000000 -67.985833 0.000000
302 2 -22.417510 -23.448157 -24.793584 4.000000 -71.739251 0.000000
303 0 -22.165048 -23.428667 -24.942703 4.000000 1661.250176 0.000000
304 2 -23.221264 -21.799550 -24.975769 -25.000000 -70.496583 0.000000
305 2 -23.281967 -23.401795 -24.019073 3.000000 -71.762834 0.000000
306 2 -19.767657 -22.758207 -24.120059 5.000000 -67.745923 0.000000
307 2 -22.260738 -23.539543 -23.999963 5.000000 -70.900244 0.000000
308 4 -20.957807 -22.152145 -23.753168 3.000000 3277.373877 0.000000
309 2 -23.094798 -20.770504 -23.492823 4.000000 -68.438124 0.000000
310 4 -23.682028 -23.703670 -22.824092 3.000000 -7193.874244 0.000000
311 4 -21.914923 -23.438488 -22.887438 5.000000 -1000.963519 0.000000
312 4 -21.531825 -23.147340 -24.961816 5.000000 4171.022691 0.000000
313 4 -22.775816 -22.137990 -23.065250 -23.000000 -3926.305920 0.000000
314 4 -20.616515 -21.522179 -23.081078 -23.000000 2845.753818 0.000000
315 4 -22.194523 -22.256055 -22.865721 -25.000000 -2283.570315 0.000000
316 4 -19.325651 -21.129594 -22.777146 -25.000000 5749.715642 0.000000
317 4 -22.001224 -2.155830 -23.742390 -23.000000 -2951.043332 0.000000
318 4 -21.487929 -2.083682 -22.750935 -24.000000 -3158.482001 0.000000
319 4 -21.382640 -2.558214 -22.762001 -23.000000 -2796.293736 0.000000
320 4 -20.427138 -2.230104 -23.461487 -23.000000 1368.262833 0.000000
321 4 -21.475686 -2.175710 -22.643692 -23.000000 -3312.946118 0.000000
322 4 -21.341256 -2.638824 -23.176396 -23.000000 -1898.660733 0.000000
323 4 -19.858905 -2.472160 -22.817679 -23.000000 1755.930336 0.000000
324 4 -21.549774 -1.176766 -22.873169 -25.000000 -3146.926691 0.000000
325 4 -21.400098 -1.411451 -22.798575 -25.000000 -2811.030920 0.000000
326 4 -21.525780 -1.584261 -22.845448 -25.000000 -3115.463188 0.000000
327 4 -18.848375 -1.707997 -23.034740 -23.000000 4798.684810 0.000000
328 4 -21.347789 -3.207908 -22.886038 -21.000000 -2437.913419 0.000000
329 4 -21.220288 -3.065420 -22.847749 -24.000000 -2120.325854 0.000000
330 4 -20.776650 -2.918013 -22.604235 -21.000000 -1235.484148 0.000000
331 4 -20.951269 -2.920849 -22.592010 -21.000000 -1777.391483 0.000000
332 4 -21.247125 -3.111501 -22.543471 -21.000000 -2756.222584 0.000000
333 4 -20.829589 -3.298062 -22.512997 -21.000000 -1544.076133 0.000000
334 4 -20.805825 -3.124459 -22.414107 -21.000000 -1659.357593 0.000000
335 4 -20.741255 -2.468658 -22.530973 -21.000000 -1279.047079 0.000000
336 4 -20.848966 -3.055351 -22.506043 -21.000000 -1623.461231 0.000000
337 4 -20.014271 -3.639869 -22.552209 -21.000000 879.736305 0.000000
338 4 -21.111467 -2.686838 -22.571438 -20.000000 -2306.023182 0.000000
339 4 -19.439952 -0.892498 -22.470707 -19.000000 2207.440767 0.000000
340 4 -21.235678 -3.103391 -22.231245 -24.000000 -3281.595961 0.000000
341 4 -21.475629 -4.672562 -23.459963 -24.000000 -1695.466179 0.000000
342 4 -21.720630 -1.424681 -23.733207 -24.000000 -2072.229710 0.000000
343 4 -21.553170 -0.671020 -23.466067 -24.000000 -2056.937817 0.000000
344 4 -18.481683 -1.181395 -23.694778 -24.000000 6981.134421 0.000000
345 4 -21.483582 -0.028041 -23.619419 -23.000000 -1547.815280 0.000000
346 4 -19.090966 -1.851992 -23.453182 -25.000000 4990.043260 0.000000
347 4 -19.946312 -0.406396 -21.999966 -24.000000 -9.925515 0.000000
348 4 -21.885464 -1.767157 -23.839809 -23.000000 -2394.226779 0.000000
349 4 -21.935148 -2.016713 -24.207878 -23.000000 -1835.397433 0.000000
350 4 -21.923471 -0.926123 -23.753826 -25.000000 -2697.104668 0.000000
351 4 -22.024272 0.682520 -24.087879 -25.000000 -2384.857630 0.000000
352 4 -22.102801 0.984369 -24.043246 -25.000000 -2728.579698 0.000000
353 4 -19.840452 1.105122 -21.900246 -25.000000 108.164036 0.000000
354 4 -22.516164 0.301693 -23.990665 -25.000000 -4230.085929 0.000000
355 4 -22.402367 0.120241 -24.035303 -25.000000 -3755.916117 0.000000
356 4 -22.483124 0.470973 -24.095430 -25.000000 -3913.514910 0.000000
357 4 -22.337699 -0.123007 -24.128680 -25.000000 -3355.419297 0.000000
358 4 -22.408170 1.263556 -24.964337 -22.000000 -1924.910641 0.000000
359 4 -22.467074 0.262224 -24.211409 -25.000000 -3633.865474 0.000000
360 4 -22.812879 0.819561 -24.189879 -25.000000 -4870.361237 0.000000
361 4 -22.668362 0.487305 -24.168567 -25.000000 -4409.805447 0.000000
362 4 -19.966911 2.186072 -24.985037 -25.000000 5722.100975 0.000000
363 4 -22.553797 0.549925 -24.248649 -24.000000 -3857.257184 0.000000
364 4 -22.623544 0.097223 -23.916378 -24.000000 -4742.995716 0.000000
365 4 -22.780189 0.006398 -24.979866 -24.000000 -3193.282958 0.000000
366 4 -22.991214 0.345325 -24.206913 -24.000000 -5471.062314 0.000000
367 4 -22.864655 0.334464 -24.182870 -24.000000 -5069.459678 0.000000
368 4 -22.868799 0.252213 -24.849288 -24.000000 -3768.693654 0.000000
369 4 -22.521952 0.454186 -24.341319 -24.000000 -3566.787965 0.000000
370 4 -22.853593 0.300419 -24.288659 -24.000000 -4824.694889 0.000000
371 4 -22.900310 1.904024 -24.848035 -22.000000 -3861.462320 0.000000
372 4 -23.126667 1.928438 -24.462111 -22.000000 -5436.233126 0.000000
373 4 -22.947805 1.936043 -24.931383 -22.000000 -3862.007828 0.000000
374 4 -22.949061 2.224808 -24.433396 -22.000000 -4849.899038 0.000000
375 4 -22.986922 2.023893 -24.953789 -22.000000 -3954.346227 0.000000
376 4 -23.182836 1.971967 -24.937338 -22.000000 -4694.005515 0.000000
377 4 -23.219341 3.179160 -24.981539 -22.000000 -4700.358328 0.000000
378 4 -23.265021 3.193966 -24.934812 -22.000000 -4960.188604 0.000000
379 4 -23.247989 3.398992 -24.457598 -22.000000 -5837.073040 0.000000
380 4 -23.648690 3.048806 -24.986513 -22.000000 -6282.515324 0.000000
381 4 -23.538301 3.333104 -24.925231 -22.000000 -5981.492842 0.000000
382 4 -23.686643 3.466422 -24.891993 -20.000000 -6597.987442 0.000000
383 4 -23.457764 3.301205 -24.926427 -20.000000 -5681.256918 0.000000
384 4 -23.581682 3.553685 -24.794912 -19.000000 -6394.063670 0.000000
385 4 -23.750526 3.819578 -24.756507 -20.000000 -7092.936294 0.000000
386 4 -23.645808 3.592970 -24.938193 -20.000000 -6346.766658 0.000000
387 4 -23.660557 3.728548 -24.975655 -19.000000 -6321.186793 0.000000
388 4 -23.341850 4.166924 -24.925209 -19.000000 -5217.600715 0.000000
389 4 -23.689351 3.573516 -24.639241 -19.000000 -7104.790100 0.000000
390 4 -23.499454 3.589455 -24.905374 -19.000000 -5866.049064 0.000000
391 4 -24.016234 4.189672 -24.813203 -19.000000 -7977.485839 0.000000
392 4 -23.715810 3.821179 -24.845848 -19.000000 -6784.348006 0.000000
393 4 -23.906164 4.019739 -24.924608 -19.000000 -7341.489105 0.000000
394 4 -23.880126 3.992402 -24.372426 -18.000000 -8329.487146 0.000000
395 4 -23.907439 3.997444 -24.987087 -19.000000 -7222.642147 0.000000
396 4 -23.832493 4.290924 -24.888691 -19.000000 -7118.348825 0.000000
397 4 -23.939986 4.132924 -24.970977 -19.000000 -7373.029631 0.000000
398 4 -23.908984 4.292492 -24.890985 -19.000000 -7405.677864 0.000000
399 0 -23.948015 4.538667 -24.643179 -19.000000 1200.773164 0.000000
400 4 -24.101605 5.166449 -24.714065 -18.000000 -8448.661967 0.000000
401 4 -23.892864 5.898622 -24.866916 -18.000000 -7293.678357 0.000000
402 4 -24.123441 5.545771 -24.888162 -18.000000 -8164.758430 0.000000
403 4 -24.081076 6.343137 -24.877850 -18.000000 -7963.867186 0.000000
404 4 -24.102937 5.865589 -24.978364 -17.000000 -7883.545979 0.000000
405 4 -24.120830 5.574576 -23.660317 -17.000000 -10516.272193 0.000000
406 4 -24.022203 6.477635 -23.578010 -17.000000 -10224.511731 0.000000
407 4 -24.003809 6.326637 -23.781085 -17.000000 -9786.318559 0.000000
408 4 -24.256261 6.097616 -23.579442 -17.000000 -11155.691227 0.000000
409 4 -24.153986 6.596108 -23.568597 -17.000000 -10740.385400 0.000000
410 4 -24.176348 6.452204 -23.384034 -17.000000 -11178.646332 0.000000
411 4 -24.159431 6.623757 -23.339054 -17.000000 -11182.135644 0.000000
412 4 -24.112054 6.477474 -23.486560 -17.000000 -10739.421671 0.000000
413 4 -24.302887 6.723353 -23.537234 -17.000000 -11367.819481 0.000000
414 4 -24.239396 6.439623 -23.563705 -17.000000 -11093.370599 0.000000
415 4 -24.415334 6.531911 -23.637880 -17.000000 -11638.668444 0.000000
416 4 -24.420818 6.500982 -23.479666 -16.000000 -11955.014585 0.000000
417 4 -24.449575 6.420865 -23.338794 -17.000000 -12332.914520 0.000000
418 4 -24.769951 6.865672 -23.448581 -16.000000 -13378.122023 0.000000
419 4 -24.972688 6.873807 -23.238451 -17.000000 -14585.396292 0.000000
420 0 -24.919853 7.111423 -23.360653 -16.000000 1216.611530 0.000000
421 4 -24.364479 6.661703 -21.701232 -17.000000 -14835.859706 0.000000
422 4 -24.955274 6.599621 -21.743411 -17.000000 -17122.562036 0.000000
423 4 -24.887378 6.736186 -21.578976 -16.000000 -17107.171246 0.000000
424 4 -24.843249 8.827458 -21.657499 -17.000000 -16604.550785 0.000000
425 4 -24.867178 8.900706 -21.748237 -16.000000 -16543.340827 0.000000
426 4 -24.991375 7.553570 -21.771181 -16.000000 -17142.590490 0.000000
427 4 -24.886769 8.448005 -19.377279 -16.000000 -20317.518362 0.000000
428 4 -24.958143 8.757334 -19.764697 -16.000000 -20014.756350 0.000000
429 4 -24.731745 8.817006 -19.227031 -15.000000 -19875.380668 0.000000
430 4 -24.737614 8.945781 -18.110050 -15.000000 -21395.126215 0.000000
431 4 -24.558970 8.946680 -17.712092 -15.000000 -21206.807115 0.000000
432 4 -24.979526 8.803993 -17.410088 -16.000000 -23249.231073 0.000000
433 4 -24.838821 8.835328 -17.741444 -15.000000 -22276.516319 0.000000
434 4 -24.980692 8.956841 -16.737543 -14.000000 -24036.381143 0.000000
435 4 -24.932098 9.340401 -17.151457 -15.000000 -23314.795767 0.000000
436 4 -24.996925 9.202980 -16.841199 -15.000000 -23954.009852 0.000000
437 4 -24.997752 9.023687 -17.380344 -15.000000 -23334.724724 0.000000
438 4 -24.568236 8.860906 -17.123865 -15.000000 -21975.625546 0.000000
439 4 -24.864885 9.025358 -15.853495 -15.000000 -24553.935825 0.000000
440 4 -24.950354 9.149528 -17.619966 -15.000000 -22837.100813 0.000000
441 4 -24.834835 9.039009 -16.987327 -14.000000 -23158.727943 0.000000
442 4 -24.761158 9.304785 -17.242880 -15.000000 -22534.508168 0.000000
443 4 -24.873148 9.055320 -17.084713 -14.000000 -23192.497381 0.000000
444 4 -24.663993 9.135113 -16.399181 -14.000000 -23159.840996 0.000000
445 4 -24.952153 9.022405 -17.223211 -14.000000 -23343.382496 0.000000
446 4 -24.737167 8.833961 -16.941681 -14.000000 -22851.534086 0.000000
447 4 -24.744622 10.017199 -17.286045 -14.000000 -22334.811856 0.000000
448 4 -24.997999 10.119753 -16.887948 -14.000000 -23797.446767 0.000000
449 4 -24.992964 10.008528 -17.119708 -14.000000 -23517.231218 0.000000
450 0 -24.793569 9.877715 -17.103859 -14.000000 1004.112311 0.000000
451 4 -24.859005 10.710694 -16.312324 -13.000000 -23830.628591 0.000000
452 4 -24.929261 10.518120 -17.770232 -13.000000 -22403.623975 0.000000
453 4 -24.949433 10.497544 -16.263166 -13.000000 -24268.953038 0.000000
454 4 -24.478501 10.412434 -16.246486 -13.000000 -22467.637654 0.000000
455 4 -24.876465 10.582762 -16.226293 -13.000000 -24011.090721 0.000000
456 4 -24.957672 10.420508 -16.284034 -13.000000 -24288.097908 0.000000
457 4 -24.991659 10.715578 -16.744068 -13.000000 -23864.849906 0.000000
458 4 -24.921762 10.911169 -16.206965 -13.000000 -24168.564603 0.000000
459 4 -24.816463 10.785462 -15.856329 -13.000000 -24152.028570 0.000000
460 4 -24.850904 10.627044 -15.968827 -13.000000 -24186.337466 0.000000
461 4 -24.979617 10.969437 -16.096470 -13.000000 -24510.819653 0.000000
462 4 -24.992547 10.770234 -15.958151 -13.000000 -24737.836180 0.000000
463 4 -24.788277 12.011505 -15.326544 -12.000000 -24427.012284 0.000000
464 4 -24.933210 11.760912 -15.383957 -13.000000 -24971.290506 0.000000
465 4 -24.990246 11.525855 -15.256726 -12.000000 -25357.754510 0.000000
466 4 -23.319563 11.570657 -15.196504 -12.000000 -19221.289465 0.000000
467 4 -24.899487 11.128774 -15.968014 -13.000000 -24312.578182 0.000000
468 4 -23.477907 12.534913 -14.489707 -12.000000 -20337.746877 0.000000
469 4 -23.406923 10.870470 -15.905410 -13.000000 -18863.360183 0.000000
470 4 -23.417519 11.711283 -15.850275 -11.000000 -18847.198302 0.000000
471 4 -24.774604 10.880351 -14.870656 -13.000000 -24982.556292 0.000000
472 4 -23.540443 10.773007 -13.515697 -11.000000 -21689.315340 0.000000
473 0 -24.781911 12.854475 -15.152510 -13.000000 1008.239215 0.000000
474 4 -24.939597 11.515667 -14.441778 -12.000000 -25946.918956 0.000000
475 4 -24.931426 11.815897 -14.180914 -12.000000 -26110.931134 0.000000
476 4 -24.987697 11.686134 -15.218248 -12.000000 -25364.002563 0.000000
477 4 -23.458877 11.561995 -13.981212 -12.000000 -20886.994471 0.000000
478 4 -23.652400 12.452313 -15.124586 -12.000000 -20337.900195 0.000000
479 4 -24.967134 10.637102 -15.755635 -11.000000 -24870.235016 0.000000
480 1 -23.424011 10.869102 -15.719798 -11.000000 981.032878 0.000000
481 4 -23.734916 11.960024 -14.536052 -13.000000 -21286.446874 0.000000
482 4 -24.899055 13.341464 -13.143917 -10.000000 -26633.864167 0.000000
483 4 -23.293986 12.862359 -13.909865 -10.000000 -20190.555603 0.000000
484 4 -24.925536 10.515509 -15.794330 -11.000000 -24680.576441 0.000000
485 4 -23.786633 10.779790 -15.389475 -10.000000 -20778.629278 0.000000
486 4 -24.971596 11.770860 -13.180517 -11.000000 -27123.537587 0.000000
487 4 -22.853679 11.733639 -12.437785 -12.000000 -20107.514262 0.000000
488 4 -24.967217 13.576640 -14.518171 -11.000000 -25673.968320 0.000000
489 4 -23.947980 13.367182 -13.153061 -12.000000 -23064.652293 0.000000
490 4 -23.095386 13.823724 -14.715410 -11.000000 -18594.789016 0.000000
491 4 -24.974170 12.143855 -13.710642 -11.000000 -26642.670477 0.000000
492 4 -23.900956 12.763676 -13.034675 -9.000000 -23086.090418 0.000000
493 4 -22.769702 12.252580 -14.351605 -11.000000 -18104.035119 0.000000
494 4 -24.973419 11.587877 -15.633568 -11.000000 -24896.458586 0.000000
495 4 -23.917499 14.527623 -15.543470 -9.000000 -20522.077155 0.000000
496 4 -23.823142 11.703850 -13.749944 -10.000000 -22360.501825 0.000000
497 4 -22.962991 13.267593 -14.908953 -11.000000 -18043.736495 0.000000
498 4 -24.959706 12.176119 -13.255731 -12.000000 -26958.599767 0.000000
499 0 -24.001992 11.588689 -13.564665 -12.000000 893.633452 0.000000
500 4 -22.744157 13.715323 -12.001957 -11.000000 -19772.120936 0.000000
501 4 -23.790416 11.987723 -14.680943 -12.000000 -21341.290890 0.000000
502 4 -24.002230 12.289209 -12.739593 -10.000000 -23755.038191 0.000000
503 1 -22.631655 11.213195 -15.690419 -12.000000 951.118456 0.000000
504 4 -23.867110 12.877442 -14.185636 -10.000000 -21953.255796 0.000000
505 4 -24.935916 11.194113 -15.443254 -13.000000 -24999.360927 0.000000
506 4 -24.994780 14.558481 -15.347509 -13.000000 -24809.336538 0.000000
507 4 -24.961971 14.553655 -13.329435 -12.000000 -26526.422152 0.000000
508 4 -22.814125 14.900631 -13.199832 -11.000000 -18857.678998 0.000000
509 4 -23.834542 15.555116 -11.922939 -12.000000 -23209.260935 0.000000
510 4 -24.990785 14.127995 -14.587932 -11.000000 -25609.681660 0.000000
511 4 -24.981296 12.971055 -14.317204 -10.000000 -26011.042766 0.000000
512 4 -23.778952 14.154326 -13.610428 -9.000000 -21944.044505 0.000000
513 4 -22.599358 13.676529 -14.052330 -11.000000 -17607.580077 0.000000
514 4 -24.972079 14.616752 -14.947668 -8.000000 -25107.381798 0.000000
515 4 -23.621102 16.324777 -14.738364 -8.000000 -19944.391038 0.000000
516 4 -23.070941 15.029444 -12.951719 -10.000000 -19893.785899 0.000000
517 4 -23.956046 14.042999 -14.861227 -9.000000 -21442.455373 0.000000
518 4 -23.934336 12.842878 -12.165343 -11.000000 -23855.743603 0.000000
519 4 -24.980758 13.053739 -13.974960 -10.000000 -26302.323264 0.000000
520 4 -22.532851 14.487411 -11.307944 -10.000000 -19443.163795 0.000000
521 4 -23.843386 13.423651 -13.561341 -8.000000 -22337.566753 0.000000
522 4 -23.977373 15.451027 -14.867019 -10.000000 -21265.298221 0.000000
523 4 -24.993914 12.548840 -12.719001 -9.000000 -27454.837626 0.000000
524 0 -23.008371 12.923442 -12.756398 -8.000000 858.286165 0.000000
525 4 -24.991942 13.671571 -14.212063 -9.000000 -26036.186230 0.000000
526 4 -23.743252 14.130269 -13.971935 -9.000000 -21501.346633 0.000000
527 4 -22.282256 15.178701 -12.657509 -9.000000 -17543.208929 0.000000
528 4 -24.998785 16.638358 -13.995149 -11.000000 -25716.710023 0.000000
529 4 -23.914951 16.934087 -11.022829 -11.000000 -23810.770131 0.000000
530 1 -22.941326 13.587620 -13.479994 -10.000000 950.758091 0.000000
531 4 -24.937138 15.756902 -14.398609 -11.000000 -25283.105676 0.000000
532 4 -23.840778 16.174377 -11.899622 -7.000000 -23129.588594 0.000000
533 4 -23.940646 17.508800 -14.090335 -11.000000 -21461.743372 0.000000
534 4 -22.959179 15.846845 -14.351371 -9.000000 -18128.873740 0.000000
535 4 -23.805723 14.601512 -13.163080 -10.000000 -22339.387613 0.000000
536 4 -24.923011 12.846244 -14.717203 -12.000000 -25428.740323 0.000000
537 4 -22.461445 12.726321 -14.572660 -12.000000 -16811.738435 0.000000
538 4 -24.991544 14.337238 -9.717346 -10.000000 -28964.076990 0.000000
539 4 -23.922538 12.959287 -10.448149 -9.000000 -24881.108533 0.000000
540 4 -23.212470 13.420056 -10.688952 -10.000000 -22225.187281 0.000000
541 4 -23.955327 12.789713 -12.330042 -7.000000 -23819.546834 0.000000
542 4 -22.374930 15.415681 -12.007671 -8.000000 -18289.344914 0.000000
543 4 -24.972103 13.854616 -9.858292 -9.000000 -28906.397821 0.000000
544 4 -24.009346 16.808757 -13.417444 -8.000000 -22444.170842 0.000000
545 4 -22.698914 14.018873 -12.906059 -10.000000 -18877.432507 0.000000
546 4 -24.033951 14.786503 -14.083627 -11.000000 -22334.428887 0.000000
547 4 -23.228426 12.153533 -14.512499 -9.000000 -19507.815616 0.000000
548 4 -24.053463 13.745690 -11.969768 -12.000000 -24278.317952 0.000000
549 4 -24.997621 15.549567 -9.729987 -10.000000 -28764.290118 0.000000
550 4 -24.922640 15.906470 -9.429630 -6.000000 -28541.775975 0.000000
551 0 -24.950714 16.160385 -9.073293 -7.000000 965.160846 0.000000
552 4 -24.985848 17.132959 -11.406721 -8.000000 -27507.964369 0.000000
553 4 -22.213799 17.245279 -9.405554 -8.000000 -19004.476854 0.000000
554 4 -24.991385 18.653713 -9.650435 -6.000000 -28138.974813 0.000000
555 4 -23.156642 18.345925 -8.529004 -6.000000 -22131.616199 0.000000
556 1 -23.906456 18.435785 -10.081526 -6.000000 1057.480062 0.000000
557 4 -23.186819 16.434955 -10.711526 -7.000000 -21585.995594 0.000000
558 4 -24.982281 15.432566 -11.328309 -9.000000 -27874.814840 0.000000
559 4 -23.879759 17.420888 -9.521653 -9.000000 -24380.612723 0.000000
560 4 -23.953997 15.732085 -9.674612 -10.000000 -24907.621564 0.000000
561 4 -22.161344 15.483680 -11.322680 -10.000000 -18091.642463 0.000000
562 4 -23.179761 16.333316 -8.301092 -9.000000 -22708.189290 0.000000
563 4 -24.963924 17.313352 -11.358957 -8.000000 -27415.474297 0.000000
564 4 -23.995998 19.718611 -11.493872 -7.000000 -23192.329857 0.000000
565 4 -22.290169 18.534105 -10.376049 -6.000000 -18454.068958 0.000000
566 4 -24.946425 17.516403 -7.018077 -8.000000 -29041.513540 0.000000
567 4 -24.995190 17.908291 -7.720757 -5.000000 -28989.870884 0.000000
568 4 -23.094297 18.925747 -6.784406 -8.000000 -22292.416101 0.000000
569 4 -24.069689 17.249688 -8.792508 -6.000000 -25390.476837 0.000000
570 4 -23.180160 18.149583 -11.113464 -8.000000 -20963.726403 0.000000
571 4 -23.988618 16.838023 -10.074715 -5.000000 -24618.874351 0.000000
572 4 -24.003024 19.280466 -7.104267 -7.000000 -25206.903071 0.000000
573 4 -22.217693 17.433167 -9.154519 -5.000000 -19093.618322 0.000000
574 4 -24.058517 15.012550 -11.381442 -9.000000 -24469.968784 0.000000
575 0 -23.101815 17.603494 -8.368801 -9.000000 912.793694 0.000000
576 4 -24.003178 16.352486 -9.688041 -8.000000 -24956.134339 0.000000
577 4 -24.998957 14.389967 -8.078961 -7.000000 -29589.319373 0.000000
578 4 -23.164224 14.656840 -8.155972 -7.000000 -23018.022466 0.000000
579 4 -24.038078 15.497593 -7.443686 -5.000000 -26042.133396 0.000000
580 1 -23.813142 15.628739 -5.438030 -4.000000 866.727518 0.000000
581 4 -24.966751 17.738889 -6.881298 -5.000000 -29095.115042 0.000000
582 4 -22.810148 18.163204 -6.177624 -4.000000 -21656.842473 0.000000
583 4 -24.985490 20.124108 -7.772044 -5.000000 -28434.324618 0.000000
584 4 -22.236507 19.417000 -7.477769 -5.000000 -19327.628289 0.000000
585 4 -23.905002 20.263533 -7.441073 -3.000000 -24554.782543 0.000000
586 4 -24.983906 20.791243 -6.484681 -5.000000 -28513.199073 0.000000
587 4 -23.129933 19.052063 -5.779812 -6.000000 -22525.487245 0.000000
588 4 -24.118796 21.631478 -7.148906 -5.000000 -25027.355733 0.000000
589 4 -24.012637 20.469860 -8.746313 -3.000000 -24476.869896 0.000000
590 4 -23.125954 20.582182 -6.755525 -4.000000 -22007.983123 0.000000
591 4 -24.943517 18.044569 -7.467417 -6.000000 -28825.523209 0.000000
592 4 -21.847647 18.278166 -6.202832 -5.000000 -18718.791757 0.000000
593 4 -23.756902 19.473302 -8.382091 -6.000000 -23952.709885 0.000000
594 4 -24.977147 21.846969 -7.910803 -6.000000 -27932.096601 0.000000
595 4 -24.987933 21.858599 -7.805732 -6.000000 -27997.978003 0.000000
596 4 -22.480507 21.568987 -9.269661 -6.000000 -18885.012101 0.000000
597 4 -24.988681 22.964845 -7.907311 -4.000000 -27676.260251 0.000000
598 4 -23.200592 22.670447 -8.079273 -4.000000 -21368.028681 0.000000
599 4 -24.040842 22.061773 -4.792930 -6.000000 -24866.863040 0.000000
600 4 -24.995446 23.847842 -9.715996 -7.000000 -26800.627204 0.000000
601 0 -24.979671 22.967703 -9.809834 -7.000000 1246.872173 0.000000
602 4 -22.147937 23.410346 -7.591970 -6.000000 -18001.574008 0.000000
603 4 -24.032613 24.157341 -8.950100 -4.000000 -23481.892298 0.000000
604 4 -23.123676 21.157739 -6.877444 -7.000000 -21832.222097 0.000000
605 4 -23.936356 22.033940 -10.359240 -5.000000 -23072.858902 0.000000
606 1 -24.981913 23.864144 -5.668726 -7.000000 1252.542726 0.000000
607 4 -23.176284 24.672276 -7.997044 -5.000000 -20745.752745 0.000000
608 4 -24.984775 21.361050 -9.601795 -3.000000 -27485.103546 0.000000
609 4 -24.006872 20.633190 -9.074891 -3.000000 -24287.769897 0.000000
610 4 -22.041157 22.043454 -9.766981 -3.000000 -17169.686014 0.000000
611 4 -23.911475 23.116572 -7.781485 -6.000000 -23745.275600 0.000000
612 4 -23.179410 19.907997 -6.631996 -4.000000 -22368.709070 0.000000
613 4 -24.100812 21.155428 -10.127394 -7.000000 -24008.509792 0.000000
614 4 -24.944454 19.817759 -8.765675 -6.000000 -28046.153135 0.000000
615 4 -24.970539 20.815185 -8.567830 -5.000000 -27971.019139 0.000000
616 4 -24.982944 19.653775 -8.785326 -4.000000 -28224.587478 0.000000
617 4 -22.944652 19.744077 -8.145838 -2.000000 -21256.376195 0.000000
618 4 -23.981667 20.661175 -8.885247 -5.000000 -24267.303504 0.000000
619 4 -22.271060 19.079838 -6.283529 -4.000000 -19776.000490 0.000000
620 4 -24.011647 21.610117 -8.512583 -6.000000 -24270.315947 0.000000
621 4 -23.134013 20.652713 -7.313836 -4.000000 -21893.446653 0.000000
622 4 -24.999348 18.528832 -10.695155 -5.000000 -27677.842674 0.000000
623 4 -23.944848 18.749313 -10.431742 -3.000000 -23867.483642 0.000000
624 4 -23.074441 18.052571 -8.846450 -5.000000 -21803.095026 0.000000
625 4 -21.866642 19.958488 -7.682346 -5.000000 -18037.824056 0.000000
626 0 -24.988602 17.702052 -10.702640 -6.000000 1051.459350 0.000000
627 4 -24.075983 19.166265 -9.449184 -2.000000 -24724.382694 0.000000
628 4 -23.187685 20.720133 -4.854948 -4.000000 -22358.709572 0.000000
629 4 -24.081674 22.517880 -6.296120 -6.000000 -24807.126679 0.000000
630 4 -24.990380 18.304388 -8.274041 -3.000000 -28730.617275 0.000000
631 4 -22.345422 18.762634 -8.240552 -3.000000 -19565.008796 0.000000
632 1 -24.977766 20.056624 -9.117049 -5.000000 1149.845726 0.000000
633 4 -24.069848 17.653750 -7.000183 -3.000000 -25822.977879 0.000000
634 4 -23.128530 21.490638 -7.863292 -5.000000 -21511.906398 0.000000
635 4 -24.031876 18.506873 -5.531558 -7.000000 -25689.633183 0.000000
636 4 -24.989776 19.483733 -9.885510 -4.000000 -27835.402760 0.000000
637 4 -23.269677 19.773837 -9.246857 -3.000000 -21889.173658 0.000000
638 4 -21.930286 21.025182 -8.445489 -4.000000 -17697.161966 0.000000
639 4 -24.996292 19.291872 -10.673723 -4.000000 -27504.632401 0.000000
640 4 -24.043481 19.452029 -10.239644 -2.000000 -24160.154542 0.000000
641 4 -23.177590 22.328803 -9.696067 -4.000000 -20729.415733 0.000000
642 5 -24.022420 18.671572 -6.744704 -5.000000 637.678997 0.000000
643 4 -23.947670 20.120156 -7.468260 -3.000000 -24731.472284 0.000000
644 4 -24.960140 17.895621 -10.624908 -4.000000 -27703.513063 0.000000
645 4 -22.193567 17.842978 -10.602246 -6.000000 -18174.780680 0.000000
646 4 -22.996855 16.877652 -8.644412 -5.000000 -21875.772870 0.000000
647 4 -24.999730 19.053903 -10.755476 -2.000000 -27527.522972 0.000000
648 4 -23.732585 17.739283 -8.056498 -5.000000 -24362.480783 0.000000
649 4 -23.978854 18.576280 -6.729245 -2.000000 -25354.307204 0.000000
650 4 -23.022925 19.590466 -9.314301 -6.000000 -21087.361578 0.000000
651 4 -24.143008 17.962841 -5.625970 -2.000000 -26191.401360 0.000000
652 4 -21.703217 16.939174 -10.993365 -4.000000 -16642.302669 0.000000
653 4 -23.999253 20.390293 -7.638359 -7.000000 -24802.887523 0.000000
654 0 -22.812560 18.788453 -8.879895 -5.000000 951.371380 0.000000
655 4 -24.993124 16.835087 -4.161112 -6.000000 -29469.997650 0.000000
656 4 -24.082227 16.495564 -5.084549 -6.000000 -26300.416041 0.000000
657 4 -24.946055 21.105593 -4.081936 -4.000000 -28314.241509 0.000000
658 4 -22.940546 22.074681 -3.294656 -6.000000 -21110.632047 0.000000
659 1 -24.028710 20.840740 -3.830741 -4.000000 1045.792891 0.000000
660 4 -22.152084 21.401923 -4.373808 -6.000000 -18989.285007 0.000000
661 4 -24.995924 20.118485 -6.860896 -4.000000 -28668.211900 0.000000
662 4 -23.303799 20.064910 -6.190860 -5.000000 -22807.088496 0.000000
663 4 -24.096692 18.450329 -6.562631 -7.000000 -25822.080580 0.000000
664 4 -24.004046 20.244105 -5.268698 -5.000000 -25199.553472 0.000000
665 4 -24.984936 17.863297 -7.217857 -4.000000 -29074.844657 0.000000
666 5 -24.975771 17.449864 -6.873709 -3.000000 685.592531 0.000000
667 4 -23.031672 16.696392 -6.270635 -4.000000 -22654.918956 0.000000
668 4 -22.529457 19.365411 -4.209622 -7.000000 -20608.552539 0.000000
669 4 -24.024441 21.166143 -7.454866 -4.000000 -24744.479819 0.000000
670 4 -23.159825 17.720080 -5.634537 -6.000000 -22928.725059 0.000000
671 4 -24.017903 16.359743 -8.340212 -3.000000 -25547.477703 0.000000
672 4 -21.619096 19.625090 -7.269014 -6.000000 -17521.347136 0.000000
673 4 -24.990854 20.375619 -8.680081 -7.000000 -28118.676550 0.000000
674 4 -24.009709 20.673235 -8.395731 -7.000000 -24541.521783 0.000000
675 4 -23.239657 21.974472 -2.687878 -8.000000 -21972.228254 0.000000
676 4 -24.981761 19.635238 -7.233526 -7.000000 -28661.033674 0.000000
677 4 -22.301970 20.768236 -5.706386 -8.000000 -19542.549808 0.000000
678 4 -24.989629 21.780974 -6.791809 -7.000000 -28237.775414 0.000000
679 4 -24.010825 22.912616 -6.855762 -6.000000 -24363.829862 0.000000
680 4 -24.978963 21.414781 -4.938355 -7.000000 -28416.447716 0.000000
681 0 -23.220217 21.180941 -4.396989 -7.000000 1006.284265 0.000000
682 4 -24.012518 22.074809 -4.735108 -7.000000 -24764.067638 0.000000
683 4 -22.241084 20.121146 -3.692652 -7.000000 -19529.129402 0.000000
684 1 -24.061662 20.089730 -5.871024 -8.000000 1044.673854 0.000000
685 4 -23.145114 19.009412 -6.199415 -6.000000 -22535.579030 0.000000
686 4 -24.086206 21.170662 -7.116977 -5.000000 -25037.472670 0.000000
687 4 -24.962844 18.742794 -5.424461 -7.000000 -29000.569511 0.000000
688 4 -21.474172 18.559509 -4.957638 -7.000000 -17727.901172 0.000000
689 4 -23.247360 19.361490 -5.330596 -8.000000 -22866.975302 0.000000
690 4 -24.116097 17.849904 -2.550114 -8.000000 -25833.809968 0.000000
691 4 -23.242444 18.344354 -4.069475 -7.000000 -23062.363206 0.000000
692 5 -24.993617 16.754428 -6.204964 -6.000000 680.405570 0.000000
693 4 -22.392447 19.861129 -7.372800 -8.000000 -19726.526135 0.000000
694 4 -23.745609 19.106645 -1.825940 -6.000000 -24100.133080 0.000000
695 4 -24.996214 16.912233 -5.027137 -7.000000 -29518.320581 0.000000
696 4 -24.980919 17.019412 -4.999321 -7.000000 -29438.742441 0.000000
697 4 -23.980687 16.639354 -3.502299 -8.000000 -25808.683056 0.000000
698 4 -23.195314 17.370517 -4.684186 -7.000000 -23147.735971 0.000000
699 4 -24.006287 15.884328 -5.090443 -8.000000 -26155.625590 0.000000
700 4 -22.183066 17.086736 -3.637439 -7.000000 -20030.541572 0.000000
701 4 -24.976328 16.262571 -5.844913 -7.000000 -29553.525371 0.000000
702 4 -23.996844 16.307884 -5.514181 -8.000000 -26028.321740 0.000000
703 4 -23.093203 15.807832 -4.516030 -5.000000 -23127.223124 0.000000
704 3 -21.008544 17.631945 -6.155014 -5.000000 3.678415 0.000000
705 4 -24.007749 16.097770 -6.437089 -7.000000 -26017.063137 0.000000
706 0 -22.472481 17.083587 -2.649577 -8.000000 803.041604 0.000000
707 4 -24.201116 18.581399 -5.225553 -6.000000 -26275.688563 0.000000
708 4 -24.107904 18.016717 -5.855129 -5.000000 -26040.342114 0.000000
709 4 -24.972610 16.804201 -3.965836 -3.000000 -29377.689149 0.000000
710 4 -24.993747 16.293651 -4.223396 -2.000000 -29586.132961 0.000000
711 1 -24.985987 15.537072 -4.024742 -1.000000 902.017684 0.000000
712 4 -23.157614 16.428378 -2.208221 -3.000000 -22874.328937 0.000000
713 4 -23.355421 15.486748 -1.172539 -3.000000 -23356.690325 0.000000
714 4 -21.777646 16.908673 -3.113306 -2.000000 -18837.407371 0.000000
715 4 -24.024535 16.014952 -4.454655 -1.000000 -26178.887570 0.000000
716 4 -24.969513 17.065756 -3.446816 -2.000000 -29235.796114 0.000000
717 4 -22.787088 17.204520 -3.301458 -1.000000 -21782.510835 0.000000
718 4 -24.991654 15.068982 -3.872131 -2.000000 -29768.366097 0.000000
719 5 -23.302284 14.860105 -3.288613 -2.000000 572.553950 0.000000
720 4 -24.122548 15.862811 -1.716136 -1.000000 -26016.673088 0.000000
721 4 -22.471382 15.194205 -5.155556 -1.000000 -21298.632220 0.000000
722 4 -24.140599 16.678351 -4.507736 -2.000000 -26454.257100 0.000000
723 4 -23.358389 17.457491 -5.286429 -3.000000 -23652.220423 0.000000
724 4 -24.121986 15.134723 -2.567100 -3.000000 -26395.514964 0.000000
725 4 -21.110848 16.459003 -0.611600 -2.000000 -16465.480248 0.000000
726 4 -24.989272 17.885229 -3.839571 -1.000000 -29198.273853 0.000000
727 4 -23.251943 17.706943 -3.298000 0.000000 -23140.746902 0.000000
728 4 -24.973500 16.817599 -4.293369 -2.000000 -29413.160424 0.000000
729 4 -24.012370 16.342462 -4.045414 -1.000000 -26042.539267 0.000000
730 4 -21.951685 15.435281 -2.540107 -2.000000 -19516.380325 0.000000
731 3 -24.969751 17.099531 -3.884606 -1.000000 -3.005613 0.000000
732 4 -23.108005 17.781647 -1.615978 0.000000 -22267.497179 0.000000
733 4 -24.985121 16.445491 -5.897668 -2.000000 -29547.006496 0.000000
734 4 -23.965111 16.217265 -5.135302 0.000000 -25948.587036 0.000000
735 0 -22.439547 15.958518 -3.506419 -1.000000 769.522560 0.000000
736 4 -24.090323 15.104028 -4.424857 -2.000000 -26574.988916 0.000000
737 4 -24.993466 16.966064 -5.699841 -2.000000 -29485.901715 0.000000
738 4 -23.333895 17.128223 -5.955064 -1.000000 -23589.788830 0.000000
739 4 -24.048755 17.859601 -5.597340 -2.000000 -25885.824980 0.000000
740 1 -22.525533 16.896076 -3.027567 0.000000 818.153440 0.000000
741 4 -24.073575 14.871295 -4.440299 -2.000000 -26559.664014 0.000000
742 4 -23.240686 18.086307 -6.046625 -1.000000 -23071.474876 0.000000
743 4 -23.971134 16.882507 -5.046741 -2.000000 -25838.146871 0.000000
744 4 -21.571378 17.740513 -2.152591 -3.000000 -17908.202267 0.000000
745 4 -24.139630 16.055398 -4.064818 -1.000000 -26540.359275 0.000000
746 4 -23.106314 14.625386 -6.538932 -3.000000 -23242.132859 0.000000
747 5 -24.989443 18.182863 -5.569401 0.000000 674.596879 0.000000
748 4 -24.958535 16.941405 -6.870541 -3.000000 -29231.833831 0.000000
749 4 3.973135 16.714147 -3.386522 -3.000000 2594.031729 0.000000
750 4 -22.387279 15.456536 -4.681917 -2.000000 -21007.184839 0.000000
751 4 -24.978155 16.958163 -6.096269 -3.000000 -29402.178456 0.000000
752 4 -24.014995 16.592347 -5.760987 -1.000000 -26019.312836 0.000000
753 4 -23.331320 15.645665 -4.268819 -3.000000 -23914.322457 0.000000
754 4 -24.093597 17.225914 -2.688618 -2.000000 -25920.911349 0.000000
755 4 -23.150641 14.542219 -5.105081 -2.000000 -23542.677464 0.000000
756 4 -7.200892 16.262932 -6.502517 -3.000000 2022.181520 0.000000
757 4 -24.997545 17.373538 -0.506149 0.000000 -28328.374483 0.000000
758 3 -22.201079 15.267620 -3.838294 -1.000000 -2.115165 0.000000
759 4 -23.992541 18.160038 -5.724399 -2.000000 -25617.202773 0.000000
760 4 -24.049639 16.976566 -6.904136 -1.000000 -25911.301630 0.000000
761 4 -20.922161 16.118868 -5.108729 -3.000000 -16731.723632 0.000000
762 4 -24.981118 14.895615 -3.798766 -3.000000 -29750.384309 0.000000
763 0 -23.218784 14.443303 -2.843225 0.000000 754.804827 0.000000
764 4 -24.994586 14.437339 -1.410304 -2.000000 -29261.441005 0.000000
765 4 -22.634060 14.301223 0.233251 -2.000000 -20733.667198 0.000000
766 1 -24.072044 14.496244 -1.783780 -3.000000 803.981406 0.000000
767 4 -24.988960 15.611820 -2.646208 -1.000000 -29420.737358 0.000000
768 4 -24.046268 15.211394 -0.823949 0.000000 -25544.051243 0.000000
769 4 -23.268952 14.098763 -1.808443 -1.000000 -23541.337404 0.000000
770 4 -21.638615 15.541532 -1.348749 0.000000 -18309.152341 0.000000
771 4 -24.111023 16.389168 -2.971348 -2.000000 -26211.583414 0.000000
772 4 -23.107060 14.383362 -2.479163 -2.000000 -23159.839726 0.000000
773 4 -24.960369 15.901141 -4.214856 -1.000000 -29536.814353 0.000000
774 5 -24.095919 16.369628 -3.703201 0.000000 613.942112 0.000000
775 4 -22.258629 15.388887 -3.876392 -1.000000 -20604.979490 0.000000
776 4 -23.254475 17.119285 -2.865328 0.000000 -23195.130665 0.000000
777 4 -24.041197 16.150626 -1.241094 -2.000000 -25516.035793 0.000000
778 4 -24.982145 17.108119 -4.054791 -1.000000 -29361.819543 0.000000
779 4 -24.139095 17.252270 -2.053893 1.000000 -25903.426472 0.000000
780 4 -24.995689 17.389681 -3.536429 -1.000000 -29281.219186 0.000000
781 4 -23.173099 16.732459 -4.111016 -1.000000 -23181.548887 0.000000
782 4 -24.967353 16.250925 -3.643171 0.000000 -29423.007978 0.000000
783 4 -24.989224 15.801014 -3.197825 0.000000 -29511.570491 0.000000
784 4 -22.472865 15.296067 -3.045992 0.000000 -21159.216377 0.000000
785 4 -24.032975 15.910629 -2.137209 0.000000 -25831.561468 0.000000
786 3 -20.599914 15.136933 -3.390364 1.000000 -1.052618 0.000000
787 4 -23.407708 16.372149 0.187838 1.000000 -22757.905492 0.000000
788 4 -24.965547 15.866336 -1.060500 1.000000 -28756.590809 0.000000
789 0 -22.032069 16.913217 -2.333558 -1.000000 775.934458 0.000000
790 4 -24.083196 14.690529 -3.413257 -1.000000 -26513.131008 0.000000
791 4 -23.410730 16.246961 -4.137126 -1.000000 -24049.559381 0.000000
792 4 -24.101320 15.284435 -3.053556 1.000000 -26404.540840 0.000000
793 4 -22.656241 16.584949 -4.516074 0.000000 -21606.457672 0.000000
794 1 -24.098948 17.232228 -1.876569 -2.000000 892.776759 0.000000
795 4 -24.939899 15.246902 -3.776329 -1.000000 -29530.738188 0.000000
796 4 -24.978305 14.851474 1.238274 0.000000 -27775.541934 0.000000
797 4 -23.078257 14.071517 -3.599547 -1.000000 -23321.261481 0.000000
798 4 -24.984498 15.616712 -2.630985 -1.000000 -29399.436180 0.000000
799 4 -21.796666 15.457641 -1.412141 0.000000 -18782.085584 0.000000
800 4 -23.438104 14.713990 -2.225123 1.000000 -24097.724893 0.000000
801 4 -23.937507 15.803965 -2.795702 1.000000 -25693.774359 0.000000
802 5 -24.983815 14.750117 -4.137494 -1.000000 661.408476 0.000000
803 4 -22.681400 15.795552 -0.827787 0.000000 -21075.893036 0.000000
804 4 -24.997575 14.036691 -3.197716 -2.000000 -29858.416343 0.000000
805 4 -24.052536 13.817058 -2.881193 -2.000000 -26457.837403 0.000000
806 4 -23.102876 13.840026 -1.839308 -2.000000 -23068.354663 0.000000
807 4 -21.385447 14.572788 -4.510957 -2.000000 -18286.512080 0.000000
808 4 -24.040216 15.853291 -0.439348 -1.000000 -25235.631026 0.000000
809 4 -23.978860 13.782441 -3.038530 -2.000000 -26243.769219 0.000000
810 4 -22.551172 14.898311 -3.770520 1.000000 -21561.107196 0.000000
811 4 -24.976348 16.194862 -2.227903 -1.000000 -29147.505510 0.000000
812 3 -23.177456 15.072158 -4.669548 -3.000000 -2.495750 0.000000
813 4 -24.024577 16.610385 -3.486888 0.000000 -25962.376233 0.000000
814 4 -1.868437 15.650436 -4.685137 -2.000000 2301.732296 0.000000
815 4 -24.988257 14.495413 -1.365733 -1.000000 -29211.121788 0.000000
816 4 -24.067120 16.420043 -0.133618 0.000000 -25072.285105 0.000000
817 0 -22.343948 13.904913 -2.449406 -3.000000 697.658237 0.000000
818 4 -23.266396 16.924804 -3.452705 -2.000000 -23372.639291 0.000000
819 4 -24.961761 15.274260 -4.669931 1.000000 -29693.340482 0.000000
820 4 -24.050662 13.628237 -4.663563 0.000000 -26703.079239 0.000000
821 4 -24.990804 15.374187 -2.817328 -1.000000 -29513.936173 0.000000
822 1 -23.353298 15.202657 -2.411498 2.000000 795.918622 0.000000
823 4 -21.556280 14.674146 -1.229580 1.000000 -18202.779090 0.000000
824 4 -23.339982 13.866289 -4.244290 1.000000 -24256.019841 0.000000
825 4 -24.018878 15.370824 -2.955368 0.000000 -26085.922247 0.000000
826 4 -13.978450 15.473861 -4.607909 1.000000 -3896.071116 0.000000
827 4 -22.293867 13.749020 -2.267910 -1.000000 -20740.834698 0.000000
828 4 -24.979892 14.782031 -3.709325 0.000000 -29753.098101 0.000000
829 4 -24.129938 15.623763 -5.029984 1.000000 -26634.867071 0.000000
830 5 -23.333084 16.026181 -3.812303 -1.000000 578.723531 0.000000
831 4 -20.497437 14.882712 -5.038134 1.000000 -15867.516436 0.000000
832 4 -24.990146 16.094400 -3.817994 0.000000 -29563.657796 0.000000
833 4 -24.119681 13.396308 -5.219112 1.000000 -26984.993499 0.000000
834 4 -22.541531 16.093199 -4.175345 2.000000 -21339.443687 0.000000
835 4 -23.945563 14.814861 -3.030108 0.000000 -25951.525155 0.000000
836 4 -24.999453 15.933265 -5.329446 0.000000 -29723.897149 0.000000
837 4 -24.977897 15.137197 -5.343689 2.000000 -29791.241165 0.000000
838 4 -23.189669 13.227576 -5.720726 3.000000 -23852.149777 0.000000
839 3 -24.998177 14.569089 -5.359128 2.000000 -4.029960 0.000000
840 4 -23.308604 14.175687 -4.993547 2.000000 -24120.100750 0.000000
841 4 -24.042622 15.423418 -5.702450 3.000000 -26344.136094 0.000000
842 4 -21.809453 13.375557 -4.722310 1.000000 -19672.691288 0.000000
843 0 -24.993345 15.188345 -2.865871 0.000000 862.566322 0.000000
844 4 -22.676426 15.903205 -5.658491 2.000000 -21761.229823 0.000000
845 4 -24.072133 14.366282 -4.362686 1.000000 -26638.444671 0.000000
846 4 -24.081141 15.903204 -3.449376 0.000000 -26289.149936 0.000000
847 4 -22.637005 13.869210 -5.090710 1.000000 -22039.191419 0.000000
848 1 -24.089251 15.123703 -2.354170 0.000000 827.977171 0.000000
849 4 -23.535094 16.121549 -5.831680 2.000000 -24469.990211 0.000000
850 4 -3.624421 14.964941 -3.988266 0.000000 1717.688516 0.000000
851 4 -24.014730 15.774704 -3.260884 0.000000 -26054.149907 0.000000
852 4 -23.173682 14.396414 -4.540963 -1.000000 -23641.604083 0.000000
853 4 -22.071152 13.282899 -5.745232 1.000000 -20380.704664 0.000000
854 4 -24.991586 16.799955 -2.325196 -1.000000 -29112.304348 0.000000
855 4 -24.969238 16.195179 -4.581311 0.000000 -29542.319979 0.000000
856 5 -23.305708 16.136368 -5.000886 3.000000 588.224018 0.000000
857 4 -21.109349 16.474496 -6.046912 2.000000 -17052.313622 0.000000
858 4 -24.098816 14.729922 -4.096662 1.000000 -26646.468384 0.000000
859 4 -24.981333 13.820748 -4.945220 0.000000 -30030.821747 0.000000
860 4 -22.595348 13.153696 -4.750718 0.000000 -22033.931237 0.000000
861 4 -24.002224 13.913257 -3.793294 1.000000 -26421.333459 0.000000
862 4 -24.088968 13.088603 -3.475472 0.000000 -26809.806015 0.000000
863 4 -23.038488 15.001423 -4.878263 3.000000 -23105.801584 0.000000
864 4 -24.092233 13.967755 -4.433263 0.000000 -26780.270982 0.000000
865 4 -23.308933 14.324679 -3.210258 2.000000 -23960.186647 0.000000
866 3 -21.786282 15.319399 -5.669725 1.000000 0.222842 0.000000
867 4 -24.200744 12.931276 -1.829289 -1.000000 -26828.820354 0.000000
868 4 -24.952106 16.039139 -3.997520 0.000000 -29456.067234 0.000000
869 4 -24.994766 14.250444 -3.618806 2.000000 -29887.043862 0.000000
870 4 -23.283561 13.712402 -5.209819 4.000000 -24110.668656 0.000000
871 4 -24.979807 14.242214 -3.630138 2.000000 -29834.664950 0.000000
872 4 -24.058798 12.962621 -5.875141 3.000000 -26806.193782 0.000000
873 0 -22.373771 12.864470 -4.855040 3.000000 688.591638 0.000000
874 4 -23.274096 13.840400 -3.659987 2.000000 -23993.628330 0.000000
875 1 -24.028069 14.574087 -6.015993 3.000000 853.948238 0.000000
876 4 -24.055298 14.117665 -4.220293 4.000000 -26612.353425 0.000000
877 4 -22.694171 12.748107 -3.103662 2.000000 -22267.333908 0.000000
878 4 -21.590269 14.744515 -5.459113 2.000000 -18779.438947 0.000000
879 4 -24.007851 15.003181 -4.646324 5.000000 -26318.159434 0.000000
880 4 -24.957072 13.654419 -1.634318 2.000000 -29337.950816 0.000000
881 4 -23.374522 15.000202 -3.627104 1.000000 -24114.289106 0.000000
882 4 -24.119931 14.163555 -5.181596 1.000000 -26859.656149 0.000000
883 4 -22.767184 15.636859 -2.741937 3.000000 -21933.061772 0.000000
884 5 -20.484896 12.952857 -4.310030 1.000000 458.441235 0.000000
885 4 -24.962429 15.831103 -6.322589 2.000000 -29541.680801 0.000000
886 4 -24.976451 14.146677 -6.303154 6.000000 -29899.513922 0.000000
887 4 -23.124458 12.695529 -6.319135 5.000000 -23652.373860 0.000000
888 4 -24.994083 13.593193 -6.459850 9.000000 -30039.475295 0.000000
889 4 -24.010404 13.514196 -6.685472 6.000000 -26446.360778 0.000000
890 4 -24.991752 12.650483 -6.574091 11.000000 -30164.018465 0.000000
891 4 -22.070031 12.503161 -6.416588 11.000000 -20399.359814 0.000000
892 4 -23.268378 12.615147 -6.323790 10.000000 -24132.695496 0.000000
893 3 -11.571110 13.572103 -6.404514 4.000000 9.485507 0.000000
894 4 -24.161661 12.466711 -6.154140 9.000000 -27214.856902 0.000000
895 4 -24.963219 13.725037 -5.611312 13.000000 -29972.990900 0.000000
896 4 -23.316456 13.232312 -6.544895 11.000000 -24160.140389 0.000000
897 0 -24.112695 13.800873 -5.651716 13.000000 802.568046 0.000000
898 4 -24.985305 12.437053 -7.093876 8.000000 -30086.790621 0.000000
899 4 -22.065679 11.970104 -7.005779 7.000000 -20341.224362 0.000000
900 4 -24.982291 12.118089 -7.026934 8.000000 -30134.858623 0.000000
901 4 -23.353110 12.675525 -7.138208 7.000000 -24250.816751 0.000000
902 4 -24.061914 12.114100 -6.823633 15.000000 -26817.686717 0.000000
903 4 -5.504620 12.574928 -7.284722 8.000000 2405.635465 0.000000
904 1 -22.286014 11.722888 -6.512874 8.000000 706.401535 0.000000
905 4 0.057509 12.144935 -5.963513 12.000000 2552.777077 0.000000
906 4 -24.018578 13.738595 -7.245429 8.000000 -26328.338303 0.000000
907 4 -23.328607 12.894248 -5.993378 12.000000 -24330.582457 0.000000
908 4 -21.058890 13.476290 -5.505717 9.000000 -17528.581669 0.000000
909 4 -24.995100 12.181981 -6.906946 8.000000 -30195.215535 0.000000
910 5 -24.062169 12.451536 -6.793281 6.000000 640.247513 0.000000
911 4 -8.097902 11.700992 -7.562265 9.000000 1408.524518 0.000000
912 4 -22.677670 11.978098 -7.711158 8.000000 -22021.470504 0.000000
913 4 -23.962355 13.358510 -6.448939 9.000000 -26341.159143 0.000000
914 4 -24.042734 13.877982 -7.762861 11.000000 -26260.829805 0.000000
915 4 -22.474753 12.072867 -5.918540 10.000000 -21755.065554 0.000000
916 4 -24.960285 13.246125 -6.875932 10.000000 -29906.574090 0.000000
917 4 -23.246888 12.764368 -7.639735 10.000000 -23758.985531 0.000000
918 4 -24.122125 13.227462 -7.296904 10.000000 -26764.011346 0.000000
919 4 -24.988603 12.622024 -6.694548 7.000000 -30139.223831 0.000000
920 4 -24.976203 11.446461 -7.641969 7.000000 -30075.254892 0.000000
921 3 -23.143923 11.030314 -7.616769 7.000000 -3.356840 0.000000
922 4 -24.002002 11.655580 -8.275269 7.000000 -26303.424544 0.000000
923 4 -21.915563 11.489989 -7.973587 6.000000 -19684.730779 0.000000
924 4 -23.265650 12.361720 -6.655565 8.000000 -24107.478119 0.000000
925 4 -24.160254 11.917637 -7.053237 10.000000 -27148.903297 0.000000
926 4 -24.969497 11.187892 -7.942333 9.000000 -30006.865183 0.000000
927 0 -24.987097 10.200935 -7.578871 8.000000 784.693389 0.000000
928 4 -22.561759 11.251864 -8.149919 6.000000 -21618.767324 0.000000
929 4 -23.395676 10.135831 -8.265191 13.000000 -24421.664871 0.000000
930 4 -24.060468 12.151814 -6.956039 9.000000 -26782.379851 0.000000
931 4 -24.990717 11.531346 -8.188753 9.000000 -29970.001463 0.000000
932 4 -16.409325 9.869447 -8.036750 11.000000 -7214.939128 0.000000
933 4 -21.218323 11.626478 -8.632480 8.000000 -17417.191536 0.000000
934 1 -23.266599 11.167775 -8.683986 9.000000 780.021366 0.000000
935 4 -24.158578 10.142346 -7.539538 9.000000 -27267.834541 0.000000
936 4 -12.728726 11.173089 -6.779365 7.000000 -2561.956834 0.000000
937 4 -24.989013 12.606426 -7.731868 10.000000 -29934.011009 0.000000
938 4 -22.333944 12.463448 -8.536556 10.000000 -20599.588139 0.000000
939 5 -23.359091 12.422776 -7.811896 11.000000 616.174199 0.000000
940 4 -23.867157 10.736964 -7.642058 7.000000 -26143.519792 0.000000
941 4 -23.958313 12.782256 -8.716946 9.000000 -25829.798038 0.000000
942 4 -22.573206 11.204852 -7.010808 10.000000 -21987.227425 0.000000
943 4 -24.965305 12.833924 -6.699078 9.000000 -30018.230536 0.000000
944 4 -24.082648 12.035830 -8.702968 6.000000 -26385.836996 0.000000
945 4 -21.454767 12.981298 -6.874803 8.000000 -18456.177714 0.000000
946 4 -23.202158 11.645609 -7.913330 10.000000 -23695.248317 0.000000
947 4 -24.137745 10.043384 -6.962764 11.000000 -27334.092557 0.000000
948 4 -22.646712 12.174630 -8.955747 12.000000 -21447.104731 0.000000
949 4 -24.992037 13.156089 -6.395125 7.000000 -30109.907428 0.000000
950 4 5.162310 11.181211 -6.285487 8.000000 3558.682104 0.000000
951 3 -24.983240 12.855768 -6.497246 9.000000 -4.450226 0.000000
952 0 -24.995408 13.113322 -6.091687 6.000000 832.718269 0.000000
953 4 -23.992058 11.964343 -7.381225 14.000000 -26477.519283 0.000000
954 4 -20.034008 10.124159 -5.743414 7.000000 -15348.568619 0.000000
955 4 -23.290911 13.084442 -6.793614 7.000000 -24054.429323 0.000000
956 4 -24.101941 11.576537 -5.680477 8.000000 -27175.763966 0.000000
957 4 -24.988477 13.040940 -7.816120 11.000000 -29843.383335 0.000000
958 1 -24.994349 11.088139 -8.035357 11.000000 848.152697 0.000000
959 4 -22.434398 12.436056 -8.954013 12.000000 -20743.970855 0.000000
960 4 -23.424652 13.352470 -7.348086 9.000000 -24333.615430 0.000000
961 4 -24.155495 12.744015 -8.061981 10.000000 -26754.908042 0.000000
962 4 -21.620120 10.172246 -7.040513 9.000000 -19274.104697 0.000000
963 4 -23.314693 11.301577 -8.770040 12.000000 -23816.699936 0.000000
964 4 -24.105430 13.315959 -7.613239 10.000000 -26613.916177 0.000000
965 5 -24.987490 12.229556 -6.421659 7.000000 682.309601 0.000000
966 4 -22.950853 13.561410 -6.413069 14.000000 -22942.900508 0.000000
967 4 -24.052887 12.082560 -7.751799 8.000000 -26579.374959 0.000000
968 4 -22.541131 11.114432 -5.713254 10.000000 -22114.527840 0.000000
969 4 -24.180905 13.387716 -6.979720 6.000000 -27013.558907 0.000000
970 4 -23.239343 12.622206 -9.144914 11.000000 -23222.238548 0.000000
971 4 -23.993207 10.349165 -7.663918 8.000000 -26626.555129 0.000000
972 4 -22.142367 13.411824 -6.273319 9.000000 -20497.395939 0.000000
973 4 -24.986728 11.992718 -8.687737 12.000000 -29727.923547 0.000000
974 4 -24.073729 9.869428 -9.348179 12.000000 -26379.983915 0.000000
975 4 -24.973159 11.298355 -8.951056 12.000000 -29677.761591 0.000000
976 3 -23.218957 12.081650 -8.418781 10.000000 -1.518526 0.000000
977 4 -24.966626 11.765424 -8.220617 13.000000 -29835.979592 0.000000
978 4 -21.026264 11.297760 -8.153423 13.000000 -17123.046363 0.000000
979 4 -24.983784 12.567373 -9.378073 8.000000 -29367.265496 0.000000
980 4 -23.310587 9.792377 -7.241924 6.000000 -24474.538063 0.000000
981 0 -23.999603 10.638880 -7.546046 13.000000 744.849516 0.000000
982 4 -22.106873 13.590401 -6.767693 9.000000 -20269.161172 0.000000
983 4 -24.017891 12.354383 -8.152375 14.000000 -26298.064900 0.000000
984 4 -23.178528 13.615885 -9.481128 15.000000 -22713.406793 0.000000
985 1 -24.073435 11.003769 -6.191092 7.000000 767.567175 0.000000
986 4 -22.433522 12.568594 -7.259868 10.000000 -21300.843962 0.000000
987 4 -9.795027 13.893649 -8.061603 5.000000 1020.813761 0.000000
988 4 -24.148007 13.010775 -5.581132 7.000000 -27131.640947 0.000000
989 4 -24.980493 11.746209 -6.818681 11.000000 -30217.206560 0.000000
990 4 15.866781 9.923054 -6.859435 11.000000 13414.286163 0.000000
991 4 -23.381468 11.104125 -8.436954 11.000000 -24191.026967 0.000000
992 5 -24.997620 11.757791 -9.324647 11.000000 709.022824 0.000000
993 4 -24.974870 7.767276 -7.353616 9.000000 -30560.706970 0.000000
994 4 -23.094388 9.680740 -7.783154 9.000000 -23632.992099 0.000000
995 4 -24.104835 10.896735 -7.172542 8.000000 -27067.838499 0.000000
996 4 -21.956753 11.698014 -8.161793 9.000000 -19712.013609 0.000000
997 4 -24.035380 8.303823 -9.570819 10.000000 -26315.144182 0.000000
998 4 -24.973926 11.786768 -6.615443 13.000000 -30217.584356 0.000000
999 4 -23.123573 10.275950 -6.751342 13.000000 -23908.906004 0.000000
1000 4 -24.059561 9.658216 -8.660447 13.000000 -26628.818392 0.000000
1001 4 -22.476422 10.993835 -7.430273 14.000000 -21610.233070 0.000000
1002 4 -24.966959 11.839256 -6.403804 10.000000 -30211.796686 0.000000
1003 3 -23.278554 11.599893 -8.367531 12.000000 -2.071129 0.000000
1004 4 -24.066678 10.535846 -6.657537 11.000000 -27077.664147 0.000000
1005 4 -21.140263 11.959031 -7.728910 10.000000 -17492.525440 0.000000
1006 4 -24.973962 10.495784 -6.571978 8.000000 -30396.499354 0.000000
1007 4 -23.280996 10.142667 -6.817404 8.000000 -24427.104211 0.000000
1008 0 -24.161462 10.720082 -9.270542 9.000000 783.459365 0.000000
1009 4 -21.915391 7.772867 -7.690570 7.000000 -20205.769314 0.000000
1010 4 -24.092539 7.916808 -6.336206 11.000000 -27505.956817 0.000000
1011 4 -22.765598 9.626010 -8.543156 9.000000 -22323.205636 0.000000
1012 1 -17.622071 10.914114 -9.862434 10.000000 570.172584 0.000000
1013 4 -23.425496 9.523928 -7.358224 15.000000 -24859.314362 0.000000
1014 4 -24.988149 11.548672 -7.051795 8.000000 -30233.294088 0.000000
1015 4 -24.039575 11.508407 -6.423451 8.000000 -26889.987872 0.000000
1016 4 -24.158459 10.718162 -6.324375 8.000000 -27426.272781 0.000000
1017 4 -23.038002 8.005834 -7.488287 9.000000 -23710.772782 0.000000
1018 4 -24.969908 12.343272 -6.171610 6.000000 -30175.243887 0.000000
1019 5 -24.994751 9.506743 -5.865753 6.000000 677.649375 0.000000
1020 4 -22.543601 12.048293 -6.399731 7.000000 -21899.860611 0.000000
1021 4 -15.014133 10.613788 -6.179183 6.000000 -5650.127282 0.000000
1022 4 -24.992507 12.161805 -6.938374 5.000000 -30182.995514 0.000000
1023 4 -23.542718 11.470865 -6.789477 5.000000 -25131.075311 0.000000
1024 4 -21.449855 12.208181 -7.087909 7.000000 -18506.155458 0.000000
1025 4 -24.094810 9.662524 -7.114436 6.000000 -27197.101909 0.000000
1026 4 -24.983616 10.612662 -5.836198 5.000000 -30492.281372 0.000000
1027 4 -23.272258 10.427150 -8.065860 6.000000 -24040.287612 0.000000
1028 4 -20.475725 10.480443 -5.978376 7.000000 -16368.271726 0.000000
1029 4 -24.087620 8.945683 -7.183167 8.000000 -27237.110473 0.000000
1030 4 -22.396848 11.396513 -8.970695 5.000000 -20769.204450 0.000000
1031 4 7.272598 10.345653 -6.118519 7.000000 4129.725099 0.000000
1032 4 -24.181317 11.357019 -7.359505 6.000000 -27235.492249 0.000000
1033 4 -24.985567 8.404334 -5.733134 5.000000 -30757.643313 0.000000
1034 3 -23.338201 8.631690 -5.664399 5.000000 -7.942111 0.000000
1035 0 -24.982348 8.397425 -8.404908 9.000000 764.096933 0.000000
1036 4 -22.465671 7.914733 -7.243870 8.000000 -21975.804232 0.000000
1037 4 -24.029164 9.330016 -5.593393 9.000000 -27209.177976 0.000000
1038 4 -23.460835 9.738200 -6.687471 8.000000 -25095.882857 0.000000
1039 1 -24.061318 9.629896 -7.985940 10.000000 771.200922 0.000000
1040 4 -24.986888 7.874624 -8.851806 5.000000 -30160.955033 0.000000
1041 4 -21.624127 7.937564 -10.192422 5.000000 -18238.795439 0.000000
1042 4 -23.143553 7.542119 -9.406210 7.000000 -23403.369789 0.000000
1043 4 -24.120451 7.858651 -9.084973 5.000000 -26871.183373 0.000000
1044 4 -24.050695 8.741049 -8.976799 7.000000 -26578.275996 0.000000
1045 4 -22.733024 9.385330 -8.149249 5.000000 -22388.911557 0.000000
1046 4 -24.984657 10.519875 -9.640915 7.000000 -29540.904645 0.000000
1047 4 -23.956733 10.491500 -7.712893 6.000000 -26467.849816 0.000000
1048 4 -22.516047 7.357994 -8.508662 8.000000 -21780.953825 0.000000
1049 5 -24.025943 8.751609 -5.555550 8.000000 627.405913 0.000000
1050 4 -24.974817 11.153047 -10.049416 9.000000 -29230.850270 0.000000
1051 4 -23.327886 9.704080 -6.519436 5.000000 -24687.739382 0.000000
1052 4 -24.972377 11.580377 -7.463450 6.000000 -30084.364749 0.000000
1053 4 -21.746568 11.120175 -5.551041 5.000000 -19776.255817 0.000000
1054 4 -23.319784 9.891177 -6.905124 6.000000 -24567.722510 0.000000
1055 4 -24.086541 11.843115 3.950955 6.000000 -23085.003033 0.000000
1056 4 -23.312326 8.686139 -6.016748 7.000000 -24819.394313 0.000000
1057 3 -22.445168 10.787024 -8.584765 8.000000 -1.913379 0.000000
1058 4 -24.148443 12.017183 -7.279355 4.000000 -27044.590841 0.000000
1059 4 -24.962910 9.790264 -5.561749 5.000000 -30529.109912 0.000000
1060 4 -24.975340 8.143395 -6.088611 5.000000 -30719.706432 0.000000
1061 0 -23.392878 6.837207 -5.481422 4.000000 622.940138 0.000000
1062 4 -24.981963 7.924127 -6.345593 5.000000 -30739.525334 0.000000
1063 4 -24.077428 7.676645 -5.622685 5.000000 -27544.334564 0.000000
1064 4 -22.585349 7.448759 -6.327301 4.000000 -22578.855391 0.000000
1065 4 1.229482 8.195936 -5.400310 5.000000 1889.915697 0.000000
1066 4 -24.116147 7.318437 -6.447905 5.000000 -27628.408143 0.000000
1067 4 -24.985353 7.056676 -5.589071 4.000000 -30888.562877 0.000000
1068 1 -19.497965 7.342366 -5.228601 4.000000 486.253666 0.000000
1069 4 -23.256407 5.552400 -5.191926 6.000000 -24966.046525 0.000000
1070 4 -21.217825 8.047449 -6.318829 5.000000 -18539.866119 0.000000
1071 4 -24.092007 9.016045 -5.363259 4.000000 -27473.437181 0.000000
1072 4 -24.990170 5.778092 -6.436834 6.000000 -30935.984345 0.000000
1073 4 -22.432598 8.316455 -6.897874 6.000000 -21917.524679 0.000000
1074 5 -23.192864 7.991960 -6.296988 4.000000 594.661823 0.000000
1075 4 -24.077478 6.616042 -7.235326 6.000000 -27407.496035 0.000000
1076 4 -24.976624 5.275114 -6.016331 5.000000 -30961.659447 0.000000
1077 4 -23.388006 5.500842 -5.334555 5.000000 -25394.328395 0.000000
1078 4 -21.782034 4.815602 -7.306179 4.000000 -20151.995264 0.000000
1079 4 -23.932649 4.971967 -5.965292 5.000000 -27219.564923 0.000000
1080 4 -22.675189 5.860986 -5.384594 6.000000 -23090.216970 0.000000
1081 4 -24.017127 7.348676 -7.259135 6.000000 -27128.684236 0.000000
1082 4 -24.972641 5.796719 -6.423743 4.000000 -30870.276387 0.000000
1083 4 -24.077783 6.948464 -6.012047 4.000000 -27578.275274 0.000000
1084 4 -24.969585 6.460544 -5.023450 4.000000 -30884.116532 0.000000
1085 3 -23.220235 6.021741 -5.361439 4.000000 -10.757055 0.000000
1086 4 -24.087729 6.509793 -4.875022 4.000000 -27696.939420 0.000000
1087 4 -21.852087 5.379906 -4.973836 5.000000 -20687.443701 0.000000
1088 0 -2.526019 5.795952 -6.112141 4.000000 76.252111 0.000000
1089 4 -23.251703 4.747127 -5.011214 5.000000 -25005.074934 0.000000
1090 4 -24.962790 6.739003 -6.233321 4.000000 -30783.944765 0.000000
1091 4 -24.082702 5.637799 -5.183198 4.000000 -27742.628036 0.000000
1092 4 -20.531037 4.928103 -6.094024 4.000000 -17003.017504 0.000000
1093 4 -24.997165 7.370326 -6.172411 5.000000 -30866.005223 0.000000
1094 1 -22.502026 7.003616 -5.212900 4.000000 607.337719 0.000000
1095 4 -24.181299 6.906484 -5.981844 5.000000 -27948.310968 0.000000
1096 4 -23.365089 7.047547 -6.301134 5.000000 -25111.199421 0.000000
1097 4 -24.997788 7.574700 -4.961961 4.000000 -30894.544763 0.000000
1098 4 -4.545400 5.654267 -4.793010 4.000000 682.649608 0.000000
1099 4 -22.570521 7.497115 -4.909516 3.000000 -22656.918568 0.000000
1100 2 -24.067371 6.660955 -5.012580 5.000000 -23.518995 0.000000
1101 4 -23.422117 6.133834 -5.474969 4.000000 -25455.277919 0.000000
1102 5 -24.078309 7.898416 -6.054108 4.000000 634.331917 0.000000
1103 4 -6.445226 5.426679 -5.140320 5.000000 307.901859 0.000000
1104 4 -24.968729 8.133669 -6.334804 6.000000 -30670.720992 0.000000
1105 4 -24.989200 8.287965 -4.712750 4.000000 -30785.531102 0.000000
1106 4 -24.994012 8.454661 -4.958250 3.000000 -30795.709944 0.000000
1107 4 -21.887682 8.169282 -4.798512 3.000000 -20568.566393 0.000000
1108 4 -23.089046 8.385877 -4.899314 3.000000 -24195.397521 0.000000
1109 4 -24.032702 6.872828 -4.916687 3.000000 -27477.292946 0.000000
1110 4 -23.166713 7.455788 -4.665638 4.000000 -24531.972726 0.000000
1111 4 -24.088633 6.140512 -5.565256 4.000000 -27714.143733 0.000000
1112 4 2.520489 8.138417 -5.226946 3.000000 1959.109997 0.000000
1113 4 -24.989412 6.148686 -4.650046 5.000000 -30968.366792 0.000000
1114 4 20.233461 4.837293 -4.394163 5.000000 20102.952462 0.000000
1115 4 -22.551789 4.932878 -4.813108 3.000000 -22792.334639 0.000000
1116 3 -23.408915 6.027519 -4.925093 5.000000 -11.356303 0.000000
1117 4 -23.994366 6.754567 -4.550187 4.000000 -27344.640713 0.000000
1118 4 -24.993262 7.462188 -5.826879 6.000000 -30870.778535 0.000000
1119 4 -21.775620 7.030719 -5.700073 6.000000 -20288.772555 0.000000
1120 0 -24.075161 8.658490 -5.656456 6.000000 685.458325 0.000000
1121 4 -23.059825 6.187814 -4.642770 3.000000 -24293.152349 0.000000
1122 4 -24.134125 8.127899 -4.498229 4.000000 -27703.704876 0.000000
1123 4 -23.324317 7.507275 -5.709111 6.000000 -25004.053669 0.000000
1124 1 -24.993917 4.334250 2.329882 5.000000 643.490449 0.000000
1125 4 -20.854043 5.895345 -5.770400 3.000000 -17831.942798 0.000000
1126 4 -22.475748 7.336605 -4.534409 4.000000 -22383.338671 0.000000
1127 4 -23.996737 8.461931 -6.104807 6.000000 -27145.875953 0.000000
1128 2 -24.968301 4.835419 -4.441979 5.000000 -25.674862 0.000000
1129 4 -24.981482 7.400944 -5.664597 4.000000 -30840.920703 0.000000
1130 4 -24.989849 6.856793 -4.818101 3.000000 -30922.579287 0.000000
1131 5 -23.315887 6.393277 -4.712351 3.000000 586.101743 0.000000
1132 4 21.880053 7.517248 -4.318536 3.000000 24896.550356 0.000000
1133 4 -24.049039 5.767370 -4.671399 4.000000 -27612.442442 0.000000
1134 4 -22.466682 7.059688 -4.290918 4.000000 -22372.983947 0.000000
1135 4 -23.888379 8.451946 -5.270054 3.000000 -26831.082715 0.000000
1136 4 -24.026304 5.508786 -5.721444 5.000000 -27531.181393 0.000000
1137 4 13.738906 7.221416 -5.314337 4.000000 8590.261792 0.000000
1138 4 -10.822666 8.684352 -4.315698 5.000000 -1892.359804 0.000000
1139 4 -21.558555 6.314743 -5.698000 3.000000 -19729.913780 0.000000
1140 4 -23.154407 4.958743 -5.527031 6.000000 -24655.500844 0.000000
1141 3 -24.219887 7.409057 -4.055128 4.000000 -11.675702 0.000000
1142 4 -22.518472 8.738267 -4.409479 5.000000 -22374.832657 0.000000
1143 4 -24.986823 6.184020 -6.043162 3.000000 -30935.330758 0.000000
1144 4 -23.271190 6.234230 -5.680556 3.000000 -24937.552915 0.000000
1145 0 -24.071917 4.448010 -4.154843 4.000000 615.424705 0.000000
1146 4 -24.963405 6.884673 -5.531704 3.000000 -30822.768826 0.000000
1147 4 -24.049642 6.749535 -4.967755 3.000000 -27546.432572 0.000000
1148 4 -22.481786 5.348154 -3.800232 3.000000 -22514.142013 0.000000
1149 4 -23.318274 7.446572 -5.091243 4.000000 -25022.867934 0.000000
1150 1 -24.070052 6.232985 -4.087975 3.000000 655.220964 0.000000
1151 4 -24.048273 7.580149 -5.700929 5.000000 -27446.421893 0.000000
1152 4 -24.998190 5.164098 -5.879842 3.000000 -31060.013172 0.000000
1153 4 -24.983237 3.802617 -4.867643 3.000000 -31094.950941 0.000000
1154 4 -23.179927 3.712232 -3.707238 3.000000 -24763.119240 0.000000
1155 4 -21.411412 5.114817 -4.235702 3.000000 -19471.994983 0.000000
1156 4 -24.069353 3.874151 -4.600840 4.000000 -27789.713871 0.000000
1157 4 -22.178622 4.640801 -3.365673 3.000000 -21609.006402 0.000000
1158 5 -23.253551 5.962280 -5.130386 4.000000 586.981086 0.000000
1159 4 -24.141181 5.164334 -4.735929 3.000000 -27974.442923 0.000000
1160 2 -24.991699 2.778476 -3.522145 4.000000 -26.815368 0.000000
1161 4 -23.197285 6.720586 -5.289834 5.000000 -24684.327998 0.000000
1162 4 -24.093600 5.745389 -3.901260 4.000000 -27712.170807 0.000000
1163 4 -22.198003 4.311669 -5.573443 5.000000 -21720.944069 0.000000
1164 4 -24.956616 2.958994 -4.585178 3.000000 -31016.626891 0.000000
1165 4 -23.338012 2.769706 -3.188561 3.000000 -25235.646093 0.000000
1166 4 -20.257858 2.938943 -4.315321 2.000000 -16574.804871 0.000000
1167 4 -24.972071 5.454284 -4.280729 3.000000 -30925.086796 0.000000
1168 4 -24.979601 3.740121 -3.234955 4.000000 -30897.285755 0.000000
1169 4 -24.994762 3.490235 -2.635759 3.000000 -30828.713199 0.000000
1170 4 -23.976742 4.075859 -2.558133 3.000000 -27170.962463 0.000000
1171 4 17.654276 2.015792 -2.723364 2.000000 12861.837823 0.000000
1172 4 -22.735790 3.406158 -3.196925 3.000000 -23315.161620 0.000000
1173 4 -24.066731 2.845930 -2.890820 3.000000 -27605.352985 0.000000
1174 3 -21.689454 3.950974 -2.054391 2.000000 -14.644090 0.000000
1175 4 -23.434888 2.352218 -3.355787 3.000000 -25590.113894 0.000000
1176 4 -24.117074 4.580272 0.753759 2.000000 -26259.884790 0.000000
1177 4 -22.517719 4.893162 -3.605449 4.000000 -22631.085426 0.000000
1178 1 -24.130128 3.073432 -2.757073 3.000000 614.278814 0.000000
1179 0 -23.242983 3.923337 -4.069553 4.000000 571.110099 0.000000
1180 4 -24.106805 5.448384 -3.748249 2.000000 -27759.572676 0.000000
1181 4 -24.991519 4.877062 -1.755068 2.000000 -30482.658984 0.000000
1182 4 -23.213538 5.603381 -3.175345 3.000000 -24690.630499 0.000000
1183 4 -24.956535 4.441835 -4.115983 4.000000 -30911.014367 0.000000
1184 4 -22.285655 1.911162 -2.125715 4.000000 -21793.962423 0.000000
1185 2 -24.969935 5.558759 -2.471942 3.000000 -22.943118 0.000000
1186 4 -21.117284 3.235868 -0.688236 4.000000 -18073.570777 0.000000
1187 5 9.021604 4.276323 -3.613406 2.000000 113.950002 0.000000
1188 4 -23.367994 4.178374 -4.025526 4.000000 -25380.006981 0.000000
1189 4 -24.161184 3.209304 -3.132353 3.000000 -27966.464577 0.000000
1190 4 -24.043332 6.254418 -1.655220 2.000000 -27001.000348 0.000000
1191 4 -22.743654 4.732716 -4.573302 4.000000 -23393.381913 0.000000
1192 4 12.074468 1.265346 -3.961511 3.000000 5437.805713 0.000000
1193 4 -24.965497 5.187524 -3.054814 4.000000 -30730.636041 0.000000
1194 4 -23.305491 3.860607 -4.412022 2.000000 -25217.015373 0.000000
1195 4 -24.159564 6.445023 -4.320049 5.000000 -27928.460987 0.000000
1196 4 -0.924016 2.265659 -0.158855 3.000000 31.834044 0.000000
1197 4 -24.117824 5.476094 -2.148703 4.000000 -27463.953618 0.000000
1198 4 -24.992938 6.313979 -3.807888 3.000000 -30887.565499 0.000000
1199 3 -22.414485 4.396524 -3.141022 2.000000 -13.836938 0.000000
1200 4 -23.244719 5.971872 -2.996215 3.000000 -24733.360486 0.000000
1201 4 -24.032330 3.370670 -2.668054 2.000000 -27418.265741 0.000000
1202 0 -21.748870 6.620583 -1.512172 2.000000 518.092108 0.000000
1203 4 -24.063076 4.704615 -3.693151 4.000000 -27646.635049 0.000000
1204 4 -23.248097 5.834393 -4.161836 4.000000 -24902.012236 0.000000
1205 4 -24.113736 6.431697 -1.281111 3.000000 -27094.685046 0.000000
1206 1 -22.503302 2.757049 -4.451445 3.000000 555.561080 0.000000
1207 4 -24.950701 5.048746 -3.474030 5.000000 -30765.202746 0.000000
1208 4 -24.982439 4.841719 -1.849058 4.000000 -30483.195976 0.000000
1209 4 -23.370758 3.674820 -2.548078 2.000000 -25178.259907 0.000000
1210 4 -24.997708 5.287316 -0.141478 5.000000 -29794.371173 0.000000
1211 2 -24.056810 3.734045 -0.789682 4.000000 -22.192448 0.000000
1212 4 -24.968813 4.557402 -3.232838 3.000000 -30816.253826 0.000000
1213 4 -23.189129 1.479514 -2.836940 2.000000 -24725.893189 0.000000
1214 4 -21.694971 6.545413 -1.705389 3.000000 -19763.839179 0.000000
1215 5 -23.878137 4.304990 -2.748116 2.000000 594.938480 0.000000
1216 4 -22.503156 2.598590 1.238887 2.000000 -20986.388814 0.000000
1217 4 -24.094101 5.726647 -3.864309 3.000000 -27711.019305 0.000000
1218 4 -23.278458 6.810160 -2.248073 3.000000 -24610.254360 0.000000
1219 4 -24.991448 4.259946 -3.480360 4.000000 -30961.413017 0.000000
1220 4 -24.040998 2.933918 -0.988759 2.000000 -26930.450293 0.000000
1221 4 -20.913005 4.391230 -2.236393 4.000000 -17946.675565 0.000000
1222 4 -18.575540 3.647044 -3.241729 5.000000 -12716.428517 0.000000
1223 4 -22.726651 2.148234 -3.659305 3.000000 -23389.939183 0.000000
1224 4 -24.056334 4.988204 -1.919980 6.000000 -27215.932375 0.000000
1225 3 -24.986474 4.097486 -3.366498 3.000000 -16.462490 0.000000
1226 4 -23.327761 5.754347 -0.672603 2.000000 -24311.454033 0.000000
1227 4 4.092023 5.372623 -4.221110 4.000000 1481.354455 0.000000
1228 4 -15.795636 2.998186 -2.283570 4.000000 -7770.233102 0.000000
1229 4 -24.016521 4.782344 -4.292707 6.000000 -27542.544790 0.000000
1230 0 -22.450399 5.942417 -3.000638 3.000000 547.276571 0.000000
1231 4 -24.952359 4.070646 -3.665980 5.000000 -30855.962629 0.000000
1232 4 -24.976765 3.381042 -1.068823 6.000000 -30242.829425 0.000000
1233 4 -24.131385 1.841932 -2.089181 5.000000 -27652.773901 0.000000
1234 1 -23.092402 3.974268 -3.044002 5.000000 574.395792 0.000000
1235 4 -24.046082 4.401310 -4.165373 2.000000 -27655.692983 0.000000
1236 4 -21.616767 2.804191 -3.760118 5.000000 -20125.958927 0.000000
1237 4 -24.996944 4.994125 0.380957 4.000000 -29531.799998 0.000000
1238 4 -23.400516 1.755519 -2.495270 3.000000 -25324.580437 0.000000
1239 2 -24.108879 3.820740 -1.321818 6.000000 -22.729957 0.000000
1240 4 -24.972218 5.926938 -3.477704 3.000000 -30787.741809 0.000000
1241 4 -22.471080 4.699108 -4.569588 5.000000 -22560.153133 0.000000
1242 4 -23.386387 6.767275 -3.082172 2.000000 -25145.175040 0.000000
1243 5 -24.144992 3.266385 -4.625222 6.000000 624.727616 0.000000
1244 4 -24.981666 5.538111 -2.116411 4.000000 -30522.898891 0.000000
1245 4 -24.981451 4.090491 -3.579063 2.000000 -30949.287368 0.000000
1246 4 -24.996362 2.650470 -0.873460 2.000000 -30258.537576 0.000000
1247 4 -23.301798 3.745498 -2.685034 2.000000 -24983.716678 0.000000
1248 4 -21.795077 1.202650 -3.518943 4.000000 -20643.584417 0.000000
1249 4 -23.400745 4.230660 -3.623120 3.000000 -25441.798168 0.000000
1250 4 -22.528616 5.050149 -1.887985 5.000000 -22318.173775 0.000000
