1 0 -21.391597 18.634543 -22.314989 -20.000000 1302.205318 0.000000
2 0 -22.823789 21.161102 0.160335 -17.000000 968.083257 0.000000
3 0 -18.722016 -13.459810 -6.155561 -17.000000 568.911310 0.000000
4 0 -2.990524 11.827177 20.233569 -17.000000 557.562655 0.000000
5 0 -8.824113 4.457588 -11.734186 -16.000000 234.746178 0.000000
6 0 7.428037 24.807415 -0.401525 -16.000000 670.064792 0.000000
7 0 -22.033192 -23.312147 15.079283 -14.000000 1255.582510 0.000000
8 0 -5.957837 -17.720527 1.721500 -14.000000 351.756456 0.000000
9 0 -2.250558 3.712897 11.481041 -11.000000 149.884924 0.000000
10 0 15.520079 -4.561355 -19.673112 -10.000000 647.910145 0.000000
11 0 -3.481863 2.182086 -11.305978 -8.000000 143.870021 0.000000
12 0 10.038745 8.318038 -8.214427 -8.000000 236.602962 0.000000
13 0 -10.917498 -22.279766 -20.239673 -6.000000 1024.344115 0.000000
14 0 3.987791 -7.245594 7.891095 -5.000000 129.770498 0.000000
15 0 -10.055628 14.671064 -5.486270 -4.000000 345.534928 0.000000
16 0 -9.980939 -20.619113 0.285960 -4.000000 523.928745 0.000000
17 0 6.690972 -19.711180 14.493414 2.000000 642.318749 0.000000
18 0 -2.528919 0.487391 -3.693105 8.000000 19.112005 0.000000
19 0 -16.421732 1.796890 -24.175827 9.000000 856.192707 0.000000
20 0 15.063115 -1.111760 -8.671906 12.000000 302.095397 0.000000
21 0 14.545424 -7.054053 -7.070246 15.000000 310.017399 0.000000
22 0 -15.738770 -21.908892 16.114037 19.000000 985.990631 0.000000
23 0 3.637093 8.439989 24.805801 19.000000 698.409622 0.000000
24 0 20.643383 -22.658663 20.441161 20.000000 1356.005342 0.000000
25 0 -19.345243 22.685692 2.901869 25.000000 895.799863 0.000000
26 1 11.255133 -9.011648 -12.794508 -25.000000 427.265299 0.000000
27 1 -5.453668 -24.363798 11.269508 -24.000000 709.740947 0.000000
28 1 17.600000 20.038931 12.714694 -23.000000 826.583413 0.000000
29 1 20.549284 -1.528691 2.596076 -23.000000 425.425272 0.000000
30 1 -16.657641 16.459726 0.424621 -22.000000 551.321401 0.000000
31 1 -10.702340 -21.108608 10.971839 -21.000000 641.027329 0.000000
32 1 -23.840322 12.187789 -11.459868 -19.000000 898.451200 0.000000
33 1 22.565576 -6.523571 -7.341844 -19.000000 639.412260 0.000000
34 1 -17.053181 0.233845 5.613306 -15.000000 304.221650 0.000000
35 1 -11.770533 -19.401244 8.078727 -15.000000 552.204614 0.000000
36 1 -16.926492 -2.765413 -10.549748 -12.000000 451.889810 0.000000
37 1 -12.976416 24.193407 20.966944 -12.000000 1113.693306 0.000000
38 1 -10.429227 18.463668 1.992713 -12.000000 449.915876 0.000000
39 1 -6.234670 19.099369 -21.604767 -11.000000 961.062011 0.000000
40 1 -4.102871 -4.878034 12.578982 -9.000000 152.723630 0.000000
41 1 -1.429514 23.592318 10.584944 -9.000000 632.522211 0.000000
42 1 14.679385 -10.543241 19.870573 -9.000000 646.181665 0.000000
43 1 9.666691 -3.211904 10.648209 -7.000000 178.692758 0.000000
44 1 -4.613491 23.830510 18.055737 -6.000000 847.084211 0.000000
45 1 20.968590 -22.084219 -20.674515 -5.000000 1441.628119 0.000000
46 1 -20.367204 -6.708713 -23.063390 -4.000000 1088.083377 0.000000
47 1 -0.294607 22.456390 -6.441884 -3.000000 575.701671 0.000000
48 1 13.463952 -5.697866 -14.480320 -2.000000 485.384645 0.000000
49 1 -21.467040 7.475493 -21.460111 -1.000000 1067.113603 0.000000
50 1 1.358232 -23.507867 -24.587021 -1.000000 1261.354295 0.000000
51 1 -15.950346 2.983684 -17.792451 1.000000 655.037025 0.000000
52 1 -13.301823 -10.069567 -16.155272 2.000000 607.908583 0.000000
53 1 18.949555 -6.352280 14.278892 2.000000 550.168291 0.000000
54 1 4.988534 -18.865142 7.614432 4.000000 412.220915 0.000000
55 1 21.140823 15.884181 -12.227870 6.000000 901.553885 0.000000
56 1 -19.873501 -13.808149 -10.611612 7.000000 744.533756 0.000000
57 1 -3.268325 -8.911391 -16.933548 9.000000 448.394068 0.000000
58 1 0.218897 20.484262 4.119476 12.000000 423.905100 0.000000
59 1 19.226033 -18.771612 -20.459225 12.000000 1226.190549 0.000000
60 1 -23.034005 -22.955666 24.558415 13.000000 1566.150105 0.000000
61 1 6.283195 -15.643545 -5.657254 13.000000 342.572590 0.000000
62 1 2.785613 18.185619 -19.019548 15.000000 779.997779 0.000000
63 1 7.177239 -4.206725 -2.205640 15.000000 86.596701 0.000000
64 1 17.575687 12.540270 -15.175011 16.000000 760.824133 0.000000
65 1 -14.599137 -0.164220 -19.849215 17.000000 690.209948 0.000000
66 1 22.003773 10.325409 -17.342497 17.000000 964.572264 0.000000
67 1 -6.443417 -2.518072 9.094550 18.000000 97.830947 0.000000
68 1 -7.842373 -0.409322 -9.648389 21.000000 196.935326 0.000000
69 1 -24.654631 12.786799 -3.114388 22.000000 797.070032 0.000000
70 1 -15.479893 -20.276876 22.978537 22.000000 1090.437797 0.000000
71 1 4.400001 -19.158152 21.449647 22.000000 764.243563 0.000000
72 1 -17.817536 16.693818 15.600661 23.000000 780.666110 0.000000
73 1 24.650830 9.731962 21.177843 23.000000 1069.704158 0.000000
74 1 12.898227 2.652047 -12.109229 24.000000 371.987957 0.000000
75 1 -0.539837 -22.498082 -1.506345 25.000000 518.249557 0.000000
76 2 -18.193726 -1.811448 -24.230391 -24.000000 -44.755565 0.000000
77 2 7.381959 -18.152174 11.661018 -22.000000 0.330803 0.000000
78 2 -1.832117 18.974380 -4.523976 -20.000000 12.018287 0.000000
79 2 0.492660 17.994750 3.566152 -20.000000 21.453562 0.000000
80 2 -0.989507 3.436720 3.185919 -19.000000 5.013131 0.000000
81 2 -12.201416 6.024667 -7.735790 -18.000000 -14.552539 0.000000
82 2 -1.303414 15.489911 6.487353 -18.000000 20.033849 0.000000
83 2 -14.049975 17.568458 17.298364 -16.000000 20.136847 0.000000
84 2 -0.198755 -9.956024 19.611858 -16.000000 8.777079 0.000000
85 2 -21.060069 -19.369207 10.287677 -14.000000 -30.861599 0.000000
86 2 -11.843609 20.350843 -6.907620 -12.000000 0.839614 0.000000
87 2 -18.915099 2.300208 -4.126984 -11.000000 -21.521874 0.000000
88 2 -14.691067 5.329716 3.635748 -10.000000 -6.525603 0.000000
89 2 6.544027 6.759783 9.949272 -10.000000 22.453082 0.000000
90 2 18.663021 -15.427811 8.725852 -8.000000 11.121062 0.000000
91 2 23.150184 -7.435281 -2.074384 -8.000000 12.800518 0.000000
92 2 -10.213864 7.254849 -18.033649 -7.000000 -21.852665 0.000000
93 2 5.707956 11.242496 23.320773 -7.000000 39.411225 0.000000
94 2 17.238163 5.650203 12.092308 -7.000000 34.120674 0.000000
95 2 -21.655275 5.872144 -14.943799 -5.000000 -31.626930 0.000000
96 2 15.233793 10.178175 24.773361 -5.000000 49.285329 0.000000
97 2 -3.855725 -16.720931 4.366830 -4.000000 -17.129826 0.000000
98 2 10.898087 -12.710577 21.736703 -3.000000 18.984214 0.000000
99 2 12.203071 -3.972629 7.468049 -3.000000 14.758491 0.000000
100 2 -13.432399 11.779295 -11.016488 -1.000000 -13.649592 0.000000
101 2 -7.696057 -7.947459 -3.303837 2.000000 -19.987353 0.000000
102 2 -20.853246 -5.120625 7.016947 3.000000 -20.016925 0.000000
103 2 7.828943 -11.587389 19.187114 4.000000 14.348668 0.000000
104 2 13.861354 -14.023983 13.476660 4.000000 12.234030 0.000000
105 2 -13.730137 -5.356322 18.323424 5.000000 -1.863035 0.000000
106 2 6.921731 7.177127 -1.913748 5.000000 11.085109 0.000000
107 2 -9.106431 -1.308608 11.088697 6.000000 -0.446342 0.000000
108 2 2.149471 -12.427186 -18.297700 8.000000 -29.735415 0.000000
109 2 -8.208686 -13.005394 -18.549065 10.000000 -40.963145 0.000000
110 2 22.283736 -19.893903 21.811709 10.000000 23.001542 0.000000
111 2 -19.013717 22.256774 19.465702 12.000000 21.468759 0.000000
112 2 -14.387603 -23.003102 3.899907 12.000000 -34.730798 0.000000
113 2 11.832657 24.722948 -19.453011 13.000000 15.842594 0.000000
114 2 -13.026108 14.588859 -12.946551 14.000000 -12.663800 0.000000
115 2 -9.583433 18.355630 16.372393 14.000000 23.864591 0.000000
116 2 19.404806 -5.862212 -13.274362 14.000000 -1.011768 0.000000
117 2 23.532177 -14.875875 -2.720609 15.000000 4.635693 0.000000
118 2 23.668383 -6.857186 -17.533029 16.000000 -2.041831 0.000000
119 2 0.703417 -15.094883 5.522846 17.000000 -10.208620 0.000000
120 2 17.097427 19.509003 -5.824833 18.000000 29.421597 0.000000
121 2 18.426328 14.069365 9.612052 19.000000 40.727745 0.000000
122 2 -18.348512 7.948417 -14.066567 20.000000 -25.866663 0.000000
123 2 -0.749656 15.294353 -9.976956 21.000000 3.147740 0.000000
124 2 -16.345525 -12.096920 2.652264 24.000000 -27.270181 0.000000
125 2 9.277606 -24.784626 -17.031393 24.000000 -34.018413 0.000000
126 3 -20.420490 -7.770693 -19.230301 -22.000000 -8.400881 0.000000
127 3 -2.133057 5.197741 23.880657 -22.000000 -20.255973 0.000000
128 3 4.015768 22.130800 13.808086 -22.000000 12.898482 0.000000
129 3 -23.367078 -17.376606 13.707818 -21.000000 -53.871503 0.000000
130 3 15.736730 20.606164 20.766306 -21.000000 16.156588 0.000000
131 3 -8.533353 0.856052 2.206165 -20.000000 -9.283466 0.000000
132 3 12.607900 1.015074 18.459057 -19.000000 -4.216082 0.000000
133 3 2.203859 -13.262583 -1.051674 -18.000000 -9.367050 0.000000
134 3 -14.970627 2.478963 15.825030 -17.000000 -27.656694 0.000000
135 3 21.364483 11.541432 4.706462 -17.000000 28.859452 0.000000
136 3 -24.261542 16.103900 19.259782 -15.000000 -26.717424 0.000000
137 3 -12.650842 -0.216776 8.458726 -15.000000 -20.626343 0.000000
138 3 21.907388 -16.207816 -0.269842 -13.000000 6.709414 0.000000
139 3 8.310952 13.281895 -0.769826 -12.000000 23.122672 0.000000
140 3 16.710021 -23.849362 -13.407802 -11.000000 7.048461 0.000000
141 3 -4.962372 12.831170 5.248375 -10.000000 3.420422 0.000000
142 3 -4.533278 11.138071 23.198331 -5.000000 -15.693539 0.000000
143 3 22.745009 23.719728 -20.919840 -4.000000 68.304577 0.000000
144 3 -17.491993 13.907532 5.875292 -3.000000 -8.519753 0.000000
145 3 -9.725312 0.111744 21.331834 -2.000000 -29.985402 0.000000
146 3 6.014217 -3.196601 8.216224 -2.000000 -4.438608 0.000000
147 3 16.925234 -8.335803 14.067288 -2.000000 -4.517856 0.000000
148 3 21.661690 -16.539186 23.469591 -2.000000 -17.387087 0.000000
149 3 -19.717386 13.783516 6.162729 0.000000 -11.096599 0.000000
150 3 1.046571 -24.517423 22.038544 0.000000 -44.509396 0.000000
151 3 19.016188 -14.264233 -12.510527 0.000000 18.262482 0.000000
152 3 7.690706 23.177845 -18.735630 1.000000 50.624180 0.000000
153 3 16.540254 3.886049 -15.244111 1.000000 36.690414 0.000000
154 3 -8.754501 -17.865085 -10.370132 5.000000 -15.149454 0.000000
155 3 1.785178 -16.188321 13.085241 6.000000 -26.368384 0.000000
156 3 -6.713919 21.355254 12.321119 7.000000 3.460215 0.000000
157 3 14.880454 3.178094 22.331595 7.000000 -3.133047 0.000000
158 3 19.963737 9.519792 4.519714 8.000000 26.123815 0.000000
159 3 5.576384 8.909126 -13.145432 9.000000 28.810941 0.000000
160 3 -8.034044 16.237930 -13.700307 10.000000 23.104193 0.000000
161 3 -23.771060 20.870596 -15.856096 11.000000 14.175632 0.000000
162 3 -20.709790 -11.845630 16.654978 11.000000 -47.990398 0.000000
163 3 18.334730 -9.315580 7.233044 11.000000 3.006106 0.000000
164 3 23.991125 -10.797745 -8.082652 11.000000 22.496032 0.000000
165 3 11.580915 -16.934699 -17.938962 14.000000 13.865178 0.000000
166 3 2.817045 -4.199778 -1.229609 16.000000 1.166877 0.000000
167 3 -12.589896 -9.707100 6.909568 17.000000 -27.866564 0.000000
168 3 1.807426 1.570820 -16.493909 17.000000 21.212155 0.000000
169 3 14.130821 -17.068343 -4.268578 18.000000 2.691056 0.000000
170 3 12.014829 19.267705 -5.083438 19.000000 37.745971 0.000000
171 3 21.501945 15.176908 -8.875410 20.000000 46.954263 0.000000
172 3 10.594916 -0.656203 15.296386 21.000000 -3.937674 0.000000
173 3 -15.034426 -14.686356 18.817390 22.000000 -47.098172 0.000000
174 3 -1.715999 -11.628631 -0.956200 22.000000 -10.948431 0.000000
175 3 13.078500 0.711688 -4.806066 24.000000 20.076254 0.000000
176 4 -2.711203 -23.690785 -10.167093 -25.000000 7768.554215 0.000000
177 4 5.030652 10.675212 -11.913741 -24.000000 9027.663392 0.000000
178 4 8.936540 21.576841 -3.521246 -24.000000 5525.122357 0.000000
179 4 -17.318183 17.785437 16.492646 -23.000000 11823.136585 0.000000
180 4 -24.821984 17.022775 -9.220817 -22.000000 -28026.243913 0.000000
181 4 24.049886 22.964573 20.172636 -21.000000 43094.390344 0.000000
182 4 -11.092124 8.714547 13.334225 -20.000000 10133.115913 0.000000
183 4 10.651216 24.576286 -22.824007 -20.000000 36678.934951 0.000000
184 4 5.919651 23.289499 -14.796814 -17.000000 16120.535329 0.000000
185 4 8.716271 3.261292 -9.022095 -15.000000 6969.255586 0.000000
186 4 13.241352 4.083681 17.928945 -15.000000 16725.625875 0.000000
187 4 -20.125833 -8.588087 -15.465316 -14.000000 -9544.604012 0.000000
188 4 3.542894 4.756311 24.002403 -13.000000 27822.404622 0.000000
189 4 9.831348 -20.116124 18.691399 -13.000000 18651.196482 0.000000
190 4 -22.262499 -18.205590 -7.419102 -10.000000 -19696.262769 0.000000
191 4 -6.103628 6.840475 15.442033 -10.000000 14043.411657 0.000000
192 4 -18.551434 21.922981 0.681099 -7.000000 -8831.559139 0.000000
193 4 -15.263837 5.562519 1.557555 -6.000000 -5769.991909 0.000000
194 4 -3.113876 -20.868006 23.635920 -6.000000 32463.725399 0.000000
195 4 -23.507427 -8.726976 -22.176205 -4.000000 -10602.691678 0.000000
196 4 -11.415726 13.527708 1.250323 1.000000 -1180.414756 0.000000
197 4 -5.066914 17.293483 6.646680 1.000000 4623.264716 0.000000
198 4 1.495688 -21.746011 2.197374 1.000000 3064.175760 0.000000
199 4 0.957758 -13.723633 -5.221717 3.000000 2490.754359 0.000000
200 4 24.921738 -17.589945 -10.960239 3.000000 45208.532284 0.000000
201 4 -3.752594 -15.862431 9.418748 4.000000 6780.177725 0.000000
202 4 9.550645 6.412014 -21.064110 4.000000 27922.382606 0.000000
203 4 4.352058 -3.725222 -8.466894 5.000000 4422.740467 0.000000
204 4 5.279639 4.245943 -23.711634 5.000000 30580.857528 0.000000
205 4 -17.742125 -24.112049 -22.466234 7.000000 9836.466578 0.000000
206 4 -5.266282 -24.876903 17.682260 7.000000 21348.884344 0.000000
207 4 11.780868 14.223178 -16.759705 7.000000 22374.561993 0.000000
208 4 -12.138039 -11.346786 -4.686534 8.000000 -2592.026909 0.000000
209 4 4.601387 -10.393963 6.364452 9.000000 2436.070362 0.000000
210 4 9.037938 -8.074044 -6.226108 9.000000 4936.176164 0.000000
211 4 -24.177762 1.236082 -18.973076 10.000000 -18544.810653 0.000000
212 4 15.905062 -15.375630 -14.340141 10.000000 24466.814963 0.000000
213 4 16.336041 -0.997357 -15.741263 10.000000 26413.172746 0.000000
214 4 -7.562153 15.790027 -22.641637 12.000000 22532.873723 0.000000
215 4 -5.651103 9.128732 -1.771103 13.000000 149.045810 0.000000
216 4 -7.039017 -20.579835 -9.574914 14.000000 5017.665271 0.000000
217 4 -24.541674 -1.645568 11.927050 15.000000 -15035.828749 0.000000
218 4 16.160534 -12.932619 8.910322 16.000000 11172.569644 0.000000
219 4 -21.805410 10.510955 9.282297 19.000000 -10490.674268 0.000000
220 4 -11.218183 -18.540568 -6.610841 19.000000 107.612125 0.000000
221 4 -16.081597 6.239631 -24.949246 20.000000 15099.372152 0.000000
222 4 -4.285653 8.176991 -23.464084 23.000000 25347.789407 0.000000
223 4 -1.082781 -14.550868 24.270998 23.000000 31742.054988 0.000000
224 4 0.185028 -2.832277 1.186681 23.000000 139.684655 0.000000
225 4 2.510859 9.924924 -16.277195 24.000000 14366.934568 0.000000
226 5 20.062060 -9.437024 -23.368027 -25.000000 612.298503 0.000000
227 5 11.019555 -6.163441 -3.841364 -24.000000 155.522865 0.000000
228 5 -22.487064 19.832632 14.810704 -23.000000 371.911707 0.000000
229 5 24.246663 24.293220 22.595310 -19.000000 384.162882 0.000000
230 5 -22.712621 21.744138 14.752078 -18.000000 382.734466 0.000000
231 5 22.992223 -10.806969 -7.948589 -14.000000 599.899614 0.000000
232 5 17.976921 -3.564185 -21.213480 -13.000000 513.831026 0.000000
233 5 24.550450 -21.438924 12.878888 -12.000000 486.574605 0.000000
234 5 13.612791 16.909091 -24.726647 -9.000000 407.667901 0.000000
235 5 23.366002 -21.230598 -23.953933 -9.000000 761.375431 0.000000
236 5 3.204995 -4.655562 10.011106 -6.000000 -79.947960 0.000000
237 5 -9.332258 -2.150971 -20.177336 -3.000000 268.627056 0.000000
238 5 10.304082 9.256245 -21.924327 -1.000000 303.473044 0.000000
239 5 -7.384089 12.380937 -0.189132 0.000000 56.226964 0.000000
240 5 19.732392 14.854867 17.156229 0.000000 234.961244 0.000000
241 5 3.160585 13.052967 5.045494 2.000000 -35.380144 0.000000
242 5 -13.855971 -11.035592 3.261529 3.000000 162.694177 0.000000
243 5 -19.442701 -5.528882 17.583062 6.000000 219.891058 0.000000
244 5 18.025742 19.639792 -2.894352 6.000000 351.096523 0.000000
245 5 -6.955952 10.873517 -2.583591 15.000000 71.937595 0.000000
246 5 8.015327 -12.248766 4.873391 17.000000 20.724954 0.000000
247 5 8.573104 1.825997 0.865784 18.000000 66.066050 0.000000
248 5 12.563512 4.917403 -13.996756 20.000000 284.212641 0.000000
249 5 14.252569 7.610782 16.926267 21.000000 51.219327 0.000000
250 5 20.257219 -2.338090 22.700510 23.000000 206.510319 0.000000
251 2 -21.419990 -22.688760 10.652857 -6.000000 -34.335893 0.000000
252 0 -21.744296 -1.848579 12.370768 -6.000000 628.387552 0.000000
253 2 -24.346633 -23.062255 10.930756 -8.000000 -37.318132 0.000000
254 2 -23.666779 -23.304223 11.655799 -7.000000 -36.175202 0.000000
255 2 -24.907260 -22.562695 11.218355 -5.000000 -37.151600 0.000000
256 2 -23.626911 -22.855438 11.029178 -6.000000 -36.333171 0.000000
257 2 -23.733363 -22.534634 11.277732 -7.000000 -35.850265 0.000000
258 2 -23.439358 -22.988908 10.558464 -8.000000 -36.709802 0.000000
259 2 -24.798273 -23.085097 10.096974 -7.000000 -38.646396 0.000000
260 2 -24.591209 -23.102213 11.205976 -7.000000 -37.347446 0.000000
261 2 -24.996105 -23.168128 10.316291 -8.000000 -38.687942 0.000000
262 2 -24.860979 -23.694733 9.766511 -8.000000 -39.629201 0.000000
263 2 -24.473637 -24.329749 9.778526 -8.000000 -39.864861 0.000000
264 2 -24.884623 -24.902738 10.330552 -8.000000 -40.296809 0.000000
265 2 -24.856716 -24.768645 9.597494 -8.000000 -40.867867 0.000000
266 0 -24.633196 -24.210530 9.540641 -9.000000 1283.147908 0.000000
267 4 -22.484145 -24.817227 8.706184 -8.000000 -10055.877264 0.000000
268 4 -22.468233 -24.791587 9.812058 -8.000000 -8476.544025 0.000000
269 4 -22.377386 -24.873417 8.464894 -9.000000 -10065.426470 0.000000
270 4 -22.002642 -24.508537 8.185860 -9.000000 -9525.257207 0.000000
271 4 -22.509547 -24.801656 8.247824 -9.000000 -10734.927784 0.000000
272 4 -22.235283 -24.866973 7.932996 -10.000000 -10363.711066 0.000000
273 4 -20.504553 -24.229997 8.092429 -11.000000 -6039.652477 0.000000
274 4 -22.278024 -23.888701 7.962293 -10.000000 -10729.239525 0.000000
275 4 -22.376286 -24.500304 8.248574 -10.000000 -10454.871594 0.000000
276 4 -20.461448 -24.587703 8.210967 -10.000000 -5689.521652 0.000000
277 4 -20.643509 -24.836134 7.693720 -10.000000 -6666.914767 0.000000
278 4 -20.947486 -24.904611 8.277448 -10.000000 -6639.581209 0.000000
279 4 -22.435108 -24.296343 8.300894 -10.000000 -10608.736335 0.000000
280 4 -20.563230 -24.765377 8.143550 -11.000000 -5952.612143 0.000000
281 4 -22.288575 -24.975362 7.682396 -11.000000 -10788.752354 0.000000
282 4 -22.205049 -24.131486 7.785059 -11.000000 -10682.917928 0.000000
283 4 -22.094787 -24.975107 7.942506 -11.000000 -9940.614909 0.000000
284 4 -22.116536 -23.913463 8.043057 -11.000000 -10183.474435 0.000000
285 4 -22.490733 -24.861423 7.662611 -11.000000 -11405.374508 0.000000
286 4 -22.382604 -24.956111 7.622647 -11.000000 -11126.413858 0.000000
287 4 -22.477957 -24.868861 7.412623 -10.000000 -11673.355929 0.000000
288 4 -22.393664 -23.893198 7.724849 -11.000000 -11342.246865 0.000000
289 4 -22.320935 -23.794879 6.693036 -12.000000 -12395.394959 0.000000
290 4 -22.149569 -23.745774 7.015352 -11.000000 -11569.746536 0.000000
291 4 -22.159409 -23.797210 6.964917 -11.000000 -11640.376310 0.000000
292 4 -22.663960 -22.172690 6.962955 -11.000000 -13493.842683 0.000000
293 4 -22.583483 -21.924245 7.111618 -11.000000 -13156.506359 0.000000
294 4 -22.767655 -21.889092 6.955245 -12.000000 -13874.636148 0.000000
295 4 -23.025771 -21.855139 6.925755 -12.000000 -14669.534256 0.000000
296 4 -23.037566 -21.690228 6.476279 -12.000000 -15264.676633 0.000000
297 4 -23.169222 -21.632193 6.253334 -12.000000 -15921.325429 0.000000
298 4 -23.089657 -21.730192 6.724516 -13.000000 -15125.331351 0.000000
299 4 -23.205797 -21.999720 6.075026 -12.000000 -16131.219905 0.000000
300 4 -23.095960 -21.746368 6.137379 -12.000000 -15800.340125 0.000000
301 4 -23.131947 -21.469819 6.290567 -12.000000 -15810.392547 0.000000
302 4 -23.217939 -21.819407 5.955941 -12.000000 -16344.542756 0.000000
303 4 -23.275047 -21.783352 5.994574 -12.000000 -16484.961817 0.000000
304 4 -23.422887 -21.991207 5.983801 -12.000000 -16893.551122 0.000000
305 4 -23.352668 -21.604718 5.854028 -13.000000 -16919.486872 0.000000
306 4 -23.383635 -21.792766 5.955338 -13.000000 -16856.109910 0.000000
307 4 -23.414545 -21.640882 6.258901 -13.000000 -16656.919436 0.000000
308 4 -23.454353 -21.538414 5.906957 -13.000000 -17191.977717 0.000000
309 4 -23.443552 -21.516922 5.611903 -13.000000 -17478.408005 0.000000
310 4 -23.554851 -21.168050 5.964452 -14.000000 -17535.946442 0.000000
311 4 -23.435052 -21.741447 5.789031 -13.000000 -17206.363816 0.000000
312 4 -23.541768 -21.720521 5.904079 -13.000000 -17418.532784 0.000000
313 4 -23.511751 -21.200153 5.752843 -14.000000 -17621.650898 0.000000
314 4 -23.626988 -20.047094 5.753875 -13.000000 -18265.404309 0.000000
315 4 -23.628292 -19.583116 5.682474 -13.000000 -18455.815474 0.000000
316 4 -23.602131 -19.488611 5.748415 -13.000000 -18325.850331 0.000000
317 4 -23.446145 -19.498768 5.796960 -14.000000 -17787.047533 0.000000
318 4 -23.922844 -19.925216 5.573317 -14.000000 -19426.952019 0.000000
319 4 -23.692866 -19.660285 5.399421 -14.000000 -18937.482642 0.000000
320 4 -23.600929 -19.536519 5.490331 -14.000000 -18582.901221 0.000000
321 4 -23.801223 -19.457478 5.551973 -14.000000 -19170.083697 0.000000
322 4 -23.942331 -19.511986 5.252694 -14.000000 -19921.082245 0.000000
323 4 -23.455404 -19.395832 4.000359 -14.000000 -19598.467187 0.000000
324 4 -23.882936 -19.471388 4.611315 -14.000000 -20374.473717 0.000000
325 4 -23.992117 -19.314046 4.092018 -14.000000 -21251.045069 0.000000
326 4 -23.874494 -19.792607 3.878266 -14.000000 -20947.385131 0.000000
327 4 -24.079336 -19.530055 4.058958 -14.000000 -21517.210197 0.000000
328 4 -24.275990 -19.690284 4.119722 -15.000000 -22077.929486 0.000000
329 4 -24.081765 -19.350253 4.026394 -15.000000 -21596.687581 0.000000
330 4 -24.170402 -19.634421 3.930389 -16.000000 -21910.271671 0.000000
331 4 -24.264569 -19.466492 4.060537 -16.000000 -22146.372742 0.000000
332 4 -24.146367 -19.431872 3.723057 -16.000000 -22061.503915 0.000000
333 4 -24.136697 -18.975991 3.494474 -16.000000 -22331.844764 0.000000
334 4 -24.044139 -19.318497 3.839683 -16.000000 -21647.112602 0.000000
335 4 -24.187636 -19.302796 3.799223 -16.000000 -22161.878822 0.000000
336 4 -24.964394 -19.258641 4.032075 -16.000000 -24636.626715 0.000000
337 4 -24.907573 -18.624663 3.325356 -16.000000 -25205.388404 0.000000
338 0 -24.962360 -18.559845 3.694671 -16.000000 980.557838 0.000000
339 4 -24.970579 -18.942715 2.693122 -17.000000 -25876.757795 0.000000
340 4 -24.942282 -18.348536 2.948884 -16.000000 -25703.549465 0.000000
341 4 -24.981251 -17.780755 2.638814 -16.000000 -26213.721175 0.000000
342 4 -24.946467 -18.103331 2.857920 -16.000000 -25845.734963 0.000000
343 4 -24.677782 -17.859398 2.837585 -17.000000 -24965.232966 0.000000
344 4 -24.952541 -17.932081 2.631850 -16.000000 -26083.863778 0.000000
345 4 -24.849428 -17.997391 2.551388 -16.000000 -25764.728124 0.000000
346 4 -24.767578 -17.651733 2.583643 -17.000000 -25524.152612 0.000000
347 4 -24.932386 -18.427124 2.587929 -17.000000 -25938.051181 0.000000
348 4 -24.881065 -17.868862 2.683285 -17.000000 -25802.087897 0.000000
349 4 -24.982666 -17.920283 2.355247 -17.000000 -26407.094139 0.000000
350 4 -24.919073 -17.780088 2.706932 -17.000000 -25937.861204 0.000000
351 4 -24.837641 -17.360347 2.117092 -16.000000 -26183.845010 0.000000
352 4 -24.966412 -17.686782 2.574424 -16.000000 -26230.738310 0.000000
353 4 -24.872326 -17.650617 2.435917 -16.000000 -26008.819776 0.000000
354 4 -24.995967 -17.658003 2.732182 -17.000000 -26219.054501 0.000000
355 4 -24.913247 -17.574051 2.442632 -17.000000 -26165.815074 0.000000
356 4 -24.942294 -17.478352 2.466061 -17.000000 -26271.901174 0.000000
357 4 -24.982525 -17.725123 2.557112 -18.000000 -26293.866018 0.000000
358 4 -24.989958 -17.563434 2.296647 -18.000000 -26553.390781 0.000000
359 4 -24.859442 -17.842042 2.214714 -18.000000 -26088.098863 0.000000
360 4 -24.846201 -17.637897 2.310810 -18.000000 -26013.024845 0.000000
361 4 -24.572546 -17.407791 2.162562 -18.000000 -25208.682975 0.000000
362 0 -24.985641 -17.317134 2.393220 -18.000000 929.252862 0.000000
363 4 -24.756849 -17.757192 1.840211 -18.000000 -26011.365785 0.000000
364 4 -24.700766 -16.420152 2.118240 -18.000000 -25889.669099 0.000000
365 4 -24.879811 -16.640583 1.785884 -19.000000 -26717.014778 0.000000
366 4 -24.937036 -16.280938 1.318401 -19.000000 -27308.168516 0.000000
367 4 -24.903158 -16.324713 1.580983 -19.000000 -27003.678828 0.000000
368 4 -24.660313 -16.259211 0.263758 -18.000000 -26951.846871 0.000000
369 4 -24.945902 -16.300234 0.284661 -19.000000 -27955.616683 0.000000
370 4 -24.889489 -16.272108 0.195445 -19.000000 -27805.463305 0.000000
371 4 -24.833815 -16.335492 0.064493 -19.000000 -27661.927028 0.000000
372 4 -24.907012 -16.348600 0.233121 -19.000000 -27833.455902 0.000000
373 4 -24.812959 -15.741101 0.342369 -19.000000 -27552.286323 0.000000
374 4 -24.977159 -15.835262 0.172703 -19.000000 -28219.426496 0.000000
375 4 -24.818781 -15.960114 0.280861 -19.000000 -27565.177280 0.000000
376 4 -24.947133 -15.539841 0.511802 -19.000000 -27978.427932 0.000000
377 4 -24.996943 -15.927886 0.499000 -19.000000 -28093.151485 0.000000
378 4 -24.911151 -15.995058 0.033401 -20.000000 -28023.205819 0.000000
379 4 -21.275848 -15.814153 0.629165 -20.000000 -16468.876211 0.000000
380 4 -24.083778 -15.184266 -0.061707 -19.000000 -25327.930436 0.000000
381 4 -24.883475 -16.236394 0.457843 -20.000000 -27646.338997 0.000000
382 4 -24.977285 -16.267097 0.141841 -20.000000 -28153.247585 0.000000
383 4 -24.094868 -16.260346 0.308304 -20.000000 -24972.174493 0.000000
384 4 -24.006671 -14.437366 -0.850670 -21.000000 -25559.454799 0.000000
385 4 -23.850472 -15.563444 1.037582 -19.000000 -23876.890940 0.000000
386 4 -24.942248 -16.270877 -0.098387 -21.000000 -28150.462920 0.000000
387 4 -24.941259 -16.429720 0.073016 -21.000000 -28026.996616 0.000000
388 0 -23.975159 -16.295698 -0.044713 -21.000000 839.779995 0.000000
389 4 -21.407619 -14.831662 -0.658718 -20.000000 -17571.470574 0.000000
390 4 -24.002143 -16.212959 0.884693 -22.000000 -24346.953923 0.000000
391 4 -24.992326 -13.808177 -1.188256 -19.000000 -29273.529615 0.000000
392 4 -22.985359 -13.689823 -1.113778 -19.000000 -22485.138574 0.000000
393 4 -23.948407 -15.395206 0.288574 -21.000000 -24655.424064 0.000000
394 4 -22.907036 -16.640645 -1.781160 -19.000000 -21928.962629 0.000000
395 4 -23.979694 -14.142890 1.182992 -20.000000 -24469.195818 0.000000
396 4 -24.976469 -15.446040 -0.434819 -21.000000 -28597.673931 0.000000
397 4 -23.194083 -15.464257 -0.271109 -21.000000 -22477.593748 0.000000
398 4 -24.975328 -16.476323 -1.823446 -19.000000 -28960.744179 0.000000
399 4 -23.811738 -16.458307 -1.349631 -19.000000 -24724.996245 0.000000
400 4 -24.988037 -15.092238 0.596197 -23.000000 -28160.558071 0.000000
401 4 -21.510722 -14.749853 -0.015918 -23.000000 -17595.303208 0.000000
402 4 -23.012028 -15.648218 -2.319553 -22.000000 -22595.209427 0.000000
403 4 -24.983974 -13.737730 0.734038 -20.000000 -28299.251019 0.000000
404 4 -23.993721 -14.083448 0.893953 -20.000000 -24700.451505 0.000000
405 4 -23.042432 -13.559455 -0.414651 -22.000000 -22400.925456 0.000000
406 4 -23.972353 -15.230093 -1.578027 -20.000000 -25577.622095 0.000000
407 4 -23.863273 -16.514916 0.811015 -21.000000 -23869.582339 0.000000
408 4 -24.994121 -14.789808 -0.870135 -19.000000 -28979.029575 0.000000
409 4 -21.431346 -14.561104 -0.791130 -19.000000 -17732.467575 0.000000
410 4 -24.999641 -15.824854 0.228699 -23.000000 -28273.059495 0.000000
411 4 -22.919159 -12.815239 0.185457 -23.000000 -21858.697431 0.000000
412 4 -23.987575 -15.683201 -2.131077 -22.000000 -25718.920121 0.000000
413 0 -23.061954 -13.538065 -0.990495 -20.000000 715.514014 0.000000
414 4 -24.023024 -14.822610 0.249543 -21.000000 -25029.505413 0.000000
415 4 -23.964897 -16.353296 0.961999 -20.000000 -24149.590495 0.000000
416 4 -23.110114 -15.634474 -2.905311 -22.000000 -23035.306522 0.000000
417 4 -24.994666 -14.283269 -0.195852 -19.000000 -28754.769604 0.000000
418 4 -24.959250 -14.134171 -1.327768 -21.000000 -29152.650808 0.000000
419 4 -23.984161 -13.148474 -1.673496 -24.000000 -26004.252943 0.000000
420 4 -22.907454 -14.147866 -0.785842 -21.000000 -22042.625946 0.000000
421 4 -21.762783 -14.968228 -0.574753 -21.000000 -18479.510084 0.000000
422 4 -24.953623 -12.517150 -2.178186 -23.000000 -29683.026101 0.000000
423 4 -23.957417 -12.791612 -3.334779 -23.000000 -26382.568677 0.000000
424 4 -22.951150 -14.115275 -1.729136 -22.000000 -22515.757941 0.000000
425 4 -23.967951 -14.831675 -2.330693 -24.000000 -25863.444594 0.000000
426 4 -24.992326 -13.823145 -0.160717 -20.000000 -28806.209935 0.000000
427 4 -23.954135 -12.321642 -1.045996 -20.000000 -25801.170854 0.000000
428 4 -23.043088 -13.429772 -0.164790 -23.000000 -22311.068111 0.000000
429 4 -24.971631 -14.285864 -2.484145 -21.000000 -29552.388863 0.000000
430 4 -24.928855 -13.734743 -2.543879 -21.000000 -29503.544904 0.000000
431 4 -21.634444 -11.859043 -3.428528 -25.000000 -19348.326567 0.000000
432 4 -24.006119 -13.677928 -2.154937 -22.000000 -26142.011707 0.000000
433 4 -24.938887 -14.359348 -1.361067 -21.000000 -29052.474771 0.000000
434 4 -22.982033 -12.767521 -2.988393 -23.000000 -23135.975553 0.000000
435 4 -24.964296 -14.315266 -1.476413 -22.000000 -29196.581716 0.000000
436 4 -23.907450 -14.459574 -1.686543 -22.000000 -25532.510299 0.000000
437 4 -22.990153 -13.741761 -4.220736 -21.000000 -23153.498708 0.000000
438 0 -24.943109 -13.012732 -2.467828 -21.000000 797.000066 0.000000
439 4 -23.783046 -14.545657 -1.267702 -23.000000 -24955.566858 0.000000
440 4 -21.782176 -11.875698 -0.861586 -22.000000 -19141.331791 0.000000
441 4 -24.998662 -14.858083 -2.612141 -21.000000 -29586.047100 0.000000
442 4 -23.886587 -14.910788 -2.606119 -21.000000 -25643.194822 0.000000
443 4 -22.724416 -13.774833 -3.943411 -24.000000 -22299.620955 0.000000
444 4 -24.961185 -13.030948 -1.762493 -22.000000 -29498.118579 0.000000
445 4 -24.994015 -12.361531 -1.854437 -22.000000 -29751.918160 0.000000
446 4 -23.860654 -11.456555 -3.585815 -25.000000 -26286.099986 0.000000
447 4 -22.957514 -12.339495 -1.815707 -23.000000 -22843.512678 0.000000
448 4 -23.789822 -13.071098 -2.957086 -22.000000 -25703.110798 0.000000
449 4 -23.918385 -13.268140 -1.454603 -23.000000 -25688.378310 0.000000
450 4 -22.104919 -14.334063 -5.374698 -21.000000 -20341.363464 0.000000
451 1 -24.010694 -12.209369 -2.359269 -22.000000 745.025351 0.000000
452 4 -22.824425 -14.122167 -1.149697 -21.000000 -21931.296036 0.000000
453 4 -24.936121 -11.130310 -0.951144 -24.000000 -29371.021828 0.000000
454 4 -24.021805 -11.454679 -4.360927 -24.000000 -26915.947809 0.000000
455 4 -24.989690 -10.705724 -2.294091 -24.000000 -30102.542225 0.000000
456 4 -24.985465 -9.968977 -3.119381 -25.000000 -30383.897938 0.000000
457 4 -24.975444 -10.683758 -3.660379 -24.000000 -30355.862379 0.000000
458 4 -23.045566 -10.534443 -2.597707 -24.000000 -23569.031576 0.000000
459 4 -21.547064 -10.368108 -3.472937 -25.000000 -19309.366603 0.000000
460 4 -23.828255 -10.295593 -4.695451 -25.000000 -26419.540043 0.000000
461 4 -23.102993 -11.106443 -3.540660 -24.000000 -23840.815373 0.000000
462 4 -24.000743 -12.261278 -2.137560 -23.000000 -26339.272313 0.000000
463 4 -23.995946 -9.626625 -2.880340 -24.000000 -26853.964610 0.000000
464 0 -24.942974 -11.187899 -1.791281 -25.000000 750.029696 0.000000
465 4 -22.355685 -12.997372 -0.998651 -23.000000 -20658.211309 0.000000
466 4 -24.965635 -12.261823 -3.800402 -23.000000 -30122.669392 0.000000
467 4 -23.074307 -12.271103 -6.033293 -24.000000 -23593.385666 0.000000
468 4 -24.975724 -11.638779 -4.308754 -23.000000 -30307.461086 0.000000
469 4 -24.025077 -9.655236 -3.223233 -23.000000 -27017.136880 0.000000
470 4 -23.117368 -11.476792 -5.239004 -25.000000 -23909.995484 0.000000
471 4 -24.971543 -12.513121 -4.449407 -23.000000 -30176.654489 0.000000
472 4 -23.928755 -10.733911 -4.189838 -24.000000 -26680.012389 0.000000
473 4 -21.940536 -12.402146 -4.881540 -22.000000 -20197.039783 0.000000
474 4 -24.965518 -13.145741 -3.814687 -23.000000 -29989.465488 0.000000
475 4 -23.170514 -11.793129 -3.955611 -23.000000 -24006.637991 0.000000
476 4 -23.822220 -13.163624 -6.153009 -25.000000 -25928.312320 0.000000
477 4 -23.908670 -10.924884 -3.891900 -22.000000 -26558.499294 0.000000
478 1 -24.998384 -8.730386 -2.964039 -24.000000 726.260527 0.000000
479 4 -22.478001 -12.947047 -5.072114 -23.000000 -21702.108373 0.000000
480 4 -23.981618 -12.209188 -2.346696 -22.000000 -26339.547710 0.000000
481 4 -21.142988 -13.609500 -3.943960 -24.000000 -17780.354581 0.000000
482 4 -24.976700 -9.697575 -2.943444 -22.000000 -30345.338650 0.000000
483 4 -23.009897 -9.838663 -3.168984 -22.000000 -23651.738075 0.000000
484 4 -24.028903 -8.921909 -4.691873 -22.000000 -27265.917949 0.000000
485 4 -23.102201 -10.094766 -2.164681 -25.000000 -23696.249875 0.000000
486 4 -24.057176 -11.356350 -6.931526 -23.000000 -26888.392887 0.000000
487 4 -22.177914 -12.222966 -5.630751 -21.000000 -20871.348901 0.000000
488 4 -24.945492 -13.498672 -2.962498 -24.000000 -29705.349120 0.000000
489 0 -24.026970 -7.435664 -3.431298 -24.000000 643.838199 0.000000
490 4 -24.980887 -11.359060 -2.076942 -25.000000 -29918.228349 0.000000
491 4 -23.164978 -10.728547 -4.229729 -25.000000 -24153.098972 0.000000
492 4 -24.014070 -11.452337 -2.897446 -24.000000 -26688.568826 0.000000
493 4 -22.152414 -12.663507 -1.876456 -24.000000 -20400.744052 0.000000
494 4 -24.985763 -10.051604 -2.941505 -23.000000 -30336.495521 0.000000
495 4 -23.963000 -9.835485 -4.635715 -25.000000 -26934.035846 0.000000
496 4 -23.224431 -9.050940 -2.762784 -23.000000 -24345.501960 0.000000
497 4 -24.987333 -11.086388 -3.539916 -23.000000 -30328.161107 0.000000
498 4 -21.216660 -10.680225 -3.886926 -25.000000 -18401.835365 0.000000
499 4 -23.867066 -9.953986 -5.522753 -23.000000 -26582.000923 0.000000
500 4 -22.559028 -8.369076 -3.432337 -24.000000 -22459.397866 0.000000
501 1 -24.075487 -11.607695 -2.140057 -23.000000 731.967722 0.000000
502 4 -24.990630 -10.799876 -4.461259 -22.000000 -30488.343275 0.000000
503 4 -22.933697 -10.532300 -4.773346 -22.000000 -23459.016861 0.000000
504 4 -24.988771 -9.442021 -6.627406 -23.000000 -30571.263726 0.000000
505 4 -24.086161 -9.030806 -6.939352 -24.000000 -27273.264511 0.000000
506 4 -24.999370 -9.676366 -5.608392 -23.000000 -30677.960795 0.000000
507 4 -23.380675 -9.342174 -5.598074 -23.000000 -25013.114349 0.000000
508 4 -23.221982 -7.192809 -6.712016 -25.000000 -24561.072869 0.000000
509 4 -24.069099 -10.385847 -7.764997 -24.000000 -26862.329555 0.000000
510 4 -21.887832 -8.230801 -4.602578 -23.000000 -20565.873364 0.000000
511 4 -24.102871 -11.410454 -5.598108 -22.000000 -27207.621440 0.000000
512 4 -24.990044 -11.071537 -3.984461 -24.000000 -30404.051897 0.000000
513 4 -22.578719 -10.064310 -5.773363 -25.000000 -22358.025491 0.000000
514 4 -24.967977 -7.934699 -4.226597 -24.000000 -30706.038118 0.000000
515 0 -23.961220 -9.024216 -4.112426 -24.000000 671.968595 0.000000
516 4 -23.151438 -11.055854 -4.455066 -25.000000 -24077.904285 0.000000
517 4 -23.958013 -9.803970 -6.553127 -24.000000 -26805.003039 0.000000
518 4 -20.237591 -7.889650 -3.343262 -23.000000 -16163.115945 0.000000
519 4 -22.200644 -10.837419 -5.268012 -24.000000 -21160.071058 0.000000
520 4 -23.982615 -11.718587 -3.598805 -23.000000 -26666.787103 0.000000
521 4 -23.141612 -9.585971 -6.092378 -25.000000 -24155.513835 0.000000
522 4 -24.963013 -8.737918 -4.296682 -23.000000 -30613.724505 0.000000
523 4 -24.984925 -7.058428 -4.778669 -24.000000 -30886.303599 0.000000
524 4 -24.975624 -7.778104 -7.452774 -23.000000 -30541.295394 0.000000
525 4 -23.982980 -6.735337 -7.819679 -23.000000 -26919.001385 0.000000
526 4 -23.066881 -8.328626 -6.956118 -25.000000 -23901.634903 0.000000
527 1 -21.604542 -6.250699 -4.884460 -24.000000 553.703261 0.000000
528 4 -24.969139 -7.087754 -5.975421 -25.000000 -30802.950518 0.000000
529 4 -24.995856 -7.079068 -8.760784 -25.000000 -30300.029607 0.000000
530 4 -23.940892 -7.081595 -8.040781 -25.000000 -26677.910932 0.000000
531 4 -23.189026 -6.036076 -8.933536 -25.000000 -23882.058669 0.000000
532 4 -24.011709 -7.582390 -6.560499 -25.000000 -27222.636817 0.000000
533 4 -22.376759 -5.121253 -5.685747 -24.000000 -22201.024128 0.000000
534 4 -24.991480 -8.054405 -7.474235 -23.000000 -30570.284037 0.000000
535 4 -23.929847 -7.702396 -7.637175 -23.000000 -26699.313871 0.000000
536 4 -23.150809 -6.902825 -8.851356 -24.000000 -23721.898551 0.000000
537 4 -24.068889 -8.572087 -7.141007 -25.000000 -27220.123990 0.000000
538 4 -22.250723 -8.670199 -6.287771 -23.000000 -21447.763739 0.000000
539 4 -20.950549 -6.422858 -5.385217 -25.000000 -18094.930885 0.000000
540 4 -23.983001 -8.350409 -4.419611 -24.000000 -27154.750420 0.000000
541 0 -24.996165 -7.241832 -8.560766 -23.000000 749.999116 0.000000
542 4 -24.970057 -9.454682 -10.472222 -24.000000 -29209.005973 0.000000
543 4 -23.230940 -7.862869 -6.267349 -23.000000 -24602.915505 0.000000
544 4 -24.989056 -9.448368 -7.190632 -25.000000 -30475.281220 0.000000
545 4 -23.962899 -9.062184 -7.238308 -25.000000 -26775.572257 0.000000
546 4 -22.972165 -9.398289 -8.258597 -25.000000 -23116.269318 0.000000
547 4 -24.990429 -5.543333 -5.322005 -24.000000 -31029.462375 0.000000
548 4 -23.962367 -6.263434 -9.796837 -24.000000 -26129.143536 0.000000
549 4 -22.108986 -5.205976 -6.220191 -25.000000 -21324.209303 0.000000
550 4 -23.954285 -7.486988 -7.600453 -23.000000 -26813.941092 0.000000
551 4 -23.053593 -8.270992 -5.186087 -22.000000 -24087.440470 0.000000
552 1 -24.008554 -9.981101 -4.872351 -24.000000 723.742270 0.000000
553 4 -23.035617 -7.806925 -6.921684 -25.000000 -23858.467968 0.000000
554 4 -24.060312 -4.282959 -6.043935 -23.000000 -27694.122217 0.000000
555 4 -24.945957 -5.519495 -4.247411 -24.000000 -30821.119322 0.000000
556 4 -22.246492 -5.851627 -4.416438 -24.000000 -21812.183273 0.000000
557 4 -24.152869 -6.916299 -5.357173 -25.000000 -27887.844141 0.000000
558 4 -23.201861 -4.565986 -4.302172 -24.000000 -24841.255203 0.000000
559 4 -24.097362 -8.919823 -7.228888 -23.000000 -27264.855477 0.000000
560 4 -24.999839 -6.924020 -9.514540 -25.000000 -30031.465497 0.000000
561 4 -21.659089 -5.915546 -8.273871 -24.000000 -19411.626928 0.000000
562 4 -23.120054 -6.938545 -9.647619 -23.000000 -23265.284503 0.000000
563 4 -23.840276 -5.229393 -6.046793 -25.000000 -26877.895814 0.000000
564 4 -24.155667 -8.166706 -5.418273 -23.000000 -27782.276626 0.000000
565 4 -24.915471 -6.544304 -11.718987 -22.000000 -28541.665642 0.000000
566 4 -24.969540 -9.383170 -10.564246 -24.000000 -29166.103912 0.000000
567 0 -22.580857 -8.224232 -9.250861 -24.000000 662.591521 0.000000
568 4 -21.093266 -7.322406 -7.502897 -22.000000 -17972.984819 0.000000
569 4 -24.956775 -9.827258 -4.115933 -25.000000 -30451.410863 0.000000
570 4 -19.380263 -10.053718 -6.558861 -25.000000 -13644.063597 0.000000
571 4 -23.227418 -8.916658 -4.856021 -25.000000 -24586.438590 0.000000
572 4 -24.979919 -9.983850 -8.954580 -25.000000 -29870.841871 0.000000
573 4 -24.013560 -5.517660 -6.000046 -24.000000 -27462.969031 0.000000
574 4 -23.176664 -8.277231 -4.049993 -23.000000 -24457.595129 0.000000
575 4 -24.188772 -3.605472 -5.085452 -25.000000 -28227.929848 0.000000
576 4 -22.406361 -9.097565 -7.127497 -24.000000 -21702.687614 0.000000
577 4 -24.098782 -7.429615 -8.386531 -22.000000 -27093.285069 0.000000
578 1 -24.982617 -10.498947 -3.899613 -24.000000 769.644465 0.000000
579 4 -23.270150 -6.596771 -5.836301 -23.000000 -24892.680385 0.000000
580 4 -21.722733 -9.545542 -4.439851 -25.000000 -19954.168144 0.000000
581 4 -24.139330 -8.249062 -6.648296 -22.000000 -27593.192868 0.000000
582 4 -23.450709 -10.199547 -5.148172 -23.000000 -25165.714131 0.000000
583 4 -22.508181 -7.707502 -3.968681 -24.000000 -22423.294884 0.000000
584 4 -24.030439 -6.019768 -7.825257 -22.000000 -27138.959632 0.000000
585 4 -24.059596 -8.808020 -3.765633 -25.000000 -27311.826117 0.000000
586 4 -24.935979 -10.529000 -5.237023 -24.000000 -30345.733146 0.000000
587 4 -24.990152 -10.263460 -5.500330 -23.000000 -30576.944203 0.000000
588 4 -24.983892 -10.524178 -5.810085 -22.000000 -30506.717217 0.000000
589 4 -23.231844 -10.280912 -5.428633 -22.000000 -24426.621455 0.000000
590 4 -22.657162 -9.216657 -6.661469 -22.000000 -22566.479874 0.000000
591 4 -24.969542 -10.575954 -5.851343 -23.000000 -30443.665494 0.000000
592 0 -23.379227 -9.682532 -6.203297 -23.000000 678.280575 0.000000
593 4 -24.995915 -10.513150 -7.419799 -22.000000 -30325.407147 0.000000
594 4 -23.995182 -10.667097 -7.319671 -22.000000 -26679.803081 0.000000
595 4 -21.972210 -10.532294 -5.908119 -22.000000 -20463.976537 0.000000
596 4 -24.007606 -9.442670 -6.683411 -23.000000 -26998.332024 0.000000
597 4 -23.284926 -10.816329 -5.216655 -22.000000 -24541.619848 0.000000
598 4 -23.919602 -8.882838 -5.943322 -23.000000 -26852.082377 0.000000
599 4 -20.986376 -9.618039 -7.360326 -22.000000 -17492.389726 0.000000
600 4 -22.409246 -11.182457 -4.919936 -24.000000 -21754.057175 0.000000
601 4 -24.982109 -10.067587 -6.341359 -24.000000 -30509.756617 0.000000
602 4 -24.977782 -8.341801 -7.789661 -24.000000 -30413.253017 0.000000
603 1 -24.014466 -8.354570 -6.110269 -24.000000 712.749866 0.000000
604 4 -23.299383 -8.151521 -6.647102 -24.000000 -24738.752422 0.000000
605 4 -24.144241 -9.050199 -8.111230 -24.000000 -27183.489385 0.000000
606 4 -22.510474 -9.585160 -5.591452 -25.000000 -22222.780417 0.000000
607 4 -24.044223 -7.843067 -5.136761 -24.000000 -27431.695265 0.000000
608 4 -24.968578 -9.919691 -6.909880 -23.000000 -30395.114681 0.000000
609 4 -23.144496 -8.682295 -7.883525 -25.000000 -23877.186085 0.000000
610 4 -21.480197 -10.004022 -6.910236 -24.000000 -18930.455650 0.000000
611 4 -24.981019 -7.495476 -8.073480 -23.000000 -30428.306412 0.000000
612 4 -24.042874 -7.537931 -8.535535 -24.000000 -26834.023857 0.000000
613 4 -23.132929 -7.921670 -7.834409 -25.000000 -23929.991396 0.000000
614 4 -24.069943 -6.606679 -6.920827 -23.000000 -27447.195959 0.000000
615 4 -22.621674 -9.147180 -6.291082 -21.000000 -22528.495336 0.000000
616 4 -24.174941 -5.087381 -8.018421 -23.000000 -27657.140868 0.000000
617 0 -23.158722 -8.170531 -6.057340 -22.000000 639.215327 0.000000
618 4 -24.118457 -8.879965 -8.847793 -25.000000 -26855.602352 0.000000
619 4 -20.238675 -5.862485 -6.879812 -24.000000 -16027.559378 0.000000
620 4 -24.992535 -7.468380 -5.223070 -23.000000 -30887.783176 0.000000
621 4 -24.939382 -6.747491 -5.203144 -23.000000 -30750.508054 0.000000
622 4 -22.233963 -6.469273 -7.533458 -23.000000 -21315.387618 0.000000
623 4 -23.392498 -5.217429 -5.893226 -22.000000 -25386.796748 0.000000
624 5 -24.087146 -7.132133 -6.844644 -25.000000 641.292379 0.000000
625 4 -24.961635 -4.210887 -9.639992 -23.000000 -30011.336336 0.000000
626 4 -23.087686 -7.219516 -5.106209 -21.000000 -24296.902899 0.000000
627 4 -21.882154 -6.305123 -8.096002 -24.000000 -20098.188265 0.000000
628 4 -24.038736 -7.716110 -6.295442 -24.000000 -27342.429571 0.000000
629 1 -24.072994 -7.716712 -4.863458 -23.000000 686.623763 0.000000
630 4 -23.239363 -5.725911 -7.074243 -25.000000 -24657.618419 0.000000
631 4 -24.060563 -4.447623 -5.740082 -22.000000 -27713.088907 0.000000
632 4 -24.904740 -8.603376 -4.541831 -21.000000 -30430.021501 0.000000
633 4 -24.994771 -6.696754 -4.771999 -21.000000 -30952.623603 0.000000
634 4 -22.391348 -6.369549 -8.579585 -21.000000 -21448.790246 0.000000
635 4 -24.991131 -6.965594 -6.080081 -21.000000 -30887.172162 0.000000
636 4 -23.221964 -5.475447 -4.905948 -21.000000 -24865.681072 0.000000
637 4 -23.991230 -3.407002 -5.830204 -21.000000 -27513.869124 0.000000
638 4 -23.299924 -6.842556 -4.876046 -21.000000 -25017.909431 0.000000
639 4 -24.976492 -7.089316 -6.057322 -21.000000 -30823.642039 0.000000
640 4 -21.262227 -4.799168 -6.157965 -21.000000 -18941.340205 0.000000
641 4 -24.108258 -6.972089 -7.602719 -21.000000 -27399.494856 0.000000
642 4 -24.977864 -5.650419 -6.473490 -22.000000 -30894.287364 0.000000
643 4 -24.987277 -5.698070 -5.836342 -20.000000 -30987.498125 0.000000
644 0 -22.426025 -4.574169 -5.519204 -20.000000 553.711253 0.000000
645 4 -23.472058 -5.394277 -6.333714 -20.000000 -25585.505797 0.000000
646 5 -24.009156 -5.951388 -5.088661 -21.000000 621.817525 0.000000
647 4 -24.974491 -4.160395 -6.225536 -21.000000 -30997.893392 0.000000
648 4 -24.993647 -5.474570 -6.764610 -22.000000 -30924.197182 0.000000
649 4 -23.244824 -3.583560 -6.743289 -20.000000 -24863.297381 0.000000
650 4 -21.944938 -3.972642 -6.839398 -21.000000 -20789.011851 0.000000
651 4 -23.920843 -4.901375 -5.651006 -22.000000 -27209.401064 0.000000
652 4 -22.703124 -6.093514 -7.199802 -22.000000 -22879.101402 0.000000
653 4 -24.988607 -5.195696 -6.248455 -20.000000 -30990.521768 0.000000
654 4 -24.061033 -2.983376 -6.279324 -20.000000 -27726.184637 0.000000
655 4 -23.335087 -4.946198 -7.320035 -20.000000 -24965.882781 0.000000
656 1 -24.054709 -4.248767 -6.495047 -21.000000 669.266850 0.000000
657 4 -22.431810 -3.043881 -5.601259 -20.000000 -22477.708396 0.000000
658 4 -24.029822 -5.775264 -8.256572 -21.000000 -27023.169412 0.000000
659 4 -23.360762 -5.568043 -9.017628 -22.000000 -24452.284790 0.000000
660 4 -24.992441 -4.646782 -5.208808 -20.000000 -31092.501472 0.000000
661 4 -21.155003 -2.339659 -5.312833 -20.000000 -18863.848494 0.000000
662 4 -24.151376 -3.847907 -4.576485 -20.000000 -28075.728863 0.000000
663 4 -22.623629 -4.755634 -5.956266 -21.000000 -22947.729360 0.000000
664 4 -24.986991 -6.242857 -4.779822 -20.000000 -30959.083603 0.000000
665 4 -24.125924 -5.650262 -5.410740 -20.000000 -27886.894082 0.000000
666 4 -23.232943 -4.303562 -6.383448 -20.000000 -24852.053018 0.000000
667 4 -24.110509 -6.282788 -4.907384 -21.000000 -27794.600867 0.000000
668 4 -21.593130 -6.350021 -7.420427 -20.000000 -19473.608944 0.000000
669 4 -23.218531 -3.123295 -6.562600 -22.000000 -24828.410067 0.000000
670 0 -24.150678 -5.055133 -5.408671 -22.000000 637.503367 0.000000
671 4 -22.694527 -1.440625 -4.417888 -21.000000 -23360.064491 0.000000
672 4 -24.044240 -5.438296 -6.241727 -20.000000 -27548.126169 0.000000
673 4 -24.909420 -6.558508 -7.685840 -21.000000 -30340.398598 0.000000
674 5 -23.260979 -4.117521 -4.749406 -22.000000 583.377792 0.000000
675 4 -24.977751 -6.713924 -5.698082 -21.000000 -30883.971847 0.000000
676 4 -24.936108 -6.619030 -6.775176 -20.000000 -30622.466268 0.000000
677 4 -22.074125 -6.717204 -8.862181 -18.000000 -20339.618339 0.000000
678 4 -24.120584 -5.464982 -7.302356 -20.000000 -27628.521083 0.000000
679 4 -20.259189 -6.509773 -4.595046 -18.000000 -16370.356831 0.000000
680 4 -24.991022 -4.652775 -5.528084 -19.000000 -31081.392025 0.000000
681 4 -23.260158 -4.499405 -5.120701 -19.000000 -25044.419541 0.000000
682 4 -24.019003 -3.889614 -3.990499 -20.000000 -27572.013557 0.000000
683 1 -22.505009 -5.506492 -5.533038 -19.000000 593.923542 0.000000
684 4 -24.091730 -2.600538 -6.248538 -20.000000 -27850.386440 0.000000
685 4 -23.293868 -4.894381 -3.880538 -20.000000 -25087.528912 0.000000
686 4 -24.958292 -6.151485 -5.344466 -18.000000 -30866.004509 0.000000
687 3 -24.955618 -6.092562 -4.328702 -18.000000 -26.079479 0.000000
688 4 -23.321388 -3.644071 -5.257615 -18.000000 -25281.354711 0.000000
689 4 -21.628733 -4.814732 -4.839202 -19.000000 -20092.310395 0.000000
690 4 -24.995772 -6.730299 -3.819557 -19.000000 -30867.581829 0.000000
691 4 -24.077765 -6.750917 -3.661588 -18.000000 -27552.878234 0.000000
692 4 -23.216264 -5.596623 -3.717611 -19.000000 -24775.990703 0.000000
693 4 -24.001675 -6.775001 -4.685324 -18.000000 -27373.785238 0.000000
694 4 -22.361855 -2.754692 -5.592068 -19.000000 -22276.762865 0.000000
695 4 -24.995456 -4.756497 -3.521764 -20.000000 -30956.944996 0.000000
696 4 -24.168082 -4.501801 -3.449787 -19.000000 -27986.327752 0.000000
697 4 -24.956883 -5.689470 -3.824190 -20.000000 -30801.311104 0.000000
698 4 -23.357124 -3.605699 -3.562507 -18.000000 -25321.892813 0.000000
699 0 -22.463363 -5.399392 -4.659943 -20.000000 554.871167 0.000000
700 5 -24.048854 -5.670489 -3.655866 -18.000000 610.890192 0.000000
701 4 -24.956863 -2.071744 -3.298855 -20.000000 -30884.080428 0.000000
702 4 -24.972043 -3.596093 -3.274377 -19.000000 -30883.740578 0.000000
703 4 -24.989229 -2.312437 -3.126808 -19.000000 -30963.463781 0.000000
704 4 -23.261974 -0.178731 -3.142609 -19.000000 -25029.033633 0.000000
705 4 -24.069453 -1.231830 -3.051754 -19.000000 -27687.502638 0.000000
706 4 -21.528405 -0.954100 -3.297210 -18.000000 -19877.513061 0.000000
707 4 -16.633475 -3.521073 -3.173754 -18.000000 -9123.794048 0.000000
708 4 -22.636146 -2.089906 -4.283637 -19.000000 -23161.635831 0.000000
709 4 -23.987868 -2.392275 -2.950473 -19.000000 -27362.602508 0.000000
710 4 -23.311216 -1.939389 -4.163931 -20.000000 -25288.677634 0.000000
711 4 -24.964352 -2.983850 -4.243805 -17.000000 -31018.395668 0.000000
712 3 -23.968095 -2.728384 -3.518719 -18.000000 -22.537760 0.000000
713 1 -22.457777 -3.282706 -3.058799 -17.000000 541.059332 0.000000
714 4 -24.068332 -1.949403 -4.418316 -19.000000 -27844.684955 0.000000
715 4 -23.289182 -4.008613 -4.742806 -17.000000 -25166.717540 0.000000
716 4 -24.980566 -0.477781 -3.541942 -18.000000 -31039.357086 0.000000
717 4 -24.989142 -0.015696 -2.701811 -17.000000 -30898.132171 0.000000
718 4 -24.999748 -2.302283 -2.290038 -18.000000 -30794.230956 0.000000
719 4 -24.053789 0.941237 -3.082574 -17.000000 -27643.442265 0.000000
720 4 -23.021850 0.021391 -2.397856 -18.000000 -24114.208694 0.000000
721 4 -20.538269 -0.468581 -2.867051 -17.000000 -17222.181875 0.000000
722 4 -22.047670 -1.133276 -3.769742 -17.000000 -21392.104812 0.000000
723 4 -24.997766 1.902380 -4.398134 -18.000000 -31188.155420 0.000000
724 4 -24.996951 2.953664 -2.803272 -17.000000 -30899.494728 0.000000
725 4 -23.992050 3.154047 -2.753907 -17.000000 -27309.294615 0.000000
726 4 -23.338984 1.776253 -2.548297 -18.000000 -25138.295448 0.000000
727 5 -23.986440 0.113495 -3.374966 -17.000000 605.383980 0.000000
728 4 -22.809290 2.531326 -4.129348 -15.000000 -23675.544086 0.000000
729 4 -24.042715 1.555575 -2.288651 -18.000000 -27411.837697 0.000000
730 0 -24.996942 2.369324 -4.806856 -17.000000 652.906685 0.000000
731 4 -21.092736 1.318866 -3.486368 -18.000000 -18714.939431 0.000000
732 2 -24.988194 0.760229 -4.592462 -19.000000 -29.440427 0.000000
733 4 -23.316916 4.379136 -3.427218 -17.000000 -25135.966425 0.000000
734 4 -21.810799 -0.032788 -5.085816 -19.000000 -20737.934311 0.000000
735 4 -24.082499 3.306308 -2.646403 -16.000000 -27587.959811 0.000000
736 4 -24.992029 -0.865456 -4.041296 -17.000000 -31149.018023 0.000000
737 4 -23.310743 -1.495556 -2.177412 -15.000000 -24960.173813 0.000000
738 4 -22.797932 -1.454122 -4.064074 -17.000000 -23661.719264 0.000000
739 4 -24.101716 -0.692974 -3.094753 -19.000000 -27813.125306 0.000000
740 4 -24.127248 -2.888469 -4.192198 -19.000000 -28005.709113 0.000000
741 3 -24.997812 0.521855 -2.589243 -15.000000 -21.186713 0.000000
742 4 -22.400496 -0.524678 -3.973113 -17.000000 -22454.037723 0.000000
743 4 -23.446060 -2.923371 -4.861612 -20.000000 -25726.514898 0.000000
744 4 -24.096725 -2.064233 -1.841693 -19.000000 -27453.572452 0.000000
745 1 -24.047614 0.431666 -3.599280 -18.000000 610.186008 0.000000
746 4 -22.465012 -0.922285 -5.286566 -16.000000 -22652.738176 0.000000
747 4 -23.262176 -3.604166 -3.227099 -20.000000 -24966.040755 0.000000
748 4 -24.086899 2.404819 -4.373844 -19.000000 -27894.385754 0.000000
749 4 -24.168894 -1.758788 -5.672419 -18.000000 -28197.223413 0.000000
750 4 -24.957409 -4.367626 -1.826731 -17.000000 -30410.363156 0.000000
751 4 -24.991346 -3.143517 -4.532856 -20.000000 -31136.529236 0.000000
752 4 -23.353534 -2.659540 -5.348264 -20.000000 -25420.012606 0.000000
753 4 -21.611651 -3.345116 -4.730797 -20.000000 -20119.112656 0.000000
754 4 -22.643774 -0.555149 -6.128224 -16.000000 -23121.304334 0.000000
755 5 -24.008224 -2.055468 -2.993114 -20.000000 602.932823 0.000000
756 4 -23.408829 1.250202 -5.199853 -18.000000 -25640.747628 0.000000
757 0 -24.032772 -3.986606 -4.349078 -19.000000 611.761622 0.000000
758 4 -22.074562 -2.981668 -6.164048 -20.000000 -21340.328665 0.000000
759 2 -10.223896 -4.325728 -2.919340 -17.000000 -18.128964 0.000000
760 4 -18.456909 -1.059878 -4.564821 -19.000000 -12545.931893 0.000000
761 4 -24.940934 3.749959 -5.947551 -20.000000 -30916.222195 0.000000
762 4 -23.146686 4.336928 -6.603391 -20.000000 -24532.739687 0.000000
763 4 -24.131224 3.619809 -6.181710 -21.000000 -27959.041314 0.000000
764 4 -24.133048 1.989108 -5.703121 -20.000000 -28064.143404 0.000000
765 4 -22.772889 4.841912 -6.692674 -21.000000 -23292.190319 0.000000
766 4 -24.958202 0.352832 -5.429367 -18.000000 -31090.305833 0.000000
767 1 -21.226501 3.098879 -4.840188 -16.000000 507.275557 0.000000
768 4 -24.077229 0.831721 -5.396181 -18.000000 -27904.725996 0.000000
769 3 -23.313204 0.900082 -6.732393 -17.000000 -15.020729 0.000000
770 4 -19.597393 -0.667578 -4.130519 -18.000000 -15050.742872 0.000000
771 4 -24.173708 2.582121 -5.130575 -15.000000 -28212.525654 0.000000
772 4 -24.943720 0.468178 -6.997703 -18.000000 -30874.853450 0.000000
773 4 -24.987921 1.570097 -3.976035 -17.000000 -31115.664954 0.000000
774 4 -24.978371 2.144030 -5.906830 -16.000000 -31116.414471 0.000000
775 4 -22.505479 3.717538 -6.179963 -16.000000 -22605.944117 0.000000
776 4 -23.257870 5.941612 -7.499335 -15.000000 -24599.642982 0.000000
777 4 -24.974893 3.121441 -5.720320 -17.000000 -31084.023015 0.000000
778 4 -23.409028 2.100931 -5.508382 -16.000000 -25609.685442 0.000000
779 4 -22.149872 2.224794 -4.235421 -16.000000 -21697.038907 0.000000
780 4 -23.957487 3.675702 -7.013399 -17.000000 -27216.205173 0.000000
781 4 -24.980282 1.638792 -5.404502 -17.000000 -31158.168329 0.000000
782 0 -24.998320 1.257513 -5.941897 -15.000000 661.103485 0.000000
783 4 -23.384957 2.710031 -8.107258 -15.000000 -25010.920026 0.000000
784 5 -23.853031 1.902748 -4.438797 -17.000000 608.576249 0.000000
785 4 -22.434413 5.099419 -7.057789 -17.000000 -22145.864922 0.000000
786 4 -24.065861 0.406531 -3.840499 -16.000000 -27806.810126 0.000000
787 2 -21.155717 3.834018 -5.752057 -17.000000 -23.733756 0.000000
788 4 -24.125966 3.067345 -5.110162 -15.000000 -28029.113262 0.000000
789 4 -24.994919 1.498351 -6.590467 -17.000000 -31121.007396 0.000000
790 4 -23.004452 1.750372 -3.985054 -17.000000 -24296.810368 0.000000
791 4 -24.050009 1.113572 -7.630781 -16.000000 -27470.645325 0.000000
792 4 -23.248542 1.570046 -4.755968 -17.000000 -25116.537558 0.000000
793 4 -21.804946 0.138516 -6.353245 -18.000000 -20574.206876 0.000000
794 4 -24.208626 2.795963 -2.545002 -16.000000 -28017.031789 0.000000
795 4 -24.955946 1.718782 -5.484482 -18.000000 -31063.420458 0.000000
796 1 -22.745478 4.701761 -8.286687 -18.000000 645.639272 0.000000
797 4 -24.130362 3.016362 -6.891076 -18.000000 -27872.840584 0.000000
798 3 -23.382567 1.767778 -6.046789 -18.000000 -14.928000 0.000000
799 4 -24.984390 3.931301 -5.347152 -16.000000 -31097.960308 0.000000
800 4 -24.047840 5.555846 -7.462769 -16.000000 -27327.870661 0.000000
801 4 -24.969271 4.615476 -5.510046 -15.000000 -31002.394703 0.000000
802 4 -22.271309 1.152516 -5.313937 -15.000000 -22064.207808 0.000000
803 4 -23.241559 6.152339 -6.521670 -15.000000 -24741.973785 0.000000
804 4 -24.081826 2.107635 -5.276195 -15.000000 -27902.028598 0.000000
805 4 -24.971561 4.256974 -5.210560 -16.000000 -31035.052032 0.000000
806 4 -23.300015 3.898845 -4.758631 -16.000000 -25207.324373 0.000000
807 4 -24.973070 4.609089 -4.686974 -15.000000 -31009.075833 0.000000
808 4 -21.930185 5.175015 -5.526455 -16.000000 -20889.316877 0.000000
809 4 -24.992105 6.747638 -4.125344 -15.000000 -30889.945296 0.000000
810 4 -20.723951 4.255742 -5.541147 -14.000000 -17621.182166 0.000000
811 0 -23.259996 6.594030 -4.818465 -16.000000 607.046279 0.000000
812 5 -24.063434 5.433097 -4.085815 -14.000000 615.541184 0.000000
813 4 -23.968924 4.488630 -5.917203 -15.000000 -27377.519401 0.000000
814 4 -22.640299 3.390096 -6.516535 -17.000000 -22981.522660 0.000000
815 2 -2.313700 4.442795 -4.611159 -16.000000 -3.162064 0.000000
816 4 -24.110220 3.020930 -5.614184 -15.000000 -27958.683506 0.000000
817 4 -23.174010 1.978152 -3.963227 -17.000000 -24829.375303 0.000000
818 4 -23.935497 0.450610 -7.350573 -16.000000 -27145.477831 0.000000
819 4 -24.020708 4.897067 -4.988156 -14.000000 -27576.009392 0.000000
820 4 -13.617531 2.546203 -3.635926 -17.000000 -4986.455865 0.000000
821 4 -24.987127 1.215867 -6.380640 -16.000000 -31123.201075 0.000000
822 4 -22.340795 1.049467 -8.215265 -15.000000 -21665.671235 0.000000
823 4 -24.074113 -0.360176 -6.924925 -15.000000 -27722.024460 0.000000
824 1 -23.078597 2.164276 -6.256391 -16.000000 605.793723 0.000000
825 4 -21.732949 0.723755 -7.923758 -17.000000 -19956.792276 0.000000
826 3 -24.151300 3.762240 -6.461524 -16.000000 -13.247536 0.000000
827 4 -23.107936 1.615310 -5.704831 -18.000000 -24623.896880 0.000000
828 4 -24.981131 7.919466 -7.406435 -17.000000 -30559.074548 0.000000
829 4 -24.970071 -0.375804 -9.743992 -14.000000 -30102.216461 0.000000
830 4 -23.214017 5.604613 -5.399146 -18.000000 -24816.043985 0.000000
831 4 -24.975478 3.337086 -6.647722 -15.000000 -30986.109051 0.000000
832 4 -23.991022 3.762489 -8.780085 -14.000000 -26817.193873 0.000000
833 4 -24.984939 2.836718 -8.240191 -15.000000 -30682.518980 0.000000
834 4 -22.411802 4.731412 -7.505914 -16.000000 -21981.777790 0.000000
835 4 -24.994079 1.664685 -6.780934 -15.000000 -31086.319334 0.000000
836 4 -23.478596 1.727065 -9.383398 -14.000000 -24860.311245 0.000000
837 4 -24.995514 3.012178 -7.143353 -15.000000 -30990.036520 0.000000
838 4 -23.887010 2.226385 -10.316372 -13.000000 -25804.632885 0.000000
839 0 -21.240928 1.154762 -8.218079 -14.000000 519.327329 0.000000
840 4 -22.506022 2.467187 -8.509695 -15.000000 -22038.095960 0.000000
841 4 -23.798725 0.600364 -7.421218 -16.000000 -26653.424135 0.000000
842 2 -24.024810 4.069346 -7.231460 -16.000000 -27.866924 0.000000
843 4 -22.702615 2.694867 -6.659333 -15.000000 -23174.885884 0.000000
844 5 -24.108588 1.116214 -6.537624 -17.000000 639.722622 0.000000
845 4 -24.998066 -0.020641 -9.323281 -14.000000 -30392.793461 0.000000
846 4 -24.982861 5.844567 -7.476080 -15.000000 -30721.312221 0.000000
847 4 -23.314914 3.360565 -6.046822 -16.000000 -25209.772574 0.000000
848 4 -24.110224 1.659579 -8.749142 -17.000000 -27319.937384 0.000000
849 4 -24.992966 4.399113 -6.004225 -16.000000 -31075.384251 0.000000
850 4 -21.680370 6.787967 -7.807800 -13.000000 -19569.805028 0.000000
851 4 -23.124609 3.076043 -6.836583 -15.000000 -24472.843701 0.000000
852 1 -24.071478 5.720319 -5.834973 -16.000000 673.864906 0.000000
853 4 -22.503542 4.550354 -6.688888 -17.000000 -22470.474433 0.000000
854 3 -24.098880 4.669572 -8.197518 -14.000000 -10.511790 0.000000
855 4 -23.494358 3.650787 -5.619049 -16.000000 -25831.476523 0.000000
856 4 -3.476721 2.386183 -7.238214 -15.000000 1961.412695 0.000000
857 4 -24.132823 0.769141 -5.878289 -16.000000 -28070.081894 0.000000
858 4 -0.455723 3.892193 -5.079106 -14.000000 1236.654370 0.000000
859 4 -23.135210 1.628806 -6.524872 -17.000000 -24605.974892 0.000000
860 4 -24.139664 -0.580268 -5.004015 -17.000000 -28131.784648 0.000000
861 4 -20.744195 5.242810 -7.765277 -15.000000 -17105.125832 0.000000
862 4 -24.986260 2.319112 -6.146152 -13.000000 -31121.472647 0.000000
863 4 -22.452933 0.335054 -5.864977 -17.000000 -22569.290313 0.000000
864 4 -23.322543 1.815549 -4.752590 -13.000000 -25352.030634 0.000000
865 4 -24.072564 7.213449 -5.999160 -18.000000 -27539.221599 0.000000
866 4 -21.663212 -1.290135 -4.570213 -16.000000 -20323.125696 0.000000
867 0 -24.121245 0.172834 -5.326395 -17.000000 609.574832 0.000000
868 4 -23.143597 2.206191 -6.432098 -18.000000 -24635.244463 0.000000
869 5 -24.982660 3.997912 -4.718366 -16.000000 666.278609 0.000000
870 4 -24.114634 1.346220 -5.640597 -18.000000 -28016.481114 0.000000
871 2 -15.511646 -1.159088 -6.715755 -14.000000 -24.106489 0.000000
872 4 -22.621109 2.714606 -4.086362 -16.000000 -23086.864984 0.000000
873 4 -24.027181 4.972644 -5.290288 -17.000000 -27589.964076 0.000000
874 4 -24.962355 0.612507 -6.485250 -15.000000 -31023.528519 0.000000
875 4 -23.258014 0.360651 -8.634339 -15.000000 -24446.223964 0.000000
876 4 -20.068010 0.985320 -7.166320 -13.000000 -15722.286756 0.000000
877 4 -12.292924 -0.203086 -4.334404 -15.000000 -3574.948951 0.000000
878 4 -24.997807 1.594530 -5.518091 -14.000000 -31221.729063 0.000000
879 4 -24.994418 1.470776 -5.127608 -13.000000 -31216.098396 0.000000
880 4 -21.710645 1.335760 -4.110939 -13.000000 -20446.974879 0.000000
881 1 -8.842825 1.889127 -4.779505 -14.000000 128.006049 0.000000
882 3 -23.279352 0.610276 -3.850243 -12.000000 -18.058832 0.000000
883 4 -24.035521 -0.452714 -5.077191 -14.000000 -27769.746699 0.000000
884 4 -24.094564 2.250310 -6.220900 -12.000000 -27873.720496 0.000000
885 4 -22.389780 0.889689 -4.263874 -13.000000 -22435.030396 0.000000
886 4 -24.985369 2.892672 -5.369620 -13.000000 -31143.733633 0.000000
887 4 -23.341868 2.606081 -7.737897 -13.000000 -24983.100877 0.000000
888 4 -24.118938 1.416420 -6.770646 -12.000000 -27896.717780 0.000000
889 4 -24.970675 -0.052829 -6.175660 -13.000000 -31092.233840 0.000000
890 4 -24.989498 0.070968 -7.888823 -13.000000 -30848.812020 0.000000
891 4 -22.577192 1.075229 -7.071847 -13.000000 -22732.216115 0.000000
892 4 -24.064485 -0.910448 -9.316189 -12.000000 -26940.809768 0.000000
893 4 -23.228931 2.055450 -5.798689 -13.000000 -24997.393211 0.000000
894 4 -24.137583 2.897877 -6.480411 -14.000000 -27970.567841 0.000000
895 4 -21.739887 0.379372 -8.164924 -12.000000 -19894.789593 0.000000
896 0 -23.445477 1.317439 -5.735087 -14.000000 583.597260 0.000000
897 4 -24.005862 -0.318129 -7.181202 -12.000000 -27430.271199 0.000000
898 4 -22.780189 3.309622 -5.482773 -14.000000 -23551.117030 0.000000
899 5 -24.051623 1.856751 -6.148458 -13.000000 633.556701 0.000000
900 2 -24.998192 0.447389 -7.494557 -14.000000 -32.765361 0.000000
901 4 -24.968815 2.781158 -5.396414 -11.000000 -31084.959931 0.000000
902 4 -24.980373 3.142806 -5.161559 -13.000000 -31117.393037 0.000000
903 4 -24.981265 3.452636 -4.998591 -11.000000 -31106.539800 0.000000
904 4 -22.444559 3.020841 -3.718748 -11.000000 -22511.667508 0.000000
905 4 -24.994435 2.591052 -5.205059 -12.000000 -31189.094324 0.000000
906 4 -6.324115 3.056774 -5.336839 -11.000000 299.609771 0.000000
907 4 -23.519550 3.653315 -6.300894 -11.000000 -25843.143611 0.000000
908 4 -24.995473 2.376026 -4.816167 -10.000000 -31192.020370 0.000000
909 4 -23.474817 2.595495 -4.601137 -10.000000 -25827.859096 0.000000
910 1 -24.070472 2.780172 -4.806012 -9.000000 633.618785 0.000000
911 4 -22.406708 2.241162 -6.910784 -10.000000 -22220.592336 0.000000
912 3 -23.252685 3.863250 -5.899058 -12.000000 -12.730377 0.000000
913 4 -21.174494 3.293145 -11.249118 -11.000000 -16601.030966 0.000000
914 4 -24.061220 1.881734 -4.788170 -10.000000 -27836.560511 0.000000
915 4 -24.049941 3.687919 -8.665398 -12.000000 -27071.490692 0.000000
916 4 -24.976209 2.446890 -3.760064 -11.000000 -31022.178524 0.000000
917 4 -23.161691 1.661579 -6.927581 -12.000000 -24614.997022 0.000000
918 4 -24.997700 3.785168 -5.592765 -9.000000 -31147.859418 0.000000
919 4 -22.421990 3.171737 -4.946750 -11.000000 -22481.534861 0.000000
920 4 -24.055490 1.490257 -4.025007 -9.000000 -27778.453125 0.000000
921 4 -23.429059 2.433477 -5.356259 -10.000000 -25674.999850 0.000000
922 4 -24.016718 3.594255 -4.428223 -10.000000 -27611.965793 0.000000
923 4 -24.991655 1.237785 -6.150828 -12.000000 -31164.400739 0.000000
924 4 -22.126906 1.262628 -8.039701 -11.000000 -21074.441629 0.000000
925 4 -23.190625 2.467907 -7.019577 -12.000000 -24669.833804 0.000000
926 5 -23.977401 0.993132 -6.285334 -9.000000 631.303749 0.000000
927 2 -24.204224 2.061066 -7.710617 -12.000000 -30.613776 0.000000
928 4 7.234477 0.652729 -6.288585 -11.000000 3598.780722 0.000000
929 0 -22.903579 3.540889 -5.118583 -12.000000 562.551695 0.000000
930 4 -24.111250 2.333118 -3.477038 -13.000000 -27882.479666 0.000000
931 4 -24.996027 1.388431 -6.925144 -11.000000 -31074.815642 0.000000
932 4 -24.978650 3.216252 -9.421775 -9.000000 -30215.146688 0.000000
933 4 -20.743260 0.234856 -5.861810 -12.000000 -17736.364283 0.000000
934 4 -21.980567 1.276916 -4.739647 -10.000000 -21229.003630 0.000000
935 4 -23.199134 4.109799 -3.941322 -12.000000 -24830.069748 0.000000
936 4 -24.130217 2.543666 -7.637595 -13.000000 -27720.904201 0.000000
937 1 -24.993280 0.214415 -6.106013 -13.000000 690.677465 0.000000
938 4 -23.156578 2.154406 -5.093665 -11.000000 -24803.298882 0.000000
939 3 -24.995830 4.028293 -8.707133 -13.000000 -11.520404 0.000000
940 4 -24.071511 5.364986 -3.537307 -9.000000 -27614.286199 0.000000
941 4 -24.997936 1.251781 -7.016946 -10.000000 -31067.920077 0.000000
942 4 -22.091753 3.120952 -5.727965 -13.000000 -21443.818061 0.000000
943 4 -23.312230 -0.691692 -4.295168 -12.000000 -25319.810780 0.000000
944 4 -24.990075 1.810040 -5.076242 -10.000000 -31192.596702 0.000000
945 4 -23.282417 0.598310 -3.505906 -10.000000 -25148.292937 0.000000
946 4 -24.124880 1.689126 -4.608261 -7.000000 -28056.174474 0.000000
947 4 -22.602870 -0.419239 -4.718004 -11.000000 -23094.313672 0.000000
948 4 -23.902967 1.886228 -6.517791 -10.000000 -27174.710544 0.000000
949 4 -21.522991 1.042743 -2.964654 -8.000000 -19815.647885 0.000000
950 4 -24.044105 0.094319 -5.558841 -11.000000 -27785.748854 0.000000
951 4 -23.263756 -1.221745 -3.978442 -11.000000 -25133.841077 0.000000
952 0 -24.159920 2.014906 -7.540070 -9.000000 643.794237 0.000000
953 4 -22.516160 2.715395 -4.873040 -13.000000 -22784.949660 0.000000
954 5 -19.414277 0.864001 -6.372903 -12.000000 434.030288 0.000000
955 4 -24.118775 3.831527 -3.508165 -9.000000 -27857.765618 0.000000
956 2 -24.979118 2.120834 -5.367917 -12.000000 -28.986201 0.000000
957 4 -23.283513 0.067442 -8.141905 -13.000000 -24705.613712 0.000000
958 4 -24.965770 1.176676 -6.798392 -8.000000 -30984.824494 0.000000
959 4 -24.205694 2.911990 -4.471749 -10.000000 -28298.098929 0.000000
960 4 -22.613966 4.665134 -10.218768 -13.000000 -21488.569378 0.000000
961 4 -24.081047 -0.921458 -5.802966 -10.000000 -27893.199853 0.000000
962 4 -24.980637 1.672683 -3.180429 -12.000000 -30957.746594 0.000000
963 4 -21.772145 2.899465 -5.056045 -11.000000 -20578.335591 0.000000
964 4 -24.981858 0.551728 -6.784987 -13.000000 -31054.263972 0.000000
965 4 -23.334965 4.034873 -4.455225 -14.000000 -25306.858160 0.000000
966 1 -23.319536 1.903424 -5.659511 -11.000000 606.311871 0.000000
967 4 -24.161486 2.942387 -7.569287 -13.000000 -27836.358124 0.000000
968 3 -22.577519 -0.394300 -6.540866 -12.000000 -15.670953 0.000000
969 4 -24.985362 0.977898 -2.406325 -14.000000 -30800.267443 0.000000
970 4 -24.999489 5.210446 -3.591577 -10.000000 -30956.055622 0.000000
971 4 -23.430494 3.386830 -5.243029 -11.000000 -25651.147148 0.000000
972 4 -24.026013 2.224615 -8.542626 -13.000000 -27082.896109 0.000000
973 4 -24.049642 -1.266042 -4.317175 -14.000000 -27786.583669 0.000000
974 4 -21.109460 0.288616 -6.383357 -9.000000 -18620.457657 0.000000
975 4 -22.453473 4.201703 -5.547887 -12.000000 -22497.791094 0.000000
976 4 -23.365317 1.499330 -7.339017 -13.000000 -25194.756333 0.000000
977 4 -24.116962 2.469983 -4.104885 -8.000000 -27975.564744 0.000000
978 4 -24.978638 1.079737 -6.028020 -14.000000 -31128.609390 0.000000
979 0 -23.327133 -0.196833 -8.036031 -13.000000 608.031666 0.000000
980 4 -24.098784 0.470496 -6.907653 -14.000000 -27811.549202 0.000000
981 5 -21.791426 -1.500973 -6.244621 -4.000000 530.987833 0.000000
982 4 -24.990937 1.200293 -8.971966 -14.000000 -30495.590931 0.000000
983 4 -23.000675 -0.147712 -6.049142 -14.000000 -24258.290654 0.000000
984 4 -24.065887 1.136871 -2.837107 -14.000000 -27632.093221 0.000000
985 2 -24.080926 1.899908 -7.406039 -12.000000 -30.347057 0.000000
986 4 -22.518653 -0.733354 -4.771757 -14.000000 -22834.777214 0.000000
987 4 -23.382698 0.777676 -4.087857 -13.000000 -25534.537340 0.000000
988 4 3.799058 3.501299 -6.012274 -14.000000 2342.552168 0.000000
989 4 -24.062984 1.970229 -5.081346 -12.000000 -27842.958032 0.000000
990 4 -17.383163 0.310383 -7.280578 -15.000000 -9855.792852 0.000000
991 4 -24.043511 -1.371469 -3.269375 -13.000000 -27636.358224 0.000000
992 1 -20.413780 1.401280 -8.264466 -14.000000 524.325277 0.000000
993 4 -24.994857 5.917677 -6.360248 -12.000000 -30953.415721 0.000000
994 4 -22.302292 2.377249 -5.037931 -14.000000 -22145.220107 0.000000
995 3 -24.990210 4.260889 -4.195979 -10.000000 -15.733342 0.000000
996 4 -24.991689 -0.112586 -5.750296 -12.000000 -31203.773642 0.000000
997 4 15.302740 -0.899023 -3.011034 -11.000000 8895.407059 0.000000
998 4 -23.252118 -0.052136 -5.141293 -12.000000 -25139.019535 0.000000
999 4 -23.219767 -1.601424 -3.995622 -9.000000 -24987.036143 0.000000
1000 4 -24.094828 -0.504476 -5.668334 -12.000000 -27954.651373 0.000000
1001 4 -24.121659 0.584489 -2.282047 -11.000000 -27692.753056 0.000000
1002 4 -21.407328 3.020652 -4.359874 -10.000000 -19565.545305 0.000000
1003 4 -22.561387 0.815749 -5.655026 -12.000000 -22920.030004 0.000000
1004 4 -23.363361 3.624692 -3.546290 -13.000000 -25339.089001 0.000000
1005 4 -24.996123 -0.437573 -4.576744 -11.000000 -31215.160325 0.000000
1006 4 -24.150618 4.989001 -1.948287 -10.000000 -27547.781441 0.000000
1007 4 -24.081651 -0.766563 -3.363323 -11.000000 -27791.220048 0.000000
1008 5 -22.336300 2.463638 -4.537828 -10.000000 539.550771 0.000000
1009 0 -23.272539 1.481087 -2.926581 -9.000000 551.549546 0.000000
1010 4 -24.943542 -1.447257 -4.420743 -11.000000 -30996.922926 0.000000
1011 2 -24.996684 0.387767 -6.195100 -11.000000 -31.584018 0.000000
1012 4 -10.970694 -1.785019 -3.806491 -13.000000 -2522.185568 0.000000
1013 4 -24.100077 3.286589 -5.056677 -12.000000 -27930.674663 0.000000
1014 4 -23.291140 -0.362486 -6.494964 -11.000000 -25135.309857 0.000000
1015 4 -21.871189 1.660641 -5.148047 -7.000000 -20891.250592 0.000000
1016 4 -24.984211 4.513127 -2.315734 -13.000000 -30653.841341 0.000000
1017 4 -24.021637 2.261086 -4.383411 -12.000000 -27673.131320 0.000000
1018 4 -22.592498 0.798875 -7.300958 -9.000000 -22726.264445 0.000000
1019 4 -24.057225 2.627929 -6.082714 -8.000000 -27747.583752 0.000000
1020 1 -23.291658 3.915048 -3.170851 -13.000000 584.826614 0.000000
1021 4 -24.995671 -0.353865 -5.127240 -10.000000 -31232.960741 0.000000
1022 4 -24.966117 -1.917002 -3.911675 -8.000000 -31019.102537 0.000000
1023 4 -24.999147 1.191690 -2.524895 -8.000000 -30880.676274 0.000000
1024 3 -14.452119 -0.834420 -4.968323 -9.000000 -9.498216 0.000000
1025 4 -23.301999 5.756669 -3.764509 -10.000000 -25046.503337 0.000000
1026 4 -24.055666 3.295778 -4.532934 -10.000000 -27764.421613 0.000000
1027 4 -21.452092 1.825597 -5.344073 -10.000000 -19687.940732 0.000000
1028 4 -24.090272 -0.113896 -3.407593 -9.000000 -27831.576842 0.000000
1029 4 -24.988101 2.711988 -4.662123 -11.000000 -31147.151585 0.000000
1030 4 -22.629595 3.892523 -2.401028 -11.000000 -22816.221658 0.000000
1031 4 -24.984910 2.763926 -4.197552 -11.000000 -31097.886584 0.000000
1032 4 -23.295913 4.808792 -2.876273 -10.000000 -24950.220873 0.000000
1033 4 1.200857 2.504552 -4.882987 -11.000000 1252.754420 0.000000
1034 4 -23.993708 1.272748 -3.643709 -1.000000 -27524.755755 0.000000
1035 0 -22.483904 2.894090 -1.463184 -12.000000 515.282624 0.000000
1036 4 -24.117166 3.837679 -5.828623 -7.000000 -27934.263682 0.000000
1037 4 -23.176083 1.214255 -4.527343 -10.000000 -24883.792259 0.000000
1038 5 -24.147293 2.086731 -6.697086 -9.000000 643.185532 0.000000
1039 2 -21.760164 0.638737 -5.465538 -12.000000 -27.346965 0.000000
1040 4 -24.112328 4.154452 -3.676694 -11.000000 -27844.132922 0.000000
1041 4 -24.988877 1.926159 -1.777017 -10.000000 -30601.168532 0.000000
1042 4 -23.322834 6.370658 -5.845891 -12.000000 -25081.702244 0.000000
1043 4 -5.196157 3.020777 -7.168649 -9.000000 1531.877183 0.000000
1044 4 -22.651153 -0.038644 -4.701972 -12.000000 -23243.659235 0.000000
1045 4 -7.974009 0.947541 24.998533 -11.000000 34885.254073 0.000000
1046 4 -24.999339 5.283996 -5.810844 -14.000000 -31061.613132 0.000000
1047 4 -24.983552 2.030862 -3.119938 -11.000000 -30948.185071 0.000000
1048 1 -23.414663 3.360042 -4.329604 -6.000000 599.720232 0.000000
1049 4 -20.646043 -0.410081 -6.836804 -13.000000 -17285.975397 0.000000
1050 3 -24.999054 -1.227070 -4.962712 -10.000000 -20.463412 0.000000
1051 4 -24.026740 1.109176 -7.939862 -14.000000 -27302.847451 0.000000
1052 4 -23.361890 4.636612 -6.166104 -12.000000 -25288.370558 0.000000
1053 4 -24.060168 2.474164 -3.884648 -8.000000 -27756.343044 0.000000
1054 4 -22.317559 0.460899 -5.236005 -15.000000 -22214.204099 0.000000
1055 4 -24.064664 3.535218 -2.709654 -13.000000 -27532.099166 0.000000
1056 4 -23.187103 1.942740 -6.767168 -9.000000 -24724.047294 0.000000
1057 4 -24.016093 2.820420 -4.500370 -11.000000 -27643.504661 0.000000
1058 4 -21.850926 1.294914 -5.801668 -12.000000 -20780.368345 0.000000
1059 4 -24.099760 -0.796411 -12.584927 -15.000000 -25129.255998 0.000000
1060 4 -24.965937 4.409512 -7.582333 -14.000000 -30720.655095 0.000000
1061 4 -22.708875 0.358517 -3.715547 -10.000000 -23368.386564 0.000000
1062 4 -24.981232 1.778436 -5.533414 -13.000000 -31155.271565 0.000000
1063 0 -23.359318 1.451037 -6.430069 -12.000000 588.349032 0.000000
1064 4 -24.104196 0.121260 -8.848814 -13.000000 -27277.168921 0.000000
1065 5 -22.669016 -1.757448 -4.789501 -11.000000 556.769804 0.000000
1066 4 -24.100980 1.770005 -7.342747 -13.000000 -27710.206094 0.000000
1067 2 -23.319678 0.798054 -5.941466 -12.000000 -29.223090 0.000000
1068 4 -24.019063 2.398055 -2.611147 -13.000000 -27393.448460 0.000000
1069 4 -24.114351 -0.427190 -4.092842 -10.000000 -28000.939933 0.000000
1070 4 -24.993996 1.128674 -5.308585 -11.000000 -31219.465331 0.000000
1071 4 -21.642777 -1.013949 -7.021234 -14.000000 -19958.816815 0.000000
1072 4 -22.586677 0.453779 -8.234276 -9.000000 -22426.048460 0.000000
1073 4 -23.392711 1.304572 -6.031166 -12.000000 -25525.470374 0.000000
1074 4 -23.965041 -0.160742 -5.337909 -11.000000 -27521.476246 0.000000
1075 4 -24.967381 0.845903 -6.875268 -13.000000 -30982.384538 0.000000
1076 1 -24.980454 -1.459859 -3.421106 -14.000000 655.822658 0.000000
1077 4 -23.255688 1.517469 -9.736090 -12.000000 -23947.896190 0.000000
1078 3 -24.056414 0.334850 -4.605077 -11.000000 -18.336487 0.000000
1079 4 -20.779880 2.276481 -6.406936 -13.000000 -17704.491302 0.000000
1080 4 -24.992738 -0.384054 -5.689706 -8.000000 -31209.987223 0.000000
1081 4 -22.390527 -0.646462 -7.832777 -7.000000 -21950.375203 0.000000
1082 4 -24.149188 -2.170239 -7.707972 -8.000000 -27780.084584 0.000000
1083 4 -23.328891 -1.392149 -6.340278 -9.000000 -25272.743658 0.000000
1084 4 -24.164865 -0.400471 -5.727972 -6.000000 -28196.701363 0.000000
1085 4 -22.595423 -1.959605 -7.046994 -5.000000 -22778.429812 0.000000
1086 4 6.082705 0.301481 -8.880225 -10.000000 5347.755874 0.000000
1087 4 -24.969304 0.662032 -5.534658 -3.000000 -31126.652936 0.000000
1088 4 -24.972790 -0.667545 -5.048444 0.000000 -31144.333634 0.000000
1089 4 -21.694211 -2.129787 -5.348667 3.000000 -20360.208265 0.000000
1090 4 -23.298497 -0.588836 -6.630757 0.000000 -25134.865783 0.000000
1091 0 -24.014807 -1.265238 -4.622467 -3.000000 598.739005 0.000000
1092 4 -24.085825 -0.574729 -5.780839 -3.000000 -27914.592067 0.000000
1093 5 -23.046019 -1.739611 -7.393023 -3.000000 597.596191 0.000000
1094 4 -24.019045 -0.764167 -4.892977 3.000000 -27709.694187 0.000000
1095 4 -24.160095 0.147395 -5.783759 2.000000 -28176.560298 0.000000
1096 4 -24.982764 -2.218567 -4.110121 -7.000000 -31097.000569 0.000000
1097 2 -24.998563 -1.188326 -8.080978 0.000000 -35.267868 0.000000
1098 4 -22.454461 0.155120 -6.452518 -1.000000 -22487.915194 0.000000
1099 4 -23.345894 0.778246 -5.134452 -3.000000 -25441.369657 0.000000
1100 4 -24.958172 -0.967769 -3.613035 -2.000000 -30963.230718 0.000000
1101 4 -21.603443 0.031492 -6.755382 -5.000000 -19915.432375 0.000000
1102 4 -24.992778 0.997948 -5.679669 -8.000000 -31205.536393 0.000000
1103 4 -23.331750 -0.081472 -4.533177 -8.000000 -25396.805816 0.000000
1104 4 -24.058139 -2.195505 -3.338712 -7.000000 -27680.702407 0.000000
1105 1 -24.997769 0.691559 -5.303978 -8.000000 678.874816 0.000000
1106 4 -20.136698 -1.125879 -4.312236 4.000000 -16322.277187 0.000000
1107 3 -22.509291 0.828010 -2.061186 -6.000000 -18.740095 0.000000
1108 4 -23.369378 -0.322734 -5.447386 1.000000 -25508.243612 0.000000
1109 4 -23.432669 0.935123 -3.145548 -2.000000 -25576.528715 0.000000
1110 4 -24.983251 -2.246767 -4.395914 -9.000000 -31125.065684 0.000000
1111 4 -24.996196 -2.473220 -2.792480 -6.000000 -30909.531920 0.000000
1112 4 2.373646 -1.460014 -4.013767 -4.000000 959.016877 0.000000
1113 4 -24.048276 -2.905419 -1.245217 -8.000000 -27056.139733 0.000000
1114 4 -24.995426 -2.291507 -2.150043 -7.000000 -30736.650722 0.000000
1115 4 -18.802965 -1.736242 -3.606576 -9.000000 -13271.459376 0.000000
1116 4 -22.593717 -2.596260 -4.502719 1.000000 -23024.304478 0.000000
1117 4 -1.466257 -1.136183 -3.019011 -8.000000 320.253909 0.000000
1118 4 -24.118344 -0.919359 -4.309076 -6.000000 -28028.532796 0.000000
1119 4 -21.253776 -2.272416 -4.765393 -9.000000 -19165.885877 0.000000
1120 5 -23.179092 -0.415183 -3.461164 -7.000000 568.280784 0.000000
1121 0 -24.152874 -0.168982 -5.180168 -10.000000 609.424038 0.000000
1122 4 -22.115909 -1.597029 -1.811127 -9.000000 -21223.870317 0.000000
1123 4 -24.023685 0.142760 -4.183221 -5.000000 -27696.171149 0.000000
1124 2 -24.992671 0.878668 -5.431382 -8.000000 -30.385384 0.000000
1125 4 -23.262973 -0.383952 -5.744593 -2.000000 -25137.627829 0.000000
1126 4 -23.282787 -2.902065 -2.858199 -9.000000 -24992.622419 0.000000
1127 4 -24.102432 -1.413655 -3.826302 -7.000000 -27920.362434 0.000000
1128 4 -22.546077 1.145307 -4.845529 -8.000000 -22912.857423 0.000000
1129 4 -24.990382 -0.891209 -6.030596 -9.000000 -31174.705715 0.000000
1130 4 -24.143457 -3.019685 -4.555039 -9.000000 -28081.006737 0.000000
1131 4 -23.975273 -1.934658 -5.678364 2.000000 -27516.789969 0.000000
1132 4 -23.157953 -1.026149 -3.375378 -8.000000 -24726.606943 0.000000
1133 1 -24.984617 -1.887131 -5.049912 -9.000000 677.673627 0.000000
1134 4 -24.998640 -0.136629 -4.109588 -9.000000 -31185.548493 0.000000
1135 3 -21.801180 -0.074773 -2.347465 -7.000000 -18.668488 0.000000
1136 4 -24.069431 0.085574 -3.599856 -5.000000 -27788.729921 0.000000
1137 4 -22.715359 -0.721333 -5.965742 -10.000000 -23364.016458 0.000000
1138 4 -24.071724 0.770759 -4.001100 -10.000000 -27841.920450 0.000000
1139 4 -24.988989 0.548706 -1.698796 -7.000000 -30594.909938 0.000000
1140 4 -23.214566 -0.718565 -5.325431 -8.000000 -25006.825085 0.000000
1141 4 -24.024306 1.879210 -2.687772 -10.000000 -27442.651668 0.000000
1142 4 -22.065937 0.291980 -6.556889 -8.000000 -21298.806226 0.000000
1143 4 -24.057311 1.445903 -4.865279 -10.000000 -27833.129489 0.000000
1144 4 -23.290375 -0.345301 -5.869180 -9.000000 -25215.682565 0.000000
1145 4 -24.084138 1.387209 -7.186335 -6.000000 -27693.036541 0.000000
1146 4 9.710314 0.377172 -3.830383 -1.000000 3384.615710 0.000000
1147 4 -22.599354 -0.979309 -4.924825 -8.000000 -23076.678716 0.000000
1148 4 -24.089164 1.785524 -2.733043 -10.000000 -27677.356639 0.000000
1149 0 -20.929326 0.698313 -6.127964 -10.000000 475.276280 0.000000
1150 4 -24.949305 -1.068129 -3.930897 -11.000000 -30974.404820 0.000000
1151 4 -23.229262 1.592852 -7.036520 -9.000000 -24813.961584 0.000000
1152 5 -24.089493 -0.119240 -5.347078 -10.000000 628.227357 0.000000
1153 2 -4.294535 1.033112 -4.615577 -9.000000 -8.697000 0.000000
1154 4 -24.988001 2.440131 -6.018727 -8.000000 -31135.746224 0.000000
1155 4 -23.116724 2.294173 -7.816494 -7.000000 -24226.978868 0.000000
1156 4 5.024673 2.401291 -6.588543 -8.000000 3021.331996 0.000000
1157 4 -24.975593 2.813513 -6.997494 -9.000000 -30948.818603 0.000000
1158 4 -21.940641 2.110046 -5.963569 -7.000000 -21002.920248 0.000000
1159 4 -23.564885 1.623015 -3.432981 -9.000000 -26046.195467 0.000000
1160 1 -24.967857 2.659146 -4.422200 -8.000000 671.869582 0.000000
1161 4 -23.973054 -0.310031 -8.146286 -10.000000 -27057.950641 0.000000
1162 3 -24.989509 3.076650 -6.267262 -10.000000 -14.845597 0.000000
1163 4 -22.828929 1.435286 -5.209285 -6.000000 -23772.975004 0.000000
1164 4 -24.993387 -1.323266 -7.343856 8.000000 -30984.450376 0.000000
1165 4 -23.448563 0.790692 -1.359586 -11.000000 -25159.065321 0.000000
1166 4 -24.069119 1.788176 -2.944542 -8.000000 -27654.441261 0.000000
1167 4 -22.068829 0.243461 -4.305962 -11.000000 -21491.631316 0.000000
1168 4 -12.990230 3.104847 -5.916263 -9.000000 -3840.276096 0.000000
1169 4 -24.073787 -0.528180 -5.105313 -7.000000 -27901.848934 0.000000
1170 4 -22.617689 1.399972 -6.506818 -11.000000 -22970.059209 0.000000
1171 4 -24.019113 2.546897 -3.710216 -10.000000 -27591.715224 0.000000
1172 4 -24.972955 -1.366488 -5.067552 -9.000000 -31136.860617 0.000000
1173 4 -21.141477 -2.321420 -2.485323 -8.000000 -18677.945256 0.000000
1174 4 -24.987787 -1.536473 -3.682785 -9.000000 -31075.513921 0.000000
1175 0 -23.341266 -2.371819 -4.515917 -9.000000 570.013740 0.000000
1176 4 11.188699 -3.251535 -3.037490 -8.000000 4152.531779 0.000000
1177 4 -24.981624 -1.151797 -4.821002 -7.000000 -31166.276302 0.000000
1178 5 -9.765991 -1.624656 -2.187839 -7.000000 114.925132 0.000000
1179 4 -16.065630 -2.599755 -3.686555 6.000000 -8248.811608 0.000000
1180 2 -23.450066 -2.851929 -1.259508 -10.000000 -28.361503 0.000000
1181 4 -22.446095 -1.495482 -4.559097 -11.000000 -22603.859108 0.000000
1182 4 -24.038969 -1.396502 -3.145789 -6.000000 -27597.960039 0.000000
1183 4 21.252081 -2.724017 -4.573344 -7.000000 22959.887985 0.000000
1184 4 -23.301346 -1.117084 -4.207079 -9.000000 -25274.417555 0.000000
1185 4 -24.100365 -0.858194 -2.535221 -10.000000 -27683.369947 0.000000
1186 4 -24.986383 -1.970982 -5.033790 -10.000000 -31174.520643 0.000000
1187 4 -24.073455 -1.948063 -5.264901 -10.000000 -27876.939153 0.000000
1188 4 -22.545776 -0.507889 -5.267270 -9.000000 -22903.634902 0.000000
1189 1 -24.163383 -0.694929 -3.692216 -11.000000 616.973347 0.000000
1190 4 -24.976389 -1.652672 -5.223040 -8.000000 -31145.274936 0.000000
1191 3 -23.321372 -1.866724 20.909101 -6.000000 -45.217197 0.000000
1192 4 -21.590789 -0.172662 -5.716893 -8.000000 -20057.749909 0.000000
1193 4 -24.138260 -0.185486 -6.858581 -10.000000 -27960.963832 0.000000
1194 4 -19.852345 -2.155089 -4.220034 -7.000000 -15620.388680 0.000000
1195 4 -22.518522 -0.893091 -5.357599 -9.000000 -22811.571984 0.000000
1196 4 -23.441851 0.128948 -3.697605 -11.000000 -25692.774117 0.000000
1197 4 18.881650 -1.812387 -5.972234 -8.000000 18041.548875 0.000000
1198 4 -24.166853 0.230743 -4.737530 -5.000000 -28224.065185 0.000000
1199 4 -23.164410 -0.869089 -7.114285 -8.000000 -24594.966054 0.000000
1200 4 -24.080304 -3.156987 -3.036414 -11.000000 -27670.931057 0.000000
1201 4 -24.179037 0.199356 -5.344876 -10.000000 -28266.564744 0.000000
1202 4 -21.843776 -0.752142 -6.406779 -9.000000 -20673.408693 0.000000
1203 0 13.798355 -1.745167 -4.287770 -11.000000 211.045185 0.000000
1204 4 -24.959579 0.325481 -5.485950 -7.000000 -31093.846518 0.000000
1205 4 -22.909781 0.669798 -1.940208 -10.000000 -23642.497013 0.000000
1206 5 -23.313414 -2.578332 -7.590140 -11.000000 611.606518 0.000000
1207 2 17.349427 -1.055162 -3.559799 -6.000000 11.854466 0.000000
1208 4 -24.113909 -0.286254 -4.733326 -9.000000 -28039.040424 0.000000
1209 4 -24.225535 0.899472 -6.616965 -7.000000 -28306.546547 0.000000
1210 4 -22.731667 -1.946697 -5.924871 -11.000000 -23400.242349 0.000000
1211 4 -24.127247 0.999638 -3.026790 -10.000000 -27884.572540 0.000000
1212 4 0.494169 -0.348119 -4.876094 -8.000000 1140.805073 0.000000
1213 4 -21.212028 -1.359366 -4.005348 -12.000000 -19068.310280 0.000000
1214 4 -24.980279 1.752377 -7.198931 -9.000000 -30957.283111 0.000000
1215 4 -24.981072 -3.039571 -5.837575 -11.000000 -31103.291285 0.000000
1216 1 -23.201095 0.500360 -4.973037 -12.000000 587.404393 0.000000
1217 4 -24.990330 1.400000 -6.485329 -10.000000 -31119.339960 0.000000
1218 3 -24.985248 -0.466293 -8.930804 -8.000000 -15.680737 0.000000
1219 4 -24.995063 3.528323 -3.931692 -5.000000 -31076.590333 0.000000
1220 4 -23.358832 0.500250 -3.004819 -12.000000 -25315.257103 0.000000
1221 4 -22.411024 -1.229576 -5.164550 -10.000000 -22491.547347 0.000000
1222 4 -24.016522 1.967513 -6.252078 -8.000000 -27604.101551 0.000000
1223 4 -23.391161 -0.214624 -7.596154 -11.000000 -25227.367456 0.000000
1224 4 -24.042558 -2.047957 -2.143907 -9.000000 -27360.057476 0.000000
1225 4 -21.772848 1.037508 -4.532017 -12.000000 -20636.893041 0.000000
1226 4 -23.398532 3.206928 -5.580055 -10.000000 -25534.955271 0.000000
1227 4 -22.458805 1.912518 -3.757866 25.000000 -22590.294466 0.000000
1228 4 -24.139103 -0.734593 -6.538304 -8.000000 -28014.377574 0.000000
1229 4 -24.044235 0.282010 -8.115876 -11.000000 -27318.219077 0.000000
1230 4 -24.957033 2.497871 -4.816146 -9.000000 -31044.853589 0.000000
1231 0 -23.385403 -2.743158 -5.725068 -6.000000 586.298405 0.000000
1232 4 -24.094160 -1.359033 -3.237050 -7.000000 -27805.015015 0.000000
1233 5 -24.989840 0.779421 -4.336997 -10.000000 663.325086 0.000000
1234 4 -20.681054 3.957224 -7.183277 -12.000000 -17191.814973 0.000000
1235 2 -22.696080 1.700266 -1.687928 -9.000000 -23.503742 0.000000
1236 4 -23.981357 -0.249045 -5.449741 -11.000000 -27573.187430 0.000000
1237 4 -24.959977 1.137842 -6.632592 -12.000000 -30988.858810 0.000000
1238 4 -22.239313 3.125987 -4.295331 -7.000000 -21933.848735 0.000000
1239 4 -23.320587 -1.722516 -2.899321 -9.000000 -25155.147233 0.000000
1240 4 -24.070532 0.278857 -5.504734 -10.000000 -27880.173402 0.000000
1241 4 -24.999606 2.352474 -8.271487 -12.000000 -30743.831730 0.000000
1242 4 -23.209202 -0.850014 -4.228046 -4.000000 -24980.973547 0.000000
1243 1 -24.024942 1.318446 -6.561287 -8.000000 652.391746 0.000000
1244 4 22.535327 -2.822548 -5.124618 -11.000000 27384.138486 0.000000
1245 4 -21.819456 0.093766 -3.567603 -10.000000 -20726.510193 0.000000
1246 3 -24.956263 4.175605 -10.692245 -11.000000 -9.308413 0.000000
1247 4 -23.222828 2.337595 -5.985532 -10.000000 -24950.454874 0.000000
1248 4 -24.026343 -0.845342 -7.581349 -8.000000 -27403.202459 0.000000
1249 4 -22.609465 0.892053 -4.792882 -12.000000 -23110.584038 0.000000
1250 4 -23.351759 -2.209216 -2.364435 -9.000000 -25124.559462 0.000000
