1 0 -14.538514 0.875652 5.097052 -25.000000 237.615103 0.000000
2 0 4.253451 -1.927813 16.615834 -25.000000 297.394246 0.000000
3 0 -9.484862 16.723492 -6.366324 -21.000000 409.587873 0.000000
4 0 -14.158408 -0.497295 -3.830805 -20.000000 214.782881 0.000000
5 0 16.064252 -2.719296 24.022478 -20.000000 841.934244 0.000000
6 0 -8.236693 10.878514 -5.261730 -18.000000 213.230984 0.000000
7 0 -6.911600 8.417350 -23.782892 -18.000000 683.607969 0.000000
8 0 -2.437351 7.313766 -12.930540 -13.000000 225.890724 0.000000
9 0 3.690990 10.153104 -20.481084 -10.000000 535.383736 0.000000
10 0 -4.872097 -6.117018 -13.563023 -9.000000 244.290827 0.000000
11 0 -22.876961 21.999229 18.399151 -8.000000 1345.010144 0.000000
12 0 21.910076 -4.104258 -19.099105 -6.000000 860.792197 0.000000
13 0 -16.497863 23.259203 -23.894603 0.000000 1383.122030 0.000000
14 0 8.116654 -11.118467 -22.077620 4.000000 675.841672 0.000000
15 0 10.928797 0.387792 -13.616492 4.000000 303.917836 0.000000
16 0 -23.627378 4.128378 -16.217267 5.000000 837.196215 0.000000
17 0 17.636561 -19.922472 3.048122 6.000000 716.124215 0.000000
18 0 24.065927 -14.499356 -13.224258 8.000000 963.121156 0.000000
19 0 -24.449497 6.231106 -22.840583 10.000000 1157.096819 0.000000
20 0 -11.798323 12.624183 -9.034733 11.000000 378.976824 0.000000
21 0 -7.177254 -16.910908 -16.565992 18.000000 610.563904 0.000000
22 0 3.886027 3.308392 -9.492800 19.000000 114.779910 0.000000
23 0 -3.509058 -20.199363 -5.585515 21.000000 450.105734 0.000000
24 0 -16.180289 -4.629485 6.206743 24.000000 320.277537 0.000000
25 0 -1.999423 3.453544 -14.447264 24.000000 223.168080 0.000000
26 1 -3.316958 23.919908 6.857353 -24.000000 607.238078 0.000000
27 1 -24.221576 -22.722206 1.462120 -23.000000 1103.732685 0.000000
28 1 -5.688724 -5.891027 -11.625689 -23.000000 253.185166 0.000000
29 1 15.252817 14.354839 11.090792 -22.000000 521.792351 0.000000
30 1 7.355038 -9.274880 -3.281393 -21.000000 168.433109 0.000000
31 1 15.068659 -2.454506 -15.939826 -21.000000 555.346441 0.000000
32 1 -11.521404 -5.639626 3.984174 -20.000000 168.885074 0.000000
33 1 13.664238 -24.458165 -8.877890 -19.000000 903.621766 0.000000
34 1 -12.880858 -10.362746 2.826318 -18.000000 274.345803 0.000000
35 1 16.583616 -22.397389 2.281087 -17.000000 777.078363 0.000000
36 1 -0.021442 -5.587856 8.726753 -16.000000 76.793797 0.000000
37 1 -15.493924 -11.991681 1.711805 -15.000000 384.245147 0.000000
38 1 -19.061524 -9.706659 -2.426688 -13.000000 477.416490 0.000000
39 1 -1.729244 22.168878 8.826582 -12.000000 541.291659 0.000000
40 1 -23.575835 10.773197 16.050203 -11.000000 869.510003 0.000000
41 1 -7.628782 -24.943464 4.662341 -11.000000 687.682760 0.000000
42 1 0.780146 -23.944161 3.605716 -11.000000 576.729817 0.000000
43 1 -1.470097 7.455311 -8.304660 -9.000000 164.108874 0.000000
44 1 0.230969 2.106557 18.512329 -7.000000 277.287944 0.000000
45 1 -6.006708 -24.778050 -24.726244 -6.000000 1364.444397 0.000000
46 1 24.514588 8.893610 -9.772465 -5.000000 818.752256 0.000000
47 1 2.112625 -3.497156 -6.958443 -4.000000 97.026988 0.000000
48 1 17.982306 -20.771397 -19.874288 -4.000000 1233.378730 0.000000
49 1 -7.383986 -18.765731 -17.391647 -3.000000 782.771901 0.000000
50 1 4.420513 19.144425 23.809093 1.000000 861.666485 0.000000
51 1 -3.869956 -13.326918 20.306897 2.000000 527.685764 0.000000
52 1 21.618096 7.881098 -1.457370 2.000000 541.367197 0.000000
53 1 -12.406195 17.186130 5.389978 5.000000 460.668686 0.000000
54 1 15.647489 -12.524062 23.010563 5.000000 843.039781 0.000000
55 1 -19.273578 -6.274771 1.087303 6.000000 411.556595 0.000000
56 1 5.146142 1.426134 -5.065139 6.000000 78.312823 0.000000
57 1 15.563987 9.270207 -9.206333 7.000000 453.616316 0.000000
58 1 22.531196 -22.560840 -17.923590 8.000000 1413.435759 0.000000
59 1 -24.841063 8.626927 -20.690753 9.000000 1206.192525 0.000000
60 1 -4.701346 -10.953476 21.433582 9.000000 519.565408 0.000000
61 1 -19.730685 13.203627 -17.581636 10.000000 946.876185 0.000000
62 1 19.924980 24.758510 9.675395 10.000000 1068.700342 0.000000
63 1 -13.098592 16.514483 12.480183 11.000000 553.915498 0.000000
64 1 24.883419 -2.256655 15.742265 11.000000 812.906879 0.000000
65 1 20.767750 5.100050 7.006327 12.000000 482.133256 0.000000
66 1 -20.753426 6.722294 -8.493205 13.000000 585.741308 0.000000
67 1 9.188644 -14.197229 9.560270 13.000000 342.890175 0.000000
68 1 19.748722 12.388509 -4.273483 13.000000 582.583758 0.000000
69 1 22.704036 7.048152 3.510313 14.000000 567.150724 0.000000
70 1 6.696213 10.530367 -23.159769 15.000000 788.441890 0.000000
71 1 21.518494 3.144919 0.740635 16.000000 474.202083 0.000000
72 1 20.531094 -19.168308 -12.210534 17.000000 990.549119 0.000000
73 1 -8.683861 9.033405 -21.913301 21.000000 728.437832 0.000000
74 1 7.496234 18.391659 17.986360 22.000000 649.570360 0.000000
75 1 9.728443 20.987535 17.666272 24.000000 780.071335 0.000000
76 2 -5.831737 -8.960161 -7.083759 -24.000000 -22.395657 0.000000
77 2 -24.113137 -16.190200 -0.277747 -19.000000 -41.201085 0.000000
78 2 4.926193 18.530545 10.812482 -19.000000 33.649219 0.000000
79 2 1.772254 -15.587610 11.921262 -17.000000 -2.554094 0.000000
80 2 -22.605975 2.497661 -5.744681 -16.000000 -26.532995 0.000000
81 2 14.307035 -19.520582 23.291055 -16.000000 17.397508 0.000000
82 2 -7.582213 -17.359256 -19.657329 -15.000000 -45.298798 0.000000
83 2 -21.918294 -10.169545 6.086042 -14.000000 -26.721796 0.000000
84 2 -20.004963 12.930173 24.689578 -14.000000 16.894788 0.000000
85 2 5.470063 9.474365 -18.758036 -14.000000 -4.533608 0.000000
86 2 21.329887 11.671916 -16.854766 -14.000000 15.427036 0.000000
87 2 19.539161 17.784338 13.160234 -13.000000 49.743733 0.000000
88 2 -20.917272 -20.474710 15.505911 -12.000000 -26.646071 0.000000
89 2 -21.784098 19.755378 6.624541 -10.000000 3.795821 0.000000
90 2 -10.741769 15.268665 -0.423321 -10.000000 3.303574 0.000000
91 2 15.821083 -15.781162 -6.034411 -7.000000 -6.854490 0.000000
92 2 8.531093 -9.884859 20.528644 -5.000000 18.274878 0.000000
93 2 13.081688 20.387423 4.387055 -5.000000 36.956167 0.000000
94 2 -17.739625 9.604763 -21.226209 -4.000000 -30.281071 0.000000
95 2 -2.853177 13.107882 -18.269428 -3.000000 -8.954723 0.000000
96 2 3.210616 24.937225 -17.142429 -3.000000 10.065411 0.000000
97 2 -16.655970 -21.881044 21.395861 -2.000000 -18.101153 0.000000
98 2 -2.080176 -23.444723 24.237290 -2.000000 -2.247609 0.000000
99 2 8.694958 -14.870473 4.564312 -1.000000 -2.591204 0.000000
100 2 23.127571 20.554067 19.176652 -1.000000 61.878290 0.000000
101 2 9.323574 -15.287395 -14.220860 0.000000 -21.184681 0.000000
102 2 -11.389554 -12.332302 -7.305350 2.000000 -32.067207 0.000000
103 2 -20.475540 -1.108355 -14.834130 3.000000 -37.478025 0.000000
104 2 -17.803758 10.369613 -1.246015 4.000000 -9.760160 0.000000
105 2 18.028613 1.304358 12.704385 4.000000 30.957356 0.000000
106 2 13.418784 24.235868 -9.935873 5.000000 26.618778 0.000000
107 2 5.710623 -17.567373 7.318302 6.000000 -5.658448 0.000000
108 2 -19.434454 16.155709 14.231056 7.000000 9.812312 0.000000
109 2 -9.683468 21.209833 -16.065327 7.000000 -5.678962 0.000000
110 2 -0.320453 -18.531010 1.215687 9.000000 -18.815776 0.000000
111 2 0.835793 -16.400221 7.663662 10.000000 -9.100766 0.000000
112 2 19.013310 5.557029 14.411320 10.000000 37.781659 0.000000
113 2 3.476038 -8.468847 -7.423288 13.000000 -13.676097 0.000000
114 2 -22.059959 -21.164216 -24.585359 14.000000 -69.089534 0.000000
115 2 -6.325696 15.990635 -2.144072 14.000000 6.240868 0.000000
116 2 -18.295160 6.545157 8.043475 15.000000 -5.006529 0.000000
117 2 -13.806225 22.836226 -13.152243 15.000000 -5.422243 0.000000
118 2 -10.373673 -3.727474 -15.330518 16.000000 -30.751666 0.000000
119 2 2.281337 -5.192917 -12.030689 16.000000 -16.262269 0.000000
120 2 -4.462328 -7.771892 -21.753338 17.000000 -35.327558 0.000000
121 2 21.146049 -14.608302 5.740099 18.000000 10.917847 0.000000
122 2 -18.951279 -11.405271 20.710325 21.000000 -11.066224 0.000000
123 2 -7.831855 19.556927 22.333207 21.000000 32.638279 0.000000
124 2 23.360712 -13.876460 13.848680 22.000000 21.892932 0.000000
125 2 4.729949 24.498143 17.281793 24.000000 45.029886 0.000000
126 3 -13.770298 11.895459 -0.023356 -24.000000 -1.331482 0.000000
127 3 17.567144 -7.225218 -8.750436 -23.000000 19.632361 0.000000
128 3 -4.126532 19.914544 -15.045330 -22.000000 31.393343 0.000000
129 3 11.818309 6.956405 -17.681384 -19.000000 37.076098 0.000000
130 3 0.115607 -8.782145 -18.440527 -18.000000 10.413989 0.000000
131 3 -21.480794 -13.570630 -10.728656 -16.000000 -23.642768 0.000000
132 3 3.002304 4.495153 0.096416 -15.000000 8.101042 0.000000
133 3 12.562714 0.533960 10.000362 -14.000000 3.816312 0.000000
134 3 20.252923 17.537564 -10.584421 -14.000000 49.094908 0.000000
135 3 -22.386961 21.412562 -11.064169 -12.000000 10.849770 0.000000
136 3 -0.517316 5.295353 4.069962 -10.000000 1.508074 0.000000
137 3 6.872080 18.151603 14.853342 -10.000000 10.970342 0.000000
138 3 12.629210 4.768424 6.556609 -9.000000 11.661025 0.000000
139 3 11.673524 -16.370760 -1.136842 -8.000000 -2.720394 0.000000
140 3 -13.564845 -15.867029 19.627035 -7.000000 -48.198910 0.000000
141 3 5.276462 -14.338749 12.342726 -6.000000 -20.525013 0.000000
142 3 17.003541 -6.659889 -15.588451 -6.000000 26.812103 0.000000
143 3 22.344442 -18.130617 -24.973626 -4.000000 30.107450 0.000000
144 3 4.086616 14.876338 20.105980 -2.000000 -0.183026 0.000000
145 3 -2.316885 -18.277115 -24.228444 -1.000000 4.614444 0.000000
146 3 -16.253289 -19.613181 16.586892 1.000000 -51.433362 0.000000
147 3 23.499180 -13.723865 22.974324 1.000000 -12.179009 0.000000
148 3 -22.404187 -19.376018 22.660247 2.000000 -63.400452 0.000000
149 3 -19.996508 4.309753 -11.993512 3.000000 -2.633242 0.000000
150 3 -5.473957 -23.287979 11.555304 3.000000 -39.257240 0.000000
151 3 1.277912 -23.614324 13.256793 3.000000 -34.533205 0.000000
152 3 2.498129 -4.972672 21.138748 3.000000 -22.553292 0.000000
153 3 11.203602 9.869679 18.623537 4.000000 3.529744 0.000000
154 3 14.121821 -3.249553 7.476128 5.000000 4.496140 0.000000
155 3 -8.537657 -1.242517 15.962578 6.000000 -24.622753 0.000000
156 3 -10.106913 -1.557839 -1.823028 7.000000 -8.701725 0.000000
157 3 11.431590 -2.900850 -21.168908 7.000000 30.839648 0.000000
158 3 7.053067 21.636635 -14.781647 8.000000 44.631350 0.000000
159 3 22.991143 18.962590 -6.778264 9.000000 49.911998 0.000000
160 3 -14.256783 11.521523 9.241400 10.000000 -10.776660 0.000000
161 3 0.417494 17.342175 -21.467286 12.000000 40.466955 0.000000
162 3 -15.976921 15.505758 19.918744 13.000000 -19.129906 0.000000
163 3 1.964018 -13.142152 -1.646769 14.000000 -8.251364 0.000000
164 3 10.468553 -0.973250 10.643617 16.000000 0.171685 0.000000
165 3 -24.716412 -3.958838 8.563422 18.000000 -35.878673 0.000000
166 3 -21.125212 -12.731932 -0.774389 19.000000 -31.702755 0.000000
167 3 -12.047970 -9.470983 17.018937 19.000000 -37.157890 0.000000
168 3 2.727322 23.673102 -15.736168 19.000000 43.516592 0.000000
169 3 -16.834971 14.192164 9.091326 20.000000 -10.334133 0.000000
170 3 12.040565 2.983529 16.878054 20.000000 -0.453961 0.000000
171 3 13.944306 22.356955 3.294550 20.000000 34.406711 0.000000
172 3 14.940998 -7.075409 -7.966005 20.000000 17.231594 0.000000
173 3 -1.270814 -7.495414 20.995284 21.000000 -28.341512 0.000000
174 3 -3.733825 18.600798 11.600514 23.000000 4.726460 0.000000
175 3 5.833352 24.127898 -12.764145 23.000000 44.185395 0.000000
176 4 20.006646 -0.153288 21.666654 -24.000000 31974.107578 0.000000
177 4 -23.038010 21.073417 -23.330376 -23.000000 -4636.112709 0.000000
178 4 6.195983 -22.943584 22.461297 -22.000000 26579.057740 0.000000
179 4 16.245268 15.137553 0.880801 -22.000000 10184.034556 0.000000
180 4 -21.350867 12.439604 -4.642786 -20.000000 -18536.439073 0.000000
181 4 -14.628357 15.794512 10.505665 -20.000000 4526.457444 0.000000
182 4 18.871134 12.138799 -2.711325 -20.000000 16299.876474 0.000000
183 4 -12.794447 22.776829 15.174950 -18.000000 15004.626263 0.000000
184 4 16.682380 20.610454 -2.282480 -18.000000 13302.112560 0.000000
185 4 -20.305574 -10.786431 -10.989798 -16.000000 -13783.119187 0.000000
186 4 6.307358 -11.362162 -4.173025 -15.000000 2646.138117 0.000000
187 4 -17.225421 3.972421 -20.369743 -12.000000 3858.065940 0.000000
188 4 7.616770 -23.059600 -20.168036 -12.000000 27167.999775 0.000000
189 4 10.010355 22.525288 14.607970 -11.000000 13249.883198 0.000000
190 4 23.943470 -17.650924 -6.402953 -11.000000 35363.019733 0.000000
191 4 -1.014539 3.619544 -11.232758 -10.000000 5940.600977 0.000000
192 4 14.636260 1.059266 5.465642 -9.000000 6652.254029 0.000000
193 4 -0.821417 20.009007 18.842166 -8.000000 20845.278704 0.000000
194 4 -9.950358 11.126279 22.083345 -7.000000 28232.198936 0.000000
195 4 16.907404 6.099710 0.361089 -7.000000 10287.141006 0.000000
196 4 -3.081522 -4.223421 14.038346 -6.000000 11081.412738 0.000000
197 4 -17.050321 4.967106 15.226754 -5.000000 7975.704130 0.000000
198 4 -18.435898 1.930725 8.316066 -4.000000 -5063.826076 0.000000
199 4 18.606752 14.688257 -16.616940 -3.000000 34455.680354 0.000000
200 4 -8.023029 -4.420038 0.434913 -2.000000 -664.915840 0.000000
201 4 13.311925 -2.046964 -22.790875 -2.000000 36629.399548 0.000000
202 4 -10.416572 -1.601818 2.501745 -1.000000 -1100.285458 0.000000
203 4 8.297809 -0.248394 -10.043931 -1.000000 7759.536657 0.000000
204 4 10.310865 -6.487137 -11.542924 0.000000 11429.705792 0.000000
205 4 12.218049 23.408014 -18.994072 0.000000 29487.405183 0.000000
206 4 17.214199 -18.928510 18.055158 0.000000 23322.090475 0.000000
207 4 1.551124 0.642120 12.945618 1.000000 8247.324053 0.000000
208 4 8.995612 -20.941194 11.322196 2.000000 8814.017880 0.000000
209 4 -9.133289 -17.917642 -4.990067 7.000000 841.738736 0.000000
210 4 -11.083797 0.034713 -14.173360 8.000000 4187.748676 0.000000
211 4 -5.386620 1.766894 -13.941388 12.000000 7725.304503 0.000000
212 4 1.022705 -21.606581 24.844159 12.000000 33653.775859 0.000000
213 4 6.492689 -16.628521 -19.300660 12.000000 23013.048561 0.000000
214 4 -23.986389 5.898390 -20.895705 15.000000 -14753.939745 0.000000
215 4 14.553767 19.387155 19.497984 17.000000 22511.394339 0.000000
216 4 -4.366046 14.517047 16.209804 18.000000 16033.500361 0.000000
217 4 9.502935 11.320492 24.588816 18.000000 28679.171276 0.000000
218 4 -15.699048 -24.231317 -2.886816 20.000000 -4204.777135 0.000000
219 4 -5.167663 -3.187755 19.387668 22.000000 21047.103238 0.000000
220 4 12.909186 -22.199722 13.540494 22.000000 13485.743118 0.000000
221 4 7.895083 -11.709261 2.737337 23.000000 1899.590358 0.000000
222 4 11.041923 -12.985100 -12.516456 23.000000 14253.239216 0.000000
223 4 -6.459902 -8.018811 -5.896676 24.000000 817.207295 0.000000
224 4 19.263435 -7.993129 -3.412719 25.000000 17176.386289 0.000000
225 4 20.994674 -21.229916 23.553790 25.000000 40332.284383 0.000000
226 5 9.818773 -9.139710 10.288903 -24.000000 3.328183 0.000000
227 5 18.417487 8.090833 -0.953140 -24.000000 347.302093 0.000000
228 5 10.631856 16.334033 5.820420 -22.000000 60.212583 0.000000
229 5 24.664746 23.103011 7.992226 -22.000000 535.979649 0.000000
230 5 23.636282 -17.140457 -10.305092 -21.000000 650.999669 0.000000
231 5 -18.055950 -24.030739 -3.185156 -17.000000 354.343751 0.000000
232 5 -14.889831 5.642031 2.095940 -17.000000 202.503613 0.000000
233 5 -12.325576 -0.714643 -22.570659 -15.000000 354.755758 0.000000
234 5 -2.612475 16.940755 -8.077506 -13.000000 79.262577 0.000000
235 5 -23.284330 -15.147803 -24.198715 -9.000000 759.768480 0.000000
236 5 -13.221549 2.266590 17.495941 -8.000000 17.185902 0.000000
237 5 -15.280742 -20.329058 9.963895 -5.000000 143.726033 0.000000
238 5 -18.683388 -10.403276 -23.422777 -4.000000 559.793974 0.000000
239 5 2.847996 -12.085732 -7.626542 0.000000 76.749961 0.000000
240 5 -8.871809 2.767354 -22.327404 9.000000 279.835633 0.000000
241 5 -10.810260 7.646235 -18.198162 11.000000 280.865168 0.000000
242 5 -15.180503 -8.350587 12.110568 13.000000 121.712570 0.000000
243 5 -9.235115 17.985894 -3.717756 14.000000 119.027160 0.000000
244 5 -17.437920 8.210051 -4.464176 16.000000 344.578638 0.000000
245 5 -11.816599 13.448938 23.647946 17.000000 -72.859507 0.000000
246 5 24.288096 -5.215347 4.836303 17.000000 546.724858 0.000000
247 5 18.308996 13.918872 -19.564148 18.000000 511.656673 0.000000
248 5 -0.758684 -6.813210 21.978166 20.000000 -196.827896 0.000000
249 5 22.163717 13.722565 13.713374 23.000000 368.269978 0.000000
250 5 -6.647597 -21.458629 1.916103 25.000000 27.445620 0.000000
251 4 -13.668821 4.913034 5.349526 -19.000000 -1532.582062 0.000000
252 4 -10.463909 10.773197 -22.104503 -18.000000 18029.767878 0.000000
253 4 -11.389554 -11.817769 -7.218502 0.000000 -993.331996 0.000000
254 0 -12.324820 7.646235 -10.884551 11.000000 327.619551 0.000000
255 5 22.050356 -15.154502 -22.226609 6.000000 686.377704 0.000000
256 5 14.553767 19.243701 17.043922 18.000000 58.776843 0.000000
257 1 -17.050321 4.967106 15.205908 2.000000 489.741606 0.000000
258 0 13.081688 20.387423 3.140606 -5.000000 595.740994 0.000000
259 4 11.478595 -20.358236 10.741972 2.000000 9249.467758 0.000000
260 4 -7.884514 -17.546638 -19.657329 -15.000000 16852.198278 0.000000
261 2 5.470063 9.474365 17.524949 -10.000000 31.669377 0.000000
262 4 -7.955111 0.034713 -14.173360 10.000000 6659.462292 0.000000
263 5 -8.537657 -1.242517 11.403574 10.000000 -29.540566 0.000000
264 0 17.051824 -2.256655 15.742265 12.000000 542.436119 0.000000
265 5 20.870844 5.557029 14.411320 11.000000 306.110235 0.000000
266 1 7.838769 -9.728061 21.379660 -6.000000 531.772695 0.000000
267 3 8.109821 -5.276812 -22.077620 5.000000 26.010629 0.000000
268 1 9.778452 21.807002 -18.994072 0.000000 1011.914521 0.000000
269 1 -1.470097 7.455311 -7.545977 -9.000000 149.048526 0.000000
270 2 4.603794 12.911771 16.691780 -25.000000 33.707345 0.000000
271 2 23.360712 -14.240049 14.167377 20.000000 21.888039 0.000000
272 0 -22.404187 -19.376018 22.660247 2.000000 1389.824456 0.000000
273 5 9.327237 -15.287395 -19.945539 -4.000000 266.427195 0.000000
274 5 -11.941112 -12.920850 -1.501199 7.000000 156.240954 0.000000
275 1 -23.188077 -10.542841 -23.267714 11.000000 1287.075756 0.000000
276 4 -23.464391 8.417350 17.863384 -11.000000 479.325498 0.000000
277 2 -0.029972 0.642120 12.741876 1.000000 12.334023 0.000000
278 1 19.836979 -19.223508 -23.143199 17.000000 1394.889454 0.000000
279 3 5.567942 -3.997442 4.526787 -7.000000 -2.096287 0.000000
280 1 -14.256783 11.664977 9.147360 10.000000 390.212295 0.000000
281 1 5.276462 -16.994582 12.363572 -6.000000 424.180509 0.000000
282 4 24.514588 8.893610 -9.772465 -5.000000 40416.133392 0.000000
283 3 22.209430 -18.033273 -23.596924 -4.000000 28.693080 0.000000
284 1 2.281337 -5.005535 -12.030689 13.000000 226.860106 0.000000
285 1 0.230969 -0.382598 -17.769863 -7.000000 391.187214 0.000000
286 5 -4.407315 -21.606581 24.844159 12.000000 -203.933008 0.000000
287 2 4.926193 18.530545 15.845094 -19.000000 38.681831 0.000000
288 4 24.889533 -19.298508 19.756061 0.000000 44289.428057 0.000000
289 4 23.943470 -17.650924 -6.402953 -12.000000 35362.999733 0.000000
290 1 -6.691661 -18.922530 -18.300013 -3.000000 814.990999 0.000000
291 0 4.815593 0.412559 -13.616492 4.000000 207.688980 0.000000
292 0 -13.221549 2.266590 17.495941 -8.000000 485.214742 0.000000
293 3 -14.889831 5.642031 2.095940 -23.000000 -10.803740 0.000000
294 0 -11.092112 -1.927813 -0.499274 -6.000000 126.120683 0.000000
295 3 -20.305574 -10.786431 -10.399732 -16.000000 -20.012273 0.000000
296 5 -15.280742 -20.727684 9.645199 -4.000000 146.614298 0.000000
297 3 9.502935 17.696929 24.588816 18.000000 3.971049 0.000000
298 2 17.978643 -20.771397 -14.149609 0.000000 -17.942363 0.000000
299 4 -8.871809 2.767354 -20.794249 9.000000 16358.955313 0.000000
300 2 8.887314 -4.972672 24.705135 3.000000 27.559777 0.000000
301 2 -18.951279 -11.720831 20.710325 23.000000 -11.421784 0.000000
302 1 -11.460654 -15.867029 16.756503 -7.000000 601.003576 0.000000
303 2 -15.820277 -24.231317 -1.444256 18.000000 -42.855850 0.000000
304 1 -10.416572 9.137883 2.501745 -1.000000 192.277636 0.000000
305 1 -11.816599 13.448938 20.691267 17.000000 669.529406 0.000000
306 2 -1.162434 2.789390 -11.181852 17.000000 -10.894896 0.000000
307 2 -20.305574 -10.994277 -10.989798 -2.000000 -43.249648 0.000000
308 3 -22.404187 -18.647763 22.660247 2.000000 -62.672197 0.000000
309 2 -22.514708 21.194412 -23.330376 -1.000000 -25.630672 0.000000
310 2 -20.798554 -20.212618 15.505911 -16.000000 -26.185261 0.000000
311 5 8.354791 -5.685124 -6.867870 -24.000000 131.133352 0.000000
312 5 -0.758684 16.021692 21.906561 20.000000 -196.183448 0.000000
313 2 18.278959 -12.332302 -7.305350 -3.000000 -2.298694 0.000000
314 0 3.221484 -8.468847 -7.189997 19.000000 132.415383 0.000000
315 2 -0.320453 -18.531010 1.153651 -17.000000 -18.357812 0.000000
316 1 -15.293380 -13.013235 -10.180369 -15.000000 551.893132 0.000000
317 1 -21.091461 14.371407 -21.389779 -20.000000 1198.868848 0.000000
318 4 -15.448694 4.216342 -20.629059 -21.000000 7764.809266 0.000000
319 0 -5.306349 -21.606581 24.844159 10.000000 1111.033891 0.000000
320 3 -18.435898 -7.365262 7.136403 -3.000000 -31.997563 0.000000
321 2 -7.582213 -21.029901 -19.065717 -15.000000 -48.377831 0.000000
322 4 -7.820479 -14.298622 -9.633912 -16.000000 3366.485008 0.000000
323 3 -8.281251 -12.731932 -0.774389 17.000000 -18.898794 0.000000
324 0 -24.113137 -15.697619 -0.277747 -19.000000 827.315777 0.000000
325 0 5.276462 -20.693309 15.586151 -6.000000 698.102209 0.000000
326 3 23.499180 -13.408305 21.591264 5.000000 -10.400389 0.000000
327 3 -13.628128 -1.110456 19.690581 19.000000 -33.049165 0.000000
328 2 -20.354310 -3.205015 -14.834130 3.000000 -39.453456 0.000000
329 4 -20.296791 -1.134938 -21.226209 -6.000000 -2321.612286 0.000000
330 1 -10.373673 -3.727474 -18.028124 11.000000 522.412926 0.000000
331 0 -16.871699 -19.613181 16.586892 2.000000 943.416080 0.000000
332 4 -16.655970 -21.881044 21.395861 -16.000000 24698.820091 0.000000
333 1 7.465084 -5.700907 24.344792 3.000000 587.457550 0.000000
334 2 1.277912 -23.483276 13.256793 -21.000000 -9.528571 0.000000
335 1 -11.508266 -12.079859 -7.218502 -1.000000 363.363958 0.000000
336 2 -4.862953 -15.385996 -14.047656 -1.000000 -35.276605 0.000000
337 1 -15.976921 -7.329203 19.990349 12.000000 632.391858 0.000000
338 5 -11.083671 -20.771397 -14.149609 0.000000 250.194257 0.000000
339 1 -24.613227 -2.111447 13.575639 13.000000 744.004594 0.000000
340 3 -21.918294 -10.169545 8.602771 8.000000 -39.530610 0.000000
341 2 -14.889831 5.642031 2.095940 -23.000000 -7.691860 0.000000
342 2 -4.720916 -7.771892 -4.535412 17.000000 -18.368219 0.000000
343 5 -23.840988 5.837358 5.088061 17.000000 522.940143 0.000000
344 4 -10.107310 -4.420038 0.434913 -2.000000 -1595.082517 0.000000
345 4 -1.270814 -5.206657 20.995284 21.000000 23162.910323 0.000000
346 2 -22.059959 -17.493571 -24.944044 14.000000 -65.777574 0.000000
347 1 -21.428042 -1.242517 17.292760 6.000000 694.453325 0.000000
348 5 -21.381354 -1.242517 11.403574 10.000000 354.730139 0.000000
349 2 -22.605975 2.005086 -4.689453 -16.000000 -25.970342 0.000000
350 0 -0.320453 -18.803633 0.984329 10.000000 353.448196 0.000000
351 0 -15.820277 -24.253209 -1.444256 -18.000000 839.945183 0.000000
352 2 -11.816599 13.448938 21.226360 -1.000000 21.878699 0.000000
353 2 -20.365165 -7.649496 17.018937 19.000000 -12.375724 0.000000
354 2 -0.242348 -21.029901 -19.065717 -15.000000 -41.037967 0.000000
355 3 -24.800955 2.184692 10.663517 -13.000000 -32.539780 0.000000
356 2 -24.278791 -24.050094 -4.052169 20.000000 -53.781054 0.000000
357 2 -10.373673 -3.727474 -15.330518 8.000000 -30.591666 0.000000
358 3 1.593435 -23.614324 13.475318 3.000000 -34.436207 0.000000
359 4 -20.794567 -12.731932 -0.316908 19.000000 -16193.840463 0.000000
360 2 -19.380410 1.705383 -19.217109 -1.000000 -37.872136 0.000000
361 5 -20.296791 -1.134938 -24.787557 -6.000000 634.927753 0.000000
362 3 -18.990297 1.930725 -20.860895 -5.000000 4.701324 0.000000
363 2 -22.059959 -21.164216 -22.915128 13.000000 -67.399303 0.000000
364 2 -21.346787 12.540709 -4.642786 -20.000000 -14.048863 0.000000
365 2 -21.909754 2.035874 -5.744681 -17.000000 -26.278561 0.000000
366 1 -11.365248 -11.817769 -7.447636 0.000000 358.086363 0.000000
367 4 -13.628128 -19.546866 19.690581 18.000000 22805.289148 0.000000
368 3 -0.301147 -6.515576 18.688267 2.000000 -24.464989 0.000000
369 4 -10.075676 -4.420038 0.434913 -1.000000 -1577.411837 0.000000
370 2 -4.462328 -0.685984 -14.894101 5.000000 -21.142413 0.000000
371 2 -18.435898 -7.365262 9.276017 -3.000000 -17.465143 0.000000
372 1 -22.212728 -18.647763 21.184470 0.000000 1209.188252 0.000000
373 2 0.248341 16.021692 -17.218720 20.000000 -2.348688 0.000000
374 1 -11.522647 -12.332302 -7.422517 0.000000 373.640884 0.000000
375 4 -1.270814 -7.495414 20.995284 20.000000 23337.321989 0.000000
376 5 -12.656064 -17.014704 -19.657329 12.000000 337.331910 0.000000
377 2 -20.305574 -14.297715 -12.785412 15.000000 -48.688701 0.000000
378 0 -11.988378 -10.800406 -10.989798 -18.000000 380.505638 0.000000
379 4 -10.416572 1.938137 2.501745 -1.000000 -1093.142129 0.000000
380 2 -22.516575 -3.841742 -4.742711 16.000000 -32.421028 0.000000
381 3 -15.699048 -15.624499 -9.769279 -19.000000 -20.934267 0.000000
382 3 -21.918294 -9.603558 8.602771 16.000000 -38.804623 0.000000
383 0 -13.880367 -15.867029 19.408510 -7.000000 820.257491 0.000000
384 4 -21.129199 -20.212618 15.048428 -22.000000 2547.246642 0.000000
385 0 -22.306878 20.442241 -21.103591 -4.000000 1359.923565 0.000000
386 4 -22.059959 -17.493571 -21.342579 13.000000 -5638.557315 0.000000
387 0 -21.133440 20.963859 4.559959 -23.000000 906.358890 0.000000
388 3 -4.007604 -23.287979 10.166395 3.000000 -36.401978 0.000000
389 4 -20.093138 -3.306120 -14.834130 3.000000 -10524.486284 0.000000
390 2 -22.614515 -9.707758 6.086042 -11.000000 -27.016231 0.000000
391 1 -10.730663 -4.420038 0.664047 -2.000000 136.508641 0.000000
392 4 -16.253289 -0.635873 12.340473 2.000000 3883.214096 0.000000
393 5 -20.728568 -19.673629 21.959958 19.000000 232.413898 0.000000
394 5 -4.370415 -21.606581 24.844159 12.000000 -204.256902 0.000000
395 2 -17.547162 -8.194262 -21.693365 17.000000 -48.774789 0.000000
396 2 -19.816513 -20.474710 15.431373 -12.000000 -25.619850 0.000000
397 2 -7.042377 -15.385996 -13.603439 -1.000000 -37.011812 0.000000
398 4 -24.513024 5.898390 21.002227 11.000000 4822.899613 0.000000
399 2 -8.404565 -1.242517 9.428426 10.000000 -1.418657 0.000000
400 0 -20.745795 4.913034 5.503610 -19.000000 484.195648 0.000000
401 4 -1.465405 16.021692 21.906561 23.000000 26621.532165 0.000000
402 4 -5.885483 -23.287979 11.793025 3.000000 11518.911475 0.000000
403 3 -20.305574 -11.000981 -10.989798 1.000000 -19.296758 0.000000
404 2 -24.278791 -20.012416 -5.239467 19.000000 -50.910674 0.000000
405 2 -9.124233 -4.420038 0.434913 -16.000000 -13.789357 0.000000
406 5 -8.363341 -21.329497 3.678882 12.000000 37.075541 0.000000
407 3 -11.713850 -15.255557 17.018937 19.000000 -42.608344 0.000000
408 4 -20.256419 -11.438360 -12.593077 -12.000000 -12359.276822 0.000000
409 2 -19.380654 11.675762 -4.642786 -20.000000 -12.947678 0.000000
410 4 -20.344071 1.938137 2.743174 15.000000 -14358.820838 0.000000
411 3 -7.582213 -21.029901 -24.736422 -18.000000 -3.235692 0.000000
412 3 -10.075676 -4.420038 0.434913 -1.000000 -13.950627 0.000000
413 1 -10.636525 13.448938 23.663970 17.000000 762.997209 0.000000
414 5 -16.255311 -24.265035 12.823361 1.000000 148.844871 0.000000
415 2 -13.668821 4.744689 -14.043635 -20.000000 -23.567767 0.000000
416 2 -20.093138 -3.306120 -14.834130 3.000000 -39.293388 0.000000
417 0 -9.878504 -4.479049 22.660247 -2.000000 630.173507 0.000000
418 4 -22.972720 21.073417 -23.330376 -23.000000 -4404.589487 0.000000
419 2 -2.569849 -12.465135 21.978166 16.000000 5.623182 0.000000
420 3 -4.151155 -22.469625 10.166395 3.000000 -35.727175 0.000000
421 2 -17.507391 -8.177833 -14.834130 3.000000 -41.579354 0.000000
422 4 -24.109853 -12.804889 4.838844 -19.000000 -22184.198698 0.000000
423 2 -7.582213 -17.359256 -19.657329 -19.000000 -45.218798 0.000000
424 1 -22.404187 -19.835828 22.660247 2.000000 1322.213464 0.000000
425 5 -21.918294 -10.169545 8.602771 9.000000 403.166661 0.000000
426 5 -19.589545 -1.134938 -21.226209 -6.000000 574.666136 0.000000
427 3 -10.978028 -11.817769 -6.151095 1.000000 -15.624702 0.000000
428 2 -5.875355 -7.765187 -23.364990 11.000000 -38.225533 0.000000
429 2 -15.820277 -24.233848 -1.498460 18.000000 -42.912585 0.000000
430 5 0.858856 -21.029901 -19.065717 -1.000000 172.309089 0.000000
431 5 -20.794567 -13.009001 24.502779 18.000000 212.248983 0.000000
432 2 -4.862953 -9.601422 -6.775507 -5.000000 -22.139882 0.000000
433 2 -18.485053 1.811281 8.123732 15.000000 -9.850040 0.000000
434 2 -21.350623 1.705383 -19.217109 -1.000000 -39.842349 0.000000
435 2 -9.242990 -17.493571 -20.641510 0.000000 -48.378072 0.000000
436 2 -22.150731 -17.493571 -19.193376 15.000000 -60.137679 0.000000
437 3 -13.564845 -15.867029 19.627035 -11.000000 -48.278910 0.000000
438 1 -11.751081 -1.601818 1.790325 2.000000 140.657681 0.000000
439 4 -15.697026 -19.578330 -2.886816 17.000000 -5424.940441 0.000000
440 4 -7.042377 -15.217644 5.789725 0.000000 3427.594202 0.000000
441 4 -20.475540 -1.108355 -14.834130 3.000000 -11607.666258 0.000000
442 1 -22.631156 -23.530386 0.434913 6.000000 1068.177760 0.000000
443 3 -24.051679 5.898390 -20.895705 15.000000 4.042416 0.000000
444 5 -22.174117 -24.723384 -24.585359 14.000000 713.239698 0.000000
445 3 -21.772311 -10.416588 8.602771 14.000000 -39.511671 0.000000
446 2 -20.394081 -3.221444 -18.535422 17.000000 -43.490948 0.000000
447 3 -24.719696 -4.792155 7.500451 16.000000 -35.692301 0.000000
448 2 -22.059959 -22.744885 -21.736502 14.000000 -67.821345 0.000000
449 4 -9.883733 -21.606581 24.844159 12.000000 37376.724536 0.000000
450 2 -19.380410 1.335122 -19.453812 -3.000000 -38.439100 0.000000
451 3 -21.350867 12.439604 -12.328791 12.000000 4.657528 0.000000
452 3 -16.206187 -11.438360 -14.230961 1.000000 -12.393586 0.000000
453 1 -11.629181 1.930725 -6.197313 -4.000000 206.241498 0.000000
454 3 -20.794567 -12.731932 -0.316908 21.000000 -31.789590 0.000000
455 1 -22.731692 20.931793 -14.187017 -23.000000 1217.349254 0.000000
456 4 -23.313929 -1.491848 -21.226209 -6.000000 -11942.757989 0.000000
457 3 -22.059959 -17.420266 -3.230518 20.000000 -34.849707 0.000000
458 2 -22.123772 -17.321326 -19.193376 15.000000 -59.938474 0.000000
459 5 -20.475540 0.176367 -14.019313 4.000000 545.501536 0.000000
460 0 -24.278791 -20.012416 -5.239467 15.000000 1016.108491 0.000000
461 3 -22.404187 -19.376018 19.520499 2.000000 -60.260704 0.000000
462 5 -15.319856 13.448938 21.606556 16.000000 40.558980 0.000000
463 2 -0.758684 -21.152756 8.154372 20.000000 -15.157068 0.000000
464 5 -24.278791 -20.783914 22.941903 20.000000 383.382568 0.000000
465 0 -22.404187 -20.872048 -17.705735 5.000000 1249.983019 0.000000
466 2 -20.271456 -10.994942 -19.162240 16.000000 -51.748637 0.000000
467 2 -20.317674 -9.835170 -24.585359 11.000000 -55.958203 0.000000
468 4 -13.336195 -4.420038 0.434913 -1.000000 -4081.382780 0.000000
469 2 -19.370349 6.214655 -19.352864 16.000000 -33.828558 0.000000
470 2 -14.860997 -16.142898 -19.552641 -18.000000 -51.196536 0.000000
471 0 -6.409598 -4.420038 0.434913 -2.000000 59.848828 0.000000
472 4 -0.672917 19.148253 19.623561 20.000000 22116.100394 0.000000
473 3 -20.394081 -3.266051 -18.219527 16.000000 -4.120606 0.000000
474 4 -23.038010 21.175308 -20.644455 -23.000000 -9224.645789 0.000000
475 3 -16.289660 -18.904696 -2.886816 20.000000 -30.907539 0.000000
476 1 -4.407315 -21.606581 24.844159 -24.000000 1008.604342 0.000000
477 4 -16.253289 -19.613181 17.601591 -12.000000 15880.436928 0.000000
478 4 -18.152248 -11.817769 7.294877 0.000000 -4935.877771 0.000000
479 4 -22.617706 -3.168828 -22.939281 3.000000 -6489.685467 0.000000
480 2 -17.404807 -20.351092 -24.944044 13.000000 -63.959943 0.000000
481 2 -15.699048 -21.129170 -20.997547 13.000000 -59.085765 0.000000
482 4 -15.847233 -24.392203 -1.498460 18.000000 -4214.316917 0.000000
483 0 -20.058758 -14.297715 -12.785412 17.000000 768.905186 0.000000
484 5 -20.344071 1.938137 2.743174 19.000000 389.572659 0.000000
485 3 -13.564845 -15.867029 22.766783 -7.000000 -51.338657 0.000000
486 5 -9.085296 -19.534734 -19.709882 1.000000 259.951553 0.000000
487 5 -22.059959 -6.824434 -21.876005 13.000000 683.785825 0.000000
488 2 -4.862344 -24.036736 -3.453299 12.000000 -33.592380 0.000000
489 0 -3.946848 -22.573518 22.239632 -16.000000 1019.062580 0.000000
490 4 -17.581280 -10.434172 -10.989798 -2.000000 -7570.385339 0.000000
491 2 -22.047859 -22.387687 -15.099283 -16.000000 -60.214829 0.000000
492 2 -5.523982 -17.359256 -18.974586 -19.000000 -42.477824 0.000000
493 4 -12.487160 -4.736303 -3.437891 -7.000000 -3732.355897 0.000000
494 4 -13.635567 4.913034 5.349526 -15.000000 -1500.821336 0.000000
495 2 -17.586247 -20.423401 -1.444256 18.000000 -40.813904 0.000000
496 5 -13.650612 -18.510708 22.303333 -12.000000 -14.630784 0.000000
497 2 -24.109853 -12.804889 4.478013 -19.000000 -33.056729 0.000000
498 2 -22.241945 -22.738582 -21.736502 16.000000 -68.037029 0.000000
499 0 -10.457152 -1.601818 2.501745 1.000000 117.156570 0.000000
500 4 -9.500379 -23.249047 2.501745 17.000000 2587.331433 0.000000
501 4 -5.251829 -21.606581 -15.279489 12.000000 12352.412431 0.000000
502 3 -21.987389 -19.376018 22.626518 15.000000 -62.689925 0.000000
503 4 -23.038010 21.654073 -23.330376 -23.000000 -4487.252777 0.000000
504 4 -19.533916 -3.306120 -14.834130 3.000000 -9087.822319 0.000000
505 0 -20.718125 13.448938 24.664233 17.000000 1217.099038 0.000000
506 3 -21.851697 -18.598782 -19.193376 17.000000 -19.917102 0.000000
507 2 -23.027408 21.175308 -20.644455 -20.000000 -23.096556 0.000000
508 3 -20.843293 -19.303732 19.520499 2.000000 -58.627524 0.000000
509 4 -20.175930 -1.108355 -14.255878 20.000000 -11397.474444 0.000000
510 4 -11.159144 -11.817769 -9.376061 -3.000000 469.797494 0.000000
511 4 -21.312717 -24.734368 -1.480462 18.000000 -15246.098050 0.000000
512 0 -20.909969 -10.786431 -10.318284 -16.000000 659.360882 0.000000
513 4 -18.435898 3.136579 8.316066 -4.000000 -5027.163519 0.000000
514 3 -9.977858 -4.813539 5.349526 -2.000000 -19.180923 0.000000
515 5 -10.075676 -4.420038 1.223844 -1.000000 90.484655 0.000000
516 1 -0.758684 -21.043918 21.978166 20.000000 842.149233 0.000000
517 1 -15.860954 -12.804889 5.092448 -23.000000 425.558270 0.000000
518 4 -13.453474 -11.558692 -10.989798 -5.000000 -788.755586 0.000000
519 4 -8.023029 -4.420038 2.197615 -2.000000 -114.799516 0.000000
520 4 -10.416572 -12.782840 7.312088 0.000000 3323.493437 0.000000
521 4 -22.059959 -17.493571 -20.926806 13.000000 -6325.527112 0.000000
522 3 -15.699048 -24.231317 -2.886816 21.000000 -35.623548 0.000000
523 2 -22.047740 -23.328650 -14.281898 -16.000000 -60.338289 0.000000
524 5 -15.566752 -21.606581 -3.249539 13.000000 271.829616 0.000000
525 0 -21.176016 -21.164216 22.501414 13.000000 1401.401368 0.000000
526 3 -20.344071 1.938137 2.624476 2.000000 -19.990410 0.000000
527 4 -22.617706 -4.338864 -22.939281 6.000000 -6436.919838 0.000000
528 4 -18.182705 -11.438360 -8.091187 -11.000000 -10332.898814 0.000000
529 4 -11.395258 -1.134938 -23.581252 -6.000000 19313.360050 0.000000
530 2 -17.404807 -20.419899 -24.944044 14.000000 -64.048751 0.000000
531 4 -22.670082 -17.493571 -24.944044 14.000000 -1043.097640 0.000000
532 1 -22.404187 -18.647763 22.660247 2.000000 1276.492472 0.000000
533 0 -1.057584 16.074479 21.281776 3.000000 711.361351 0.000000
534 4 -21.350867 12.439604 -2.367360 -19.000000 -18316.817526 0.000000
535 2 -21.637353 -22.738582 -21.237663 14.000000 -66.893598 0.000000
536 4 -15.329082 -12.152082 0.641242 20.000000 -5554.385414 0.000000
537 4 -14.647765 4.913034 3.517536 -14.000000 -3931.824820 0.000000
538 3 -12.487160 -5.942156 -3.437891 -10.000000 -14.191426 0.000000
539 4 -14.203738 6.010144 0.434913 -20.000000 -4910.757330 0.000000
540 4 -10.416572 1.938137 6.174382 3.000000 1338.729742 0.000000
541 2 -19.180242 -6.933275 -24.585359 14.000000 -51.978876 0.000000
542 2 -23.458405 -24.960611 -21.437953 16.000000 -71.176969 0.000000
543 5 -24.652502 3.914886 0.434913 -1.000000 603.811649 0.000000
544 4 -23.027438 21.073417 -23.847244 -22.000000 -3627.673558 0.000000
545 4 -18.152248 -1.280743 4.866587 -1.000000 -8170.735920 0.000000
546 2 -22.059959 -24.390990 -16.446185 14.000000 -64.177134 0.000000
547 4 -23.986389 5.214796 -19.722264 15.000000 -16596.260076 0.000000
548 2 -21.441653 -17.493571 -19.193376 15.000000 -59.428600 0.000000
549 0 -4.537588 -19.288928 24.629210 17.000000 997.910470 0.000000
550 0 -24.014269 -13.138555 -20.375384 -20.000000 1163.863023 0.000000
551 1 -20.317478 -1.173124 2.676350 0.000000 414.633583 0.000000
552 2 -22.973297 4.387419 -21.167307 -4.000000 -40.673186 0.000000
553 4 -21.350867 12.439604 2.789178 -20.000000 -15903.019798 0.000000
554 2 -23.329014 20.932308 2.943097 -20.000000 -0.053609 0.000000
555 1 -20.794567 -13.462454 -20.508115 19.000000 1119.886925 0.000000
556 4 -20.194854 -17.493571 -21.229832 18.000000 -201.243034 0.000000
557 2 -18.273191 -17.349930 -21.342579 12.000000 -58.205701 0.000000
558 4 -18.435898 23.449243 -24.802914 -2.000000 12640.488465 0.000000
559 3 -13.392983 4.913034 5.349526 -21.000000 -13.249475 0.000000
560 5 -22.575211 -10.431917 -7.175060 0.000000 574.215704 0.000000
561 4 -20.475540 -16.967411 -14.834130 3.000000 -9887.678747 0.000000
562 1 -18.088270 -3.306120 -15.379835 -1.000000 640.194615 0.000000
563 5 -24.957381 9.330889 -16.879100 15.000000 775.082772 0.000000
564 4 -20.180691 -11.438360 -8.091187 -11.000000 -14909.721402 0.000000
565 2 -9.546112 -4.167842 -24.151078 -24.000000 -38.385032 0.000000
566 4 -12.502751 -1.601818 2.501745 -7.000000 -2540.381307 0.000000
567 3 -13.453474 -11.442656 -10.989798 -6.000000 -13.026333 0.000000
568 0 -21.975107 -15.930091 -1.468781 24.000000 737.350425 0.000000
569 0 -23.986389 0.319061 4.896035 15.000000 598.119799 0.000000
570 4 -18.152248 -11.817769 -0.111097 -1.000000 -10432.862784 0.000000
571 4 -15.091575 -24.392203 -1.498460 16.000000 -3156.290750 0.000000
572 4 -15.471470 -12.152082 0.641242 19.000000 -5745.858612 0.000000
573 4 -22.617706 -3.258879 -24.723419 3.000000 -3077.116044 0.000000
574 2 -7.881449 -4.355268 -14.255878 21.000000 -27.912595 0.000000
575 3 -20.296214 19.438844 -15.617076 -24.000000 15.279707 0.000000
576 4 -10.272786 0.233439 -4.930219 -1.000000 -1809.911829 0.000000
577 4 -14.737971 5.053703 -23.152600 -22.000000 13760.407963 0.000000
578 3 -23.038010 19.589121 -0.452206 -23.000000 -2.456684 0.000000
579 4 -23.882426 -1.491848 -20.923183 -7.000000 -14515.579103 0.000000
580 5 -21.348754 1.787115 8.316066 -3.000000 380.864727 0.000000
581 4 -23.038010 1.253349 13.201621 -23.000000 -8229.272200 0.000000
582 4 -20.532257 -9.375668 -12.593077 -15.000000 -13351.187096 0.000000
583 4 -11.623106 12.439604 -2.410801 -19.000000 -2211.753761 0.000000
584 5 -22.670082 -3.866472 -24.944044 14.000000 738.709001 0.000000
585 4 -13.287346 -4.420038 -1.149164 2.000000 -4428.680948 0.000000
586 4 -4.370415 -21.389534 21.313572 12.000000 27638.712429 0.000000
587 1 -10.274954 -9.865123 -10.989798 -2.000000 371.670175 0.000000
588 2 -24.999094 21.495631 2.399237 -7.000000 -1.964226 0.000000
589 4 -9.844129 -4.736303 -3.437891 -1.000000 -1692.825957 0.000000
590 4 -16.987678 -19.694365 -2.886816 15.000000 -7451.884878 0.000000
591 4 -15.673933 -24.734368 -2.898497 17.000000 -4020.707043 0.000000
592 1 -13.635567 5.162129 -20.437111 -19.000000 716.380217 0.000000
593 1 -20.305574 -10.786431 -10.989798 -16.000000 697.718278 0.000000
594 4 -10.075676 -4.420038 7.840887 0.000000 3127.649330 0.000000
595 4 -22.617706 -4.338864 -23.710134 6.000000 -5003.043694 0.000000
596 3 -18.009861 -1.250450 4.866587 -3.000000 -23.186898 0.000000
597 4 -16.183910 6.100194 3.307937 -20.000000 -5980.308914 0.000000
598 1 -20.093138 -6.369933 -15.887226 3.000000 764.203087 0.000000
599 2 -10.965654 3.136579 8.316066 0.000000 -0.513010 0.000000
600 0 -18.859798 -11.817769 -7.218502 -1.000000 546.478422 0.000000
601 2 -24.960267 -17.773576 -21.429128 13.000000 -65.422971 0.000000
602 4 -21.310365 8.838538 -20.895705 15.000000 -5383.189947 0.000000
603 4 -21.350867 11.666597 1.546746 -20.000000 -16839.568517 0.000000
604 4 -15.358641 -11.789214 0.775824 20.000000 -5592.386335 0.000000
605 4 -23.038010 12.421847 -24.089143 -21.000000 -4940.558892 0.000000
606 4 -20.422571 2.388543 -13.173963 5.000000 -13050.304309 0.000000
607 3 -15.847233 1.679650 -1.209290 22.000000 -11.518293 0.000000
608 4 -20.747406 13.630169 -4.642786 -20.000000 -16743.052399 0.000000
609 1 -18.152248 -11.817769 7.294877 -7.000000 497.339489 0.000000
610 4 -13.287346 -4.557671 -0.671617 2.000000 -4328.284946 0.000000
611 2 -13.378783 -10.724306 2.108218 19.000000 -23.374870 0.000000
612 4 -22.582104 -24.080541 4.259002 20.000000 -15524.006394 0.000000
613 4 -12.487160 -6.833633 -9.242074 -10.000000 -1472.617318 0.000000
614 4 -20.306289 -10.033913 -10.989798 -18.000000 -13879.030638 0.000000
615 0 -23.038010 21.654073 -23.330376 -24.000000 1543.435248 0.000000
616 4 -22.613450 -5.920126 -22.199436 3.000000 -7645.413849 0.000000
617 5 -22.974139 21.574384 -19.368027 -23.000000 701.663292 0.000000
618 2 -22.059959 -17.339722 -20.926806 11.000000 -61.546487 0.000000
619 4 -14.203738 6.182804 0.434913 -20.000000 -4898.125921 0.000000
620 4 -20.180691 -11.549077 -9.339836 -11.000000 -14335.134001 0.000000
621 4 -18.102398 -0.683595 4.866587 19.000000 -8087.755719 0.000000
622 5 -18.182705 -11.438360 -8.091187 -14.000000 403.151441 0.000000
623 3 -22.617706 -1.151348 -22.939281 5.000000 0.270228 0.000000
624 1 -14.647765 4.913034 3.517536 -21.000000 241.417832 0.000000
625 4 -17.556273 -8.924242 -7.775607 -2.000000 -9518.723527 0.000000
626 4 -23.988736 -24.953310 -1.480462 18.000000 -23254.157755 0.000000
627 4 -24.109853 -9.237086 4.838844 -19.000000 -22656.047189 0.000000
628 4 -22.588111 -5.752654 -23.745502 2.000000 -4748.326856 0.000000
629 4 -22.104880 21.091169 -1.402440 -18.000000 -18415.411720 0.000000
630 4 -18.545583 -9.244782 8.896956 -10.000000 -4044.714961 0.000000
631 4 -20.344071 -23.911237 2.454005 15.000000 -11149.460032 0.000000
632 3 -21.398027 -13.922487 -0.316908 20.000000 -33.603606 0.000000
633 5 -23.882426 -7.285401 -19.761195 -2.000000 748.181013 0.000000
634 4 -20.175930 -0.970721 -11.016749 22.000000 -14120.384546 0.000000
635 4 -15.428882 -4.681977 0.641242 -1.000000 -6443.123988 0.000000
636 0 -12.202108 -1.118023 -14.583996 5.000000 361.734361 0.000000
637 4 -16.987678 -19.987539 -3.313055 15.000000 -7403.292386 0.000000
638 4 -22.950211 -11.436174 -12.593077 -11.000000 -20347.449167 0.000000
639 5 -20.529978 3.322192 8.316066 -4.000000 346.555396 0.000000
640 4 -22.087882 -5.390385 -22.918996 -6.000000 -4630.913174 0.000000
641 4 -23.036591 21.073417 -23.426018 -23.000000 -4453.453967 0.000000
642 4 -16.249829 -16.804251 -2.886816 17.000000 -6871.266608 0.000000
643 2 -18.336620 -11.990429 -0.111097 -1.000000 -31.418146 0.000000
644 1 -20.093138 -3.195403 -14.747117 3.000000 694.350721 0.000000
645 4 -15.723783 -24.734368 -2.898497 -2.000000 -4094.361520 0.000000
646 4 -23.038010 1.491377 13.201621 -24.000000 -8225.372268 0.000000
647 4 -23.986389 5.799134 -19.508429 15.000000 -16870.230674 0.000000
648 5 -16.183910 6.100194 2.663178 -14.000000 237.670326 0.000000
649 4 -13.287346 1.609694 14.028644 2.000000 9580.771729 0.000000
650 4 -23.038010 -4.776383 -1.976188 -23.000000 -23917.575390 0.000000
651 4 -20.256419 -11.438360 1.990316 -20.000000 -13890.833629 0.000000
652 3 -20.422571 1.784262 -13.177307 5.000000 -4.361003 0.000000
653 5 -24.406201 -19.935111 -6.119030 15.000000 651.033920 0.000000
654 2 -16.711933 -17.008766 4.722356 3.000000 -30.058343 0.000000
655 3 -18.152248 -1.280743 4.866587 -1.000000 -23.319578 0.000000
656 4 -24.017408 -11.524349 -12.593077 -11.000000 -24031.463658 0.000000
657 4 -21.375858 -3.274005 -1.976188 -23.000000 -19158.324630 0.000000
658 1 -18.020455 -11.819481 13.201621 -23.000000 590.373244 0.000000
659 4 -16.249829 -2.819982 -2.886816 12.000000 -8517.950005 0.000000
660 2 -22.910182 -3.258632 6.864299 2.000000 -20.344514 0.000000
661 5 -24.057573 -23.098447 -1.480462 18.000000 592.450984 0.000000
662 3 -23.301561 3.441893 -21.922003 -15.000000 2.762335 0.000000
663 4 -23.882426 -1.491848 -19.829655 -5.000000 -16199.563906 0.000000
664 4 -20.421855 5.214796 -19.770670 16.000000 -4879.199027 0.000000
665 4 -20.306289 -10.033913 -11.403203 -18.000000 -13592.323776 0.000000
666 4 -23.783169 4.086626 -19.508053 15.000000 -16217.689652 0.000000
667 4 -17.556273 -8.919646 -7.775607 -1.000000 -9519.195563 0.000000
668 4 -20.532257 -9.375668 -10.927922 -15.000000 -14592.401310 0.000000
669 4 -20.344071 1.938137 -4.010640 17.000000 -16813.847349 0.000000
670 3 -22.630560 -5.920126 4.566318 2.000000 -32.077004 0.000000
671 1 -21.306768 12.392528 -4.642786 -20.000000 652.079735 0.000000
672 4 -20.825539 -11.438360 -7.557496 -11.000000 -16769.836742 0.000000
673 3 -20.235041 1.491377 13.201621 -25.000000 -31.445285 0.000000
674 4 -24.317107 -4.338864 -23.676278 6.000000 -11323.468587 0.000000
675 4 -15.918281 5.898390 -22.508774 15.000000 10430.432963 0.000000
676 4 -21.350867 16.806552 -11.794215 -10.000000 -15089.350788 0.000000
677 4 -20.475540 -1.065861 -14.830787 3.000000 -11611.743765 0.000000
678 4 -17.584877 -10.486599 -10.666245 -1.000000 -7801.059962 0.000000
679 1 -23.676356 -12.763533 -14.717639 -19.000000 1003.337080 0.000000
680 4 -22.104880 21.091169 1.926377 -18.000000 -16789.968948 0.000000
681 3 -20.804694 -9.237086 4.838844 -19.000000 -34.260624 0.000000
682 4 -21.314966 -4.808499 -14.834130 4.000000 -13851.128376 0.000000
683 4 -23.169779 1.255060 -0.111097 -1.000000 -23752.166425 0.000000
684 4 -20.093138 -17.290386 -14.834130 16.000000 -8796.064209 0.000000
685 2 -17.809911 -0.593791 -19.974572 19.000000 -39.758275 0.000000
686 1 -20.376421 -22.976134 2.454005 15.000000 943.007390 0.000000
687 4 -13.499391 -1.491848 -0.012811 -6.000000 -4490.092937 0.000000
688 4 -20.794567 -12.731932 -0.316908 20.000000 -16193.820463 0.000000
689 4 -23.740408 -1.108355 -14.207472 25.000000 -22465.833405 0.000000
690 3 -21.331729 -19.694365 -2.473411 15.000000 -37.252683 0.000000
691 4 -23.043330 21.175308 -20.644831 -22.000000 -9242.662333 0.000000
692 4 -20.305574 -7.646295 -10.989798 -19.000000 -14130.466799 0.000000
693 0 -21.350867 9.728478 -0.202022 -20.000000 549.943615 0.000000
694 2 -20.747406 13.630169 2.730136 -19.000000 -5.007101 0.000000
695 2 -22.582104 -24.346244 -22.769443 22.000000 -71.137791 0.000000
696 0 -18.226803 -11.391286 -8.091187 -11.000000 526.665061 0.000000
697 2 -21.313029 -24.800290 -1.480462 18.000000 -48.953782 0.000000
698 1 -18.877858 -3.422245 -11.016749 22.000000 537.081025 0.000000
699 0 -22.857206 -11.549077 -9.355705 -7.000000 742.502265 0.000000
700 4 -23.493013 -4.681977 0.641242 -1.000000 -24266.605903 0.000000
701 4 -19.607055 -8.501945 4.838844 14.000000 -10627.051587 0.000000
702 0 -20.032274 5.271234 2.743174 15.000000 435.302915 0.000000
703 4 -20.089446 -11.438360 -7.793125 -11.000000 -14791.720854 0.000000
704 4 -21.921893 7.208927 -14.527872 3.000000 -15814.457187 0.000000
705 4 -21.350867 10.549340 -0.256826 -20.000000 -17911.045089 0.000000
706 0 -24.109853 -9.477723 -10.937510 -15.000000 790.041381 0.000000
707 4 -20.747406 16.322482 -4.642786 -20.000000 -16259.201004 0.000000
708 4 -22.126656 -4.808499 -13.181108 -2.000000 -17867.173985 0.000000
709 4 -23.757529 -1.108355 -14.207472 21.000000 -22527.021049 0.000000
710 1 -20.173989 -1.108355 -14.255878 14.000000 672.191830 0.000000
711 5 -23.313929 -1.491848 -21.226209 -6.000000 734.455158 0.000000
712 4 -21.350867 -10.574281 -2.382758 -19.000000 -18577.613529 0.000000
713 0 -22.950211 -11.436174 -12.593077 -11.000000 815.303846 0.000000
714 4 -22.676916 15.691779 0.641242 -1.000000 -20400.092283 0.000000
715 4 -20.475540 1.336560 -14.371425 3.000000 -12081.260137 0.000000
716 4 -22.104880 21.091169 -5.694082 -22.000000 -18875.862699 0.000000
717 2 -20.256419 -11.438360 2.624976 -20.000000 -29.669803 0.000000
718 1 -23.343682 -5.942084 -20.611140 -7.000000 1091.639540 0.000000
719 4 -22.104880 12.542476 2.799774 -20.000000 -17905.166107 0.000000
720 4 -24.317107 -2.553333 -23.676278 6.000000 -11397.306005 0.000000
721 4 -23.882426 -1.211579 -19.829655 -5.000000 -16204.110016 0.000000
722 3 -23.038010 -4.776383 -1.976188 -24.000000 -25.318205 0.000000
723 0 -21.375858 -3.274005 -10.025032 21.000000 566.727655 0.000000
724 3 -23.662593 -24.734368 -10.735803 16.000000 -36.341158 0.000000
725 0 -19.259372 1.047598 -4.000861 -19.000000 387.407776 0.000000
726 1 -23.783169 3.351485 -19.508053 -18.000000 1039.827931 0.000000
727 4 -24.296842 9.427836 -21.677455 15.000000 -14344.981586 0.000000
728 4 -23.261023 1.255060 -0.409158 -1.000000 -24175.461780 0.000000
729 4 -20.475540 -3.124896 -21.198619 13.000000 -2823.361949 0.000000
730 4 -18.279054 -24.080541 4.259002 17.000000 -5442.849649 0.000000
731 4 -20.532257 -12.702833 4.113417 -19.000000 -12799.213056 0.000000
732 2 -23.988736 -22.199723 -1.480462 19.000000 -49.048921 0.000000
733 4 -20.414371 2.388543 -14.826985 1.000000 -11422.072275 0.000000
734 2 -24.000287 -12.171061 -12.593077 -11.000000 -49.544424 0.000000
735 4 -24.459891 5.191517 -19.508429 17.000000 -18714.278747 0.000000
736 0 -21.350867 18.136025 -4.642786 -20.000000 805.730366 0.000000
737 4 -21.780908 10.808283 -10.974399 -16.000000 -17905.802777 0.000000
738 0 -20.306289 -10.033913 -11.403203 -18.000000 642.417850 0.000000
739 4 -20.416572 -4.006698 -11.794215 -10.000000 -14103.937160 0.000000
740 4 -20.794567 -12.731932 -0.153011 20.000000 -16126.229853 0.000000
741 4 -20.719413 -11.549077 -9.651845 -11.000000 -15580.652072 0.000000
742 0 -21.350867 18.788990 6.061479 -18.000000 844.987190 0.000000
743 4 -20.462274 -11.438360 -9.393250 -11.000000 -15049.597462 0.000000
744 1 -16.043938 -13.012200 -0.316908 19.000000 431.713356 0.000000
745 3 -19.519017 -13.617207 -12.593077 -12.000000 -19.783148 0.000000
746 5 -20.175930 -0.970721 -2.967905 -22.000000 433.339313 0.000000
747 4 -20.306289 -21.752845 -1.356912 -16.000000 -13485.850454 0.000000
748 4 -20.342721 -6.755756 -10.999577 11.000000 -14297.303521 0.000000
749 4 -21.164246 -23.300077 2.437222 15.000000 -13342.447453 0.000000
750 5 -20.344071 12.882986 -4.829429 17.000000 457.686087 0.000000
751 4 -24.047341 2.133731 -22.436858 15.000000 -12598.620285 0.000000
752 4 -22.047710 12.542476 -19.494854 -17.000000 -9412.680692 0.000000
753 4 -21.479137 12.798816 -1.513806 18.000000 -18391.101681 0.000000
754 5 -21.207869 12.439604 2.789178 -23.000000 424.211113 0.000000
755 2 -21.921893 3.228872 -15.654211 6.000000 -35.467232 0.000000
756 5 -23.882426 9.912409 -13.616499 -7.000000 692.778755 0.000000
757 4 -21.352246 14.272617 -4.415850 -20.000000 -18247.768596 0.000000
758 4 -21.375858 -3.274005 -1.976188 -24.000000 -19158.344630 0.000000
759 4 -23.969251 2.340708 -19.508429 21.000000 -16974.924383 0.000000
760 4 -20.344071 1.938137 -4.010640 -18.000000 -16814.547349 0.000000
761 3 -20.794567 -12.731932 -0.253802 24.000000 -31.792697 0.000000
762 4 -20.800207 -11.549077 -9.908008 -10.000000 -15659.278226 0.000000
763 5 -22.950211 -11.396178 11.339214 -11.000000 424.439273 0.000000
764 4 -20.089446 -18.395868 -7.793125 -11.000000 -13546.289557 0.000000
765 2 -23.261023 -23.694554 2.232615 0.000000 -45.722962 0.000000
766 2 -21.350867 16.806552 0.817425 -10.000000 -4.526890 0.000000
767 4 -21.381933 21.091169 0.122855 -17.000000 -15824.749309 0.000000
768 4 -23.986389 5.879829 -20.895705 14.000000 -14755.271457 0.000000
769 4 -20.749171 19.469219 -5.634259 20.000000 -15509.011924 0.000000
770 4 -22.104880 21.091169 -2.277118 -18.000000 -18658.677092 0.000000
771 4 -24.828399 -12.804889 4.838844 -19.000000 -24622.966726 0.000000
772 0 -23.786247 -1.989436 -13.178263 -13.000000 742.670016 0.000000
773 3 -24.473445 -4.776383 -1.976188 -23.000000 -26.733641 0.000000
774 5 -20.736580 -7.800268 -7.557496 -19.000000 497.643219 0.000000
775 2 -19.306466 -9.996488 -8.934695 14.000000 -39.517649 0.000000
776 3 -20.180691 -9.485465 -8.824344 -11.000000 -20.061811 0.000000
777 4 -23.939596 -1.211579 3.725147 -6.000000 -23635.203688 0.000000
778 4 -23.860461 -24.467156 -2.514905 -19.000000 -23275.193770 0.000000
779 4 -23.883401 -1.108355 -17.122330 25.000000 -19863.277032 0.000000
780 5 -21.312717 -24.734368 -1.491308 18.000000 468.013679 0.000000
781 4 -21.780908 6.309226 -20.963917 -16.000000 -6966.865190 0.000000
782 4 -20.746027 10.549340 -0.483761 -20.000000 -16443.667203 0.000000
783 4 -23.882426 -1.491848 -20.328146 -4.000000 -15446.702952 0.000000
784 4 -23.774666 1.667552 -9.720679 15.000000 -25723.934648 0.000000
785 4 -20.747406 15.416880 -4.642786 15.000000 -16430.960394 0.000000
786 4 -24.597637 5.191517 -20.984926 13.000000 -17017.777120 0.000000
787 4 -20.713772 -12.731932 -0.060745 14.000000 -15885.244470 0.000000
788 2 -24.772074 -9.277082 -12.351842 -16.000000 -47.080997 0.000000
789 4 -23.169779 1.255060 -3.427552 0.000000 -24768.517742 0.000000
790 4 -22.582104 1.445777 1.604655 20.000000 -21020.810652 0.000000
791 2 -22.676916 15.691779 -11.970398 1.000000 -19.975535 0.000000
792 3 -23.986389 5.214796 -17.918252 15.000000 0.446659 0.000000
793 4 -21.350867 16.860491 -7.123359 -16.000000 -17408.684763 0.000000
794 4 -22.150275 -11.127224 0.293947 -22.000000 -19780.646218 0.000000
795 4 -20.532257 -9.375668 -9.500425 -15.000000 -15435.726646 0.000000
796 4 -20.970621 11.666597 1.063518 -20.000000 -16138.821318 0.000000
797 0 -24.017408 -11.524349 -12.595922 -3.000000 867.363752 0.000000
798 2 -21.081269 0.014614 -4.986370 -2.000000 -27.013025 0.000000
799 4 -21.439825 -10.574281 -2.382758 -5.000000 -18817.935221 0.000000
800 4 -20.345959 2.295533 2.284620 -9.000000 -14665.688990 0.000000
801 4 -23.890458 13.929891 2.865497 -20.000000 -23031.203680 0.000000
802 4 -22.077179 -4.808499 -12.999647 1.000000 -17867.415321 0.000000
803 3 -21.439859 -9.058450 -4.415850 -20.000000 -25.482458 0.000000
804 4 -23.757179 0.311889 -1.320638 23.000000 -26157.094485 0.000000
805 2 -20.919667 5.920617 -3.822341 -18.000000 -19.461390 0.000000
806 5 -23.986389 5.214796 -4.691301 14.000000 617.848546 0.000000
807 4 -24.597637 -0.771199 -24.727555 13.000000 -10537.727483 0.000000
808 5 -22.656327 -9.237086 5.103136 -20.000000 466.980917 0.000000
809 4 -21.350867 -13.523640 -4.642786 -19.000000 -18367.548490 0.000000
810 1 -21.854061 22.920578 6.742610 -18.000000 1025.805223 0.000000
811 3 -24.563631 5.191517 -19.508429 16.000000 1.456315 0.000000
812 4 -20.785256 -5.056946 -1.976188 -23.000000 -17523.175936 0.000000
813 3 -24.549072 -10.777344 -2.811690 -7.000000 -31.654726 0.000000
814 5 -24.017408 -7.045188 -12.711627 -11.000000 691.020524 0.000000
815 4 -22.418520 -0.627911 1.604655 20.000000 -20554.710361 0.000000
816 0 -22.101897 -3.274005 -1.976188 -23.000000 502.578273 0.000000
817 4 -24.702206 -6.179846 0.623073 -1.000000 -28256.492320 0.000000
818 4 -20.780147 10.549340 -3.288841 -18.000000 -17222.021907 0.000000
819 5 -24.143830 -2.299437 5.634376 -19.000000 531.835162 0.000000
820 4 -23.261023 1.255060 -0.409158 -23.000000 -24175.901780 0.000000
821 4 -21.479137 12.798816 -1.513806 0.000000 -18391.461681 0.000000
822 4 -20.268002 1.938137 0.322979 17.000000 -15581.729206 0.000000
823 4 -21.350867 12.002181 1.546746 -15.000000 -16791.811369 0.000000
824 2 -22.079374 21.091169 -2.158306 -18.000000 -3.786511 0.000000
825 4 -20.747406 16.322482 -8.015363 -20.000000 -15591.567943 0.000000
826 0 -20.747406 13.630169 -5.675458 -19.000000 647.827186 0.000000
827 4 -23.219256 0.690865 -0.292558 -6.000000 -23998.117311 0.000000
828 4 -19.517449 14.019628 -2.382758 -10.000000 -13542.450550 0.000000
829 1 -24.006223 -22.229747 -9.880504 15.000000 1211.306756 0.000000
830 3 -22.079520 20.969367 -19.508429 15.000000 19.698276 0.000000
831 4 -20.747406 15.416880 -20.502820 15.000000 -3388.744448 0.000000
832 4 -23.740408 4.854361 -14.207472 25.000000 -22331.815184 0.000000
833 4 -23.969251 2.340708 -19.770892 20.000000 -16590.544927 0.000000
834 4 -24.925688 9.877914 4.838844 -21.000000 -25363.128706 0.000000
835 1 -23.757529 -1.108355 -14.207472 21.000000 827.910755 0.000000
836 2 -24.109853 -12.804889 4.838844 -18.000000 -32.715898 0.000000
837 3 -23.050354 -8.820835 -7.510944 -10.000000 -23.560244 0.000000
838 4 -24.773432 3.394782 -12.971360 -11.000000 -27284.101057 0.000000
839 5 -20.344071 1.938137 -3.892089 -18.000000 448.550034 0.000000
840 0 -23.780698 -3.068934 -13.698323 25.000000 761.083988 0.000000
841 4 -21.378840 21.091169 -1.402440 -18.000000 -16401.671998 0.000000
842 3 -20.840770 -8.304879 -3.973753 -19.000000 -24.551896 0.000000
843 2 -21.746788 10.284690 -11.183305 -16.000000 -23.325403 0.000000
844 4 -21.146567 11.637198 -0.595656 0.000000 -17365.137240 0.000000
845 0 -21.375858 -4.512279 -1.976188 -2.000000 480.233271 0.000000
846 4 -22.676916 15.691779 0.641242 18.000000 -20399.712283 0.000000
847 5 -22.226345 -11.127224 -4.039672 -23.000000 529.907444 0.000000
848 4 -22.145583 16.524907 -7.123359 -20.000000 -19772.480243 0.000000
849 4 -23.885967 -21.269210 -6.050680 -22.000000 -24484.317292 0.000000
850 4 -21.802323 12.439604 -2.591346 -19.000000 -19605.136058 0.000000
851 4 -24.011701 -0.659484 -2.854875 -23.000000 -27455.728258 0.000000
852 4 -24.597746 -10.876018 -0.589326 -5.000000 -28029.916008 0.000000
853 4 -22.155105 16.816677 -7.123359 -22.000000 -19742.657102 0.000000
854 0 -19.457610 -3.274005 -1.976188 19.000000 391.843002 0.000000
855 4 -23.939596 -0.412094 3.766901 -5.000000 -23606.504758 0.000000
856 5 -21.781254 10.820877 -10.974399 -16.000000 572.872618 0.000000
857 4 -21.879356 9.478400 -0.256826 -22.000000 -19476.260166 0.000000
858 4 -23.180502 -1.525988 -17.134376 25.000000 -17334.572082 0.000000
859 0 -21.329917 -3.320193 -1.990848 19.000000 468.572517 0.000000
860 4 -23.885967 -21.322819 -4.687668 -23.000000 -24524.065030 0.000000
861 5 -22.104880 12.646100 2.799774 -20.000000 463.027739 0.000000
862 4 -24.495785 12.439604 -4.642786 -14.000000 -28458.477812 0.000000
863 4 -23.890458 13.591723 -1.590444 -19.000000 -25589.311624 0.000000
864 4 -22.115532 20.812791 -1.402440 -19.000000 -18515.981500 0.000000
865 3 -22.104880 21.091169 -2.277118 0.000000 2.263407 0.000000
866 4 -24.019125 -9.237086 4.838844 -20.000000 -22358.700745 0.000000
867 4 -23.204364 5.984799 -2.397127 -19.000000 -24475.308842 0.000000
868 0 -24.982057 -1.824205 -12.971360 18.000000 794.327064 0.000000
869 1 -23.740408 -2.543240 -14.207472 17.000000 832.417180 0.000000
870 1 -23.860461 -20.742611 -2.061846 -15.000000 1016.376119 0.000000
871 4 -22.693753 -4.776383 -1.889220 0.000000 -22831.982200 0.000000
872 2 -20.972552 -12.233495 -12.593077 -11.000000 -46.579124 0.000000
873 4 -21.388996 9.441179 -0.304298 -18.000000 -18165.106657 0.000000
874 4 -20.461140 -10.623805 -4.621727 -19.000000 -16450.209414 0.000000
875 4 -23.757529 -0.911059 -13.549110 19.000000 -23117.156690 0.000000
876 0 -19.125940 1.255060 0.887998 -2.000000 367.205299 0.000000
877 4 -21.540963 -7.082688 -2.314287 -1.000000 -19448.948798 0.000000
878 5 -22.572582 -1.924801 -0.747043 20.000000 516.644857 0.000000
879 0 -22.676916 15.462185 0.641242 -23.000000 753.192869 0.000000
880 4 -23.372274 -1.275411 0.599488 2.000000 -24026.824256 0.000000
881 0 -21.801978 12.427010 -0.952884 -19.000000 630.044796 0.000000
882 0 -21.479137 12.798816 -1.513806 0.000000 626.454629 0.000000
883 4 -23.740408 5.271994 -11.212795 19.000000 -24631.044266 0.000000
884 4 -22.464460 0.195846 -1.976188 -23.000000 -22304.674417 0.000000
885 4 -21.350867 -11.022281 0.537660 -21.000000 -17483.547445 0.000000
886 2 -22.104880 20.987541 -8.059445 -22.000000 -9.736783 0.000000
887 0 -21.673111 -12.804889 4.838844 -17.000000 656.443323 0.000000
888 4 -23.757179 0.650058 2.866254 23.000000 -23758.464119 0.000000
889 4 -24.099200 -12.545428 4.838844 -18.000000 -22188.604200 0.000000
890 4 -23.169779 1.255060 -3.427552 -18.000000 -24768.877742 0.000000
891 4 -24.108136 -11.524349 -12.593077 -11.000000 -24360.416922 0.000000
892 4 -21.407526 10.712326 -0.379391 -1.000000 -18091.505695 0.000000
893 2 -23.988736 -23.395981 0.764888 -11.000000 -47.399829 0.000000
894 2 -24.459891 9.701107 -19.508429 25.000000 -35.767212 0.000000
895 4 -22.627800 12.798816 1.538318 17.000000 -20226.645981 0.000000
896 4 -23.021173 15.691779 0.144937 -24.000000 -21699.639294 0.000000
897 4 -20.698612 9.219485 4.838844 -21.000000 -13014.039403 0.000000
898 5 -23.774666 -0.450456 -8.638748 15.000000 643.283493 0.000000
899 2 -23.183479 0.740388 -0.292558 -6.000000 -23.615649 0.000000
900 4 -22.150275 -11.324520 0.293947 -22.000000 -19754.068439 0.000000
901 4 -24.019125 -9.237086 -0.250785 19.000000 -26072.257931 0.000000
902 4 -24.756046 -0.911059 -13.948499 19.000000 -26469.093380 0.000000
903 5 -24.702206 -6.179846 0.623073 -22.000000 604.151300 0.000000
904 2 -23.860681 -1.211579 3.950064 -6.000000 -22.002197 0.000000
905 4 -24.150677 1.255060 -0.409158 -1.000000 -27094.912379 0.000000
906 4 -24.657392 0.690865 0.109869 -14.000000 -28606.576554 0.000000
907 4 -23.258832 0.238285 -0.457962 23.000000 -24198.737762 0.000000
908 4 -22.693753 -1.038561 -2.818498 2.000000 -23183.976140 0.000000
909 4 -24.674755 -4.776383 -1.976188 -16.000000 -29410.677589 0.000000
910 0 -23.751575 4.854361 -14.207472 25.000000 788.054398 0.000000
911 3 -24.244132 -21.353731 -0.466026 -19.000000 -44.511838 0.000000
912 4 -23.792273 -11.377978 -13.442343 -11.000000 -22560.943161 0.000000
913 1 -22.150275 -12.593011 0.293947 -22.000000 652.569238 0.000000
914 4 -22.962832 -17.837826 -12.695074 -24.000000 -19185.090100 0.000000
915 2 -22.909961 -11.436174 -9.342684 -14.000000 -44.408819 0.000000
916 0 -23.988736 -24.953310 -1.643068 18.000000 1199.466789 0.000000
917 4 -24.216807 -1.108355 -14.851836 21.000000 -23585.974576 0.000000
918 3 -24.109853 2.123168 2.098072 -19.000000 -23.464757 0.000000
919 5 -21.231026 -8.736177 1.972735 -19.000000 432.621862 0.000000
920 4 -23.740408 5.271994 -5.042538 19.000000 -26592.929565 0.000000
921 3 -17.249801 -0.412094 3.755038 -3.000000 -20.476933 0.000000
922 4 -23.372274 0.028592 -2.648559 2.000000 -25287.051113 0.000000
923 1 -24.925688 9.877914 4.732615 4.000000 726.250300 0.000000
924 4 -22.676916 15.691779 5.730871 -8.000000 -16368.513487 0.000000
925 3 -23.890458 12.629171 -1.701517 -19.000000 -8.939770 0.000000
926 4 -24.828399 -12.804889 4.838844 2.000000 -24622.546726 0.000000
927 5 -23.939376 -24.467156 -0.842124 -19.000000 580.292814 0.000000
928 4 -23.481608 -12.545428 4.838844 -16.000000 -20212.176495 0.000000
929 0 -23.257444 16.392118 -4.528593 -16.000000 829.438380 0.000000
930 4 -23.759370 1.255060 2.915058 -23.000000 -23721.270938 0.000000
931 4 -24.011701 -6.576076 -1.925597 -23.000000 -26956.132158 0.000000
932 0 -24.940854 0.311889 -1.320638 23.000000 622.427555 0.000000
933 4 -23.827718 -1.108355 -17.122330 25.000000 -19659.615408 0.000000
934 0 -23.158612 1.255060 -3.427552 -18.000000 549.004604 0.000000
935 2 -24.597746 -10.845067 -4.810968 -14.000000 -40.973781 0.000000
936 3 -22.534141 0.049474 -1.976188 -23.000000 -19.968479 0.000000
937 5 -23.204364 5.984799 1.314165 -19.000000 526.235006 0.000000
938 2 -24.166477 15.179557 -2.102539 -11.000000 -11.869459 0.000000
939 3 -23.169779 -3.670942 10.528269 -1.000000 -36.388989 0.000000
940 4 -21.433070 12.798816 1.700924 17.000000 -16794.217535 0.000000
941 1 -24.773432 3.394782 -12.971360 -12.000000 849.629115 0.000000
942 4 -22.582104 -13.482280 4.810902 21.000000 -17402.006710 0.000000
943 4 -22.418520 1.065403 4.748399 22.000000 -18079.169888 0.000000
944 0 -23.740408 -4.276353 -14.207472 25.000000 782.246417 0.000000
945 1 -23.957705 1.255060 -3.415689 3.000000 604.816493 0.000000
946 2 -23.885967 -21.878851 2.730898 -19.000000 -43.653920 0.000000
947 4 -23.493013 -5.957026 1.631644 -25.000000 -23587.982277 0.000000
948 4 -23.733927 13.929891 2.865497 16.000000 -22522.450125 0.000000
949 4 -22.767062 -4.903115 -1.889220 0.000000 -23047.692883 0.000000
950 2 -24.998014 5.369167 -11.212795 -19.000000 -31.461641 0.000000
951 4 -24.888223 16.260468 -3.909726 -14.000000 -29166.190638 0.000000
952 4 -23.978656 -0.911059 -14.349334 19.000000 -23194.446939 0.000000
953 4 -24.026185 -19.938339 -4.687668 -25.000000 -25348.826694 0.000000
954 4 -23.890458 12.331240 2.865497 -16.000000 -23283.018026 0.000000
955 4 -23.426563 0.690865 2.945079 -6.000000 -22644.679764 0.000000
956 5 -23.890458 13.591723 -0.396510 -18.000000 573.962585 0.000000
957 1 -23.595834 -12.804889 4.868350 2.000000 728.915998 0.000000
958 2 -24.216807 0.832051 -12.393127 -18.000000 -36.417883 0.000000
959 4 -24.828399 -10.588930 4.838844 -19.000000 -24934.005102 0.000000
960 2 -23.258832 -24.549207 -0.457962 23.000000 -49.726002 0.000000
961 4 -23.999321 3.189698 3.756882 -6.000000 -23750.696613 0.000000
962 5 -23.792273 -11.377978 -13.442343 0.000000 687.053336 0.000000
963 5 -23.747581 1.255060 -0.111097 -2.000000 564.907461 0.000000
964 5 -23.860461 -4.409375 -2.514905 -19.000000 591.575760 0.000000
965 0 -23.381770 -1.137143 0.640615 2.000000 547.370668 0.000000
966 4 -24.011701 -0.659484 1.413785 -23.000000 -25627.975798 0.000000
967 3 -23.774350 1.231747 -9.720679 15.000000 -11.521924 0.000000
968 2 -24.925688 9.877914 3.308181 -21.000000 -12.319593 0.000000
969 0 -24.597746 -10.844691 -0.589326 -22.000000 722.443736 0.000000
970 4 -23.699105 5.984799 -0.371396 -19.000000 -25363.036918 0.000000
971 4 -23.757179 3.495034 -1.320638 21.000000 -26084.426554 0.000000
972 4 -24.756046 -1.530055 -13.948499 22.000000 -26459.967146 0.000000
973 4 -24.193997 1.240469 -0.409158 -3.000000 -27243.037486 0.000000
974 4 -23.186624 -0.412094 3.998987 -5.000000 -21026.226194 0.000000
975 4 -24.017408 -18.190132 -13.767678 -14.000000 -21882.642508 0.000000
976 4 -22.650906 -4.776383 -2.122207 2.000000 -22765.710150 0.000000
977 0 -24.019125 -9.237086 -4.462951 19.000000 680.780080 0.000000
978 4 -24.908238 -5.957026 1.631644 -23.000000 -28373.649507 0.000000
979 4 -24.674755 -4.776383 2.186272 -20.000000 -27229.631685 0.000000
980 4 -23.757179 0.650058 -0.371384 23.000000 -25765.433542 0.000000
981 4 -23.261023 3.936444 -1.603092 0.000000 -24551.115734 0.000000
982 4 -24.076102 -11.524349 -8.924950 -11.000000 -26350.900626 0.000000
983 4 -21.221208 -9.237086 4.838844 20.000000 -14292.376458 0.000000
984 4 -23.493013 -13.201588 0.641242 -1.000000 -23352.439886 0.000000
985 2 -23.988736 0.341547 -6.213875 17.000000 -31.201064 0.000000
986 2 -24.597667 0.335810 0.078133 -14.000000 -24.903723 0.000000
987 1 -23.169779 1.255060 -3.427552 -12.000000 568.112172 0.000000
988 4 -23.162607 5.271994 -11.212795 22.000000 -22651.173415 0.000000
989 4 -22.767062 -24.615898 -2.633706 0.000000 -19741.803589 0.000000
990 4 -24.002205 -1.251280 -1.966724 -15.000000 -27186.354370 0.000000
991 3 -24.084795 6.958014 0.164392 -19.000000 -16.671173 0.000000
992 5 -24.665422 1.690865 2.915058 -21.000000 581.727547 0.000000
993 4 -24.473188 -0.368776 -2.818498 5.000000 -29055.834826 0.000000
994 2 -23.885967 -21.300503 -6.050680 -6.000000 -52.117151 0.000000
995 4 -23.038010 -4.776383 -1.961039 -23.000000 -23913.274592 0.000000
996 4 -24.773432 0.211638 -12.971360 -10.000000 -27352.959597 0.000000
997 4 -23.372274 0.898893 -4.002928 1.000000 -25491.980674 0.000000
998 4 -23.697087 0.461125 -2.135074 25.000000 -26219.298432 0.000000
999 1 -23.922750 1.255060 -3.659638 -18.000000 606.264669 0.000000
1000 4 -20.865251 0.037321 -2.669968 23.000000 -18022.244856 0.000000
1001 3 -24.015757 4.053316 -1.925597 -22.000000 -17.476843 0.000000
1002 4 -24.680492 0.660847 -1.993969 -16.000000 -29571.142547 0.000000
1003 4 -24.806637 -0.571489 1.413785 8.000000 -28366.756827 0.000000
1004 2 -24.962862 12.439604 -4.642786 -14.000000 -17.886044 0.000000
1005 4 -24.011701 -0.659484 -2.165514 -25.000000 -27283.969562 0.000000
1006 5 -24.756046 -1.849410 -13.948499 20.000000 738.798292 0.000000
1007 4 -24.826653 -6.171900 1.510146 3.000000 -28147.732990 0.000000
1008 4 -24.753218 4.856128 -0.371384 16.000000 -29049.793339 0.000000
1009 4 -23.261175 -3.762181 -0.461321 0.000000 -24123.487661 0.000000
1010 3 -24.983917 -2.021407 -2.074202 21.000000 -23.511122 0.000000
1011 4 -23.774666 4.174522 -9.627923 -17.000000 -25680.474465 0.000000
1012 4 -24.828399 -12.804889 4.744934 -19.000000 -24716.478413 0.000000
1013 4 -22.854814 5.518661 -0.448243 -2.000000 -22759.093003 0.000000
1014 2 -22.810060 -10.588930 4.838844 -2.000000 -29.520146 0.000000
1015 4 -24.895220 -9.237086 0.090647 22.000000 -28957.853561 0.000000
1016 4 -24.925688 9.877914 4.838844 -18.000000 -25363.068706 0.000000
1017 4 -24.883810 16.260468 -3.909726 -11.000000 -29149.843183 0.000000
1018 4 -24.674755 6.175581 2.186272 -20.000000 -27137.687881 0.000000
1019 3 -23.257477 1.251559 -0.079221 -21.000000 -21.346696 0.000000
1020 4 -23.697087 -0.489860 -2.135074 -1.000000 -26219.654476 0.000000
1021 1 -23.885967 -21.322819 -13.961518 -25.000000 1280.472081 0.000000
1022 0 -23.176182 1.255060 -3.427552 -15.000000 549.758712 0.000000
1023 4 -23.372274 -1.275411 0.770971 5.000000 -23931.425027 0.000000
1024 1 -24.193997 1.325778 -5.903218 -3.000000 649.628044 0.000000
1025 4 -23.225881 -3.601381 -3.427552 0.000000 -24879.706809 0.000000
1026 4 -24.873606 -7.234610 -14.414883 -11.000000 -26195.567852 0.000000
1027 0 -24.674755 -4.774987 -2.059609 3.000000 634.826021 0.000000
1028 5 -23.372274 0.028592 -2.648559 -23.000000 569.640230 0.000000
1029 4 -24.108136 -5.480561 -12.851858 -11.000000 -24777.777701 0.000000
1030 4 -24.026185 -19.938339 -2.758410 -22.000000 -25101.397577 0.000000
1031 4 -24.615374 -10.876018 -0.589326 -2.000000 -28092.297225 0.000000
1032 4 -24.909983 -12.590014 2.044737 -24.000000 -27351.797296 0.000000
1033 2 -23.740823 0.174440 -16.451665 23.000000 -41.478047 0.000000
1034 4 -22.493898 1.244714 -5.259821 23.000000 -22737.227023 0.000000
1035 5 -24.773432 3.698347 -12.217795 -10.000000 723.483103 0.000000
1036 5 -23.699105 1.706974 -0.464153 11.000000 566.044942 0.000000
1037 5 -23.757179 0.311889 -0.437520 25.000000 568.841243 0.000000
1038 0 -23.493013 -5.888387 -4.747587 19.000000 607.754330 0.000000
1039 4 -24.702206 -6.179846 0.623073 -23.000000 -28256.932320 0.000000
1040 1 -24.657392 0.690865 -0.231563 -14.000000 613.724144 0.000000
1041 4 -23.890458 13.591723 -1.590444 -20.000000 -25589.331624 0.000000
1042 4 -24.021471 -11.524349 -14.469489 -14.000000 -22446.190393 0.000000
1043 4 -23.204364 -4.967165 -2.397127 -19.000000 -24542.179340 0.000000
1044 4 -23.375820 0.902394 -3.929545 3.000000 -25496.795914 0.000000
1045 4 -24.150677 -1.115175 -0.409158 25.000000 -27096.381744 0.000000
1046 3 -24.756046 -0.265944 -4.674649 23.000000 -18.887341 0.000000
1047 4 -24.069699 -11.524349 -8.924950 -18.000000 -26328.276895 0.000000
1048 4 -23.261023 3.936444 -2.537366 0.000000 -24811.028465 0.000000
1049 4 -23.885967 -21.349971 -0.016959 -22.000000 -23291.087787 0.000000
1050 0 -23.946103 -1.251280 -1.966724 -15.000000 578.149577 0.000000
1051 3 -24.633316 -6.424081 -0.665284 25.000000 -28.892113 0.000000
1052 4 -24.853327 -11.524349 -8.924950 -18.000000 -29201.961745 0.000000
1053 4 -23.366710 0.723016 -9.142119 -11.000000 -24602.554658 0.000000
1054 4 -24.781607 -3.079967 1.413785 8.000000 -28222.769296 0.000000
1055 4 -23.785053 13.003160 -1.653584 -21.000000 -25352.073299 0.000000
1056 3 -20.891114 -6.566731 5.061500 -23.000000 -31.979345 0.000000
1057 4 -24.883810 0.045169 -3.909726 -11.000000 -30736.247940 0.000000
1058 4 -22.260894 -0.893379 -3.057887 -16.000000 -21931.098056 0.000000
1059 4 -23.778936 0.560102 -0.911840 22.000000 -26071.019785 0.000000
1060 2 -23.589031 -0.489860 -2.092438 -1.000000 -27.151329 0.000000
1061 1 -24.702870 9.877914 4.846461 -21.000000 716.327299 0.000000
1062 4 -23.277167 9.460268 4.838844 -17.000000 -19988.781747 0.000000
1063 2 -23.740408 5.271994 -9.914025 20.000000 -29.782439 0.000000
1064 3 -24.895220 -10.986750 0.090647 22.000000 -34.532616 0.000000
1065 4 -24.160830 -0.659484 -2.189887 -25.000000 -27801.524211 0.000000
1066 4 -24.193997 -1.128150 -0.333793 -14.000000 -27209.678290 0.000000
1067 1 -18.770597 1.255060 -0.409158 -1.000000 359.734521 0.000000
1068 0 -23.757179 -0.815302 -0.853948 25.000000 564.297505 0.000000
1069 4 -24.008039 -9.237086 -0.369788 -1.000000 -26091.180270 0.000000
1070 4 -23.774456 1.770262 -9.587730 17.000000 -25783.519901 0.000000
1071 4 -24.986388 4.174522 -17.815421 -17.000000 -23133.886738 0.000000
1072 4 -23.890458 -1.927944 -5.971056 -19.000000 -27199.928454 0.000000
1073 4 -24.752648 -6.929361 0.637773 -1.000000 -28368.277862 0.000000
1074 4 -24.756046 6.009197 -14.156264 22.000000 -26072.415649 0.000000
1075 4 -23.661514 2.383326 -3.984456 -5.000000 -26415.711978 0.000000
1076 4 -24.104348 16.260468 -3.566462 -15.000000 -26318.315256 0.000000
1077 4 -23.838517 -21.848459 -0.115369 3.000000 -23052.212256 0.000000
1078 4 -24.906883 -12.590014 0.144783 -23.000000 -28533.119921 0.000000
1079 2 -23.890068 5.984799 -0.308256 -17.000000 -18.873524 0.000000
1080 5 -24.826653 -6.926815 -1.812308 -1.000000 632.653481 0.000000
1081 4 -24.773432 16.426934 -13.936967 -16.000000 -24932.880449 0.000000
1082 4 -24.671705 -1.304874 -13.948499 19.000000 -26139.924373 0.000000
1083 4 -24.751634 3.484013 -11.969575 -9.000000 -27930.092625 0.000000
1084 1 -24.005005 -0.756675 7.366392 -23.000000 606.070997 0.000000
1085 4 -24.925023 -6.179846 0.615456 -23.000000 -29058.728623 0.000000
1086 4 -24.958561 -4.358737 2.186272 -20.000000 -28259.538409 0.000000
1087 4 -21.889282 -13.039140 -0.589326 -1.000000 -19160.575619 0.000000
1088 0 -24.611058 12.415654 -4.642786 -14.000000 780.688080 0.000000
1089 4 -20.910613 -1.115175 -0.384785 25.000000 -17479.590330 0.000000
1090 4 -24.002205 1.117340 -2.042089 -4.000000 -27210.617590 0.000000
1091 4 -24.122689 -7.234610 -14.414883 -11.000000 -23351.438833 0.000000
1092 2 -23.026110 -4.776383 -1.976188 -22.000000 -30.338681 0.000000
1093 4 -24.908238 -8.445606 1.631644 -19.000000 -28158.516877 0.000000
1094 3 -23.383361 0.898893 -7.742017 22.000000 -13.302451 0.000000
1095 4 -23.757389 3.392324 -1.402898 21.000000 -26118.896554 0.000000
1096 5 -21.572607 0.690865 -0.053621 -15.000000 465.559955 0.000000
1097 5 -24.473188 15.150889 -3.973066 3.000000 634.754516 0.000000
1098 4 -23.175868 6.921773 -2.594769 10.000000 -24357.848889 0.000000
1099 3 -24.674755 -1.363670 2.394037 -20.000000 -27.832463 0.000000
1100 2 -23.890510 13.591723 -11.166938 5.000000 -22.565725 0.000000
1101 3 -24.597746 -7.184247 1.336922 -5.000000 -32.218916 0.000000
1102 2 -24.752648 -6.929361 0.637773 -1.000000 -32.024235 0.000000
1103 2 -24.820825 -6.148109 0.769874 -13.000000 -30.939060 0.000000
1104 4 -24.212155 -11.524349 -8.924950 -19.000000 -26837.526930 0.000000
1105 1 -24.905226 -10.362317 2.631492 23.000000 727.586673 0.000000
1106 5 -23.747527 -6.361499 -0.441548 4.000000 567.998982 0.000000
1107 1 -24.888119 3.543464 -9.641163 -9.000000 767.671295 0.000000
1108 4 -24.702206 -11.381929 0.623073 -2.000000 -27708.365461 0.000000
1109 4 -24.776814 3.394782 -12.971360 -11.000000 -27297.084134 0.000000
1110 4 -24.011701 -0.134891 -2.854875 -23.000000 -27458.228599 0.000000
1111 4 -24.883810 0.045169 -3.909726 -9.000000 -30736.207940 0.000000
1112 5 -24.680492 0.660847 -1.993969 -16.000000 626.752396 0.000000
1113 4 -24.946852 13.592916 -2.218625 -11.000000 -29501.466539 0.000000
1114 4 -24.495783 12.157482 -4.568676 15.000000 -28495.868534 0.000000
1115 4 -24.379908 1.240469 0.695631 -5.000000 -27307.146963 0.000000
1116 4 -24.774316 -11.524349 -13.903246 -22.000000 -25788.168914 0.000000
1117 2 -24.441642 -1.171653 -3.176315 4.000000 -29.869610 0.000000
1118 5 -24.988748 -6.939284 1.631644 -22.000000 609.312712 0.000000
1119 0 -23.661514 2.383326 -3.984456 -7.000000 580.563390 0.000000
1120 0 -24.773432 0.052947 -12.933732 -10.000000 780.207179 0.000000
1121 4 -24.906883 -14.396796 0.144783 -23.000000 -28240.564286 0.000000
1122 4 -24.702206 -0.844874 1.644073 -25.000000 -27841.255536 0.000000
1123 4 -24.150677 1.255060 -0.409946 -1.000000 -27095.276520 0.000000
1124 3 -24.806637 -1.078879 -0.847855 8.000000 -23.877661 0.000000
1125 4 -24.011701 -8.726168 -2.479448 -23.000000 -26913.792836 0.000000
1126 4 -24.363284 -4.808120 2.705811 -23.000000 -25759.134840 0.000000
1127 4 -24.676085 -4.776383 2.186272 -18.000000 -27234.255599 0.000000
1128 5 -24.002205 -1.251280 -2.279117 -15.000000 596.317888 0.000000
1129 3 -24.992010 -6.759051 0.113459 -18.000000 -31.224520 0.000000
1130 4 -24.819334 3.993695 -3.441854 23.000000 -30332.963819 0.000000
1131 4 -19.144546 16.201017 -3.909726 -14.000000 -12458.206558 0.000000
1132 4 -24.615374 -5.673935 -0.589326 -23.000000 -28609.282600 0.000000
1133 4 -24.654010 0.690865 0.109869 -14.000000 -28594.596386 0.000000
1134 2 -24.897581 -1.530055 -13.948499 22.000000 -41.816135 0.000000
1135 3 -23.890458 -6.541076 -5.971056 -19.000000 -23.840478 0.000000
1136 2 -24.871130 0.461125 -3.826176 25.000000 -29.736180 0.000000
1137 4 -20.945880 5.138249 1.194651 -14.000000 -16662.081325 0.000000
1138 5 -24.002205 1.117340 -2.042089 -4.000000 594.404640 0.000000
1139 2 -24.051421 -1.312560 -13.514489 22.000000 -40.318471 0.000000
1140 5 -24.076102 -12.178162 -8.924950 -11.000000 659.763246 0.000000
1141 4 -24.674755 6.175581 2.186272 -21.000000 -27137.707881 0.000000
1142 2 -19.529442 -3.122223 1.413785 8.000000 -22.397881 0.000000
1143 4 -24.958149 -12.590014 3.980822 -25.000000 -25936.076343 0.000000
1144 4 -23.697087 0.206588 -2.172702 1.000000 -26231.279517 0.000000
1145 0 -24.150677 -2.282067 -0.409158 25.000000 587.130427 0.000000
1146 4 -23.402520 -8.712664 -2.189887 -1.000000 -24816.674558 0.000000
1147 4 -24.003871 -0.659484 0.147904 -20.000000 -26333.726969 0.000000
1148 4 -24.991192 1.255060 -0.409158 -1.000000 -30060.787251 0.000000
1149 4 -24.150677 -1.048017 -0.409158 -16.000000 -27098.073400 0.000000
1150 3 -24.751634 0.963169 -12.563798 -9.000000 -10.404667 0.000000
1151 0 -22.413081 -4.394705 -4.751755 15.000000 542.938816 0.000000
1152 4 -24.773432 -0.372399 -3.930476 -11.000000 -30332.501024 0.000000
1153 4 -20.725421 -4.570997 1.510146 3.000000 -15965.312130 0.000000
1154 1 -24.615374 -10.861927 0.681350 1.000000 725.616912 0.000000
1155 2 -24.378840 -0.396764 -2.854875 -23.000000 -28.170478 0.000000
1156 2 -24.560334 -1.128150 -0.593676 -20.000000 -26.882160 0.000000
1157 3 -24.003505 -0.794677 -8.899390 -15.000000 -15.198792 0.000000
1158 4 -24.895220 -9.237086 0.090647 21.000000 -28957.873561 0.000000
1159 1 -24.002205 1.104317 -2.042089 -5.000000 593.763838 0.000000
1160 3 -23.890458 -2.992807 -5.971056 -10.000000 -20.112210 0.000000
1161 4 -24.702206 -5.732228 -4.745761 -24.000000 -29942.060974 0.000000
1162 3 -24.773737 5.866332 -10.310883 -10.000000 -7.796521 0.000000
1163 1 -21.431354 3.859052 -6.676953 21.000000 549.064707 0.000000
1164 4 -24.702206 -10.280610 0.623073 -1.000000 -27851.489647 0.000000
1165 3 -24.654010 0.690865 -0.157505 -14.000000 -23.085641 0.000000
1166 4 -15.465041 1.240469 -3.772275 -3.000000 -7376.813035 0.000000
1167 2 -24.751634 3.484013 -11.928170 -10.000000 -33.995791 0.000000
1168 4 -24.562267 -8.969642 -0.441117 -7.000000 -28063.417673 0.000000
1169 4 -24.956341 -5.078631 2.190659 -20.000000 -28207.567660 0.000000
1170 4 -24.701223 -0.885698 1.632325 -23.000000 -27845.291611 0.000000
1171 4 -24.781607 -4.080642 1.331459 -22.000000 -28234.126830 0.000000
1172 1 -18.931997 -6.179846 0.618596 -24.000000 398.999296 0.000000
1173 4 -24.908238 -0.580411 -2.853705 -19.000000 -30634.546362 0.000000
1174 4 -24.988905 16.521678 -3.909726 -12.000000 -29487.903192 0.000000
1175 4 -24.898962 14.644827 -2.838397 -8.000000 -29311.865875 0.000000
1176 2 -24.505661 12.637134 1.596864 8.000000 -11.431663 0.000000
1177 4 -24.908095 0.215261 -18.995568 6.000000 -21364.965539 0.000000
1178 0 -24.495785 12.520842 -4.642786 -10.000000 777.570460 0.000000
1179 4 -24.374828 -11.396020 1.761912 -2.000000 -25847.420647 0.000000
1180 2 -24.012769 6.526111 0.695631 -5.000000 -17.691027 0.000000
1181 2 -20.521665 -7.167475 -0.329443 -20.000000 -28.618583 0.000000
1182 4 -24.861331 -11.389156 -4.598820 -25.000000 -29938.651826 0.000000
1183 4 -24.676085 -4.776383 6.499440 -18.000000 -23146.202897 0.000000
1184 5 -24.674755 -4.763361 -4.674391 -20.000000 650.513047 0.000000
1185 2 -24.883810 0.045169 -3.909726 -18.000000 -29.388368 0.000000
1186 4 -24.909983 -13.269537 0.063017 -23.000000 -28482.120113 0.000000
1187 4 -24.789197 3.441513 -0.371384 16.000000 -29249.243695 0.000000
1188 3 -24.236189 -0.524840 -2.066062 -21.000000 -22.114967 0.000000
1189 4 -24.906883 -15.509471 0.744726 -24.000000 -27703.392661 0.000000
1190 2 -24.674755 -4.776383 -4.975245 -16.000000 -35.106383 0.000000
1191 4 -24.921776 0.690865 0.109869 -14.000000 -29553.552488 0.000000
1192 4 -24.964745 16.260468 -3.466016 -13.000000 -29382.707715 0.000000
1193 5 -24.883810 -0.512830 -4.057936 -13.000000 655.465417 0.000000
1194 4 -24.682646 1.380741 -1.998357 -17.000000 -29571.459721 0.000000
1195 4 -24.909220 -5.916202 1.643392 -23.000000 -28372.069157 0.000000
1196 3 -24.906883 -12.640457 0.227109 7.000000 -36.634449 0.000000
1197 4 -24.752046 -6.929361 0.637863 0.000000 -28366.064682 0.000000
1198 5 -24.896619 -7.119412 -12.367120 -11.000000 730.925697 0.000000
1199 3 -24.885952 1.255060 -0.409158 -2.000000 -22.261734 0.000000
1200 4 -24.057129 3.330884 -2.235102 -23.000000 -27394.401728 0.000000
1201 4 -24.666277 12.854428 -2.218625 -9.000000 -28599.179821 0.000000
1202 4 -24.615374 -4.630759 -5.967897 -23.000000 -29665.837964 0.000000
1203 3 -24.883810 17.321413 -3.910585 -11.000000 -2.871813 0.000000
1204 4 -24.702206 -6.179846 7.225012 2.000000 -22272.116041 0.000000
1205 4 -20.872916 0.427007 1.240870 -14.000000 -16610.287704 0.000000
1206 2 -22.532146 -0.368776 -2.818498 0.000000 -26.719419 0.000000
1207 4 -24.495785 12.439604 -4.858004 -14.000000 -28465.983824 0.000000
1208 4 -24.908562 -16.239594 -0.589326 -2.000000 -28271.553232 0.000000
1209 4 -24.606296 -11.389156 -4.598820 -25.000000 -29005.315263 0.000000
1210 1 -24.822993 3.993695 -3.441854 23.000000 661.284345 0.000000
1211 3 -24.883722 -2.341693 -4.242315 -22.000000 -22.423100 0.000000
1212 4 -24.898962 19.310092 -2.838397 -7.000000 -28361.393547 0.000000
1213 0 -24.751500 3.622672 -11.264802 -9.000000 751.836276 0.000000
1214 2 -24.853217 -1.511816 -19.412620 -19.000000 -46.397653 0.000000
1215 4 -24.960456 3.880511 -2.739037 -24.000000 -30711.200835 0.000000
1216 3 -24.787486 -3.166446 0.109376 8.000000 -26.903308 0.000000
1217 3 -24.884316 -0.615891 -2.882309 -5.000000 -21.717898 0.000000
1218 2 -24.909983 -13.269537 0.063017 8.000000 -39.276504 0.000000
1219 4 -24.496277 12.157482 0.592026 4.000000 -26892.403577 0.000000
1220 5 -24.890514 18.621836 -5.188630 -13.000000 665.975381 0.000000
1221 4 -24.781607 -0.312389 1.331459 -13.000000 -28333.271154 0.000000
1222 3 -24.806637 -0.571489 0.341443 8.000000 -24.559569 0.000000
1223 3 -24.955231 -4.776383 -1.976188 -10.000000 -26.955427 0.000000
1224 3 -24.895220 -9.237086 -0.574993 21.000000 -32.137313 0.000000
1225 3 -24.797242 -1.433381 -3.929618 -11.000000 -21.521005 0.000000
1226 4 -24.826653 -6.171900 1.510146 -22.000000 -28148.232990 0.000000
1227 4 -24.993626 10.194376 -3.466016 -13.000000 -30452.698919 0.000000
1228 5 -24.908238 -8.445606 1.631644 -20.000000 605.335518 0.000000
1229 1 -24.680492 0.660847 -1.778751 -16.000000 624.162348 0.000000
1230 5 -24.615047 -5.957026 1.631644 -23.000000 590.755760 0.000000
1231 4 -24.991192 0.007476 -0.409158 -1.000000 -30070.237975 0.000000
1232 2 -24.921776 -0.654424 0.109869 -14.000000 -26.186331 0.000000
1233 2 -24.921365 -6.179846 0.615456 -23.000000 -31.025755 0.000000
1234 4 -24.883766 -18.959044 1.404880 -12.000000 -26493.817113 0.000000
1235 4 -24.991332 16.521678 -3.909726 -12.000000 -29496.935596 0.000000
1236 3 -24.956464 -5.217290 3.644238 -20.000000 -33.217991 0.000000
1237 1 -24.895330 -9.339430 1.019047 20.000000 707.564648 0.000000
1238 0 -16.218557 -9.465052 2.891093 17.000000 359.647208 0.000000
1239 4 -24.651514 0.777344 1.414277 -14.000000 -27816.385974 0.000000
1240 4 -24.951018 0.080649 -0.630083 -19.000000 -30027.282197 0.000000
1241 4 -24.597746 -10.852766 -0.589326 -5.000000 -28032.947400 0.000000
1242 4 -24.752648 -6.929361 0.637773 -24.000000 -28368.737862 0.000000
1243 5 -24.775182 -7.629844 -4.745761 -24.000000 656.041510 0.000000
1244 4 -24.279936 -6.929361 -4.522839 15.000000 -28324.177735 0.000000
1245 4 -24.956270 -4.948090 2.141059 -20.000000 -28251.657574 0.000000
1246 4 -22.703845 -7.296017 -1.998357 -19.000000 -22711.002004 0.000000
1247 4 -24.993448 1.255060 -0.354806 -1.000000 -30042.844911 0.000000
1248 2 -24.966435 -10.413935 -3.466016 -13.000000 -39.586387 0.000000
1249 3 -19.251170 16.260468 -3.964079 -18.000000 1.613377 0.000000
1250 4 -24.825234 11.797744 -9.156100 -16.000000 -28967.974165 0.000000
