1 -419.59302679831552 382.04681800666441
2 -591.52908836636993 3489.79867521233791
3 -140.31902590285426 1189.05837078775903
4 -272.95006836176702 0.00000000000000
5 -334.36947012415538 0.00000000000000
6 -930.50934623113403 382.40643000988410
7 -385.41929618520294 0.00000000000000
8 -780.04778960942872 0.00000000000000
9 -462.71513606708498 0.00000000000000
10 -652.72208269460862 299.19666793434175
11 -953.60178688345218 780.65569684184209
12 -719.63065010480091 0.00000000000000
13 -230.11737909777690 9.24587578487450
14 -1101.96871880078743 5501.58478071449008
15 -232.07625870847573 179.76857970886084
16 -416.39171003018208 0.00000000000000
17 -169.72839774136838 186.02415078766830
18 -508.44602464902863 0.91715276477431
19 -235.11740953779042 0.00000000000000
20 -368.88731660664376 0.00000000000000
21 -581.93497425885323 0.00000000000000
22 -253.45139809959363 0.00000000000000
23 -296.75005469130326 207.90323617984427
24 -598.33658479792530 0.00000000000000
25 -617.21193017922963 388.50456348559061
26 -463.12622038058714 0.00000000000000
27 -164.29304530754382 82.81561262278686
28 -221.84953838850393 2168.65922382302915
29 -307.17819134652638 0.00000000000000
30 -790.41646149669089 0.00000000000000
31 -126.48921604033626 907.55021215504769
32 -176.60550744800724 498.14151611102898
33 -372.13928752292605 2.15283940318952
34 -978.11760914986633 0.00000000000000
35 -422.54468974372611 53.81462563826582
36 -178.95662720187107 267.06022984732130
37 -110.21108361262679 1265.70141671669148
38 -799.79038584198520 0.16951407848319
39 -89.37292656782603 547.56711907938359
40 -919.00572679623895 74.00044297074645
41 -700.79471805613900 0.00000000000000
42 -675.93412644458147 548.53946884732591
43 -796.61813198787513 0.00000000000000
44 -256.44890346843130 212.30214442843308
45 -501.41499489414673 129.00640855261832
46 -202.11525144346589 300.77333592290859
47 -854.34879790042112 326.70395313521493
48 -739.60057695239846 14.00825091567177
49 -764.71682461538819 868.37519814456948
50 -690.57013878258385 1388.60389967062861
51 -280.82587731695440 821.39175903942203
52 -701.79097600241107 135.26460589653414
53 -311.94096352343308 68.38397962476310
54 -96.15418056528438 3550.44059375636516
55 -485.66764947442971 614.62189568287920
56 -2139.36814405269342 0.00000000000000
57 -1317.11218707039734 111.57489774967458
58 -2210.62047567402169 112.34905876042892
59 -950.78886781595872 0.00000000000000
60 -738.31042860062394 4.73799803206373
61 -2556.33306979863073 0.00000000000000
62 -2046.27863220737731 201.07465735136572
63 -1711.19334130530910 3.85401004785148
64 -2692.95651378755292 139.59958173380147
65 -1802.78746384063470 295.52307254718221
66 -2539.68656330719841 11.16616889451208
67 -1168.44914721480313 0.00000000000000
68 -2518.33056855885570 0.00000000000000
69 -4299.76617169745896 810.43712721218924
70 -6343.36954768237229 0.00000000000000
71 -1889.06353411627720 0.00000000000000
72 -1572.89458183436841 1018.38140924806498
73 -807.48609412229348 1915.87576961687068
74 -589.10699344302384 176.34137243447842
75 402.49588414341616 977.42444311874499
76 -653.43107114674558 937.21466299560075
77 -354.90617610545348 2176.00794928565892
78 -3086.85338758434727 720.77766333483066
79 -1402.68696530984539 633.37928331558464
80 -4179.82571006552553 0.00000000000000
81 -4219.18527749447730 618.75603710793450
82 -6892.51376014972539 0.00000000000000
83 -6209.85418045343886 232.97571819221938
84 -7211.36982902055570 865.29007911848271
85 -555.38357187592464 1770.20915391087874
86 -204.63367796640892 0.00000000000000
87 887.81157818086876 0.00000000000000
88 -510.71310230268625 0.00000000000000
89 -1938.35458772421862 7.20592659239612
90 -2361.54265754132211 0.00000000000000
91 -1371.13635317627086 148.67815380900427
92 -4198.55803656972603 0.00000000000000
93 -5679.05039115941690 2482.77921728684032
94 -8986.37912989427241 317.98932225919435
95 -7964.14914310520453 1195.90983135661645
96 -7297.07609494334065 1754.68229056295536
97 -9122.26432613164980 8.89753014519789
98 -278.51871395497716 0.00000000000000
99 -1032.37221532522926 837.74806052312476
100 -1183.07025501166959 152.52816228688761
101 -2516.56320292239161 943.28172496413731
102 -434.22974432443078 0.00000000000000
103 -580.55082547151881 0.00000000000000
104 -1490.04607149465460 1637.31059610172929
105 -1614.53507541546492 1061.75020544761492
106 -2948.14719699218404 151.84213887883254
107 -2580.50333857906116 84.95649891272691
108 -4305.94130013603262 1106.42581168756055
109 -7531.55453994048094 580.66606303792048
110 -6024.31907331445109 84.58542770195508
111 -5886.29614454222246 37.82748819014706
112 -263.70053030180702 0.00000000000000
113 -611.02835896928264 75.89213319610928
114 713.33603381496289 19.73739347515205
115 -706.28992512811442 211.14643044001605
116 -2393.28678189892889 0.00000000000000
117 -3961.55475830431533 690.00742955987857
118 -5753.47686473031808 161.24435194532683
119 1944.09263535384639 1415.82000879409338
120 154.46138207891045 0.00000000000000
121 -2312.67293258113250 253.18517744125290
122 -1547.44481703740439 683.87647341455204
123 -1117.02492404873260 1001.79826315775654
124 -3459.86398664111584 2595.99277900368543
125 -3789.90306024699566 0.00000000000000
126 -7060.67947698627540 708.43421627631358
127 -398.04793953737607 1457.59377114387144
128 -471.70425693013198 1126.74794731146994
129 -2126.67641011802834 84.13034003944661
130 -1749.87691293379885 1171.09873201873029
131 -1777.62975720031432 499.81438526943623
132 -4345.71827254324035 278.53001374672709
133 -2024.06293422574026 1015.49920073560668
134 -4969.59203128134595 496.31808625975862
135 -3854.94975627258827 0.00000000000000
136 -7318.83053176541398 1810.29840964748951
137 -6828.61271465432856 0.00000000000000
138 1300.74065612810750 1306.95467289857743
139 250.92393396379543 293.27901704746807
140 1692.10588666254262 712.29976159507351
141 -12.03407131544850 241.09549800545892
142 -1018.13883758285260 1780.89990154399857
143 -917.30029722499501 542.88221587851569
144 -1781.76318309203839 1221.57788083292439
145 -1133.75973461685408 3.71884362142266
146 -1471.29755707197273 0.00000000000000
147 -3810.65655583902299 2685.63611785700277
148 -3787.30181101412109 30.76437737106303
149 -3547.92699642195294 104.82151869215764
150 -4673.21285145264756 500.55563767949337
151 -6344.76189476399668 438.49003879126911
152 181.77220220710996 887.77974525105867
153 754.46298496747022 396.06094191159303
154 1308.49839556706297 1430.60325727150121
155 -992.62168795019090 1718.06563702021299
156 -1039.81867999489214 553.90771170445157
157 -1504.72332099225196 295.59058091098757
158 -1857.10857583249663 2179.54649648371105
159 -2545.12099706185927 564.19569216753496
160 -4679.41821970613182 126.37900684530722
161 -4639.84070895688819 57.74086065297779
162 1242.92935518267814 2633.19210091968989
163 879.61632326614358 108.13831898291252
164 3863.51217125076755 4418.52228954269594
165 -1452.78618070487801 3759.93787760036457
166 4486.27930967553948 10483.44755370427265
167 1251.79496750354747 0.00000000000000
168 1104.99704985439666 0.00000000000000
169 2672.50709040004176 4391.02127099878544
170 1046.15687822647851 1273.13324699965256
171 28.32704018814297 0.00000000000000
172 517.94838314001254 510.02665554350926
173 5055.96136630865476 1193.34316387424292
174 1752.81621021308047 866.74593524413876
175 79.30661568689902 242.10329634875515
176 -244.30081394866016 2428.15540473996498
177 3355.50359235540009 3127.46202718238965
178 368.98721060270992 1981.56017740928655
179 1421.06735799782064 104.13997581698715
180 2499.68945659127075 526.25361685648591
181 1583.69586105558119 137.09197421249695
182 -123.58736754495771 0.00000000000000
183 362.01765635111633 7702.32033863685592
184 1289.40608486136557 101.40910126930049
185 -653.93245939714734 215.99935782523275
186 2468.52413568336942 0.00000000000000
187 -127.28592533787099 1123.95125076661088
188 3234.36686068434392 2329.34786936449655
189 1755.73876204156704 0.00000000000000
190 3485.00696053647198 51.27299519977946
191 763.23558662035043 0.00000000000000
192 175.53139986780252 2976.16939024551993
193 682.17469624443424 0.00000000000000
194 -333.59545558501907 411.49803330608910
195 1877.93684025807852 0.00000000000000
196 139.37472894840363 1864.08877602320786
197 975.13545748170134 697.37566639107729
198 -778.00946713850522 1933.75960375693853
199 1485.03526208531457 0.00000000000000
200 3184.15186057903929 3.77385232647985
201 3635.55153735665863 558.87253975960982
202 2201.52742640982706 26.02304294487336
203 2046.01768176010569 0.00000000000000
204 2943.21062811946877 0.00000000000000
205 4442.83765980584576 45.48050694900930
206 2891.44973462675580 0.00000000000000
207 541.60260933847655 0.00000000000000
208 -239.93121672369762 2089.57374641682509
209 433.59256589702454 1704.19890575793602
210 1381.20620542874713 0.00000000000000
211 1090.32187322280879 105.01925827069618
212 4594.09340058047019 435.13243936792088
213 634.02442981618992 284.65603515391211
214 2502.54650465523900 1076.39410102532474
215 4342.29154196403852 2059.11993765568241
216 -528.76375091443242 1621.30070793339382
217 4400.67504222172283 264.26330812271101
218 2275.33678742729035 0.00000000000000
219 2389.83030440402126 0.01936828410496
220 -185.64441718429654 3729.90219075880123
221 2038.14902391783312 1698.72787276326881
222 1652.89175919853096 0.00000000000000
223 4343.80526634648959 0.00001262520787
224 556.79285905955203 5867.11126308777330
225 588.87526212313560 72.54226466238151
226 1800.92751092578101 851.56220596442495
227 2911.08923236643022 1387.94359134765818
228 223.19677894162515 2414.60858605963085
229 69.85430013104408 2749.78301505680656
230 649.95783716053870 0.00000000000000
231 596.35360756285058 0.00000000000000
232 -70.99650813393532 6491.75122704254136
233 5444.54823480676805 2.06489912336680
234 1023.20360131506015 43.11955882239558
235 983.52158649791079 517.65536517438568
236 202.13275949458119 440.91068469354747
237 52.03399873216443 1307.59462256078064
238 1022.91001821156783 74.16131005102434
239 793.23736614944983 3979.46909397717627
240 4412.25355725575537 631.66481108131109
241 4991.38373611951374 3758.03626391375656
242 -472.27279218746230 0.00000000000000
243 1250.36439244054304 2422.63385692910970
244 2690.69732978681395 537.35341025320588
245 -158.14875236762737 193.52077534608955
246 2172.36533692713056 92.47221981614467
247 94.21647535014142 3212.60715736356951
248 1066.41726401186747 1648.53804512137594
249 1312.24819361191931 6757.08996460195794
250 87.14841864250820 5167.07134415323162
251 3205.74632341853430 0.00000000000000
252 461.11627003827846 140.54190104304072
253 -4.30435450586992 4437.81880673410978
254 2498.53578476521579 3614.76575254525505
255 3162.33036111927322 1506.74722218843249
256 2911.90133853570296 2463.68095277677958
257 687.81100884808995 1443.06206130544024
258 5125.01642968588203 840.54994759226065
259 665.95377763416923 1711.00660059985921
260 4756.11409369040484 331.90226347350728
261 2658.47253441327075 907.52086070837527
262 71.99331544575580 1586.29110267498481
263 5476.21496220438894 532.70398544598572
264 130.90429402643943 4981.80045910381432
265 3583.53383046550925 0.00000000000000
266 4455.92226871032653 0.00000000000000
267 1792.18643694779621 2618.34185456935438
268 1038.15964674719135 12.19146594381965
269 961.95169805996954 930.83740625776636
270 5666.84739625489419 2032.87325206520131
271 -341.60100820082494 0.00000000000000
272 174.39903160384301 350.14777675504337
273 2483.27347462868056 98.98964050030153
274 1830.02262158277608 642.88656639995486
275 1340.18019657221839 619.88662531809814
276 727.67730838698731 8595.48159927843699
277 -466.65011543433559 0.00000000000000
278 1633.86367668064395 0.00000000000000
279 2566.88348048815988 0.00000000000000
280 133.37239170637918 55.01442824155597
281 621.28799852459883 0.00000000000000
282 1913.36938278264188 0.00000000000000
283 -125.06594430279273 4649.95571684830520
284 1262.95219259972146 0.00000000000000
285 -226.78324916979773 0.00000000000000
286 386.81640959985839 1098.79757384184086
287 1607.38551350272837 0.00000000000000
288 2406.56468060463294 0.00000000000000
289 2182.45147528357757 0.00000000000000
290 623.68080454112078 0.00000000000000
291 -717.77738189912407 0.00000000000000
292 2249.79511847622462 0.02356065113265
293 -137.34400892299089 0.00000000000000
294 453.58128109984648 0.00000000000000
295 376.53338583438114 0.00000000000000
296 -1046.88344476418342 0.00000000000000
297 624.15778611912799 7.77054486150996
298 18.16189003388888 0.00000000000000
299 -439.36498582739370 0.00000000000000
300 -435.11661381495463 4523.14123343856772
301 -968.28176320838656 0.00000000000000
302 1987.30211140480992 0.00000000000000
303 -519.20781501038402 0.00000000000000
304 1633.54856345401868 0.00000000000000
305 -622.65026724606003 1997.99744393436731
306 779.13690174112298 696.95066278202103
307 -511.94793214796846 0.00000000000000
308 309.48576857845774 843.90404948540049
309 795.84087713052077 28.58794299967053
310 1139.20215546171539 0.00000000000000
311 -766.35537473758654 4141.05593267482527
312 363.13101191802457 0.00000000000000
313 -138.78598805553816 0.00000000000000
314 -1084.81013469311733 485.07878878807043
315 -855.55767389954417 227.53686161898591
316 358.18004189749342 0.00000000000000
317 1935.03732026006764 45.74737286356164
318 -711.97975366430353 0.00000000000000
319 -1109.49293701482497 0.00000000000000
320 -854.76827915431488 0.00000000000000
321 1175.53356296750326 1127.52628122619990
322 1407.60161111033835 0.00000000000000
323 1896.43016273630337 13.41703603475210
324 -432.06599844583519 666.53316706975772
325 -163.71356491139011 0.00000000000000
326 268.39973679193957 12.38263263798502
327 476.30922728163227 0.00000000000000
328 -534.62129041164224 510.79918415674473
329 984.44972800996356 121.76786421832331
330 648.85880108113997 223.63767360965892
331 -192.27133383997190 1953.04924223633793
332 -429.77186355622723 48.05601365028537
333 -562.86496460117814 0.00000000000000
334 230.94570647981709 0.00000000000000
335 1730.22658172435945 0.00000000000000
336 792.67374423261617 0.00000000000000
337 229.18560070981084 0.00000000000000
338 -862.42507758960619 0.00000000000000
339 281.62713522421694 0.00000000000000
340 -356.42453003758499 0.00000000000000
341 1283.17784308660430 0.00000000000000
342 -276.99895949938917 0.00000000000000
343 384.60421478913588 10.39186126669038
344 -298.70403219652292 0.00000000000000
345 1032.52328071946545 0.00000000000000
346 -709.62487706177353 112.31014329837090
347 940.30936934659746 1.72384818516002
348 -382.99248125146062 0.00000000000000
349 -927.02273790529580 0.00000000000000
350 -509.79865827028914 0.00000000000000
351 669.51173937287206 0.00000000000000
352 885.30605216925517 0.00000000000000
353 48.26465838480067 1245.55510350388113
354 -227.73333303505046 0.00000000000000
355 -152.98938426591042 56.96808800297998
356 -301.99250526798107 0.00000000000000
357 774.60023363936477 0.00000000000000
358 -339.86649108985284 0.00000000000000
359 2285.83450791101086 1225.83721623090719
360 501.17572160912596 117.96423019729828
361 303.87979085529662 2112.84072233830193
362 -510.40420405982991 0.00000000000000
363 -308.47382930856651 1412.25741063715509
364 1324.91646811326336 0.00000000000000
365 -486.00554261163313 0.00000000000000
366 1397.83036977329448 0.00000000000000
367 212.62054323131230 708.99776658493204
368 -398.92220214676843 0.00000000000000
369 992.54936097704456 0.00000000000000
370 1621.45291002934346 8.07938622214979
371 1767.00595526961934 4815.09820664359358
372 1050.89056500843026 1563.84032399498597
373 355.47111465895409 439.29124008502657
374 799.67498696175471 1506.60897275862590
375 337.59903144691140 4.77954367396925
376 -575.25369552443556 0.00000000000000
377 1484.65078444744313 0.00000000000000
378 1756.65176508960531 0.00000000000000
379 -416.14536761751754 0.00000000000000
380 2028.34571128725315 2837.45491359050038
381 791.08670790037479 0.00000000000000
382 42.34658041889907 0.00000000000000
383 2354.59226970565896 0.00000000000000
384 301.75760897445861 265.77046645580367
385 3131.52828172386489 2164.31789843592560
386 590.43341520557237 2783.89626350449134
387 479.29533252576925 0.00000000000000
388 65.75913274908009 0.00000000000000
389 134.85736097770030 52.29406533519366
390 1108.89312432054248 8285.39733033543052
391 -469.78472927979305 11.44088405644298
392 -230.16664113377752 0.00000000000000
393 -388.86540023744664 0.00000000000000
394 456.65067742237261 235.56292473422687
395 -139.21101180104898 567.46832991173108
396 -771.00455991261924 1233.44855321415298
397 1355.76181210107097 0.00000000000000
398 1044.07906182422630 1443.71195992684238
399 649.17532104062263 2923.04835110909107
400 656.90238569072642 0.00000000000000
401 -854.01866525616367 1769.51536610301014
402 -440.30166867720624 6.13711881234691
403 -280.76431015110165 0.00000000000000
404 327.07656742678250 0.00000000000000
405 -277.58748067344493 593.13083710210935
406 -100.26984687390188 0.00000000000000
407 -760.51902348076987 122.86527433139246
408 -553.47360652891302 0.00000000000000
409 47.27106304545191 0.00000000000000
410 281.46645886134030 0.00000000000000
411 -352.77153429074758 811.32494437810249
412 401.91222148646165 2482.38014166141102
413 -588.05653054531376 0.00000000000000
414 1056.24213221405148 0.00000000000000
415 -223.11993575688842 1831.12659290169154
416 -292.01459547558795 0.00000000000000
417 -974.72184107058069 30.70471468293959
418 -814.21131245911170 0.00000000000000
419 -136.63164281497774 266.03607628784357
420 268.69576119812143 203.43886358163965
421 655.70623191291259 13.25912998346016
422 -434.68870943455158 0.00000000000000
423 -611.20125942363518 0.00000000000000
424 -554.05570509845643 0.00000000000000
425 -216.03798342953314 242.22219342788193
426 -128.04831819076236 147.63263409124468
427 -709.90529995195129 178.11882924576693
428 -172.87233677679029 832.60001441142481
429 338.77938573182007 0.00000000000000
430 -538.81833373914378 0.00000000000000
431 -697.21083764581101 0.00000000000000
432 -855.50095668415258 0.00000000000000
433 -535.07265245594238 0.00000000000000
434 -558.40362212308582 0.00000000000000
435 -668.69481113046720 0.00000000000000
436 -655.49223024576600 0.00000000000000
437 -930.84920966201958 85.41185586894785
438 -289.77858147674510 54.13117635958865
439 -491.04420724594604 181.60758375492759
440 -302.82731990263653 2082.55608599161224
441 108.32686100489127 13.72636744564332
442 28.70530685010215 67.16633935106461
443 152.11887938182520 0.00000000000000
444 -65.23383453009575 0.00000000000000
445 222.29962735404786 0.00000000000000
446 -415.48091874128625 0.00000000000000
447 -998.40746169985266 66.36321475000442
448 380.49472066052169 209.26824607678304
449 -310.32670297994491 0.00000000000000
450 459.18080385387236 19.05802388896478
451 -139.98998938709363 1838.07378480794159
452 570.96646612839163 0.00928880048274
453 833.86468786525302 335.42146628055031
454 -524.56194188661925 0.00000000000000
455 -816.07335344161174 0.00000000000000
456 -130.50249876440478 2605.04581089106023
457 75.04623578503129 0.00000000000000
458 -549.57827516485258 87.33573630187854
459 1043.57833076142060 0.00000000000000
460 651.38504852630126 0.00000000000000
461 -56.97160992294997 2122.94135063842623
462 -263.04841468163914 201.78316540517892
463 -172.82509378169578 0.00000000000000
464 11.18436039122173 174.98810702221084
465 -373.08078821251013 0.00000000000000
466 1091.93498109605252 1404.93656378838568
467 -183.58097833800980 0.00000000000000
468 -715.49262303037221 0.00000000000000
469 -683.91663835028237 0.00000000000000
470 841.46631814431169 0.00000000000000
471 42.94181200739934 1046.40292003799709
472 -71.68598701167019 487.45227636751883
473 -648.07841767707112 2.81497828188179
474 74.06829288389105 0.00000000000000
475 219.41817941330822 0.00000000000000
476 1058.28929579003989 0.00000000000000
477 -475.32680222185206 0.00000000000000
478 1434.07208702529692 140.64956477335650
479 161.29789658133677 1666.96810391984127
480 -211.60789385270220 0.00000000000000
481 1273.56820012710682 0.00000000000000
482 399.56403501903503 0.00000000000000
483 1315.41687136758492 1290.20489321810032
484 501.01314163454174 444.28011967866223
485 -103.93178613509053 0.00000000000000
486 789.88222610423998 180.14296983663277
487 -55.95406690934499 0.00000000000000
488 96.58840393579260 0.00000000000000
489 226.90285501936052 270.10162573991425
490 1187.18466616156934 974.23688636869144
491 -158.01955913783593 26.00088706280284
492 533.52921848233086 0.00000000000000
493 316.80561665448329 0.00000000000000
494 1363.84589792704810 371.00678538734877
495 219.00013743307704 0.00000000000000
496 4963.90134682724783 0.00000000000000
497 -785.07577874069193 1651.25738762980359
498 -686.52944824139990 3340.38804177683414
499 5542.67407498990542 0.00000000000000
500 -1137.90406432731538 3400.89098057411411
501 -418.85456217416561 5867.38543360231597
502 2589.79808693686118 498.72395230580759
503 6190.37246960923585 0.00000000000000
504 -658.17799290755352 3292.29378201622239
505 4305.83216726114733 0.00000000000000
506 -221.60644035428882 6476.91132979518079
507 -204.80223179965225 1152.20375621724247
508 3769.82168854602060 223.08779771139774
509 3342.26072016372109 354.62260281471566
510 556.96257568724627 960.75446901236319
511 1476.71008756234437 317.71032762375529
512 5616.36444794515683 0.00000000000000
513 -587.87005368545442 6107.21030600881477
514 1356.69633633277977 0.00000000000000
515 255.35800103705208 295.22125418707600
516 -175.34375172600176 5730.74177752687410
517 -627.51416036300020 1404.48503576020835
518 589.45882052621869 392.61363886868122
519 6167.36388451566290 0.00000000000000
520 3115.37405204223342 42.87010141414707
521 1727.78226399992627 88.55680303831922
522 3948.97553256682613 1668.57218845107059
523 3058.36217987344980 255.54537774995600
524 -28.75005066549113 7555.52518757205689
525 -396.44211109735187 6093.99533012466600
526 135.77234742776818 491.97350338799339
527 2577.77402590727570 0.00000000000000
528 -369.37676921141622 2575.56842574088114
529 -452.38248460455168 3511.35570724742638
530 211.28783001325445 2494.43260966511843
531 4319.28092542698505 0.00000000000000
532 -168.22072305063398 5242.40750142574143
533 1009.32993510362030 511.04633101654031
534 -59.96863773710461 7260.94085238254320
535 -49.74631256724399 1301.40807501088398
536 18.14567490022185 1117.62952822496186
537 6003.32707838621445 84.25840438074471
538 497.46051766878395 1057.40906952713658
539 2670.05989859047759 44.11936742583917
540 -305.58556657507950 2580.85541342746819
541 971.79543773884313 964.07874168390424
542 4748.71131338617215 1.25365082387808
543 2925.46635568487272 437.62428178684337
544 503.00285622675318 419.96100052278393
545 737.20081992136511 614.73641509004676
546 353.42527142369079 219.44998793335506
547 5443.97261585702836 0.00000000000000
548 289.87890234699216 3006.59392804768504
549 5655.91781402826291 0.00000000000000
550 4430.34384560142735 100.05939059258436
551 -1559.84515132235583 0.00000000000000
552 -1502.00000000000000 0.00000000000000
553 -1594.86855459020512 0.00000000000000
554 -1502.00000000000000 0.00000000000000
555 -682.00000000000000 0.00000000000000
556 -1222.00000000000000 0.00000000000000
557 -1312.00000000000000 0.00000000000000
558 -1302.00000000000000 0.00000000000000
559 -1382.00000000000000 0.00000000000000
560 -683.00000000000000 0.00000000000000
561 -1560.07698894756868 0.00000000000000
562 -1362.00000000000000 0.00000000000000
563 -1496.67394511717293 0.00000000000000
564 -1442.00000000000000 0.00000000000000
565 -1157.23586442732585 4.83147192713310
566 -1362.00000000000000 0.00000000000000
567 -1422.00000000000000 0.00000000000000
568 -582.00000000000000 0.00000000000000
569 -682.00000000000000 0.00000000000000
570 -1362.00000000000000 0.00000000000000
571 -1302.00000000000000 0.00000000000000
572 -1192.00000000000000 0.00000000000000
573 -1102.00000000000000 0.00000000000000
574 -1056.47973960802597 22.74226731655298
575 -423.00000000000000 0.00000000000000
