1  -0                       -0                       -1.9328282785285861856   -1.1686599170716154283    1.1716708157438286975   -1.4807584279364942592    0.14155331365334644644  -0.55474230383701794711   0                     
2  -0                       -0                       -1.9241825450274721021   -1.9328247014596051656   -0.84112638836885822435  -1.4031141750295579307   -1.6162749571417700523   -7.0942788039884607798    0                     
3  -0                       -0                       -0.88713494844102513959  -1.3759770777805520048    1.7384469692970867527   -0.9119259739555245492    0.47326183778476060837  -0.91584801058274878383   0                     
4  -0                       -0                       -0.69356065515611486916  -1.7124687647256495726   -1.0072648944868989318    0.61419960690859820573   0.72862610527648108416  -0.53538360321076705617   0                     
5  -0                       -0                       -0.46561289283777207437   0.43703271347561134519   0.77743806793494396601  -0.40330306811069016604   0.67009029370501904666   0.04275329580646506505   0                     
6  -0                        1                       -1.9827726162238115126   -0.72564019607245255905  -1.8284256776554967949   -1.9641414146893321213    1.8770749249209361942   14.881319897381864337     0                     
7  -0                        1                       -1.7315263254634731815   -0.9524738125591976079   -1.8978111871519751652    1.1050052206848559599    0.59671889259935717575  -2.9796208089801781149    0                     
8  -0                        1                       -1.4177136478867113922    1.6932907815361737391    1.9411879175950748078    0.26816386016741500242   1.9984648027081193256    0.21375095469036198281   0                     
9  -0                        1                       -0.4981822290766211303   -0.61033537681455163337   0.77592068067590336256  -1.6085129628297072379   -1.2054600493117044735   -4.2793461330909448037    0                     
10  -0                        1                       -0.20427750932551469454  -1.4885029655435362272   -0.88328409992234879766   1.6342389474755840695   -1.4702303310554079019   -1.484809885550172126     0                     
11  -0                        1                       -0.11810371314929568598   1.3124550144237061566   -0.944345632689420178    -0.06053472063982257012  -1.9944464793495675359   -3.3725706414776488451    0                     
12  -0                        1                        0.38070329833592575497  -1.2060024754530755953   -0.50566745986163041948   0.85264263037487397767  -1.4225478247592304726   -5.6758824014249187329    0                     
13  -0                        1                        0.55743202860806473353   1.5521331818343586662    0.61286548484017222549   0.49821534683287627132  -0.98156833273195576162  -5.9521657444956153071    0                     
14  -0                        1                        1.1056490580411479918   -1.8813381721734390162   -0.94987117519632446871   1.8931052139019506342    1.8025625606592323713    9.2396191685711972497    0                     
15  -0                        1                        1.1893286096226587389   -0.79441189770589737407  -0.39676291477391978368  -1.8286895286345330458    0.18814906635844019789  -4.5464604315584855598    0                     
16  -0                        1                        1.4801413295671141945    0.23957342376922552418   0.4392502718643269688   -1.2288058909361929683    0.13187927256348785932  -6.0567307723375591877    0                     
17  -0                        1                        1.9994288494888956542    1.7040828863028627538    0.56778053517235393954  -1.1999796915639677763    0.58701776264066163336  -2.3541763811081297675    0                     
18  -0                        2                       -1.8489836291590600048    1.396797139011908051     1.3004158892583270735   -0.73598032744441255204   1.7649419937480570475    5.7977021256040996988    0                     
19  -0                        2                       -1.5175638374334647906    0.88479509621438046096  -1.6732606633497411064    0.25575240991045911088   0.31686196193558169298  -7.7149792012065399049    0                     
20  -0                        2                       -1.2939484443281923376    1.8418543352377265698    1.6196287279568548634    0.64274119524615125343   1.560378290985666272    -2.7956249787365012871    0                     
21  -0                        2                       -0.94675571332244246037  -0.18346533822442068207   1.2443264016372781455    1.8691608820710636785    0.57628819047187374025  -7.1587349041668666416    0                     
22  -0                        2                       -0.90956393691734249707   0.52505789897522392451   0.29222198670083265881   0.87704427753107161436   0.40879092447132192589 -15.800629797407191646     0                     
23  -0                        2                       -0.61464555452386582246   0.57743329079429317474   0.40428254767819904458  -0.74389243917297731556   1.980771558418650713    -9.085585781529406546     0                     
24  -0                        2                       -0.41328205361207204227   0.34251878057199469652   1.9961864197404954879    1.1595492230075290507   -0.16013903151668662517  -8.6613685048697348634    0                     
25  -0                        2                        0.2922632410126420055    1.6061843714451708998    0.37747754602301686333  -0.8205652118149597829   -1.0436585254044408178  -10.707677323919343237     0                     
26  -0                        2                        0.58621871425715443849   0.92341068856630581507  -1.1896001295694549338    0.01883603145141732327   1.9104928718219063022   -7.4995215179585708043    0                     
27  -0                        2                        1.1111342075127152995   -0.36299790567788248197   1.5739991928124132947    0.57407987882045752315  -0.78423881248603155569 -10.137261127969315666     0                     
28  -0                        2                        1.7081620408127990984    1.7883492097723707737   -1.0722773626042909623    0.09759102832137278583   0.81148211450982454807  -4.3917715693151970768    0                     
29  -0                        2                        1.7609260413664822309   -1.2974676084426057798   -0.65382173145245614521  -1.992495574827022109     1.4042429032306356085   -1.8722133974808423673    0                     
30  -0                        2                        1.8944996660968258517    1.489084914181102004    -1.4615680842045355448   -1.5342279302548216258    0.86199621630147271745   7.5320634268049149185    0                     
31  -0                        2                        1.9793662838376913093    1.9797892267529224597   -0.52952374224772769118   1.7394247224346859326    0.04386740345730943957   2.1324133126471478406    0                     
32  -0                        3                       -1.8623021915234396761    1.1594621879699316125   -1.3697831267327496008   -1.9166341866864302634   -0.14856303683614968669   1.9953432836385549543    0                     
33  -0                        3                       -1.0849899607096842313   -0.96871608732471137237   0.54173385758858083605  -1.278059630635674182    -0.68029150615453048978 -15.988976151038508888     0                     
34  -0                        3                       -0.831602771425261178     0.94019304565890271519   0.59355980134419183969   0.69858716614311910931  -1.645969568828978602   -14.091132816739234457     0                     
35  -0                        3                       -0.26135096676878677435   0.54772087616560050094   1.3109541162734279496    1.3919426977150006763   -1.9424556139642767949   -6.0999839006556051402    0                     
36  -0                        3                        0.14019652691075634721  -0.44944401668205413714   1.079792434058237216    -1.5777898102574492434    1.4943428092922346195  -11.509318788163165337     0                     
37  -0                        3                        0.75666307983443159557  -0.13655640357559484244   1.6345314450056998012    1.5873312994169648249    1.7042786717444773359   -4.3956961882868723634    0                     
38  -0                        3                        0.84062803839614064216  -1.2473012356383961219    1.0518138509084966614   -0.28551104062365140202   1.2090798278200689531  -14.882935511548016194     0                     
39  -0                        3                        1.0523440326486315222    0.01900138109300453237  -0.71351476850103212612  -0.13333169289642810007  -1.7222435649556142589  -16.200898492622346936     0                     
40  -0                        3                        1.5914833979102511741    1.7334923634962331462   -0.3849143556257446086   -0.07504801485306100695  -0.08444784906663316271 -12.910516358699736017     0                     
41  -0                        3                        1.6423726469989001764    1.4547206643896659628   -0.93706492241736283333   0.96810510447171438386   0.38727509311769336975 -10.502687757032511229     0                     
42  -0                        4                       -1.7816337513707922735   -1.814689682231910961    -0.86326014089141378527   0.02470227219473430935   1.4568391028085811989   -2.7583373439805236593    0                     
43  -0                        4                       -1.5555959199185740438    1.8270762083516300933   -1.12702356905706913      0.8359743361045945953    0.41767787121381827475  -7.2752343126481093805    0                     
44  -0                        4                       -1.0932432111503258554   -0.64291304230225643224   0.68445586088483345577  -0.614442757109349591    -0.40584948746091509264 -29.403027517731086249     0                     
45  -0                        4                       -1.0161754727387943831    0.39313664194568831434   1.0192638572762735549   -0.76086467615881048232  -0.62428901449012252911 -27.414537208512282263     0                     
46  -0                        4                       -0.87319571541996032771   1.2976665948186227872   -0.82384316166353621647  -0.22019102350214425634  -1.2594217349008773876  -20.702108645389511565     0                     
47  -0                        4                       -0.4314007133877371114   -1.0928980001318364668   -1.5986842151462097306   -0.24337516209455278826   0.98722894540956662723 -19.938195298441129921     0                     
48  -0                        4                       -0.2691972290686059921   -1.5000577952134159787    0.43050494258869242969   0.43143764351295255111   0.57037444100291523341 -27.879458644420122226     0                     
49  -0                        4                       -0.24861187931616801627   0.86005451228271301289  -0.56422941378283186786  -1.174185044410881229     0.77126266165366530458 -27.73560298350226816      0                     
50  -0                        4                       -0.08395188405669640197  -0.18212597073704017703   1.9721374508886517773    1.8792882452757169176    1.7516583360738788855    2.2175624298440590465    0                     
51  -0                        4                        0.47301736157757101608  -1.8710166636447660427   -1.6148896434964421509    0.52469846226517402599  -0.28124865228206252787 -13.464003833007527788     0                     
52  -0                        4                        0.86945850225718324111   0.35436270762502797282  -1.7023060392294393495   -0.68918396577585916418   1.0832524141477279933  -17.897290286519218938     0                     
53  -0                        5                       -1.9686663043958223529    1.9692933429679522206   -1.7756633265486001516   -1.1787151315811956742    1.5739688502590629682   11.095770990632184194     0                     
54  -0                        5                       -1.8153571004549406975    0.09731606311967100353  -0.81821336358411422829   1.6364079593951834646    0.87426640972893743253 -12.710012490776973593     0                     
55  -0                        5                       -1.7519558116216109589   -1.2190339601696216221    1.4489235558354982558   -1.4159705904442749791    0.67631319577719839486  -7.3776509450462386397    0                     
56  -0                        5                       -0.78533570987230127969  -0.94338519127120457064   1.6584312365765891961    0.50751228755714450358  -0.25117818906897459996 -27.267722506638989444     0                     
57  -0                        5                       -0.50676152481921454829   0.64661289350150585875   0.14892879717592499844  -0.19136081054206410812  -0.04546242326758243024 -46.321519276095344253     0                     
58  -0                        5                       -0.28013625750188309027   1.2238603617386303313   -1.721893817174822372     1.0156004744604896217    0.33338826605829696703 -21.381010317233162255     0                     
59   1                       -0                       -1.3272146071443899906   -0.86502077221255579964  -0.1241168498270752707    1.2273663143637842943    0.32289517723357397117  -0.0564721330184413603    0                     
60   1                       -0                       -1.3201664002226787265   -1.7718273759102047826   -0.52332957650878442202  -0.03525793842461788508   0.11538147993943459468   0.00497987432655463448   0                     
61   1                       -0                       -1.1028261847487978997   -0.66273219205436184609   1.5576575254044757735    0.83128951254896232825   0.29206018911556297368   0.27640237933783401436   0                     
62   1                       -0                       -0.55998647988906613548  -0.03848209143314829106   1.8965263307811586202    0.97339272037194213283  -1.3248028203656638802   -0.05270288912776851381   0                     
63   1                       -0                       -0.11365219471163134912   0.00612473623703602144   0.0386106543678748082   -0.97853643988557670319   0.49820814701487226017   0.00001310268219613178   0                     
64   1                       -0                        0.01460645181333930509  -0.28785193963558275421  -1.8795589567360639904    1.8420906939548649106    0.89510591814380058295   0.0130303259779546432    0                     
65   1                       -0                        0.2285590576247416017   -1.4643687566985303938    1.2750333310465871151    0.44181958988218195117  -1.1091486455714343329    0.20912461306500382263   0                     
66   1                       -0                        0.52904959192577161176  -0.78560347319910639463   0.33166709456066190143   1.7303094543021759755   -0.21946722748344327236   0.05234746110594232227   0                     
67   1                       -0                        0.80447750972688103488   0.639750166702957479    -1.9615984340534675656    1.8574459911604188633   -0.608144008398089575     1.1403995785714291511    0                     
68   1                       -0                        1.6533628357725196345    0.62397263617280795955   0.48283689399981133406   1.4947054575723903724   -0.91057397375062976153  -0.67796147613835311407   0                     
69   1                        1                       -1.6886592538089564286   -1.9917422525778345488   -1.3153938482305220781   -1.0739667029491815065    0.26950695673956914789   5.3476689115878723868    0                     
70   1                        1                       -1.3627686508192606851    0.67222812000880249883   1.721811742765718467    -0.56727545333397344507  -0.94531747081374284392  -2.3696821619432011374    0                     
71   1                        1                       -1.2913452294894431915    1.0764564579224744634    1.9196412346298368234   -0.03372233651299216817  -1.3554923979235695697    1.7158825586611818892    0                     
72   1                        1                       -1.2791217328233461803    0.19047882760121037649  -1.8419123401976251753    0.44913859219769181053  -0.65399376958668353765   0.98600383448970752021   0                     
73   1                        1                       -1.1650499896597166227    1.3557237371180357322    0.72651522461742734649   0.77862686605892506009   0.81094259224288567367  -2.8967238884295918311    0                     
74   1                        1                       -0.91514505650868160913  -1.3938265366957649505    0.08034622077705133592  -1.3644540237166777885    1.7410553663339527475   11.522496826023891359     0                     
75   1                        1                       -0.77426296167008579197   1.0716959056757748847   -0.86912113285769332371  -1.9484188977136320808   -1.1908957198347454032  -10.859865023545022922     0                     
76   1                        1                       -0.40408199674677947044   0.52691254186604918885  -0.25855830214817587809   0.8022730259948511744    0.91775921171345853367  -3.777171098025043694     0                     
77   1                        1                       -0.01228933561879430592   0.84182295645895699465   0.14264005383870692611   0.30898890808500478755   1.3246188755091385936   -1.9269890107207527929    0                     
78   1                        1                        0.21534655492977039515   1.6810636451017990645   -1.7362734952646812214   -1.6875239935747703424   -1.584150557378608104   -17.965545866570508338     0                     
79   1                        1                        0.63917995722413101234  -0.50057200437890636557  -0.02243524134681473825  -1.8466944878723625667    1.3362541814332620227   12.331783101832732186     0                     
80   1                        1                        0.73685078557973060498   1.7465214276362224233   -0.08545524669405946128  -0.21376519559936979498   1.7915515484867370333    1.8077245210129784247    0                     
81   1                        1                        0.77618858400443979662   1.1455589285073437544    0.68782578374175296076   0.48718036616654325499  -1.4390524572078593479    3.8645603995783472939    0                     
82   1                        1                        0.83242623703777063326  -1.9162746285532044066   -0.7403307950730273479    0.55859557136062276683   1.1378912173625757021   -1.008795018626582829     0                     
83   1                        1                        1.0157964589150942913    0.69419847529312939116   0.05868331483734179344  -1.5534994921379090549   -0.33377622971365883409  -2.5304110251989491154    0                     
84   1                        1                        1.4239431373817446058    0.49379762994446751989   1.215855257820836588    -1.033790761079257825    -1.1409759205735032772   -4.28886581409707901      0                     
85   1                        1                        1.5158244666686933044   -1.6833669398599826472   -0.31496030076422609767  -1.7978804706497770738    0.07276454736443227489   1.0791644716028581108    0                     
86   1                        1                        1.7223194407371082981    0.91345567818977846386   1.2549247798717604319   -0.11851555608843611367  -1.9209802147908023873    0.45747496702927709089   0                     
87   1                        1                        1.7316377728419598547    1.6304889931973276518    1.0708104306132022465   -0.00541016172743646884  -1.576901869225658892     1.7290811842201010418    0                     
88   1                        1                        1.9241597608592999613    1.4176275457283282755    0.76331723391953909541  -0.77580580556467970688   0.52128137605959823375   2.2621234761859732032    0                     
89   1                        2                       -1.8829949991239023355   -1.4325400223006821143   -1.888200750761312996     1.5699065888177257122   -1.9767313382667195398   52.248812061184914057     0                     
90   1                        2                       -1.7910010430661498226    0.08065762396917142141  -1.4033083152153382756   -0.59753520408454829926  -0.29340192628671180053  -1.9440145499120811134    0                     
91   1                        2                       -1.267057623264160382    -1.0994435962082054203   -1.0970365660451104617   -1.3014838071031225031   -0.01861857158166269066   2.1329100982455297952    0                     
92   1                        2                       -1.2349541705874951258    0.40300055022288283624   0.51511655683781620851  -0.66387994770782721154   1.8878264389431498316   13.269387817309212352     0                     
93   1                        2                       -1.2136313903549758031   -1.1307728538314747446   -0.59462256902836663208   0.59695363101212395307   1.9229720113406756354  -11.071220940936484567     0                     
94   1                        2                       -1.0686616737648522157    1.5959233716147376292   -0.20041787071828487399  -1.5181111730417895522    1.660198524376822693    23.70246205444136578      0                     
95   1                        2                       -0.23147046799705939257  -1.1535306900391992802   -0.68504178778119695359   1.7015028452045193319   -0.43962497487522433914   9.1974871945582528099    0                     
96   1                        2                       -0.18541206692804057532   1.9928052021306816854   -1.8146640298696050664    0.56903843662778941237   0.3492303111285970374   -9.086553022914772626     0                     
97   1                        2                        0.05336653659830536967  -1.5633622254292725007   -1.1322690188221460339    1.4617177554430185182   -1.2308752645357952105   21.362251953343101007     0                     
98   1                        2                        0.27108459009049168387   0.97792385327115738392   1.0510027997354383089   -1.4649377497317059849    0.55963944930840936465  10.025547232836151679     0                     
99   1                        2                        0.32049713359625053855   0.04453767778856709825  -0.22596939414412942071   0.6679643843840459283   -0.34288158635476384539   2.2709373255659466295    0                     
100   1                        2                        0.64951865241951400876  -0.8053603517090344166   -1.3111349961580023304    0.10320878794957133451  -0.21017824829793041452   2.3139170767683241436    0                     
101   1                        2                        0.68138841269703176451  -0.28062418844964498454  -1.076249221478646767     1.9557493287541189986   -0.92003821993912793253  18.227386107645763502     0                     
102   1                        2                        0.88799205290073635055   0.7169129473575788225    1.580876878519480222     1.6815843337511875433    1.0505504872488207191  -13.621282831167700778     0                     
103   1                        2                        1.2632727259544824783   -0.52478077984260207423   0.93916359672636007261   1.1937352692747005278    1.619514766795048466   -21.522103938552461955     0                     
104   1                        2                        1.5357895763361604224    0.15904121664463444219   1.6871555808203195781   -0.37866166436814019391  -0.06104063833223150048   0.31504209841235686351   0                     
105   1                        2                        1.5654576790598286884   -1.0244831059491055214   -1.3482119997722987748   -1.1413096948842507139   -0.39949013414381728815  -0.81112188551703057193   0                     
106   1                        2                        1.7744707329525111206    1.2069450205740324122    0.89497050285687906879  -1.018537928252140512    -1.9833017452128733904  -14.168358450001012017     0                     
107   1                        2                        1.8562635278313903697   -1.6779199388884487032    1.1499039878286865246    0.73461703153401325395   1.4795165620064567591  -18.620395240875087239     0                     
108   1                        2                        1.9729545631489413537    0.44747823057471203256  -1.9196400041957213389   -0.47031305563543623904   0.01400886439379256387  -1.6409426775911353236    0                     
109   1                        3                       -1.7435446750414163031    0.6617546424879123812   -1.1149244281850645422   -1.311105272149192702     0.8866500121397149492   13.728526063882705799     0                     
110   1                        3                       -1.3734214299842033569    0.22316099670988798209  -0.66854186534481763182   1.2678427368613660597    1.83641556560643604    -34.894794002877155492     0                     
111   1                        3                       -1.0186324116032312581   -0.7380036590343481695    1.4747249429833630963   -1.769943137155233881    -0.95859525263808964546 -26.833974622931656029     0                     
112   1                        3                       -0.99667257386182273038  -0.31623376972087369197   0.4460164570622850988    0.63632229208062307535   1.0010935704213053121   -9.8888591685134290543    0                     
113   1                        3                       -0.75010027293550596283   1.390727429785602709     1.8319595237988881564    1.7249519694674582126    1.8672803142331195758  -46.826769533307654569     0                     
114   1                        3                       -0.7288913941084753656    1.1405164963453877647    1.6083010277517306719   -0.88474415999548527978   0.76370880540147556559  16.541579213453736941     0                     
115   1                        3                       -0.66927309899075071442   0.99986683010120547266  -1.6486320797999396426   -0.72758085256885030034   0.42829453748910495392  -0.61474389200628076768   0                     
116   1                        3                       -0.64822294038246641712  -1.2660561505486387368   -1.0047319333253004192    0.34265856908629688249   1.2222174572490795974   -2.8112407998412525245    0                     
117   1                        3                        0.02997922510074513269   1.5631257740056234695    0.27729893799143079391  -1.9686161303287477153   -0.32183545991288942112  -8.1949648265217067689    0                     
118   1                        3                        0.08904662927557227547   0.38620664787290648334  -0.91735604302496964735  -1.6705325983602330453    1.0675547449966922287   25.744170684548869588     0                     
119   1                        3                        0.12421779616834083271  -1.5538468274020766913    1.706754824496116818    -0.15656502951654860389  -1.5347476798968933132  -11.639581963109977281     0                     
120   1                        3                        0.35459194876260768936   0.45828200863168655488  -0.78840281162407044313  -1.0874433331195565433   -1.3727223670192947313  -23.666548272520660845     0                     
121   1                        3                        0.44009640728125720699   1.0245699843648550242    0.32330772552716258161   1.6790015655487580126   -1.2731156826881362409   32.745583127560429659     0                     
122   1                        3                        0.57675410998576959187  -0.41221246996114446759   0.6600264797991735044   -0.59376833299162856683   1.0895219440155083923    8.9891550502552135526    0                     
123   1                        3                        0.92393251857811886651  -0.53906631799459536758  -0.33346807103385467386   0.03944665428903348925   1.5430776968119914727   -0.36364495468808222256   0                     
124   1                        3                        0.96965405549546623831   1.9032779863916786667   -0.58133423215275037421   1.0219655277697685669   -0.5030651039125082491    4.9439819993938902698    0                     
125   1                        3                        1.0491219228394279561    1.5055510917724665987   -0.72546030477880840692  -0.42493435087262998451   0.16072175628389384627  -2.1739512151826163588    0                     
126   1                        3                        1.1681831213172420014    0.35164058406908749177   1.4638832032682902451    1.1849466890806672481   -0.43078125706925285421   8.8941215442301331251    0                     
127   1                        3                        1.2309600651868457533   -0.55993213206528036352   1.2339606051172831158   -1.1143885940752631392    0.77751356240902769201  11.66090948558275997      0                     
128   1                        3                        1.2566528231436575602   -0.48496316982548770547   0.31241910128544647662   1.5564854339781413195   -0.72633971024452237408  16.718774067530880245     0                     
129   1                        3                        1.3989957029835777824   -1.7542705435558585414    0.0956502351014991703    0.74893102538514222388  -1.2493615756485056956   13.75154438269985846      0                     
130   1                        3                        1.5262885300590265381    1.4288371631823033603   -1.295677241449834316    -1.1444082256623031579    1.9083834604279901193   33.376713962555093929     0                     
131   1                        3                        1.6262482420309756215   -1.3368771545960880243   -1.4892339282650712828    0.20169287064418206512  -0.18262291951897813291   6.4060166807797847       0                     
132   1                        3                        1.9586860901633142973   -0.23009670530614423356   1.9786774738748538205   -0.10094008915879970623   1.0290409819969137395    0.28483974500836650723   0                     
133   1                        4                       -1.7079486572887363494    1.5792046707899984881    1.550952797241264669     1.4251868752967666865    0.08346549129992508753   6.9203974552782554497    0                     
134   1                        4                       -1.6920761384736657806    1.0917988078150697717    0.05003824681410362629   1.9053596744891763137    0.39488486649349407998 -14.898979611337361817     0                     
135   1                        4                       -1.6794403922050953337   -0.90345124781411678683   1.1190238121468962795   -1.7375870975054770184    1.3886353708045442445   40.116776608878687682     0                     
136   1                        4                       -1.6460174639417299858    1.2512105041888168522    0.25908185883204248867   0.35092947730450285704  -1.0185264780162728293    8.6360020800939985008    0                     
137   1                        4                       -1.6362717904634076493   -1.1326593696382101228    1.8235901536887357821    0.66185987626844422493  -1.8111538717402835275   11.661191676916340398     0                     
138   1                        4                       -1.6247390136499615387    0.8940935518545582994   -1.2389750356131641329    1.3428835775982648215   -0.10757291617513931037  -1.8018785649694397666    0                     
139   1                        4                       -1.5019339958403239432   -1.954672976508826876     0.79111495160956080142   0.7583965622856143618   -0.38476274510756858227  -1.0271548496042375298    0                     
140   1                        4                       -1.4496292950900606655    0.31984095418822056089   0.34948767022783266967   1.3561185930926362708   -1.14433394109864639     31.735635127325402038     0                     
141   1                        4                       -1.4043600739721782134   -1.5928158188062357947    1.9449377734006039198   -0.93825204051790778159   1.9632460801696773878   16.43478067770984552      0                     
142   1                        4                       -1.3852914224863397408   -0.25099117554980110434   1.4893557318494750064   -0.67875212860264633186  -0.00599611537138433626  -1.5745505487386426413    0                     
143   1                        4                       -1.2460613949384815591    1.3675466784958869582   -1.9886286754586999237    1.4313906682927868275    1.8422293692885634009  -54.681291748167872413     0                     
144   1                        4                       -1.1805634335250176914   -1.1182898666599241366   -0.53956869115311190122   1.323927411708032853    -1.9515113583200671687   55.92722160275624077      0                     
145   1                        4                       -1.0302131888699950224   -1.2317974407060399145   -1.2513864598755759516    0.99059371517619121406  -1.6371075365379637034   41.175303909168746941     0                     
146   1                        4                       -0.86545415856137664079   1.6181702382425906528    0.49261621560929036434   0.20862479885043461181   0.8533653550000845911   -0.49493841113558723066   0                     
147   1                        4                       -0.84825211457435045759   1.8852228327546720621   -0.36969758053802093123   0.23822968559032320357   1.1292060497397966579   -8.0090184384134275319    0                     
148   1                        4                       -0.57020631639524510526  -0.76668938744303716248   1.8465131540079462447    0.30339135534408567807   0.82820855198818721377 -10.485397637275358562     0                     
149   1                        4                       -0.37077462963079432789  -0.47259750906471764687   0.91355669151974616682  -0.39741487155475208048  -1.7637587462161505858  -15.633650505192399294     0                     
150   1                        4                       -0.31323907162038455709  -0.0255080005452885672    0.73636526516620603999  -1.7196048304078446201    1.8562291768337471076   63.745699908656824562     0                     
151   1                        4                       -0.14941609232040886646   1.2573527351554436571    0.51352469233512154645   0.15751228613721046656   0.24367940877782956477   1.8113737299831256244    0                     
152   1                        4                        0.09910314600827296871   1.1886425656399719486   -1.4058456571373862953    0.05486521038838976239  -0.81196898960387953181  -5.7858374045181317769    0                     
153   1                        4                        0.248523824035977281     1.5223384423426340462   -1.0368629296063458511    1.2834299938202438085   -1.6790021235413654654   37.629134108363714972     0                     
154   1                        4                        0.25236658829153135741   0.74381279663870270014   1.9296627250016946675    1.0871212466091000337    1.4991740972287361799  -26.264102496773077178     0                     
155   1                        4                        0.41307130647063194928   1.6529419287497240099   -1.2238046858009559159    1.5421942512662867308    1.3527612774802282303  -51.559156776248585174     0                     
156   1                        4                        1.0038347089818424607   -0.22635728570714142016   0.16478786237117137858  -0.29029363535451202516  -1.7585715781787543133  -10.378361689619683972     0                     
157   1                        4                        1.0393787865046557606    0.1187259075694546695    1.6773394787544839701    1.606567145350720871    -1.5495070876941667848   50.069050663180824756     0                     
158   1                        4                        1.0957868107618002895   -1.1937025882741409966    1.899909295560105349    -1.8824629385894842137    1.3625730269488083302   48.602587000395303107     0                     
159   1                        4                        1.4461199721468758206    1.7153359368765244142   -1.5409671726738625175   -1.3521398550706043018   -1.7947299178291613586  -68.383769317374060392     0                     
160   1                        4                        1.4643227149336683901   -1.7330322143452516759   -1.6668793016348883995   -1.5021176312023913901    1.5840269896936263194   49.077911843101247769     0                     
161   1                        4                        1.5812698118132169078   -0.1632472216691400746   -1.6853208287844316793   -1.445586851336298384     1.1687388076480602628   34.155750137863243765     0                     
162   1                        4                        1.8687930562174726035    1.8108390026711154164    1.8587958102051822529   -1.753781192588635518     0.52813372690553039845  26.16225042220385788      0                     
163   1                        4                        1.9504381675131177154   -0.26722535950898640422  -0.00359305060951387034  -1.3161979141383493008    0.1948816165595506078    5.1334158030951622109    0                     
164   1                        5                       -1.5519943450838313836   -0.84473677412717074198  -1.2140980301910042627   -1.6275190454333166024   -1.7940700088653742661  -72.516732975897085112     0                     
165   1                        5                       -1.4571173139461923718    1.1283692015487498672    1.5219518527712430078   -0.87516086293803962981  -1.1018226981945589138  -17.933123131644791215     0                     
166   1                        5                       -1.1762893725397471911   -0.50764260072106415222   0.95455846600373916999   0.69225600698050726578  -0.59915630399762020986   7.7099474571540653756    0                     
167   1                        5                       -0.98870410808365161159   0.96673563906547554936   1.5010388190521215535    1.9744805244403416111    1.8140408004493813188  -87.42801664398038497      0                     
168   1                        5                       -0.83732264821621393835  -0.89124558837813983025   0.62468253248945870837  -0.55339619594073230502  -0.27309084981386022584  -6.4914617591328118706    0                     
169   1                        5                       -0.57149475915092917688   0.12882106751808075629   1.4580928256777330176   -0.78053013993506015211   0.5094015964455174128   10.921928827362840764     0                     
170   1                        5                       -0.3228928380492892547   -0.98370884147625559102   0.75259262872288212876  -0.34492835500991048114   0.9116758498942520994    4.0847394789178457231    0                     
171   1                        5                       -0.03677428261301818324   0.48049672117202257837   0.9673727609287547935   -1.0103121206387939424   -1.1833359989405258794  -27.584806187040801007     0                     
172   1                        5                        0.72213550601204312684  -1.2767861782352807332    0.83804778318141526228  -0.64015675143209338493  -1.0697590080105938704  -22.999524362039863945     0                     
173   1                        5                        1.4975244154915037242    1.1801025889900618182   -1.4248349202708290306   -1.0520865503620291381   -0.93424401261111023054 -35.45486634795221903      0                     
174   1                        5                        1.844437388730869376    -1.7611761320411702947   -0.21027008500056254547  -0.32660365574481731166   0.64695190404570590559   6.9897111378606489041    0                     
175   1                        5                        1.8971495490867127387    0.87688301391827039311  -1.0194888727159512332    1.3990055076842144999   -0.87386856121001366127  28.167249832277722277     0                     
176   2                       -0                       -1.990434552386304734     0.79140161845100687188  -0.32081896296588352513   0.14230502928328192525   1.6767738960329916509    0.12058675824305684077   0                     
177   2                       -0                       -1.7192176347663135072   -0.21329553477908702597   1.3947943240910887219   -1.8089431528940864702    1.4457608197429991925   -1.3376551402419065706    0                     
178   2                       -0                       -0.76412248457345777197  -1.0139996516111837721   -0.18981881894333318961   0.94503706134241260983   0.95199780893458818554  -0.13231980163050849342   0                     
179   2                       -0                       -0.65194162044952208568  -0.07992106238644325344  -1.7679086942483590583   -1.8897980362079966898    0.01004508366509959671   0.00174863327828669911   0                     
180   2                       -0                       -0.47411507766822924559   0.24865458480683111375   0.17278043034917089926  -1.7922838514373367058    1.2901954681476635045    0.04710175546959444182   0                     
181   2                       -0                       -0.45339342429082285513  -0.9226239245297909175   -1.4469971900156890499    1.4845355592452440519   -1.3449487935051402943    1.2085481875724168876    0                     
182   2                       -0                       -0.43474668674713878858  -1.0639627538357907532   -1.6101455465647998011    1.333780205331492219    -0.88590194773332453515   0.88003058319053850678   0                     
183   2                       -0                       -0.35608665911788817127   1.1009701885957134948    1.181480621603396397    -1.3451753988827521713    0.44260739924845982074   0.27577535447851081463   0                     
184   2                       -0                       -0.21938520205392419982  -0.40467542086703711668  -1.2865360183762968305    1.0498292848410883948   -1.0035537257306570424    0.12033595737429558792   0                     
185   2                       -0                        0.07474356405314619423  -0.90153024519097568756  -0.59192553438457373716   1.7572372873999131393   -1.1629979685847309234   -0.08151368847367866655   0                     
186   2                       -0                        0.84945304998150650277  -0.59112455748746284279  -1.7099265231048916824   -0.63339280884026916141   1.1111715731988729416   -0.60429650369471998861   0                     
187   2                       -0                        1.3939460503043079598    0.19594499314508562193  -0.10895739473810639453   0.93581015481183404958   0.09242209330756478991  -0.00257395174712678459   0                     
188   2                       -0                        1.7573035195703061717    1.6627986910260545983   -1.2766958854898566855    0.40379323934692346043  -0.50153037880383410929   0.75549257287648963199   0                     
189   2                       -0                        1.8196319170940609133   -1.2836487718094653498    0.12181051398669628938   1.0329251319632488659    0.63157014102877884199  -0.18561153617759473811   0                     
190   2                        1                       -1.8717442205542369482   -1.4425651329495663422   -1.6332291470651849608   -0.96580207599195966317  -0.75021745443515497342 -11.754734175183138234     0                     
191   2                        1                       -1.7687075277039032706   -0.97842150813131434361  -1.5727697883695825887    1.5214493106016271362   -0.52802965662895195997  -3.2831777382484004235    0                     
192   2                        1                       -1.5817619117918935157   -0.33403933908052851898   1.1902406685483932769   -0.20296828734491501045  -0.25318004264137883297  -2.9624778910381945884    0                     
193   2                        1                       -1.5759174670675311081   -1.4616628641765445629   -1.1442341402415729945   -0.85707904149377567293   1.5398216443395358333   -2.5581389053628624808    0                     
194   2                        1                       -1.5373456532149383236    0.92685921588939246263  -1.2607040168805623281    0.37591242277700009922  -0.85708383394403875322  -2.4159494895876227893    0                     
195   2                        1                       -1.345048186871334206     0.28579319633545363644  -1.7396906018821867157   -0.90191242183935793619   1.1043605088326322594   -2.0761534438367266198    0                     
196   2                        1                       -1.1998298672639502449   -1.0558726443121178029   -0.04989466482338555942   0.16450152716039001533   0.94431822205129467562  -1.9142418852301916754    0                     
197   2                        1                       -0.7392065291630385282    0.0569101254082675645   -0.61855455271400394679   1.8306091876385952588    0.70304891869563279627   0.62975238720290527272   0                     
198   2                        1                       -0.39852814015765058997   1.1696766309742061551   -1.5161053446777676967   -1.4530091642299356458   -0.8413553283060730692    3.400965897840201535     0                     
199   2                        1                       -0.3322724837226362915   -0.25491189187473706212   0.62918455375106630001  -0.17646610464219758541   0.69581024076226416497   0.9402076937185714911    0                     
200   2                        1                       -0.17710036598810208197   0.02364897241036079123  -1.378139175226079427     1.3713820863142500706   -1.455205853124629467     0.98293974210354317922   0                     
201   2                        1                       -0.1688594869092510109   -0.99990140383129522128  -0.89254190365676744356   0.54465482122306685397  -1.3644796201198015062    0.10747624550395239174   0                     
202   2                        1                       -0.13628129945781752852  -1.5173271309365281567    1.8785888185282275664    0.90357379623572420257   1.5893790812685835157   -1.9379686118087060542    0                     
203   2                        1                        0.04077668225809949476  -0.04591636881769156631   0.66765477520924543242  -1.6510342620857738627   -0.372152178746683715     0.99920291206829192632   0                     
204   2                        1                        0.11107481706546629141   0.2623270919385594091   -0.46602773801231345274  -1.3341859686075077107   -0.12430762116897575709   1.017170484854434287     0                     
205   2                        1                        0.13471395790520368507   1.508658357496792668     1.012525752262866785    -0.9264139004346014783   -1.4847619554291791033    4.7192820999843902996    0                     
206   2                        1                        0.23968508733163051971   1.5677989815313431166   -1.9868902544966045021   -0.3596330377099448139   -1.238167596282010674     4.5349458493164922501    0                     
207   2                        1                        0.45627221289203578891  -0.14571767294979043328  -1.8288346610484991217   -1.5926847202340406184   -1.6072703835864050603    1.4031590062310801414    0                     
208   2                        1                        0.91329401854402592065  -1.3622308677786034714   -0.6429463047115340224   -0.4118357362492692797    1.1797076059857234398   -1.1546992858386784242    0                     
209   2                        1                        0.92650081251899285562  -0.93062713346691494642   0.22924047878027664638  -0.50770834062893599459   0.28123349525994445486   1.0175488706868274225    0                     
210   2                        1                        1.1596878296761445881   -0.66485463033343750183  -0.4494260109357663957    1.1672335234713684393   -0.47220972917260439772   2.0747558184747592058    0                     
211   2                        1                        1.3299699848980037764   -1.8583442784675665571    1.9545130232269736226   -1.1620105476243045572   -1.3972492722189300274  -10.908359610739498891     0                     
212   2                        1                        1.6034360484919925049   -1.950579862588419866    -0.42798437773236375214  -1.5652387705390964356   -1.8630791043570515964    1.6044628401763065817    0                     
213   2                        1                        1.6222624566511063549   -1.9202013644363666867    1.5198783654027465673    0.53214822324940946885  -1.5051139783159364072    1.9813413207912371483    0                     
214   2                        2                       -1.9615049054596884748    1.2789585627666246737    0.97778889995216422548  -1.5690192798665836271    0.46793060272384945364  -7.1087654705288496615    0                     
215   2                        2                       -1.8961049909567970762   -1.0507482483555707908    0.02075893640203263502   1.1491029089224826798   -1.006197816343824547   -14.001830003725507012     0                     
216   2                        2                       -1.5935625283192222934    0.30771195184153299351   0.91611891310704729463  -1.9243887077202328495    0.5463043503058853112   -5.5629726755506503366    0                     
217   2                        2                       -1.4917526555820457279   -0.74371555364311570102   1.7650924991562044752    1.0667720623030794158   -1.0927013167808401484   -7.7446650148350055787    0                     
218   2                        2                       -1.1434999206663674087    1.3267618506191340977   -0.28366289973743397113   0.79775674904245263974   1.4091455610955940791    4.1643182148477206894    0                     
219   2                        2                       -1.1335971572867189483   -1.7179983054376202212    1.75112486993953409     -1.2150085713296947532   -1.1305802356689258481   -6.3701740594057039146    0                     
220   2                        2                       -1.1124631455097362398    1.9382459984842062006    1.2572652913630295579    1.9478328047172173143   -0.23632591087019472198  15.057597618618059343     0                     
221   2                        2                       -0.97874795483329579682  -1.7842789351012142696    0.88209495802857862401  -1.6448859873332284387    0.2572240149988314073  -11.887995251712894174     0                     
222   2                        2                       -0.63078324487484338512  -1.8471174791737932086    0.37005946611288464965   0.356883586033719169     1.3088118514006716886  -10.904715555310788844     0                     
223   2                        2                       -0.02319439218254371049  -1.6319206375064410075   -0.75726069828298547826  -1.2084225725827923981   -0.56550888296078904993  -6.7117605002265063874    0                     
224   2                        2                        0.297953477110902476    -0.56742212530398328241   0.60004972134717959875   1.9275306429465404179    0.62320352056071781632   1.5656556542366679707    0                     
225   2                        2                        0.35425869065469317576   1.9172510864313148105   -1.3333748214762932705   -0.53161090752247175395  -1.7778476563909269004   15.328046007014794583     0                     
226   2                        2                        0.40532298540288280719  -0.82333778339316276984   0.12989969415155444565   1.8132312909823915525   -1.8239391106462763403    1.1602891071520469168    0                     
227   2                        2                        0.42645730898932443509   1.6384491226246429285    1.3209181154135625214   -1.936182499332129936     1.7255132557291603668    7.8684643532453888426    0                     
228   2                        2                        0.48974767316625822389   0.07928831549876980134   0.55770762761203140911  -0.36902099546654221207   0.48751962928276482145   2.2320354876669332711    0                     
229   2                        2                        0.71401031103643974873   0.32619602047849483029  -1.7926584163756711376   -0.84429350628085342301  -1.8536681099347662727    2.1439966499272520295    0                     
230   2                        2                        0.81635004630693019934  -1.6602974950822231293    0.52671123460490587576  -1.666231885139418667    -0.76547019072935684747  -6.9759746558981685638    0                     
231   2                        2                        0.86626301476944211899  -0.39784905387570757007  -0.48354373999022493003   1.7119810969669861933   -1.2177131235960070299    2.8267470701991022075    0                     
232   2                        2                        1.141172065471039776    -1.7376239034774103587   -1.9490884506397621045    1.2129674817465638803   -0.86574219531978990894  -9.5793065749998582703    0                     
233   2                        2                        1.2008217419233493395    0.11040024321169727983   1.3835761726063888766   -1.826963724246140286    -0.59040839576205161876   5.6636449843145690863    0                     
234   2                        2                        1.3783475436153302951    1.3797862118714920854   -1.0982693693230687337    1.7876187953976030443   -0.68969082883518706417  15.066173526532899984     0                     
235   2                        2                        1.6795116180952032181    0.28107331869217411224   1.6295216345243774825   -0.65907577189395771811   0.37622135116298105473  11.328666876497356597     0                     
236   2                        2                        1.8050118020973529021    0.54898133681564420527   0.64505740527713539834  -0.45254601452658693717   0.30046620733048978735  14.005690581914720383     0                     
237   2                        2                        1.881241907758395282     1.2223779876262961253    1.3383769785136725439   -0.49049792411316350815  -0.15859940582853715441  19.208095413360549486     0                     
238   2                        2                        1.9096651404247104722   -0.68043766838508590311  -0.15415192631602359086  -0.01784744218673472993   0.23810627589490351852  15.297483409689998979     0                     
239   2                        3                       -1.6139058973645972195    0.81210147378981867305  -0.35436727390493416578   1.1351340787547088418    0.96700601982648093369  -7.4945984514251300368    0                     
240   2                        3                       -1.3094511889814717254    0.37676150501031591133   1.1359732870209366951   -0.70913103680804634443  -1.599359355896029955    -4.2109756658087702519    0                     
241   2                        3                       -1.060510827105478171     1.2826867941773234527    0.21723483286800160386   1.2491020919736377515    1.1611657388364684529    5.3243363252069766389    0                     
242   2                        3                       -0.8168879318835420289    1.6730127367786762349   -0.18252516047223066309  -1.709520241452069822    -0.77188406778643137152  15.741965936630887057     0                     
243   2                        3                       -0.69768765093771389907  -0.63933182166873758767  -0.60573909636321388028  -1.4952559519581360981   -0.51883754623361544311   0.98757859897723698772   0                     
244   2                        3                       -0.51928718719215694044  -1.8298936410703714461   -0.68967729669422639383   1.7798568126844975801   -1.4066785617387838059  -14.161533322289290737     0                     
245   2                        3                       -0.07934315901500443857   0.47889134503076924432   1.8647305703273944211   -0.70192198240708592039   1.3474656759226517622    3.3949984754266955278    0                     
246   2                        3                       -0.06259831548130212475   0.8507020990216211942    1.4363183602442637365    0.95954974677935434002  -0.20332400150275353745   4.8611309734131840088    0                     
247   2                        3                       -0.01089955508430540121   1.0122611933216791869   -0.12944980433563801903   0.1304430492126882335   -0.79754187094256523416   6.1115568312062640288    0                     
248   2                        3                        0.2804710330988182676    1.4797509942934934379    1.3603840038660215406   -0.31825751938949609077  -1.9147397858211496757   13.13071094321440313      0                     
249   2                        3                        0.30932879381431588328  -0.05824653334143059524  -1.9239700921341440498   -0.43906606998405917075   0.93507528217993440833   3.0739689220324302177    0                     
250   2                        3                        0.49972139965935902239  -1.9734721793784595345    0.21074646097858140692   0.68219800448229372947  -1.1695474900394022821  -19.517411945922621186     0                     
251   2                        3                        0.94854657234889527828   1.8308132333313675844   -1.208612559011348786     0.89592406950729586157   0.02701754829544045222  23.919515356811952955     0                     
252   2                        3                        0.95751225963176933575   0.80906895372961651347  -0.16597900657122477419  -1.613698861197697898    -1.8960114302589983204    6.8290477068541672878    0                     
253   2                        3                        0.9907456273204786612    0.17742802869402130028   0.01109052409543132001   0.58973404658586225935  -0.45967534668270371156   5.9337072387234695015    0                     
254   2                        3                        1.0717057392208015898    0.20636736709639746934   1.7929356261845192932    0.22829387598531525327   0.66268517516283331759   6.7790896890693002064    0                     
255   2                        3                        1.1781410203929656433   -1.4819171091559417697    0.82005274209527723173   0.18544293009603185496  -0.82883451480557601698  -1.6373214195315388686    0                     
256   2                        3                        1.3660077659054676857    1.7765327829506953883   -0.98745176458306094247  -0.95242818289127062492  -1.7267185092985839479   23.526490874531383213     0                     
257   2                        3                        1.4095897343923446954    1.9453767265704606793   -1.9421845837707529814   -0.04774488353350792025  -1.5117386721507704017   33.104697838052629777     0                     
258   2                        3                        1.4968787578040383401   -1.8196566933053410775   -1.7495150717323448841   -1.0822782608752254951   -0.66374103054690936077  -1.5903522311483073715    0                     
259   2                        3                        1.786262746225239173     1.5320501282333647275   -0.63782316973914388036   1.9790163688844968348   -1.8490312590125155268   37.273677722476030283     0                     
260   2                        3                        1.9316346298211866106   -0.00106656375765101785  -0.28588494337833059156   0.71187867781490465902   1.7299964075545508635   24.622742277068070393     0                     
261   2                        4                       -1.9052070448672815406    1.3481440879882518047    0.80509724140019844896  -0.92108547529363993256   0.9758586566559643849  -12.002502195982442501     0                     
262   2                        4                       -1.6090061436454845545   -0.01437188402685096733  -0.74979940571052527964   0.41160314177300039162   1.4313197775936563616  -12.672455699504752147     0                     
263   2                        4                       -1.4112107766219574856   -1.8999423999931261964   -0.50185987314452207286   1.5037703714162637958   -1.0297405125416343452  -32.591652541308221203     0                     
264   2                        4                       -1.2069982273360777558    0.82509337606758847983  -0.30221641338415428102  -1.782703856692746669     1.8256840113543701953   -1.7663742510772131311    0                     
265   2                        4                       -0.93424212637156833772  -0.87612173402059467797   1.3288947645236293127    1.2937626912423656478   -1.7033166779232882249   -4.3486445317141413369    0                     
266   2                        4                       -0.62032900165574567097   0.16879218241138449486  -0.79315877761266428969   0.72585021111452130427   1.2517755725967307789    3.1398641493719856577    0                     
267   2                        4                       -0.58910066520142323476  -1.3029213062913438392   -1.7988660104689873087   -1.2522890938753934442   -0.70776972911435009905  -6.8889216292643604689    0                     
268   2                        4                       -0.53055312892002537417  -0.15677072341611708595   1.4135165672128824355   -0.45972765235556600771  -1.0588354248384495016    3.4444437245795316294    0                     
269   2                        4                       -0.29872808439161802063   1.0399873045512575409   -0.09179541851535466535   0.39300316693098347187  -0.64901412682551562483   8.3853850448416693553    0                     
270   2                        4                        0.14876607182041112765   1.895553330360940425     0.25121642843948244206  -0.16368721107905104262   0.22624053965667512145  31.254366861547939749     0                     
271   2                        4                        0.39241879820913272425   0.67614006980232410626   0.87074828067845100321  -0.51492276854029661592  -0.18371809545126160934   5.5000057168172817867    0                     
272   2                        4                        0.56376284078383331888  -1.0807232774090640426   -0.13753092397545585435  -0.80617860154791776139  -1.333031144058705042    -0.24220884111891452517   0                     
273   2                        4                        0.59748352239248969653   1.1156399366515512561   -0.76715600425677155094  -1.6916161725244789338    1.6522344221722082835   11.836756951870450294     0                     
274   2                        4                        0.6190566983317888905   -1.5766560703860792447    0.46477092750282000821  -0.53856844580366347586   1.0070211049305388684  -10.48229034235412449      0                     
275   2                        4                        0.70788104995270817454  -0.30374974486704942045   0.99133321877500213404  -1.1079137820615896359    1.4215395956390266541    5.642471016616524615     0                     
276   2                        4                        0.89453786407802793335  -1.1647597612278710599   -0.0249329160770710434    1.9405672014712211926   -0.36341383785488012848   0.5241524526037909526    0                     
277   2                        4                        1.1223555320533420421    0.73914129028808561728  -1.4830072752779166478    1.1263310446897625283   -1.8993743956786055538   13.902454957975121985     0                     
278   2                        4                        1.1503102081632299303    0.7288014305642942503   -0.24969724632759304761   0.46426501144687826184   1.9456538981844393454   11.447749894538983284     0                     
279   2                        4                        1.3013757785752160245    0.59199044737911421521  -1.0541522251129107346    0.17551894193610406703  -1.8375696285143157116   13.907720896673170685     0                     
280   2                        4                        1.6681851748189924223    1.9229959240589349356   -0.23359759676786362448  -0.79927509976001887004  -0.31014032205869401793  50.827713449357588615     0                     
281   2                        4                        1.6839640360654115625   -1.6506239566005489472   -1.5879672299909461941   -1.2866289037987057586   -0.30683231698840796042   6.8547262918663687259    0                     
282   2                        5                       -1.6594034617559128009   -1.9849788117001250232   -1.1787490018301258754    1.4113433449169687783    1.5217632769584503727  -65.291216581821558407     0                     
283   2                        5                       -0.96412380094869010172  -1.4096755828212059747    0.10399804808225976416  -0.34121359173968479617  -0.02457784036480559209 -13.486179924767672134     0                     
284   2                        5                       -0.79601908603058246783   0.6009817136041446517   -0.69768803218126218546  -1.8614342365463809603    1.225296296637540916     2.8020736599039177683    0                     
285   2                        5                       -0.60521743010451900524  -0.6870287767454847927    1.1240241917551414552   -1.3812306180672391243    0.06713193665890315742   2.226826069017079579     0                     
286   2                        5                       -0.35307734003528490341  -1.3490159189169930176   -0.03551238084772689874   1.5093288522614596303   -1.082877544491290589    -7.4674259156471345378    0                     
287   2                        5                       -0.13842246572383798409   1.9618202747874473602    0.18458052287982695816  -0.50262956585463691717  -1.5274807262730774049   42.700923969259967805     0                     
288   2                        5                        0.06418099486033801426  -1.531418515052644036    -1.3936704604991476675   -1.4187274415076274181    1.3813591160462075358  -13.224869952705534004     0                     
289   2                        5                        0.18661742329152808395   1.8013590623987010275    0.39461800334051533312   1.6457686244669891273    1.467641874880180719    34.579015054572948884     0                     
290   2                        5                        0.52030963722224488066  -0.34710400588377132713  -1.976161638950434396     0.06285611205202101814   0.44765213783875523745   5.5052413922108183186    0                     
291   2                        5                        1.4398307465867938859    0.43295856131475929374  -1.1740379087593095786    1.6672759843933975255   -1.4422384541912691702   22.090339010853959678     0                     
292   3                       -0                       -1.9126889808991132114   -0.58126395322877533189  -1.0460239548143719368    1.3783831605224965422   -0.48609747959442861642   0.7792067490912690797    0                     
293   3                       -0                       -1.4666102943817642679    1.4119513827071275003    0.26642173167933291822  -1.9775255873028547704    1.7807851052465677455    1.942843170068141001     0                     
294   3                       -0                       -1.3580615922910570514   -1.6189973317796158003   -0.43485685738881230122  -1.1254179214273021259    0.11055441880245675534   0.11896024650644464182   0                     
295   3                       -0                       -0.68200042821646555957  -1.4278171027556434414    0.46961234489480041532   0.32888838539639131398  -0.8028971382476748353   -0.12075501568965767152   0                     
296   3                       -0                        0.00284360898458757561   0.13813977463726301309  -0.4736554331370890214   -0.99944917998796012348   1.188706609125147029     0.00022104797339367869   0                     
297   3                       -0                        0.7872335830274517221    0.7748721719022340082    1.163039153526313374     1.3040016480005749422   -0.63448962130588570929  -0.58698996277401915833   0                     
298   3                        1                       -1.838032039648262117    -1.6915524731097766331    0.30427968780277181438   1.0613220803941620929    0.71099623820401758323  -6.4547914631143070707    0                     
299   3                        1                       -1.8033970467767472812    1.3246218747563243134    1.7786841494633542915   -1.8979194461662534099   -1.6980662549116269933  -21.842876858485233527     0                     
300   3                        1                       -1.530839718753068901    -1.3974659154970683339    0.06914559228891326015   0.00621784820233095559  -0.96967616821465396626  -2.6924348614226016885    0                     
301   3                        1                       -1.2300132073824592283   -1.1810143945854123526    1.284892486122112043    -0.30717235910806683918   0.17622717701808676694  -1.9785463980716775367    0                     
302   3                        1                       -1.1217314766005519466    1.0474318999574929734    1.352504012827745683     0.47348792903505865226  -1.4893783712502053351    3.9608263608061493599    0                     
303   3                        1                       -0.90016079243475854987   1.4705298198644376484   -0.07079842858334428612   0.62575446326486128257  -1.6875374909401459345    4.2142252708082654777    0                     
304   3                        1                       -0.5407722071885998627   -0.3662375980403960174   -1.8612566223470758953    1.4707354598883259911    1.2954925925746447746   -4.7284672464235342204    0                     
305   3                        1                        0.16980647255761827097  -0.32766517698144981274   1.0883280861862769662   -1.260712843192242083    -1.3847480267237486373   -4.1635830467740904126    0                     
306   3                        1                        0.34217048692634044471  -0.38506677038353820386   1.8147612006690660991    0.29677150116958683768   1.5108559344341712105   -1.0860789488722180085    0                     
307   3                        1                        0.79581229464186487021   1.0530309333975296227   -0.80798741002620033669   1.2395900685964527099   -1.6678514643730248945    7.4789358866564317196    0                     
308   3                        1                        1.0830412170604035715   -1.2449141527071860835    1.0351482451137035135   -0.9868866226379162665   -1.7469277022775160368   -7.1900690215238185488    0                     
309   3                        1                        1.7481940303662182323    0.56951473597658663905  -1.4633520460555682341    0.12206356868861112375  -1.8856762719420361307    3.7578394464000566266    0                     
310   3                        1                        1.808971424891174351     0.70194809114672374051   0.93396052932558681903   1.2026115026543942044   -0.07277659348177034637   4.075559058497804088     0                     
311   3                        1                        1.8319300371442892583   -1.3376004062860140653    0.70476505101702846545  -0.82457612570947413921   1.1524888597052087569    5.9229341234961099261    0                     
312   3                        2                       -1.435823501355505849    -0.81791937103912215612  -1.530409995088382713     0.24799358287214046115   1.2752784017728560073   -3.4052260682997066432    0                     
313   3                        2                       -1.042170277068098283     1.7491007999092511582   -1.1574732334999073835   -0.23605601866504688502  -0.54940961989460612713   2.8198400535208620887    0                     
314   3                        2                       -0.71786086627631529034  -1.5780903052035264444   -1.5450180051507405032   -1.7339090654166602334    0.7354536177839343658    7.7462326166248915982    0                     
315   3                        2                       -0.3845662256666846357   -1.634341769290302615     0.85499527865172542107  -0.62182357783671338147   0.35657716299061403831  -3.8301854245913364849    0                     
316   3                        2                       -0.09162366348456352227   0.98977589591168246841  -0.96678078153461566302   1.7690676675199221712    0.79829230203386547515  -5.9253741598439715332    0                     
317   3                        2                        0.61675346283499132838   1.7625274944710445091   -0.91209933238053086946  -0.26330474294200323371  -1.5599573785638602974    2.6413299168970651998    0                     
318   3                        2                        0.69466224572430501638  -1.319674064225574206    -0.54950839608929502589  -1.3863487886938279381   -0.42017431568557994659  -2.8569820507140626376    0                     
319   3                        2                        0.74488753547407071665   0.41492499518156567007  -1.3576632786110989226    0.77499365426283839398   1.2452632955646953938   -4.3089027793164955682    0                     
320   3                        2                        1.2907109836567118855   -0.75818925112044577297   0.02609057288692184784   1.7952993603532032552    1.7003990128364545598  -12.646956448115824756     0                     
321   3                        2                        1.3537184694953539044   -0.10388395587272358789   0.83057757481048044568   0.88549507278544803413  -0.73807257685432836603   6.7374934060005582381    0                     
322   3                        2                        1.6960850779403733313    0.78024370586837887842   1.0984402844765184248   -1.2362925556652664127   -0.57757797376262853817   4.6788804831683918906    0                     
323   3                        3                       -1.8244110209937498546   -0.69826263765165297315  -1.4290596992097865936    1.9954437957374149271    0.05080597324681468407  -7.5675685202386686612    0                     
324   3                        3                       -1.4781192481180798204    0.60827303742783378482   1.647911027457544364     1.8172430057956936444   -1.6269546054100312293   25.051839585943731947     0                     
325   3                        3                       -0.95030636804218748814   0.50679369241090865827  -1.6342894525213973456   -0.08850070841808355127   1.2614571874146416341   -0.08500288249967975773   0                     
326   3                        3                       -0.80644003736005154259   1.85430282371185573      1.5346849269427491613    1.5428670882673163334   -0.05332679595177225451  15.351709800082728563     0                     
327   3                        3                       -0.48417017632128112048  -0.46115470374628664274   0.19629412969088910756   0.85785078639181033822   1.9388253196585583105  -11.354413926042745686     0                     
328   3                        3                        0.17427132019041069455   0.76441041109254825869   1.2061989282591598638    0.99777971083645766726   1.6802385907088566164   -8.7434427582822920044    0                     
329   3                        3                        0.20210171347133787378   1.4494871728836162816   -0.42186849321614805497   1.5994231098117293044   -0.9008379037700149361   16.147449381174606486     0                     
330   3                        3                        0.37469403977049697829  -0.0862223559632482317    1.8004006707283406463   -0.85863320631408912575  -1.2949106625262771786   -7.058476843281638935     0                     
331   3                        3                        0.67197826036331420596  -0.4280769519919178645    0.5758534908145325204    0.07062480149040162303   0.1560605332299407344    1.3832316885854536448    0                     
332   3                        3                        1.2447080561250229991   -0.19911857282589284779   0.36347154623643529447   0.81978831142381736186   1.6304115929631812776   -5.8726160204143829091    0                     
333   3                        3                        1.2699929991979796995   -0.84730386702646920405   0.41973316018529960303   0.38700185692965627382  -0.13549680830074195548   3.5435773407482287212    0                     
334   3                        3                        1.3187059802119933671   -0.096990286727799635     1.591960248221501395    -0.11227352480224195297  -0.10057319665540598308   4.6198532145687316586    0                     
335   3                        3                        1.3428851292428758413   -1.5396918379933786092   -1.4971616958214810644   -0.25950543475658416348  -1.9582422209354015674    0.87694593396706554955   0                     
336   3                        3                        1.5499472649305534588    1.2355183892859624706    1.7015550670982628745    1.0748297866488343288   -0.7103236074137722067   16.306054571558064481     0                     
337   3                        4                       -1.9501506113996414093   -0.71667785711509113256  -1.5639194762995278776   -1.0454416614065109581   -0.5480080608277200227  -18.309104985550607836     0                     
338   3                        4                       -0.05233019207093025926  -1.8052211298446485532    1.423178018689496227     0.91451354208540669433   1.0569885527887690202  -24.440727769885974396     0                     
339   3                        4                        0.53903227008657061958  -1.6048695825796737147   -0.34623390322895830629   0.27722147926224360859  -1.304397748171577387    -1.3347036386570987343    0                     
340   3                        4                        0.66158474804803901748  -0.52640051023784506512  -0.40799670478249150385   0.08991093695660579144  -1.2884045104515748914    3.8589114884404818184    0                     
341   3                        4                        1.0268862035254615606   -1.8896494480737200394    0.86819521162650170609   1.4462254755213450608    0.20832002599119103792 -16.130840036125906778     0                     
342   3                        4                        1.2155661275859444004    1.8636675743121942084    1.0048313421008918667    1.9120243931356877276    0.84094477285386881604   9.8646785287231928407    0                     
343   3                        4                        1.5660985438446743956   -1.0301373049061666176   -0.9823169749494982117   -1.5233047389246767711    0.61444930740436332073  17.396345946952685324     0                     
344   3                        5                       -0.29018880565887972267  -0.6052239665866885332    1.7319430615394906248    1.2703600019007827981   -0.98586018219660109807  14.538159640883369761     0                     
345   3                        5                       -0.21353358726332283268   0.95347268003818452797  -1.8691272561612635172   -1.4386357040753336989    1.0276210886690146928   18.104341963844053254     0                     
346   3                        5                        0.4621115584337145421   -0.44289481088719551138   1.378411978820102135    -1.8694956057693832285    1.6029709717345559383   39.308054420907737381     0                     
347   3                        5                        0.50357017379004620494   0.26928011642918514568  -0.06140947600127666384  -0.57587073922260700876   1.97127389188985358     17.02615602289815655      0                     
348   3                        5                        0.97751758221146456407  -0.11753990283843873677   0.70897575457722838976   1.1161352459758036026   -0.44601343717965202806  10.885945214163383454     0                     
349   3                        5                        1.3108238202724527       0.06324187176444073799  -0.8523245180759535522   -0.13847484479556282366   1.6422020046750684941   10.855326668690709724     0                     
350   3                        5                        1.4579023578538596873   -0.62795872062164326266  -0.27070282458643424306   1.6208460151426069551    0.752959226970917328    -4.9001608471953952417    0                     
