1  -0                       -0                       -1.8165494812464821894   -0.32045086668282585229   1.0064211036745507322   -0.97190595795810685864   1.0004636675479701147   -0.56965771516442320621   0                     
2  -0                       -0                       -0.65738102648811902462  -0.7375560041398239175   -1.0391018899980437595   -1.0705889856673684868   -1.1853643605398263006   -0.6393592300643051729    0                     
3  -0                       -0                        0.80821693423794593869   1.1939889338412297271    0.1938540960687671344   -1.8183835678789992407   -1.5079486076292860641    0.51295027639313950374   0                     
4  -0                       -0                        1.1457542301242198413    0.57272007710995698204  -0.16202680796165913613   1.8159756407617937413    1.1190720520698564933   -0.21606718895864757135   0                     
5  -0                       -0                        1.5667541672531277719   -0.59663823328434850701   0.7980563717251110134   -0.58353237851405537207  -1.1044781106833949647   -0.4808034550450675515    0                     
6  -0                       -0                        1.7801832150714900216    1.1406830807876633394   -0.65337606782671175942   0.15199695722412753796  -1.3007147139704986483    0.26230699477219077131   0                     
7  -0                       -0                        1.8179655334568236569    0.26821987077718656423  -0.4787602978888672034    1.0423940420502249005   -0.16755150168777777075   0.04077321598188502622   0                     
8  -0                        1                       -1.9464879363597442641    1.8829911063844648744   -0.68847100034420294357   1.7683553861819505393   -0.47291854482245332392  -0.95109120330792729092   0                     
9  -0                        1                       -1.5261125941136448603   -1.7460662596853204764    0.09447761046638136762   0.24031612779154221116   0.1613390197395139225   -4.5197637326737813979    0                     
10  -0                        1                       -1.0465440586011660606   -1.9242903680896530361   -1.0007868298078457236    0.89099417356498022968  -0.85441858707730689027  -1.1420585345596772076    0                     
11  -0                        1                       -0.58569378151757445217  -0.78338282252674118489  -0.09697974146872145873   0.0794535793495820819    0.40593364171555856856  -8.8642092244005059598    0                     
12  -0                        1                       -0.11963943826425427197  -0.86613705381428296448   1.0637083357680974238    1.8505729979567364651   -1.6271394085521535544   -2.3637200720312199209    0                     
13  -0                        1                        0.76476021096354207529   1.8939919137282146266    1.2719487060295029401   -1.5521556408538712546    1.3837215935706979053   -3.8431277942705359685    0                     
14  -0                        1                        0.88918297982855420969   0.31379061835540378311  -0.39978780992590268184  -1.3945611504173283102    1.9617231667085706093   -2.8527343513307306111    0                     
15  -0                        2                       -1.3746691663810279849    1.3841430345819265568    1.7453237826715510828   -0.75560472978043624614  -0.08040449381150138741  -5.3435062115627260937    0                     
16  -0                        2                       -1.0642220719534356554    1.551164028939197248    -1.2714380251250383402   -1.4650989023335174721    1.7978391582846402486   -4.4604974957537786295    0                     
17  -0                        2                       -0.77752239175149684414   1.1716756314079721513    1.4415349492327824699   -0.28654718867921635805   0.79406008684869400227 -10.165132934168173762     0                     
18  -0                        2                       -0.68780244595818951225   1.0692532088782096267    1.3498115585773873271    0.18237981391527346986   1.3619215502168668941   -9.5936562756056638079    0                     
19  -0                        2                       -0.25973010469953505819   0.32222099660282266242   0.98005096362306165503  -1.2900949296777888264   -0.65940235340621233817 -13.607889773600495786     0                     
20  -0                        2                       -0.06391081972737433503   1.6242701517660798061    0.43574597249905933083  -1.2780455563558770216   -1.4560071071168159129   -6.9130339695513285392    0                     
21  -0                        2                        0.70084120841782970857   1.7683583626489860485   -1.1391549720819402758   -0.56461007113808858726  -1.3754247505386749673   -6.8433295561020868192    0                     
22  -0                        2                        0.90864177547529889623   1.4219687426314351342   -1.2578477808914592107   -0.51112301013225769353  -0.12110030403785487785 -10.689160111071760895     0                     
23  -0                        2                        1.0533044818500432172   -1.4866944719746861825   -1.9913223832958528714   -0.14992657754867888542  -0.34708472584073524203  -4.9816897593615880879    0                     
24  -0                        2                        1.5254813488319509673   -0.72550238198861860539   0.03647105934415328932   0.94303100859617305929  -1.7527599443026060655   -6.3007778829964076195    0                     
25  -0                        2                        1.543612686539511003     0.82193866239839286081   0.59575214134031195812  -0.19775875244902674233   1.2047129268875407249  -10.372707493373795273     0                     
26  -0                        2                        1.9707176379365520802    0.43254481967764135675   1.7248004545934496612    1.120743990695011405    -0.74999516732092574856  -3.5071925366904852517    0                     
27  -0                        3                       -1.825601152840842456    -0.92816030224043899466   0.18008789237524158722   1.3596785484945450584   -1.1180829920508825737   -8.4871949826995507493    0                     
28  -0                        3                       -1.7004387293776987988   -0.21493361564035562417  -0.77511013145112062084  -1.8648939427019715076   -1.832349587019880488     0.15342006705092647856   0                     
29  -0                        3                       -1.2636354208486637596   -0.85143350795576733248   0.47818425609022652267  -1.440058819039605531    -0.55357944820725002444 -14.798084047985426537     0                     
30  -0                        3                       -0.86203854213981845334  -0.65000423116044103722  -0.50788488462152203695  -0.06113755701202761017   1.9455802357948206449  -14.328399698648661698     0                     
31  -0                        3                       -0.55869025427019325392  -1.0090273520304950949    0.70911726385367712666   1.2771664397677988667    1.993962771595779504    -6.6614994125964219762    0                     
32  -0                        3                       -0.47710877287533426383  -0.31705732750504833639   1.5012469741525369393   -1.7063336621499067824   -0.14513993375721701007 -13.40013600498187607      0                     
33  -0                        3                       -0.2882020508397307168   -1.0194292131098254828    0.0589649498679793993    0.27657388981484976043  -1.7302751226574157872  -17.41993540587284528      0                     
34  -0                        3                       -0.16719095694600771829  -1.869178020921011818    -1.0238838759612554075   -0.68051558323881744528   0.21640802472280507018 -14.712723675815649216     0                     
35  -0                        3                       -0.04912404460113584115   1.7189361465892805114   -1.4725032378037168357   -0.67036886692222008577  -0.00400912573920519932 -13.275173053310410864     0                     
36  -0                        3                        1.4469464791396045023   -1.297705761629420973    -0.87057501354966659868  -0.29914763700795865553  -0.11059153588402681478 -16.033974268437834354     0                     
37  -0                        3                        1.5651495555015300098    1.5311491289122178827    0.85915510953051699161   1.5728351767218087254    0.59374340954623194833  -3.0014317645182067018    0                     
38  -0                        4                       -1.9029852388387045181    1.4396568328407459703   -0.2022447127281992163   -1.3787836601469227737   -0.30258391122593431     -8.8589637687637701191    0                     
39  -0                        4                       -1.5542544624874561343   -0.7762308083073372611    0.73375671166980849236   0.74870112433367363991  -0.52132428905425287624 -22.789636627640604161     0                     
40  -0                        4                       -1.4251107196794481347    0.55526445219449094282   0.68178108284690530638  -1.8496761608412399802    1.2601029790279563159   -7.4895530014158788745    0                     
41  -0                        4                       -1.0019771725090298453    1.4583822853985863865    1.665950865513434298     0.34845192812779535174   0.24296565697198335698 -15.859378603556208986     0                     
42  -0                        4                       -0.83278021070272867377  -1.7067308818664375103    1.9468411188156173885    0.11521248236852299485  -1.9434829740041461577    4.1285814346222204918    0                     
43  -0                        4                       -0.73601042004674921415  -0.56918011898654730096   0.3632878752898629493    0.1114675678412653248    1.738805369719185645   -23.836404340122939516     0                     
44  -0                        4                       -0.10002130667213848803  -0.46968429699566049962   0.98347558126666223544   0.08209091125104839293   0.37828485383545729093 -34.60788457846483368      0                     
45  -0                        4                        0.12787678869491481137   1.5567252473299348914    0.39881941348286797933  -1.9481537729780149526   -0.84526588604908114988 -11.434941851091766196     0                     
46  -0                        4                        0.37014641691900740383   1.9940858877542892991   -1.8512871075501069473   -1.3307327002192157472   -0.31011372454766461537  -2.9332176032112835529    0                     
47  -0                        4                        0.45272799449470868538   1.9289410500462094156    0.7678143507193873063    0.54914519440928266647  -0.44493616410113845383 -20.1044566127047446       0                     
48  -0                        4                        1.4808858730073950483   -1.1893741053983308831   -1.9051569865955337857    0.49114743232188295963  -1.2792189758348988526   -5.6487412402582348747    0                     
49  -0                        4                        1.6837159881376932979   -1.4247858467157099582   -1.298077415194846207     1.5786146772842557517   -1.2878149481934197951   -3.529011202224070054     0                     
50  -0                        5                       -1.5672378308648864387    1.4110294021279288224   -1.6157959223043230068    1.9298439767766777386   -0.34135058346834612486   2.1404058934244858392    0                     
51  -0                        5                       -1.5071706492131240473    1.0141517656662055735    1.1102672017981656261    0.9904674017154371235   -1.4790241022019903205   -9.0074667770119951626    0                     
52  -0                        5                       -0.92374258526954111659   0.87292733406749434266  -1.659537514754729326     0.30441512830990857807  -1.9114476235563511164  -10.200315217247435839     0                     
53  -0                        5                       -0.6443523495521419342   -1.6631624711052825916    1.6077773562224857429    0.3961759916790503766    1.9667764877876345864    0.29960253931161329177   0                     
54  -0                        5                       -0.3285441784553964073   -0.30437781531266083768  -1.4560621680915499798   -0.75150485084992602047   0.08994557421886018034 -35.522388081108871916     0                     
55  -0                        5                        0.14224766063223626134   1.3157780881495630965    0.50980756520588510483   0.34120753531172809403  -0.67757343044847151425 -37.087367861623569354     0                     
56  -0                        5                        0.54529596655420276008  -0.60899709602096052663   1.458908983327061204    -0.26960136015657365505   0.65089050940358461617 -33.45006338842009086      0                     
57  -0                        5                        0.66297883624745956865  -0.75698394001923530183  -1.4825876707736040938    0.58346617439775938507   0.1843708095862726104  -31.994672639303267658     0                     
58  -0                        5                        1.7691139829685575968   -0.48577718645734835334  -1.7647961859309770905    1.2344018249879198379    1.8085378466579720147    9.7599123638241938039    0                     
59   1                       -0                       -1.9815909075241779913   -0.27404866731320964846   1.8086620604439977988   -1.311670315395431885     0.50830301601300442726  -0.65485703983745735535   0                     
60   1                       -0                       -1.7259034836532189949    0.02534425473962942377  -0.37243754077859292373  -1.1819278304742348862    0.33649238639762124592  -0.00647911490216580843   0                     
61   1                       -0                       -1.3370966449459640302    0.99908386501728418949  -1.7225529933048235876   -1.7845981971364797136    0.46073109457086758312  -1.8920181988671025408    0                     
62   1                       -0                       -1.2757380556890662859   -1.6272318245800019287    1.6289595650736079513   -0.17340317179893993682  -0.71475470831495591106   0.41911702851678694914   0                     
63   1                       -0                       -1.1657865830617462066   -1.7867823685901065289   -1.9807942721469047331    1.9805160767513063647    0.90994212313853184426  -7.4357062520049019838    0                     
64   1                       -0                       -0.68445022080596373826  -0.805122722098466026     1.1902740853443445346    1.9153415170434127113    0.14956931428740949386   0.1879055703797743726    0                     
65   1                       -0                       -0.66893087084147406784  -0.66099175935035514584  -0.31127835739999154541  -1.9663089063152991987    1.6323117921629850535    0.44175459386498966419   0                     
66   1                       -0                       -0.56851914592285623939   1.0501471684337939649   -0.38303942085780207094  -0.49172097462103203647  -0.20087576010817032035   0.02258837554887209442   0                     
67   1                       -0                        0.11876594654787853145   0.16712421065894478289  -0.89169539452669699386  -1.6383220954381811918    0.80263791383704674587   0.02327377256040377707   0                     
68   1                       -0                        0.35547130673619209418   1.1649190119731915871   -1.4276267606416912503   -1.6015130530593979508   -1.5686708641671140985   -1.4851737922893826216    0                     
69   1                       -0                        0.62925887504874644662  -1.0980891252045195117    1.1244321151939558057    0.14138048671284630942  -0.0434800562656472156    0.00477616972136646594   0                     
70   1                       -0                        1.5860961733353549086   -0.96715821808902902035  -1.8221975258084341931   -0.92164319647647396927  -1.9888367495633214599    5.123708976393749559     0                     
71   1                       -0                        1.979476736952162419     0.67891697076922374876  -0.32029444661796557803  -1.4563897020647411651   -0.3692051642502669484   -0.23145248199156279179   0                     
72   1                        1                       -1.998734661114240474    -1.4377796802425111267    0.11288374173289250635  -0.31869151151575536574  -1.4169431224331858754   -2.2736527629309342124    0                     
73   1                        1                       -1.5389865638253446001    1.8710284698800188075   -1.9729463557676354402   -1.480308141265402444    -1.3032107185653036829   -2.3775411719119983189    0                     
74   1                        1                       -1.4385412963636015071   -0.10068283896576524228   0.87736483176842705589   1.7970293126341485568   -0.41505412250043360878   3.5462062788913666367    0                     
75   1                        1                       -1.3217412874386043065    0.38401137242785754466   1.6686557990711907706    1.1173484276973990603   -1.8639924796300788579   12.818393617919246807     0                     
76   1                        1                       -1.2079233557616315675   -0.25710190292047729876   0.74893399835040463941  -0.78903821152778830239   0.3592448580861993257    1.1588081963340859382    0                     
77   1                        1                       -1.1417692453571324229    0.89249903224965709825   0.58219960656533942256  -0.51835336128078379758  -1.7255910232955569139   -4.4833835990399713012    0                     
78   1                        1                       -1.1290821244588777894   -1.9639375453491416668   -1.9316699658334817169   -0.37855220316542914638   1.6127086020822822832    9.461127775946708951     0                     
79   1                        1                       -0.95520620023454028136   1.4639811981019654752   -1.9147518761284139099    1.1724707770815685492    1.4673713562195720428   -6.7987398846993816193    0                     
80   1                        1                       -0.34669930605839449633  -0.15215748232473669255   1.2933506410121071717   -0.23951994499712658815   0.36875386036737145545   0.23880038211867785081   0                     
81   1                        1                       -0.34258467419066662707  -1.0323500746204667955    0.41961990989403208374   1.4114260942848124714   -1.4968465648830311387    9.8167115632904788924    0                     
82   1                        1                       -0.23889143987665995006   0.35121085820914110798   1.7033287912555072907   -1.8817819943296481      -1.5886389177026649655  -14.776362765948743316     0                     
83   1                        1                       -0.19551712683031552409   1.7747516216930820931    1.7001545206184989212    1.8845258603268861819   -1.0302639832431399469   13.870558727559016532     0                     
84   1                        1                       -0.13072824361451695907   0.77558333871051532427  -0.34850094819838917104  -0.83244968379139727688  -1.2220048968758046026   -5.3206349496822635814    0                     
85   1                        1                        0.01927514703062627177   0.23429420467865469391   1.4691167005857921346    0.83000570764665493328   1.0928652221646313336   -4.1851981784594389779    0                     
86   1                        1                        0.07371789603480882747   1.6561777211457373582   -1.2504305647484230679    1.0194022491047363133    1.7247452928096995706  -11.130398389058180797     0                     
87   1                        1                        0.24780973951647133902   0.52110193614607513979   0.78336047679064568783   1.6392749681574865228    0.69306532545718546601  -5.1574837829434931891    0                     
88   1                        1                        0.39844542306944719101   1.486456714086407338    -1.8732038740864431769   -1.1978784025668414159    1.6728384144374657261    9.4580196432566765452    0                     
89   1                        1                        0.55477859998532474961  -0.11227941956590448136   1.1829548780473975178   -1.172304144048202712    -1.5284851025330765673   -9.2241037318485776808    0                     
90   1                        1                        0.74846204877296340641  -0.38055900508085249712   1.0526497447280664943   -1.4335130466718557507    1.0197926067141334094    7.3471525722179737983    0                     
91   1                        1                        0.84367244183703515858  -1.5016545617085343967   -1.3658348371767319307    0.22442289667905690465  -0.7343153773547619334    2.5898358875103251187    0                     
92   1                        1                        0.8521552014898072791    0.93653989201663678799   0.58926322196094194084   1.4335650266000121711    1.1076780003653090567   -6.6410064796731527181    0                     
93   1                        1                        0.91779038305076809934   1.4790683402611168873    1.1719799241118886712    1.4483171632612599211    0.68516893724499094986  -1.6495216368838254706    0                     
94   1                        1                        0.93273104386567551316   0.86320187587698171683   0.08470233244132652217   1.5384067431241557067   -0.42288153491914814985   3.2815678485011057219    0                     
95   1                        1                        1.0245920266441252977   -1.340440524239860931     0.37003462279848253758   1.9919996915286675154   -0.63568930100017051465   6.4789943201131201533    0                     
96   1                        1                        1.2246811802556463178   -1.4459720993428426539    1.1426634397596737713    1.4661275530587514204   -1.0120093756636094895    8.7687388536002455197    0                     
97   1                        1                        1.3120065792325368292    0.11002491093274535672   0.23590240402051776414   1.3729401379534502681   -1.5433744453107811623   10.548601121703722328     0                     
98   1                        1                        1.3977152639635441744    1.0761694560124532849    1.4227106871415657885    0.03170775408663484285   0.07261442334086165573   1.5244928318961974423    0                     
99   1                        1                        1.5338615445798340353    1.1280588407913092475   -0.23067163305405991025   0.63003380323927293816   1.4796407792383763358   -5.2934062173567308918    0                     
100   1                        1                        1.6550993486116540865   -1.6122546324960680408   -0.7381711331877058857   -0.48188538105670075673   0.4160312166873971762    1.7976190951897106363    0                     
101   1                        1                        1.7887391531587568672    0.13259952997416890597   0.83364660173639659746  -1.0826818002407430086    0.19586967246643816054   1.128932429079205324     0                     
102   1                        1                        1.7954065474710776407   -0.54866530864634754927  -1.4992433424006184062    1.2248587301564404228   -0.25236105381931994707   1.9116055128405375907    0                     
103   1                        2                       -1.0776010969129261596   -0.05317422280793926426  -1.4896793741688849622    0.76684182501025155432   0.1416276212233316123   -0.93690530436705909967   0                     
104   1                        2                       -0.92776352660778194092  -1.0563389341890534467   -0.24695403940339311077   0.83430245973436267803   1.8191261484212470911  -15.022598583907583958     0                     
105   1                        2                       -0.87066813249189789481   0.00177731643073153478   1.143977780706909364     1.4205907133735231618   -0.89485992935166880358  12.718613871495426437     0                     
106   1                        2                       -0.62599710558614218847  -1.3051086910553197917   -1.1680618398322732965    0.9130669005957385842   -1.1966478272892180357   15.017777161543627074     0                     
107   1                        2                       -0.54207642116299625812  -1.0889669919340860815    1.8012801519930685679    1.8219083118742518401    1.8987171143430092712  -34.837686946258500598     0                     
108   1                        2                       -0.37606256559466011424  -1.3522955471445563536   -0.07678614525049587414  -1.7342405331553787384   -1.6374645306283825974  -28.300789359705998294     0                     
109   1                        2                        0.38078993151847573273  -0.46427220637676902548   1.022866173204302509     1.0597103129559450885   -1.4288507101632239582   14.465712714589681553     0                     
110   1                        2                        0.40028589797878133538   0.18396453755002184494   0.40316297255263977561  -1.8034032939927859829   -0.35560569338531222705  -6.2456303001503492567    0                     
111   1                        2                        0.65504212880591250467   0.75972492461618568171   0.9016435093962025249   -0.60399821404859910245   1.2922610911755496588    8.8250116134959206704    0                     
112   1                        2                        0.78620182138147276518  -1.4148254582706232263    0.52409049555355391448  -0.10823071621749602578   1.7007425992585050167    0.46504079869359404853   0                     
113   1                        2                        0.89261714491754773348  -1.5652269794524711344    1.8919611429437637184    0.65257797017454199917  -1.6936384710408569632    8.0511276947969960815    0                     
114   1                        2                        0.98452890052099917284  -0.22715395559656825775   1.2130113058514320201    0.95039833858119582288  -0.98000497073666981152   9.0155367716356966667    0                     
115   1                        2                        1.0302695415864797646    1.2818456167678786706    1.5726339144941032799   -1.8876958553683900188    0.98580056935351212388  18.775790558433730126     0                     
116   1                        2                        1.1060063164488962428   -1.4569602967385841819    0.20666614745100497785   0.70291940768516880667   0.88575506121320257691  -7.0356981055390619417    0                     
117   1                        2                        1.2849807209559735988   -1.5682851906046935131    1.3254391341868676513    1.7931924070069413801    1.9091716343458542404  -47.536813737307547001     0                     
118   1                        2                        1.7096028611877942538   -0.81914376662957621988  -1.5133860304217818804   -0.98939327801862964051  -1.6003345043106516066   -9.9985275318359807528    0                     
119   1                        2                        1.8672541500451966812   -1.1222297167091368486   -0.04841887244219411635  -1.0398099065970718424    0.32371353663058410888   3.4405277327710366286    0                     
120   1                        2                        1.8828596443782701364   -0.82985567199229226532   0.31434110575622975503   1.482540720205547391     0.57785310257641908649  -9.5093940192145289814    0                     
121   1                        3                       -1.5175046477035263326    1.3311484907447108661   -0.9331129151413679601    0.73619901975727852772  -0.509956183467116686     1.1974525675202851716    0                     
122   1                        3                       -1.3906774292957684303    1.0283232325847082578    1.6364074036537150647    0.43643788481447387539   1.1676513506556447375   -3.7884099388126690755    0                     
123   1                        3                       -1.3573066733584986387    1.859052567039395587    -0.78680923556601856106  -0.40444377093280214908  -0.46096587816874490251  -6.8145408469868717916    0                     
124   1                        3                       -1.1848428101828953896   -0.13530997860601856608   0.32275813736617919858   1.7454375076366477337    1.6868069512359684659  -44.141910759517372753     0                     
125   1                        3                       -1.0351021727801736905   -0.49916764858758111423   1.3395296483226353246    1.5200354371672313292    1.1215005664903441307  -26.396885846253599794     0                     
126   1                        3                       -0.35645116454306835507  -1.0678494429626550488   -1.4388275776108923054    1.036852621999501789    -1.7080364756457857567   32.143998618779953347     0                     
127   1                        3                       -0.31837753783607602998  -0.52018588227490281106   1.7298744754050567884   -0.61907545397635321827   0.47764065118451615177   1.6511501798723982049    0                     
128   1                        3                       -0.10357314132436745702   0.20143249975151622522   0.071719788161972442     0.12954220396156523876   1.0116493855457200368   -1.9226253676640394641    0                     
129   1                        3                       -0.0343909965934741102    1.6409221113541843096   -1.0787592315737462023    1.2937974181191389533   -1.1581808009193965692   17.075068257283529505     0                     
130   1                        3                        0.17322247803785151277   0.9406126951274695891   -1.7933073191848034611    1.9754824633040990456    0.02806955263406063494  -5.9083888941152373775    0                     
131   1                        3                        0.3405741958767185551    1.7391457187867995771   -1.8113247218874173328    1.2683978837754708024   -0.09520907591318139573  -7.5094659779953696344    0                     
132   1                        3                        0.34342865944454192828   1.9602730262213623469    1.5780843117968372802   -1.5008205508289640395    1.3272384395320853123   37.043408215032826547     0                     
133   1                        3                        0.68365747015077094062  -1.4825723780311779176   -0.96795873285057387747   1.5445672945309687485   -1.9051041180366294903   45.556695305529864015     0                     
134   1                        3                        0.68907637924300280119  -0.1911337426244261728    0.9616800033145369575   -0.88065513314162324754   0.54958517649633753521   6.7697988257665260292    0                     
135   1                        3                        1.1174792239622863832   -1.7703739764405885815   -1.590274126891975337    -0.73010545255319403424  -1.0793323333706217326   -0.89502409038051089496   0                     
136   1                        3                        1.2969799326080453383   -0.45400681420023314416  -1.3740516739690664672   -0.5346144179860896628    1.8427227217816835037   15.851603200253109094     0                     
137   1                        3                        1.3871070828378515571    0.8435846486948790357   -1.2185934376706688553    0.87929581512281496103  -1.2406757064151954228   14.835428560326912262     0                     
138   1                        3                        1.4294080855539688102    1.2431399003117600266   -1.0651436139542078685    1.0060316031001184101   -0.27560975001623555514   0.71151031371121364888   0                     
139   1                        3                        1.4566016399712768958    0.07081337913656904348  -1.447407646768987588    -0.54209564531603393611  -1.0726617268868268162   -9.1165794279997598437    0                     
140   1                        3                        1.4935597708546861639   -1.1470930660605715978   -0.85102075557481038359  -0.84279108324951423903   1.3411185283675468582   18.234874090312263917     0                     
141   1                        3                        1.7297177888355892428    1.7599126562795266437   -0.3357627951443709069    0.236267351517915003    -1.3870006886027821391    3.4777546059313992899    0                     
142   1                        3                        1.7450859056378451584   -0.63020730240308586723   0.45106599782585110603   1.1329009669011429473   -0.26786911523352396891   3.8497834815550286969    0                     
143   1                        4                       -1.6464292240703279901   -0.68033142472891139363   1.8275861418111882806    1.0694272075661990229   -0.9427641428514565991   13.126961673876790471     0                     
144   1                        4                       -1.1126351895139567905    1.7350946406829059754    0.88381547413323024998  -0.8129616805808197455   -1.6587875285163093952  -23.13750343033906276      0                     
145   1                        4                       -1.0627880206890243375    1.9166976774263355665   -1.5389083230805569169   -0.36623528803577798385  -1.348608192625863289   -20.128332387653721014     0                     
146   1                        4                       -1.0239888992469199369   -1.8259446881865022405   -0.95905118387170396055  -0.0065665828372074575   -0.64527785772048407154   6.9123540473217355284    0                     
147   1                        4                       -0.96739978468750065232  -0.14039169691844799459  -0.17606214317734059094   1.3115913997131909419    0.92670301013250000466 -24.239307120195523026     0                     
148   1                        4                       -0.80454005238838832703   0.48474288550448996205   1.5210981938618002296   -1.6838975413019663385   -0.69322008971299631241 -21.089339496227868409     0                     
149   1                        4                       -0.51779412674400160377  -1.1832337906465277833   -0.52441146210603939437   0.71622010574455075016  -0.96297845761227995887  16.497692625292344815     0                     
150   1                        4                       -0.45307361463788353717  -0.41551497227474398777  -1.648580652130104518     1.6914141496377297358    1.3746127126825671283  -44.482347140512985106     0                     
151   1                        4                       -0.27842276369716945084  -1.6053163391044766861   -1.1999255702005791058   -1.9992237133930093052    0.13100909469506394345  13.083839924415844536     0                     
152   1                        4                       -0.07959256620802079851  -0.44165503212023193846   1.5413996712327868721    1.6657759336029722697    1.9847541489975419893  -68.667040900841058715     0                     
153   1                        4                        0.03882160875253592991   0.20843326084112989705   0.54423043244018121101  -0.63861096253320170923  -1.6468504126931391429  -20.575560232111090642     0                     
154   1                        4                        0.06367528653722676069   0.8568227265268886228   -1.8589018822611813597   -1.3674534225933578924    1.448530564650750474    33.445854161694654749     0                     
155   1                        4                        0.30798905437798662632  -0.08181734892715053498  -1.5289460039558759874   -0.01473060493301314722  -0.07244068993345575969   0.47907644379552494218   0                     
156   1                        4                        0.7417852884395479407   -1.541095267113420153     1.9587083516865622101   -1.6340549572263971534    1.2700377661046395872   34.078878133689990193     0                     
157   1                        4                        0.76865240862661465826   0.41020704721205225596  -0.834571335145471771     0.92289790676575034212   1.5797816671250943799  -30.912592737613856286     0                     
158   1                        4                        0.94713662078836824421   0.3730239928690441964    0.63556202084787116746   1.5191344738031187234    0.2653558922751106941   -7.0233886995518011176    0                     
159   1                        4                        0.97616650265884885584  -1.8886944209684770613   -1.5614366843701092957    0.31964222702322464542   1.8661879424226377466    1.5832917171513534171    0                     
160   1                        4                        1.1909991858639155105    0.34026385457061536499   1.6877868357451935033    1.4978189334301519331   -1.6793734768936281476   50.884631869803797599     0                     
161   1                        4                        1.2104485774995872305   -1.2534045157945392646    1.0971420439785082301   -1.5819630671197328908   -0.13664893478675832483 -10.183957235158414889     0                     
162   1                        4                        1.2179531502605835946   -1.8443779560907160864   -0.72549375465267651464  -0.03659165523467788894   0.81180293024925420653   5.8980317001290227807    0                     
163   1                        4                        1.3368762879285869261   -0.0624856156415904973    0.69114234699062748746   1.7218996360170688575    0.84821704200394165696 -29.467962605022805178     0                     
164   1                        4                        1.8145332071072601821    0.79376238764783701995  -0.61772085009156230129  -0.13191541860822741938   1.9426088904189700024    3.3919037275412460275    0                     
165   1                        4                        1.9544137355525879052   -0.79728880770175258874   1.7885627951246800826    0.82110700696666061305  -0.23930950926068517148  -1.2263889372806666689    0                     
166   1                        5                       -1.6310833307241749957    1.497807104869767425     0.01496446758591041259   1.3227714978417712821    0.86919011925228506499 -28.673461714034381487     0                     
167   1                        5                       -0.83541030077555977762  -1.7546586376549213604   -1.2022374224508336482    0.59536512373838723633  -0.61446304893058734109  20.338034350397844463     0                     
168   1                        5                       -0.53119749950638772695   0.528616334780661834     0.57089275405330619506   1.7585528103524907806    0.30415688689695352664 -11.948726621175058682     0                     
169   1                        5                        0.15126712128582786576   0.01273241962469606747   0.27128753498925073373   0.50756513523579682712   1.3184554520897693308  -16.712430105111351963     0                     
170   1                        5                        0.22800504350755490535  -1.8026940763734700113   -1.7077472081525728598   -1.0619945515024995508    1.3545605446305764019   50.346383998928153858     0                     
171   1                        5                        0.51918333007136796553  -0.71959257460322856303   1.7527441667908143508   -1.7805326064244886286    1.5594580440740837268   64.928572099076745872     0                     
172   1                        5                        1.0458098579823658092    1.2957926664751071577   -0.94102559921022965739  -1.3182091302646679054    0.23736185848119317754   2.1244549355135680102    0                     
173   1                        5                        1.3237889852929103363    0.54337012216593771896  -0.90927746551793009466  -1.8294084294807517743    0.04704430835086403917  -0.26250001028643066281   0                     
174   1                        5                        1.3508779583238115229   -1.0486956294619633745   -0.56780571821992675829  -0.33747156342100037563  -1.5570962529210263803   -9.7369296844574400041    0                     
175   1                        5                        1.7174613674817282849   -1.6803635414025395178    1.8432444728545949175    0.28652740913595264871  -1.8242635735353802673    0.36145961452038122275   0                     
176   2                       -0                       -1.9596240669261852929    0.78683056148792918094   0.11573372784503543897   0.46681130771883339037   0.59538894546376974759  -0.04959707462272643086   0                     
177   2                       -0                       -1.7724066620455405374    0.6559556748249599778    0.91844951969801424951   0.5339255170915766513   -1.4176510427786954693    0.80824528048256283341   0                     
178   2                       -0                       -1.3946137863770891041   -1.403527556372563323    -0.58988591583609317759   1.891383458417164487     0.27429055242134081638  -0.59900901789603333558   0                     
179   2                       -0                       -0.84573243190135705127  -1.2330843560288391458   -0.26467505667400970104   1.2472199629596616433    0.73234100476726826656  -0.25211297248990827136   0                     
180   2                       -0                       -0.69817181093110036727  -1.9195174458781463223    1.3723711024173734785    0.67922695751017858612   1.5300760735967373627    1.9114100991368883076    0                     
181   2                       -0                        0.45793296724576260104   1.2034302141685038201   -0.01194629536687608073   0.0591630439119059659    1.4028407040604218281   -0.00054640534398846642   0                     
182   2                       -0                        1.5979731551632889719    1.9022182140138639284   -1.8758434565262505078   -0.45793882735358204528  -1.3345790571340909736   -3.4848025893418110854    0                     
183   2                       -0                        1.611362911465429093     1.7948001570947598182    1.5145493228614408388   -1.292089743952287817    -1.1703232615957390728    6.6235588575277573042    0                     
184   2                       -0                        1.658560362354783102     0.22118427677174157253   0.25913316960226806529   0.64837509038121776683   0.60745930384086888054   0.03744139747198127477   0                     
185   2                       -0                        1.6998110260966989848   -0.92097563517302649672   0.85160909766734649295   0.42569410558856057847  -0.4566272454361692823    0.25914840059122523641   0                     
186   2                       -0                        1.907260397488744097    -1.284671100961865875    -0.97873071707955139331  -0.03337452269271090621  -0.50173389067048934642   0.04015629769557165635   0                     
187   2                        1                       -1.9683132215089760297    1.7928124383514245643    1.3264347357969810126    1.8685934329977578194   -1.87538951263389575     15.539587639521510454     0                     
188   2                        1                       -1.6113760295882699758    1.2535290819903672777   -0.25359729357114280113  -1.93971816903173222     -0.91479003039333472991  -0.30533463949624861655   0                     
189   2                        1                       -1.468378194279125637    -0.03510285712797611701   1.9019061657744238403   -0.60826293132460285129  -1.0274872431954773511   -2.1047956664147804418    0                     
190   2                        1                       -1.3618301028097317129   -0.01747760109744245227  -1.6814147460144646118   -1.959335695958674739     0.10905259063079464354  -1.5170787360890265472    0                     
191   2                        1                       -0.9888565686971080293   -1.2179455933548783975    0.45835104669339354899   0.7786590180815666784   -1.8611448811389776914   -2.573625300486922729     0                     
192   2                        1                       -0.91086766375149186281   0.35804684218905080684  -1.2287366987299559451    1.4575338269198958585    1.493311572398630549     1.1623860960983929402    0                     
193   2                        1                       -0.71975718170664881868   1.6730852232059065798    0.34720936114868106159   1.2149497757301483958    1.5126338885201819906    4.5420528431188031959    0                     
194   2                        1                       -0.25066966742525575995   0.18241226881466010568   0.02716673858564089272   0.51708252548438293772   1.2173652722061731879    0.98953678835203939812   0                     
195   2                        1                       -0.08795672618037930768   0.24670330884623359324  -0.49773042747099327521  -1.1447199869240050063    1.5366481084521774747    0.99533634227425993313   0                     
196   2                        1                       -0.01519522134036255245   0.46586329042050200755   1.7828221339146921309    0.96797372580292417865   1.0563070468349828879    1.0881980646679607627    0                     
197   2                        1                        0.18947020372529799204   0.62809231111768681899  -0.12287334091363066868  -1.1572361543036415732   -1.7376930694256726984    1.2251794436266640886    0                     
198   2                        1                        0.23495799573819242667   0.95449076021760115296   1.9103082863538176639    1.7100223660565565531   -1.8913382541188494823    0.49696687559336760742   0                     
199   2                        1                        0.56952424952449920426  -0.29051443716356817326  -1.0572999754348870738    1.6688095140191614441   -1.9864021659264878839    0.58031198461363364682   0                     
200   2                        1                        0.85925791931786976718   1.8268642227241254083   -1.4096247861782944533   -0.73910500310007942737   1.4538890504949204541   10.109222593025275927     0                     
201   2                        1                        1.1878487698865169975   -1.1561440558895537123   -0.99122938862265375093   0.75824016327662668857  -1.5418932740707367302   -0.4608519036622447107    0                     
202   2                        1                        1.2349745202837785207   -1.9692378101106953192   -1.0141651716608539591   -0.66067403212671016455   0.44045833340856699323  -5.470689292923133884     0                     
203   2                        1                        1.2721866326548063597   -1.3881735703787239089    1.4168215229813858613   -0.24630356833751587686  -0.9095265120416442528   -0.17659074763364879246   0                     
204   2                        2                       -1.9263417964629694357    0.63805406523557017806  -0.06427633143063138377  -1.2286581246967496206    0.63826538077382188874 -11.838944719550648088     0                     
205   2                        2                       -1.7857367838100981494   -1.471270559158006197     1.2027434008362036799   -0.86556686350207545644   0.4506739770552781188  -16.991115837377705589     0                     
206   2                        2                       -1.7216624283328796352    0.75086926631283823497  -1.9577453296559801377   -1.8160817548310841385   -0.05400309513915124704  -7.1115342367930445278    0                     
207   2                        2                       -1.3038503693871383859    0.98485750216771217325  -0.92373344879285212983   0.99836165653104425033   1.0350888579992587601    0.70313764996163152787   0                     
208   2                        2                       -1.2886154425111036037    0.59642342167024908761  -1.1296678292161810298   -0.94764267812062263907   0.51658558220523076443  -2.2802742026518636465    0                     
209   2                        2                       -0.97897585113309437688  -0.35703057131926985157   0.1362225758974027201   -0.09138553300871432583  -1.0573036222067102585    0.03708990969045980468   0                     
210   2                        2                       -0.63169204325088723628  -0.58620535370572590672   1.9322379751452132268   -0.42334733238455135584  -1.1454339709059082608    1.4399449888543565113    0                     
211   2                        2                       -0.60168340890175331381   1.6040817769972264273   -1.7300756358711357752    1.33882267945086042      0.56274404231522812125  11.077247332738243912     0                     
212   2                        2                       -0.50461635421470329987  -0.97155499373432530064  -1.6067034113529179429   -1.1193258128260421547   -0.72518451657799110066  -0.7305226436674717716    0                     
213   2                        2                        0.31490620389196033457  -1.9431702911082853191    1.0765476013352777152   -1.3508998680625743383    0.7754430189192595968  -11.921941082754774044     0                     
214   2                        2                        0.43770868117069428038  -0.5432122571062059091   -0.62968669301457058651  -1.665372438882398054     1.2825990835024509984    1.527336312123531048     0                     
215   2                        2                        0.57802846701703325394   0.0572251082318362414   -0.88885523540307054269  -1.0066172119178915523   -0.88163853234250466606   2.3605400937233969039    0                     
216   2                        2                        0.60873237557779491524   1.3776842028369524762    0.55279965907167660788  -0.99610830532961514017   1.2481829642084454335    7.1044587156364951142    0                     
217   2                        2                        0.62155815651477031025   0.69625822833053385708  -0.08605024581383768911   1.2907468861712421138    1.4310774864102562276    3.0865293300590428416    0                     
218   2                        2                        0.81188804409344328405   0.49738957375692915974  -0.61193781746164122026   1.7292462772245627001    1.885817069017485359     2.5105822790755940588    0                     
219   2                        2                        0.82304591177834041105  -0.07945898545893337328   1.867657603933928101    -0.35311949666030151285  -0.32915762040977303293   3.0998699803102636174    0                     
220   2                        2                        1.1378425336218338515    0.70277526852406779767   1.2875065969586816372    1.782734737853890028    -1.2267451455506368507    3.3888991606097946807    0                     
221   2                        2                        1.1751515043628684154    1.696018075741831943    -1.1191536159305859321   -0.92977761247422963109   1.8850701596932313286   18.912333802112279102     0                     
222   2                        2                        1.4153090778574335395   -0.33653365313061289754  -0.75573714445245854243  -0.78321375545521720873  -0.15452811180885683839   7.6373475161597523808    0                     
223   2                        2                        1.5023581411063040569   -0.41123306097990419694   0.91161612562240845747  -0.878564757113675876    -1.2634079415312520212    8.0176360100378083473    0                     
224   2                        2                        1.5173486867860175309    1.3705040942981816521   -0.18480935792617181335   1.9007589192643665754   -1.4661531371737388518   15.206327652429285635     0                     
225   2                        2                        1.6121023743069033962   -1.8390931403288901524    1.4853334887724018998   -1.1038811738219367342   -0.77115312503511312947  -5.810015646911959486     0                     
226   2                        2                        1.6710265572321598704   -0.89567953387640408813   1.3894698949892037021    1.6034803154247798673    1.5431285249362662881    4.7492351881501120303    0                     
227   2                        2                        1.8563676784864284741   -1.5132830294924448644    1.9851329820302425766   -0.36465181830979620514  -1.7973340175813508068    4.2086015210567078171    0                     
228   2                        2                        1.9542204327694920885   -1.5238695746403150277   -0.59727994729701427978  -1.919804538174353814     0.71308703589491306829   7.4138541787171217123    0                     
229   2                        3                       -1.8854664753163987712    0.39115328681316219317   1.9259943678430264669   -0.32769529008884878962  -1.8071754399690453941  -17.770052711222824371     0                     
230   2                        3                       -1.8617458190899416337    1.0973730043907781173   -1.0880255016397211154   -1.0929248383338721062   -0.56953724882654466199 -11.010867542869531732     0                     
231   2                        3                       -1.8494714196261250461   -0.16123760880399040651  -1.6967105184374702276   -1.419034215065957838    -0.02767196924138626279 -16.011041434137826656     0                     
232   2                        3                       -1.8037512884949686853    0.8105030552588377013    0.29944720361435450684  -1.2463663555044601772    1.163553695175294056   -12.373451951675090044     0                     
233   2                        3                       -1.6605388558264746468   -0.87377584857189072309   1.2595509687364385698   -0.64466393159810997382   1.3091478527564834877  -14.279962485510100834     0                     
234   2                        3                       -1.3389452492715996357    0.90681371323590331812   0.93459079643119835623  -0.06924308397955858396  -1.9689266071981645911   -2.1189376618706896593    0                     
235   2                        3                       -1.2200754153429307358   -0.28204271490733190397  -1.2868169417407802069   -1.7472869560438808456   -0.38071272002616196595  -2.8104263706378329601    0                     
236   2                        3                       -1.147264526527336681    -1.3285986788657424551   -1.3495977153365363854    1.6550206790300729942    0.31730647355787544583  -9.6460679835722888953    0                     
237   2                        3                       -1.0995810081575951855    1.5726763929203397829    1.5563875350254559038   -1.5666849241940168369    0.83526769360284180976  14.202733689254909422     0                     
238   2                        3                       -1.089237760255667542     1.6676488127424224928    1.6500033273185343852   -1.9812367983065497512    1.2445906872006973209   20.427035602673303316     0                     
239   2                        3                       -0.77069293258827609172   1.2122805689702995657   -0.29062810761968460582   0.20942973064345205003   1.0838067450396531299    7.0331234772217463558    0                     
240   2                        3                       -0.74944280152495479363   1.2582200515166301891   -0.04119932965935602098  -0.89828771169856236334  -0.77837600949116025895   7.7400887931573842948    0                     
241   2                        3                       -0.42350059928121375208   1.5999966125935309869    0.16564643186249394802   0.92705347544677874083  -1.4494579515681405013   15.210876262323262509     0                     
242   2                        3                       -0.20982041885373647894  -1.2785966697624675525    1.098253281635623857     1.6949598014362932119   -0.48799784958016623193  -3.5422006652861113274    0                     
243   2                        3                       -0.17260981390546303871   1.9463038842467899059    0.28315982869899825047   0.20061086866619737279  -1.9264354198015243291   25.139709481714056949     0                     
244   2                        3                       -0.01082536334690042956   0.56373662229448262551  -1.6687739353680655086   -0.55597645683918672788  -1.7664027193070528376    3.547462399794184762     0                     
245   2                        3                        0.19815842658371485285   0.73036638820253063642  -1.3097561096921661594   -0.95483693375265010772  -0.58479424811678670793   4.0863058439425730128    0                     
246   2                        3                        0.47886395099945522347   0.98051593310278217785  -1.5730333418256481348    1.9528294549506490796   -0.54194959742794246438   6.9391418238648165939    0                     
247   2                        3                        0.53522754088797830363   1.8343848894097676272   -1.3205486613047656697   -1.8613556936965154343    1.6567742964917200332   25.976222620039319366     0                     
248   2                        3                        0.78952957264569167961   1.151771558043626964    -0.21180111496984044273   0.32957045229374681838   0.25574437915048875425   9.0439860045287812085    0                     
249   2                        3                        0.96892197013907344072   1.341706746290835639     0.24540139405714800347  -0.69929998655986769229  -1.3416614670556448186   13.274145102330169976     0                     
250   2                        3                        1.1216728074426800532   -0.98781335112887203032   1.3139332033426880386   -1.4127088285253837086   -1.200236366330035942     1.8735423236024124627    0                     
251   2                        3                        1.6293600576678799463    0.05388742753095732141  -1.7451595144471458987    0.04919419312398476407   0.28681141403130094858  15.975252114451402363     0                     
252   2                        3                        1.6401775075854883035   -1.000363226760529578    -1.5780703748365629835   -1.1224703824658908147   -0.62407384385117059544  15.047644068681123031     0                     
253   2                        3                        1.8352229298240958499   -0.1171346902720877825    0.6131645457916277131    1.8605562606448535767    1.8591038978889362632   21.082579208308271035     0                     
254   2                        3                        1.8457772156636247374   -0.51092532194008244417   0.95967331996446070264  -1.7636509972872465024    1.9202768683700268681   24.530019738323716183     0                     
255   2                        3                        1.9120234818977488445   -1.2043558067572464054   -0.41088002083012042931   1.1787873756809528203   -0.70392525307459874462  17.944363592733999724     0                     
256   2                        3                        1.9396912864668105492   -0.84114235019737049193  -1.7719063782027837384   -0.4172792130269959987    0.09199090608541782288  22.997348258791959097     0                     
257   2                        4                       -1.939944279821177453     1.540241447252810314    -0.55829903992917717659   1.1012104030548353073    0.2211402418793038116  -10.180850774744397924     0                     
258   2                        4                       -1.9182526982704632967   -0.88792189383797670565  -0.64217547922578877007  -1.2590943635525735367   -1.2466046438873821245  -28.751302945509259246     0                     
259   2                        4                       -1.891772408343133316     0.44180016412707701079   0.50243013522178658903  -0.04586129571447639108   0.00489649239243261647 -22.736092335228409667     0                     
260   2                        4                       -1.8675240294725989898    0.89077892193555596734  -1.1482076653132167188    0.69061083659377597854  -1.8412252938697040161  -21.654593301610777445     0                     
261   2                        4                       -1.6391442187940039599    0.12051402078022110942   0.28897244017913159553  -1.9293782315451668552    0.67060396976151048776 -13.535311186949613216     0                     
262   2                        4                       -1.5864809290394641383    1.0874200482830116421    0.75765958208935391127   0.61354249667558535819  -1.0862251356484757814   -5.9576676370186580911    0                     
263   2                        4                       -1.1958141965089996717   -0.34611400346214482582  -1.4021658476194354126   -1.6706372760720038517    0.70651054635329879616  -2.3207839189776953148    0                     
264   2                        4                       -0.79823203465727088357  -0.42664609761730787341   1.5436824466290013369   -0.22394578372951912115   1.1867852480625566969    1.515180084407022898     0                     
265   2                        4                       -0.46527112025424610664  -0.00362179300699083662   1.0036721067924085915    0.49730427269295418569   1.7715023257344064689    3.5986074213427503565    0                     
266   2                        4                       -0.38251626871651356332  -0.53009416125816732901   1.0425856891546567695   -0.14794336306714872542   1.4226833812931949375    3.1358016783016466889    0                     
267   2                        4                       -0.22845114491877138718  -0.95546912674287498568   1.4910940428223744547    0.25912981151915515099   0.94793743633517335567   0.54318514588509914098   0                     
268   2                        4                       -0.02718032523558155944  -1.1366729228875969149   -0.00076105329092768237  -0.21315900282309363512   0.96639250674034693489  -1.8745163261781161435    0                     
269   2                        4                        0.00936603454558859738   0.09561074822706272514   1.0373197790255646034    0.85349738390233120811  -0.52861069475767186177   4.0030802608677031884    0                     
270   2                        4                        0.03043140459183790725  -1.2665625864369109976   -1.1810178374321840256    0.27346055464001617352   1.7858419723017440184   -4.1048385598147500986    0                     
271   2                        4                        0.08052651747541261784  -0.94368216294681439571  -0.67695238989174710831   0.66900159206650533505  -1.3713184565811027404    0.59336269533373686702   0                     
272   2                        4                        0.17114555600757919152   1.2312719390986655021    1.8356997738821800858   -1.2009061561447149646   -0.79892407905019258152  11.857774009708142771     0                     
273   2                        4                        0.21417714634308993027   1.7097324886455109727   -0.71630010359701379308  -0.85372278963801240259   1.5002775112972570604   24.366715356644625956     0                     
274   2                        4                        0.32958957523862997263   0.45225992945840509663  -0.13992097594972974228   0.00315451237845643107   0.05993021866371561757   4.5132276348106721287    0                     
275   2                        4                        0.59569371617831068377   1.2728572626022756076    0.64489505351235898445   0.45497740977792489048   0.53749975250243942071  13.21406867423309528      0                     
276   2                        4                        0.99980372593201405351  -0.66835908658930609505   0.83520168072964517947   1.5589256045445960552    1.7705057805508355173    5.2629923831292781955    0                     
277   2                        4                        1.1571718839802178636   -1.578270889837557478    -1.3371451712000588241   -0.09494278099203623533   0.97353886485415008778  -5.7531986219666748639    0                     
278   2                        4                        1.2665629422979276519    0.58957069411497942113   0.05433777604186795784   1.3857634641210268001    1.7554641818484104654   13.045618783068333002     0                     
279   2                        4                        1.3814376642791175165    0.29102231685195789623  -1.2439068072231802553    0.42177347059203373902  -0.99106064398032711615  14.852806102593200777     0                     
280   2                        4                        1.4659268666704545758    0.14373772880216018066  -1.3326099849561585664   -0.27674388792689108563   1.5660130844984365694   16.734334883272893535     0                     
281   2                        4                        1.8858472784901616492   -0.62329764983627033992  -1.6293456909607768601   -1.0281606594339121052   -0.18200668316580759232  30.217251482862533152     0                     
282   2                        5                       -1.6735669919727027555    1.8486351738837032421   -1.8939206408941269277    0.03850449357546104068   1.6594445558243600125   13.525651394072939482     0                     
283   2                        5                       -1.2423097724778899842   -1.6553238101884746314    0.34162275112604456595   0.09803489746679705519  -1.3987261194533231468  -27.361562771929051507     0                     
284   2                        5                       -1.1599094281678010709    0.30316638463982270579  -1.1563217855755190122   -0.47409470129088449042   0.78678646314581568433  -2.8150042850145977624    0                     
285   2                        5                       -0.89608051616540729256   0.25350080687334841656   0.80048997788036180268  -0.91133021801641311832  -1.5108297012006532967    1.2335028475020397565    0                     
286   2                        5                       -0.61524376479864595346   0.82499732846710083223  -0.67323145407360529546   1.1521621315415795372   -0.57471067133302988772   6.4168554355739271244    0                     
287   2                        5                       -0.43972577168333737418   0.97077271968377143452  -0.80677841232981295505   1.3995248686507837377    0.8660573842716536852    9.5665828169134048409    0                     
288   2                        5                       -0.40602794485839210914  -1.6934658653054339705    1.7679100646150223142   -0.43462708022453400147   0.74520291007045447174 -20.011235491795687835     0                     
289   2                        5                        0.4968607297632186004   -1.5434626747270061564    1.8800958808631458297    1.834271547920732548     1.1538681188570691916  -15.823097953318814746     0                     
290   2                        5                        0.71185205044301236299  -1.7276974775167808218    0.70692642018160656292  -1.3885136221202754037    0.53043308110485343221 -18.341415775415349287     0                     
291   2                        5                        0.87585838203887211861  -0.5729234673086309737   -0.82569939878968456881   1.6213919603901034705   -1.0002577066328974809    6.7472174336159955743    0                     
292   3                       -0                       -1.7538412219590935326    0.47640822536095361883   0.62811539663257365262  -1.5990748066107052239   -1.9648973466560470946   -1.6489884393810967378    0                     
293   3                       -0                       -1.6816483873079510758    1.5791243330819622059    0.19955225860024361495   0.47148196453296353781   0.34305751944231577255  -0.08571171717494606435   0                     
294   3                       -0                        0.25333344052989215101  -0.39984876303530914043   0.65978567703688550949  -0.38975625347107545338  -0.18985392879059315163  -0.00494542753231356352   0                     
295   3                       -0                        0.42149841268116094994   0.0391038224192112871   -1.0435101997328313228    0.37193295315851093719  -0.95524664302378914371   0.00611071504878446439   0                     
296   3                        1                       -1.7662555720671675452   -0.24083443811714921878  -1.5502536611675343803    0.80914037664500693126   0.91857013964859213218  -4.4236246913451742202    0                     
297   3                        1                       -1.7046107054080108512   -1.3730795221007947582    1.5956113211268183605   -1.5400110316482797934    0.48479103458358574485  -5.2881154108764665267    0                     
298   3                        1                       -1.5983722221448419809    0.27813041174075525674  -1.7951422527886793379    0.58080219766609442189   1.5903311559189483582   -3.3526845787780210628    0                     
299   3                        1                       -1.5582854413889082323   -1.8781155354112788469    0.37982709019640426007   0.72704672093002020716  -0.40697361283166655355  -4.6501839989593527491    0                     
300   3                        1                       -1.4540947876504310976   -0.1716150117852228707    1.9765474314746791507    0.16937287004616674579  -0.2177980147782643261   -1.13536507517733809      0                     
301   3                        1                       -1.4109307104866857241    1.9396902277925263114    1.1656460462696696112   -1.1420722014375332964   -0.21470965305286626723   2.4797591694696796694    0                     
302   3                        1                       -0.41564742655458508658  -1.9010907863089694381    1.2500085700047223192   -1.7543189906395517674   -1.942288339515749529    -9.3123818703120218032    0                     
303   3                        1                       -0.26395770920200090082  -1.1719506883555910193   -0.41687307469939671734  -1.655787527981297913     0.95985500410727953025   4.1085077748969469624    0                     
304   3                        1                        0.05454925642155394883   1.0578170670503990181    1.2265851948498780466   -0.11840600205415197088  -0.75712252555747183713   1.5228944422182684182    0                     
305   3                        1                        0.50635583153608143547   0.67347770888871716366  -1.7529821822908997486    0.79364409219059517397  -1.3190000680286237955    3.3701814533311544864    0                     
306   3                        1                        1.0938191202940399371   -0.19873658908634683762   1.860895417380089345    -0.8053577975701775582   -0.67261658263486934217  -0.60786653417276559352   0                     
307   3                        1                        1.2531363835123219275   -1.8130333653269081751   -0.79170094036170901575  -0.16924196489104392782   1.4068430625942638379   -0.61120906526770335532   0                     
308   3                        1                        1.3622141703489472064    0.14908065892501731753   0.15049606019409766944   1.3667616529964750072   -1.1286437763214014485    5.586077635570762645     0                     
309   3                        1                        1.7517214777514222845   -0.90840796270137835755  -1.3930252186498730538    1.9349186891644807318    0.01719456766467164499   3.4360837633734440111    0                     
310   3                        1                        1.9220744634105195736    1.3114298420632257702    1.9940689664320245811    1.1590104882749416859    0.3940201951842139394    7.6394298373939850677    0                     
311   3                        2                       -1.4882794862991584051    1.8167832607775089571   -0.44627645246697644765  -1.5587169481850833286    0.83121215546964277721   7.8040885324626350084    0                     
312   3                        2                       -1.4818310651174086967    1.4413914694507257153   -0.86019118224474655499  -1.2143344391596484488    1.1954839102327947664    4.0923105595331374928    0                     
313   3                        2                       -1.4417234290980620592    0.710829928161304192    -1.1009072312907699498    0.54253522085949734688  -0.81005244499572581773  -0.71853587691367937218   0                     
314   3                        2                       -1.2231751940746069529   -1.6447190162138025649    0.66553231763848819114   1.3335491255449545278   -0.82745949796375084517  -2.3339419699095831362    0                     
315   3                        2                       -1.0087656561106097541   -1.9916941199113036287    0.72574933465970170587  -1.7223119481618445192    1.7109927231784163304    1.0646318228956195284    0                     
316   3                        2                       -0.76216661478443215039  -0.37222188756819662991  -0.48178299985069261702  -1.5221381111607676928    0.65258102005640550303   5.7873765831829517836    0                     
317   3                        2                       -0.72813055621117195315   1.9733811730217478697    1.620688740783531312    -1.0499378551592506437    0.18188427650746197273  12.896554952849314191     0                     
318   3                        2                       -0.49090143793383300697  -1.9840714255337370542   -0.2825916515922088923   -1.4904703526103499911   -0.38861088472552451911  -9.4234802348945017059    0                     
319   3                        2                       -0.39690843497464034506   1.4005307407053089186    0.48677352495116998909   1.0958540221540182813    0.42931274466100743936   1.8867128983846348511    0                     
320   3                        2                       -0.1497472557587893327    1.184071669739820809    -0.46217864755924442655  -0.6949169294451102985    0.03801777033754349944   2.2394192421731227149    0                     
321   3                        2                        0.09555994042690718615   0.6473679707402753003    0.53317096063774727099   0.18439737085288854246  -0.81432315501318797146   2.3631753304577203245    0                     
322   3                        2                        0.49085237285641047933   1.5169087491443367099   -0.13273577820407056471   1.2039288752535193261    1.6057226301609959229   -5.449597736075949328     0                     
323   3                        2                        0.64745660017817252552   1.6136708766440097662   -1.836804522224623204     1.4863510554764305382   -1.7922222349708087918   20.940794088987168209     0                     
324   3                        2                        0.95711080760228650632  -0.70309196075296975792  -1.9527969235098514567   -0.26070472464979665972   0.12570007098572277826   3.0229913708903755065    0                     
325   3                        2                        1.3419325543818176882   -0.74755123385470545472  -0.43154841382258846139   0.62798606029564973952  -1.1331699337308758224    6.5713845413431606346    0                     
326   3                        3                       -1.747336117473276218    -1.8557394544923337953    0.1453585755205550889    0.56798071385147963497  -0.87276356815325040195 -13.008937631700407067     0                     
327   3                        3                       -0.942704706446099161    -1.2375321359088484741    0.94254071504269454351   0.98108061091932974307   1.7292262371930355869  -15.207547644933297804     0                     
328   3                        3                       -0.88772718643417358741  -1.715479665151409927    -0.54655997560445745975  -0.18803077324813144422  -1.0426308999216722384   -7.3491342793692657764    0                     
329   3                        3                       -0.81714601792794328006  -0.23489588167133423902   1.2441851461808228763    1.0828218894977306164   -0.25012092641657379666   2.1903251923418003422    0                     
330   3                        3                        0.26386089294640013847   0.41515102663829317464   0.8196774220193119298   -0.97076658568728735332   0.49926064717632678835   5.7367919679895402751    0                     
331   3                        3                        0.43233791019988254689  -1.0784492470972355527   -1.9249015645507958627   -1.9063728480594701598   -0.86436030236640015723  -8.0259240087462178082    0                     
332   3                        3                        0.72480482311499017101   1.108905743355275586    -0.36282652882259691651  -0.4541802370993706095    1.0727578532931691946    7.3093049108690939519    0                     
333   3                        3                        1.4263747454482738064    1.031737877376050605    -0.81570143845031806151  -1.6143547944891027957    1.6436619182139109441   29.324218715703551652     0                     
334   3                        3                        1.9945751598092207324    1.3573238078525178274   -0.03000852012907206934   0.86518525367523890779   0.76215950570119517238  12.093333705902551856     0                     
335   3                        4                       -1.8386552306234897891   -1.9327951806893295394   -0.5795780534954824148    0.36457468963334660472  -1.5822916489957978836  -15.675190198366667715     0                     
336   3                        4                       -1.6159204904452844076   -0.69509000465758252751   0.2211714958009776133    1.1968921761260715719    1.0429762123026500298  -19.591301798877299944     0                     
337   3                        4                       -0.57320554244506416453   0.92080421495270048382  -0.10388022438513777601  -0.77135549488209620428   0.90230547340041766802   9.9153088461171723367    0                     
338   3                        4                       -0.30118338305863279203  -1.6783620957307960886    1.4054881424137000145   -1.693960843608372846    -0.29680582280928136107 -16.898599390266316078     0                     
339   3                        4                       -0.18644963661558477952  -1.1150827228984923067    0.00253421015032095909   0.40038164928564379252   0.72650649286425883489  -3.7002692539953803141    0                     
340   3                        4                       -0.13918309543595364097  -1.3613338520301152545   -0.53333642476282738798   1.5963552419274011918    0.62079449315241275187 -11.60925426156707374      0                     
341   3                        4                        0.28542829172146877426  -1.780604349270470621    -0.75420449458326865866  -1.5111759290983313164   -0.05893177015748540803  -7.4150362211483153985    0                     
342   3                        4                        0.29495931077165504774   0.61156351528133612305  -0.43850423440701491451  -0.71476597441770661767  -0.92717618899187859149  -4.7071219336687297741    0                     
343   3                        4                        1.0070291929375780882    0.08774057677195878924  -1.6377945639041571191    0.89839028708798851497   1.1378888398051398845   -6.6141952692320788998    0                     
344   3                        4                        1.0668823761502341796    1.979883329177114959     1.4389565389627554381    1.9550822039163260335   -0.60208636230039425108  33.842092047416215905     0                     
345   3                        5                       -1.2917634367464623235    0.51426407756017278317   0.42638914195370736238  -1.2399521084063174214   -1.7825157184099782448  -30.254537809612408239     0                     
346   3                        5                       -1.2510382050873600779   -1.3233631995847030538    1.3689590527005064402    0.37813797307090846189   1.2262534412962442509  -17.463286587097123004     0                     
347   3                        5                       -0.49550964415168397004  -1.5903754025781735582   -0.22307310166773763882  -1.3462175073815085824    1.8297447088283695926   24.249898139697858568     0                     
348   3                        5                        0.11342878671609124552   1.6880770098223929487   -0.30379253008690731974  -0.58261921073969769047  -1.6216602712999903524    1.3823738083771894836    0                     
349   3                        5                        0.58357423108619954633   0.73777858589524569766  -0.69986269229021980109   1.6309354980175698735   -1.6847941097894403306   37.885317375543991147     0                     
350   3                        5                        1.0798643816195641065   -0.02692845934032384037  -0.15744036768902636148   0.01375840144286177846  -0.01679386595655096848   5.6615311598834434648    0                     
