1 A 0.000738 0.585069 0.461444 0.832317 4.154804 1.054634
2 A 0.072004 0.310303 0.834470 0.372674 4.094018 0.905331
3 A 0.091306 0.216832 0.490054 0.423384 3.856102 0.626528
4 A 0.108974 0.821285 0.445614 0.980450 5.262039 1.296263
5 A 0.131697 0.361768 0.668347 0.024342 4.328021 0.709187
6 A 0.145874 0.335266 0.717570 0.394765 4.660987 0.834400
7 A 0.244316 0.451253 0.646275 0.241389 5.554176 0.797302
8 A 0.508075 0.170043 0.965184 0.022108 4.421397 1.041639
9 A 0.603745 0.027452 0.582568 0.175655 3.614982 0.795114
10 A 0.611187 0.852731 0.101551 0.560962 3.758950 1.131523
11 A 0.665789 0.981319 0.210013 0.235515 4.294394 1.164624
12 A 0.695751 0.011010 0.624622 0.043188 4.059759 0.873560
13 A 0.929038 0.429819 0.096013 0.388290 4.880922 1.036520
14 A 0.973590 0.176394 0.407410 0.624135 5.219686 1.176257
15 B 0.006507 0.209230 0.517513 0.601941 3.893915 0.758458
16 B 0.038778 0.015568 0.045556 0.529242 3.687964 0.470340
17 B 0.097640 0.269572 0.387207 0.579683 4.025176 0.691267
18 B 0.123003 0.773285 0.010837 0.322442 3.370580 0.784368
19 B 0.252404 0.465415 0.943378 0.676532 5.888236 1.213421
20 B 0.274474 0.028483 0.715464 0.821004 6.199284 1.060925
21 B 0.283660 0.515603 0.021117 0.572114 5.063151 0.758518
22 B 0.307206 0.573820 0.703062 0.090378 5.195907 0.899846
23 B 0.320711 0.402558 0.377660 0.228740 5.143317 0.615628
24 B 0.332304 0.042461 0.939985 0.867983 7.196136 1.260071
25 B 0.354194 0.504619 0.542131 0.870247 6.590343 1.133882
26 B 0.386580 0.938202 0.417915 0.118018 5.464388 1.041242
27 B 0.397742 0.990292 0.677872 0.304551 5.977974 1.237938
28 B 0.518847 0.588410 0.882888 0.976182 8.600505 1.469770
29 B 0.583653 0.662333 0.277631 0.058448 6.744907 0.864771
30 B 0.584118 0.718576 0.507756 0.227670 6.992273 1.017868
31 B 0.597410 0.812950 0.249519 0.960211 7.962516 1.352439
32 B 0.670426 0.003179 0.672539 0.086185 7.245885 0.891029
33 B 0.678645 0.405973 0.280930 0.928672 7.846519 1.189189
34 B 0.699207 0.898500 0.995170 0.693508 7.893720 1.601083
35 B 0.716879 0.264034 0.752484 0.319305 7.029952 1.056346
36 B 0.725540 0.238028 0.830290 0.749604 7.773310 1.291883
37 B 0.762035 0.894974 0.747770 0.414530 6.297984 1.391003
38 B 0.779111 0.954081 0.640963 0.570206 6.129847 1.438584
39 B 0.837320 0.910622 0.116634 0.255789 4.427006 1.206109
40 B 0.866750 0.356455 0.161782 0.168680 4.184880 0.903389
41 B 0.884840 0.577721 0.566168 0.310144 4.225238 1.175820
42 B 0.985828 0.460012 0.569071 0.211055 3.207591 1.183234
43 C 0.024940 0.433661 0.978398 0.637147 6.827961 1.183254
44 C 0.034374 0.386226 0.382179 0.267486 6.272107 0.544099
45 C 0.064938 0.805056 0.787097 0.721816 6.888576 1.276482
46 C 0.079261 0.647101 0.314502 0.434372 6.338694 0.781664
47 C 0.087977 0.801373 0.450910 0.181203 6.333463 0.878825
48 C 0.149095 0.242383 0.292745 0.556526 5.876487 0.627717
49 C 0.159458 0.831672 0.052052 0.545622 5.982937 0.946221
50 C 0.182282 0.499571 0.388243 0.674535 5.924431 0.880118
51 C 0.204955 0.190122 0.260166 0.534236 5.513313 0.594194
52 C 0.240931 0.118770 0.305867 0.451466 5.254422 0.545390
53 C 0.329193 0.470598 0.649106 0.333907 4.974736 0.866297
54 C 0.375116 0.379866 0.004439 0.005475 4.482337 0.471410
55 C 0.420746 0.859646 0.084572 0.102514 4.559936 0.903772
56 C 0.428759 0.542253 0.430057 0.360831 4.524824 0.828017
57 C 0.442598 0.352320 0.124685 0.152167 4.259471 0.536436
58 C 0.535831 0.422601 0.233462 0.906138 4.448084 1.095644
59 C 0.547499 0.932362 0.657622 0.470853 4.820030 1.287768
60 C 0.607217 0.251876 0.843723 0.607800 4.857213 1.167721
61 C 0.618116 0.114528 0.374505 0.521746 4.515640 0.836197
62 C 0.634826 0.811280 0.685404 0.315873 4.960009 1.214502
63 C 0.656611 0.950624 0.048783 0.141528 4.928531 1.102504
64 C 0.700133 0.105386 0.764073 0.148367 4.857835 0.989694
65 C 0.721987 0.997668 0.454867 0.814845 5.694377 1.482649
66 C 0.731501 0.915355 0.602001 0.640127 5.727063 1.402128
67 C 0.754262 0.683773 0.216055 0.691205 5.518000 1.186860
68 C 0.916910 0.326323 0.680668 0.061734 6.071971 1.126756
69 C 0.943244 0.649925 0.867833 0.859727 7.008148 1.612127
70 C 0.982644 0.694569 0.919751 0.853325 7.126191 1.675925
71 D 0.011074 0.383365 0.320797 0.358325 3.978798 0.552641
72 D 0.118145 0.598524 0.870611 0.716250 4.521389 1.219360
73 D 0.175808 0.786141 0.109588 0.965821 4.081416 1.199936
74 D 0.195357 0.348356 0.152815 0.106853 3.673845 0.378279
75 D 0.221979 0.099901 0.758603 0.993792 5.542365 1.211217
76 D 0.227854 0.061634 0.296609 0.621721 4.387901 0.665669
77 D 0.277617 0.347424 0.001131 0.593247 3.900660 0.678930
78 D 0.303380 0.285165 0.805373 0.491534 4.760756 0.968805
79 D 0.350142 0.816422 0.184377 0.379312 3.699522 0.920870
80 D 0.391257 0.670622 0.302303 0.910573 4.768584 1.171739
81 D 0.426069 0.145207 0.692095 0.075476 4.968423 0.766543
82 D 0.466119 0.458396 0.031106 0.984746 4.917383 1.119907
83 D 0.505229 0.686471 0.194252 0.215583 3.791486 0.837894
84 D 0.592375 0.768376 0.984717 0.301283 4.035910 1.352332
85 D 0.613279 0.614212 0.148653 0.646366 3.467541 1.029862
86 D 0.627513 0.602923 0.528523 0.398697 3.568782 1.030927
87 D 0.630107 0.111311 0.823114 0.784621 4.760105 1.242326
88 D 0.683436 0.493591 0.129380 0.524314 3.116040 0.938680
89 D 0.690150 0.516716 0.171996 0.653273 3.253647 1.032785
90 D 0.708303 0.880266 0.611141 0.788226 3.512534 1.444602
91 D 0.756721 0.084931 0.634446 0.330136 3.937631 0.982178
92 D 0.800765 0.633924 0.710607 0.036805 3.653202 1.182250
93 D 0.814094 0.292527 0.425451 0.193390 3.811966 0.920724
94 D 0.823970 0.930370 0.562898 0.514813 3.518039 1.395718
95 D 0.851874 0.922921 0.207834 0.614802 3.507586 1.351236
96 D 0.923062 0.343363 0.891139 0.946664 6.024665 1.568525
97 D 0.978302 0.594599 0.989963 0.845636 5.952222 1.671210
98 E 0.115612 0.017737 0.176196 0.494445 5.519122 0.475275
99 E 0.155066 0.535445 0.188248 0.738425 6.013922 0.881669
100 E 0.170109 0.047881 0.549953 0.385106 5.675376 0.631752
101 E 0.210102 0.609401 0.689487 0.124839 5.893971 0.889598
102 E 0.218124 0.926598 0.733438 0.162905 6.296862 1.150196
103 E 0.234765 0.890783 0.855687 0.763205 7.052013 1.408313
104 E 0.267148 0.081655 0.090506 0.810118 5.789271 0.799195
105 E 0.295760 0.064318 0.895108 0.632491 6.394100 1.074546
106 E 0.407616 0.761634 0.907748 0.587741 6.786152 1.321582
107 E 0.434657 0.564212 0.998744 0.157151 6.336548 1.174209
108 E 0.445826 0.442936 0.762158 0.134611 5.795259 0.934475
109 E 0.454659 0.166881 0.062379 0.927917 5.855919 0.986064
110 E 0.477621 0.673899 0.202591 0.591286 5.892683 0.973321
111 E 0.480729 0.962551 0.911081 0.883533 7.253760 1.601323
112 E 0.542783 0.272209 0.253354 0.353893 5.342255 0.684587
113 E 0.557340 0.090489 0.477833 0.203317 5.284483 0.704623
114 E 0.571087 0.143925 0.707392 0.475080 5.832916 0.973338
115 E 0.577224 0.860572 0.526087 0.754088 6.418483 1.322848
116 E 0.637214 0.306331 0.924197 0.178693 5.919505 1.114764
117 E 0.764811 0.569521 0.330623 0.351534 5.449302 1.006227
118 E 0.772976 0.373486 0.819813 0.457119 5.961048 1.209520
119 E 0.784554 0.058801 0.076716 0.008293 4.709867 0.728030
120 E 0.794510 0.134097 0.630903 0.660869 5.761107 1.155702
121 E 0.807848 0.223875 0.956725 0.236955 5.874872 1.231412
122 E 0.810506 0.545627 0.396142 0.259386 5.348455 1.023243
123 E 0.841432 0.410753 0.344562 0.064933 4.985560 0.937333
124 E 0.914251 0.120974 0.271895 0.914207 5.584734 1.264222
125 E 0.946729 0.967214 0.222471 0.776974 6.038686 1.513882
126 F 0.021778 0.224594 0.737909 0.499533 7.256313 0.856717
127 F 0.041013 0.851343 0.355496 0.324991 6.689866 0.916511
128 F 0.141222 0.502312 0.324357 0.131189 6.792021 0.565735
129 F 0.184727 0.070384 0.228587 0.285427 7.031881 0.353191
130 F 0.198768 0.560046 0.589903 0.501928 7.018516 0.913757
131 F 0.214785 0.905058 0.850751 0.288312 6.796092 1.230622
132 F 0.228222 0.751254 0.510679 0.700007 6.986108 1.106804
133 F 0.251393 0.052261 0.928251 0.278717 7.238850 0.940128
134 F 0.308972 0.637442 0.863032 0.797067 7.383423 1.309337
135 F 0.359907 0.228703 0.182659 0.892541 7.074813 0.943398
136 F 0.371336 0.605529 0.213225 0.746855 6.886064 0.990027
137 F 0.411061 0.946889 0.137388 0.000527 6.570828 0.978867
138 F 0.512924 0.969984 0.225523 0.959486 6.836249 1.412435
139 F 0.552820 0.549963 0.400547 0.922775 7.234241 1.210300
140 F 0.561428 0.390521 0.034240 0.731106 6.977787 0.939197
141 F 0.565595 0.100070 0.586195 0.260130 7.254653 0.798432
142 F 0.590763 0.782436 0.435009 0.649523 7.070490 1.191422
143 F 0.648231 0.728632 0.441983 0.076622 6.921070 1.010966
144 F 0.687192 0.959823 0.879252 0.364435 7.149369 1.453874
145 F 0.742807 0.508350 0.846844 0.070654 7.206357 1.175368
146 F 0.768727 0.180462 0.810115 0.898375 8.084192 1.382101
147 F 0.854343 0.005672 0.420823 0.671268 7.883851 1.102673
148 F 0.882955 0.259041 0.310580 0.840379 7.787417 1.221793
149 F 0.890928 0.163301 0.783843 0.681827 8.122817 1.315802
150 F 0.893492 0.798820 0.358492 0.340680 7.397238 1.234042
151 F 0.901906 0.778886 0.947139 0.565891 7.835663 1.561508
152 F 0.926947 0.474584 0.350092 0.919906 7.815943 1.370417
153 F 0.960113 0.425324 0.872016 0.732010 8.208520 1.486360
154 G 0.050749 0.417469 0.898291 0.199093 6.747444 0.949143
155 G 0.124143 0.736366 0.639128 0.146372 6.387328 0.931259
156 G 0.135297 0.833648 0.912209 0.454350 6.710412 1.261068
157 G 0.286292 0.978869 0.146982 0.371941 5.870040 1.032987
158 G 0.297924 0.489654 0.605907 0.581399 6.715319 0.954195
159 G 0.318125 0.752584 0.595368 0.631132 6.619959 1.129296
160 G 0.342417 0.733470 0.172585 0.477263 6.049976 0.892903
161 G 0.377540 0.840071 0.366802 0.188231 6.060367 0.946574
162 G 0.451896 0.581732 0.797527 0.902120 7.256344 1.349056
163 G 0.463922 0.766238 0.459061 0.044182 6.072995 0.944989
164 G 0.485260 0.453662 0.134458 0.015431 5.869293 0.615441
165 G 0.527972 0.174934 0.107736 0.831738 6.478218 0.943855
166 G 0.531838 0.051916 0.112480 0.953205 6.827500 1.036044
167 G 0.550671 0.525558 0.027714 0.765136 6.049355 1.017153
168 G 0.573724 0.724072 0.697394 0.872471 6.786753 1.386983
169 G 0.621793 0.329247 0.475150 0.819252 6.538941 1.117318
170 G 0.640129 0.297862 0.468843 0.463539 6.055093 0.903507
171 G 0.652253 0.641061 0.932733 0.204367 6.227632 1.259676
172 G 0.704176 0.214864 0.730430 0.684828 6.427690 1.180298
173 G 0.736214 0.392268 0.535338 0.221172 5.758836 0.953073
174 G 0.781551 0.539280 0.237157 0.467065 5.377739 1.021953
175 G 0.797548 0.020272 0.617968 0.082086 5.883417 0.949980
176 G 0.817819 0.709371 0.480535 0.712872 5.723018 1.319938
177 G 0.873373 0.554546 0.973462 0.185277 5.842081 1.370071
178 G 0.877431 0.077496 0.245361 0.484512 5.453898 0.972316
179 G 0.905911 0.740811 0.559671 0.837561 5.872623 1.481591
180 G 0.909553 0.186019 0.015374 0.442264 5.100413 0.965957
181 G 0.950852 0.616667 0.982558 0.244717 5.741988 1.457271
182 H 0.044865 0.039240 0.921468 0.033392 7.954473 0.861498
183 H 0.092015 0.072983 0.748792 0.407144 8.154456 0.797877
184 H 0.103247 0.877423 0.742776 0.445774 8.168574 1.174820
185 H 0.105797 0.207433 0.815890 0.710113 8.521165 1.043917
186 H 0.179979 0.093889 0.284271 0.280204 7.560749 0.385308
187 H 0.259452 0.155492 0.579448 0.092605 7.663158 0.597674
188 H 0.271288 0.700207 0.950506 0.792159 8.700779 1.384865
189 H 0.312442 0.792725 0.521185 0.609313 8.075885 1.107513
190 H 0.337387 0.483572 0.900180 0.876843 8.741049 1.325610
191 H 0.395798 0.158994 0.599342 0.804535 8.390001 1.027648
192 H 0.416826 0.131282 0.538615 0.666321 8.192870 0.899305
193 H 0.439557 0.872135 0.793765 0.167661 7.876897 1.207147
194 H 0.459318 0.339539 0.411599 0.508698 7.885909 0.806090
195 H 0.491800 0.706217 0.370257 0.269142 7.562815 0.912250
196 H 0.494762 0.744361 0.968160 0.120119 8.007073 1.260612
197 H 0.498856 0.844284 0.121430 0.861103 7.889664 1.248193
198 H 0.522873 0.531022 0.512842 0.758912 8.210531 1.118320
199 H 0.536421 0.679912 0.081176 0.726444 7.727200 1.070786
200 H 0.644243 0.317334 0.141647 0.400199 7.496767 0.771750
201 H 0.732841 0.520454 0.067868 0.996883 7.980651 1.281491
202 H 0.747986 0.629854 0.167430 0.113987 7.177534 0.936112
203 H 0.830346 0.791075 0.887743 0.889960 8.632864 1.639085
204 H 0.856615 0.412679 0.790341 0.824196 8.536589 1.423445
205 H 0.952324 0.657902 0.265815 0.554747 7.682411 1.248285
206 H 0.959346 0.720838 0.240298 0.249671 7.337486 1.186512
207 H 0.971006 0.370802 0.339624 0.382066 7.642299 1.095803
208 H 0.994066 0.885269 0.340137 0.431746 7.577840 1.377627
209 I 0.013967 0.868350 0.661817 0.480937 7.072322 1.130617
210 I 0.018741 0.900133 0.496934 0.933333 7.274041 1.326257
211 I 0.055675 0.623920 0.041128 0.949226 6.428230 1.075523
212 I 0.056877 0.712637 0.826681 0.616408 7.017333 1.192270
213 I 0.062941 0.824905 0.802751 0.517616 7.095861 1.201132
214 I 0.139200 0.244111 0.955537 0.803499 6.826014 1.217198
215 I 0.160086 0.202203 0.612841 0.541919 6.370945 0.795266
216 I 0.166192 0.138881 0.019385 0.436297 6.025451 0.424982
217 I 0.202293 0.626147 0.272757 0.416540 6.501535 0.762657
218 I 0.260823 0.652335 0.038808 0.096639 6.420420 0.647722
219 I 0.290421 0.479709 0.572391 0.275345 6.375478 0.784797
220 I 0.361126 0.300993 0.722526 0.941667 6.747428 1.214132
221 I 0.366198 0.838148 0.621994 0.507222 6.993427 1.154358
222 I 0.381298 0.438370 0.415532 0.780767 6.488883 0.995715
223 I 0.414076 0.126332 0.291934 0.031544 5.989670 0.460606
224 I 0.471777 0.665956 0.495032 0.299121 6.539070 0.937801
225 I 0.473792 0.291669 0.467964 0.550035 6.289289 0.849135
226 I 0.663142 0.278324 0.500694 0.216533 6.040070 0.840164
227 I 0.673418 0.322564 0.555347 0.053452 5.981037 0.869598
228 I 0.715505 0.283795 0.652925 0.136037 5.986211 0.955981
229 I 0.788734 0.315298 0.859718 0.425645 6.220011 1.218828
230 I 0.844395 0.985762 0.395693 0.596726 6.906819 1.419858
231 I 0.863683 0.866180 0.778377 0.108717 6.512759 1.391428
232 I 0.868249 0.690059 0.726410 0.991776 6.869349 1.593196
233 I 0.933451 0.758184 0.056006 0.770810 6.211340 1.366995
234 I 0.937292 0.396647 0.436245 0.887753 6.132894 1.356746
235 I 0.966835 0.943274 0.774451 0.774267 7.037515 1.676408
236 I 0.999688 0.919893 0.075402 0.971076 6.419893 1.609102
237 J 0.028309 0.696375 0.317206 0.705778 4.121684 0.978885
238 J 0.069476 0.993295 0.962060 0.659845 4.380336 1.471259
239 J 0.081809 0.972726 0.157191 0.293898 3.946925 0.968991
240 J 0.190822 0.253488 0.485707 0.048587 3.379530 0.519687
241 J 0.238462 0.447750 0.838815 0.338450 3.698174 0.974565
242 J 0.327892 0.034313 0.197044 0.016026 3.440518 0.321913
243 J 0.346797 0.235569 0.545332 0.849919 4.172861 1.030894
244 J 0.403633 0.194385 0.093419 0.699278 3.289432 0.773216
245 J 0.501277 0.556960 0.258285 0.347469 3.878679 0.802907
246 J 0.750531 0.196390 0.332988 0.742211 3.682960 1.061610
247 J 0.827861 0.151242 0.664201 0.410716 3.159922 1.085576
248 J 0.833945 0.263668 0.768979 0.972959 4.157286 1.455052
249 J 0.896026 0.484826 0.363736 0.939563 4.675262 1.370330
250 J 0.990223 0.367048 0.070827 0.538322 2.852121 1.124965
251 A 0.614790 0.006469 0.204772 0.531529 3.488451 0.775631
252 A 0.619132 0.024461 0.200921 0.534393 3.493122 0.780037
253 A 0.623359 0.029770 0.192227 0.546307 3.504804 0.788890
254 A 0.615022 0.002226 0.192709 0.523670 3.468018 0.767936
255 A 0.610522 0.029208 0.200512 0.525399 3.476811 0.768066
256 A 0.607326 0.451615 0.180623 0.528261 3.542088 0.877971
257 A 0.605889 0.033603 0.176021 0.530527 3.457804 0.762529
258 A 0.607495 0.003156 0.203386 0.529709 3.484689 0.768774
259 A 0.601990 0.003460 0.203956 0.534052 3.494133 0.767689
260 A 0.598674 0.004334 0.201347 0.528157 3.489575 0.760858
261 A 0.603982 0.001192 0.201571 0.532656 3.488446 0.767650
262 A 0.604264 0.027394 0.198742 0.533314 3.484418 0.768047
263 A 0.611572 0.003545 0.201921 0.526919 3.479603 0.769635
264 A 0.603740 0.007685 0.202523 0.527039 3.483156 0.764148
265 A 0.612166 0.001719 0.203684 0.535640 3.490687 0.776039
266 A 0.601667 0.002098 0.191499 0.530189 3.478077 0.761987
267 A 0.599129 0.006941 0.202404 0.530745 3.492349 0.763128
268 A 0.605621 0.004500 0.206093 0.522079 3.480317 0.763235
269 A 0.594038 0.000938 0.208656 0.571602 3.553790 0.787881
270 A 0.607912 0.027445 0.191360 0.522431 3.464332 0.762038
271 A 0.588444 0.035369 0.168577 0.512136 3.455180 0.736386
272 A 0.578331 0.035834 0.177857 0.514870 3.498506 0.732782
273 A 0.612580 0.021309 0.164297 0.496517 3.411545 0.743248
274 A 0.587030 0.028057 0.158833 0.561451 3.503753 0.765658
275 A 0.637905 0.044851 0.165592 0.497882 3.473383 0.764689
276 A 0.632434 0.049828 0.166697 0.498603 3.457342 0.761423
277 A 0.646148 0.047540 0.165809 0.502790 3.515477 0.774194
278 A 0.632370 0.030640 0.128027 0.490848 3.405473 0.748766
279 A 0.630766 0.038153 0.134553 0.494237 3.412548 0.750947
280 A 0.633698 0.038167 0.130779 0.487565 3.411295 0.748581
281 A 0.631504 0.049825 0.129437 0.493440 3.411992 0.750837
282 A 0.671547 0.056689 0.124035 0.485280 3.621198 0.777184
283 A 0.632288 0.038537 0.101735 0.495822 3.385980 0.748341
284 A 0.633892 0.042824 0.142398 0.496947 3.434156 0.756576
285 B 0.638934 0.044653 0.104208 0.493087 7.354721 0.752500
286 A 0.687121 0.061676 0.143524 0.469945 3.759606 0.784487
287 A 0.664740 0.029538 0.130718 0.499916 3.576199 0.779970
288 A 0.633856 0.074883 0.099307 0.490668 3.394712 0.748671
289 A 0.628554 0.081147 0.103205 0.483886 3.375862 0.741529
290 B 0.640594 0.076250 0.098379 0.486478 7.321517 0.751450
291 A 0.631144 0.054497 0.094445 0.458279 3.343703 0.725061
292 J 0.631253 0.083163 0.090482 0.471308 2.989240 0.734817
293 J 0.656918 0.072637 0.092253 0.465432 3.278884 0.751106
294 J 0.661571 0.080627 0.092219 0.465374 3.340582 0.755579
295 J 0.655425 0.095350 0.095229 0.473634 3.285007 0.757300
296 J 0.662881 0.102707 0.089618 0.455627 3.363920 0.753335
297 J 0.682917 0.100898 0.088012 0.455621 3.550171 0.769301
298 J 0.652953 0.085467 0.103297 0.461623 3.245343 0.748314
299 J 0.659511 0.080077 0.098930 0.465951 3.321077 0.754975
300 J 0.663355 0.084671 0.101677 0.450348 3.361810 0.750126
301 J 0.659092 0.083656 0.097017 0.457991 3.312182 0.750254
302 J 0.664821 0.089924 0.099437 0.450369 3.380712 0.751621
303 J 0.695268 0.108544 0.096426 0.462983 3.619842 0.785338
304 J 0.659805 0.084152 0.065722 0.440838 3.287177 0.738176
305 J 0.666789 0.083110 0.067711 0.444607 3.370338 0.746063
306 J 0.663986 0.088445 0.064001 0.441138 3.338215 0.742111
307 J 0.664757 0.090122 0.056229 0.443147 3.343455 0.743456
308 J 0.660082 0.093429 0.061012 0.440437 3.293746 0.738839
309 J 0.664013 0.091499 0.071133 0.437821 3.344347 0.741261
310 J 0.704065 0.112623 0.055846 0.415069 3.566709 0.764417
311 J 0.677761 0.099358 0.068807 0.432779 3.483007 0.750682
312 J 0.659453 0.085277 0.072247 0.436945 3.286566 0.736431
313 J 0.670203 0.089309 0.073392 0.440927 3.413379 0.748025
314 J 0.660210 0.112963 0.055083 0.420937 3.294706 0.730507
315 J 0.686174 0.119381 0.050903 0.394802 3.523052 0.739714
316 J 0.662398 0.129943 0.078925 0.416344 3.347706 0.734511
317 J 0.658508 0.130859 0.074861 0.429038 3.306122 0.737771
318 J 0.655875 0.131471 0.077020 0.417653 3.269928 0.729853
319 J 0.715349 0.143874 0.045137 0.420483 3.539872 0.780867
320 J 0.696673 0.124963 0.077835 0.406169 3.588386 0.757256
321 J 0.656268 0.120037 0.057571 0.427692 3.257835 0.732064
322 J 0.689089 0.130715 0.055017 0.416724 3.559586 0.755189
323 J 0.661074 0.159075 0.027653 0.424069 3.320412 0.739324
324 J 0.655125 0.162854 0.025567 0.432322 3.254307 0.739539
325 J 0.653071 0.156722 0.006312 0.382705 3.185450 0.710525
326 J 0.658334 0.175300 0.002329 0.379116 3.259237 0.717159
327 J 0.653649 0.153844 0.004771 0.397134 3.195819 0.717668
328 J 0.686611 0.161376 0.030388 0.398389 3.542861 0.748126
329 J 0.650412 0.152885 0.004373 0.393397 3.153028 0.712865
330 J 0.711956 0.165622 0.004710 0.376310 3.523885 0.759658
331 J 0.651635 0.148821 0.001373 0.390548 3.161430 0.711648
332 J 0.691294 0.177228 0.006610 0.386104 3.552090 0.748929
333 J 0.654493 0.163207 0.021797 0.369811 3.213815 0.707067
334 J 0.650091 0.142662 0.013914 0.366385 3.136836 0.697370
335 J 0.683052 0.150716 0.005606 0.370333 3.483033 0.728988
336 J 0.650054 0.184887 0.026012 0.394596 3.188386 0.720530
337 J 0.648270 0.180097 0.025105 0.394822 3.162463 0.718015
338 J 0.649552 0.185938 0.019229 0.396924 3.179228 0.721343
339 J 0.645435 0.195303 0.019211 0.367458 3.122429 0.705695
340 J 0.647930 0.179603 0.000268 0.359202 3.124790 0.699797
341 J 0.704763 0.179864 0.018053 0.355231 3.560308 0.747165
342 J 0.645658 0.211793 0.000417 0.386593 3.131688 0.719283
343 J 0.645702 0.206021 0.000781 0.384458 3.127457 0.716720
344 J 0.644520 0.188425 0.005218 0.385680 3.104292 0.711894
345 J 0.643873 0.205476 0.003642 0.372024 3.101663 0.708997
346 J 0.640645 0.215384 0.000512 0.368088 3.066624 0.707114
347 J 0.639878 0.204785 0.022223 0.360348 3.062371 0.700209
348 J 0.640121 0.200246 0.013581 0.363791 3.057376 0.700639
349 J 0.642087 0.211083 0.001234 0.324990 3.065483 0.687468
350 J 0.642684 0.212860 0.001317 0.330598 3.075659 0.690925
351 J 0.638856 0.210689 0.000157 0.320014 3.025411 0.682441
352 J 0.635980 0.212906 0.004000 0.340897 3.004463 0.689847
353 J 0.635632 0.214203 0.001212 0.324187 2.994100 0.682489
354 J 0.627822 0.212517 0.000214 0.322838 2.913913 0.674758
355 J 0.623565 0.211496 0.004144 0.317767 2.878480 0.668634
356 J 0.624570 0.223901 0.003026 0.319470 2.894833 0.673903
357 J 0.622207 0.221435 0.001798 0.319642 2.873993 0.671223
358 J 0.626483 0.217943 0.002144 0.308832 2.903012 0.669185
359 J 0.625430 0.217027 0.000748 0.316482 2.894676 0.671274
360 J 0.574638 0.217289 0.000128 0.317211 2.921898 0.628909
361 J 0.567479 0.211860 0.035673 0.308142 3.010522 0.618045
362 J 0.577033 0.218109 0.036280 0.318555 2.926430 0.632721
363 J 0.576856 0.229184 0.038149 0.313355 2.934874 0.633873
364 J 0.568489 0.229978 0.034403 0.313586 3.012631 0.627130
365 J 0.567006 0.228848 0.038296 0.318931 3.031683 0.628189
366 J 0.572477 0.232877 0.033318 0.318281 2.975285 0.633471
367 J 0.563472 0.226242 0.038089 0.322087 3.069561 0.625887
368 J 0.568435 0.236555 0.034000 0.316548 3.018101 0.630634
369 J 0.563304 0.225706 0.043794 0.316423 3.073083 0.623282
370 J 0.563248 0.235447 0.041350 0.317843 3.078868 0.627005
371 J 0.556799 0.232829 0.036553 0.309630 3.146421 0.616795
372 J 0.574019 0.250510 0.040061 0.318052 2.976366 0.641073
373 J 0.576892 0.252725 0.036425 0.301321 2.945181 0.636639
374 J 0.579815 0.248961 0.034056 0.300860 2.917497 0.637388
375 J 0.577530 0.259716 0.035622 0.297519 2.942699 0.638057
376 J 0.542438 0.256748 0.034771 0.298386 3.328073 0.608620
377 J 0.572793 0.248151 0.035925 0.300629 2.978731 0.631286
378 J 0.573606 0.254026 0.034995 0.292365 2.972040 0.630504
379 J 0.581379 0.251343 0.041735 0.286236 2.908450 0.633810
380 J 0.577749 0.267277 0.039124 0.282221 2.943931 0.634931
381 J 0.582687 0.246961 0.040348 0.289602 2.896458 0.634645
382 J 0.580529 0.269800 0.045047 0.288469 2.928783 0.641097
383 J 0.583682 0.270083 0.042465 0.282769 2.903932 0.641341
384 J 0.539239 0.271360 0.047192 0.276784 3.375710 0.603271
385 J 0.587183 0.250961 0.043801 0.287893 2.873370 0.639330
386 J 0.582436 0.255116 0.049181 0.255731 2.901292 0.624619
387 J 0.583682 0.261831 0.050168 0.267315 2.900086 0.632637
388 J 0.583727 0.254599 0.048108 0.255884 2.891697 0.625503
389 J 0.582990 0.275763 0.049325 0.247950 2.908796 0.630201
390 J 0.585766 0.274877 0.053402 0.258672 2.895382 0.636386
391 J 0.586776 0.273953 0.054319 0.247480 2.887519 0.632880
392 J 0.586603 0.278949 0.051034 0.239959 2.888162 0.631835
393 J 0.590688 0.282403 0.051601 0.253842 2.873361 0.641604
394 J 0.526072 0.286195 0.059127 0.236022 3.514132 0.583922
395 J 0.589128 0.282081 0.055108 0.253038 2.881971 0.640143
396 J 0.590249 0.288803 0.056739 0.256044 2.882502 0.645016
397 J 0.594777 0.307747 0.052188 0.257634 2.875613 0.656921
398 J 0.544960 0.308684 0.059685 0.247342 3.333654 0.613523
399 J 0.591670 0.291260 0.056049 0.260356 2.878698 0.648718
400 J 0.591359 0.293664 0.059862 0.262399 2.883961 0.650508
401 J 0.601510 0.292112 0.064628 0.257937 2.864716 0.657119
402 J 0.593254 0.293472 0.056696 0.257086 2.874216 0.649809
403 J 0.591834 0.292378 0.065582 0.259219 2.884100 0.649714
404 J 0.592879 0.303018 0.062191 0.262008 2.885204 0.655721
405 J 0.591615 0.297688 0.075373 0.260579 2.893919 0.653188
406 J 0.593160 0.297769 0.068498 0.224454 2.878213 0.641473
407 J 0.598935 0.302775 0.074962 0.231292 2.873477 0.651300
408 J 0.596776 0.300331 0.077077 0.228345 2.875981 0.647727
409 J 0.598568 0.302169 0.076703 0.222957 2.873244 0.648262
410 J 0.600071 0.335234 0.071914 0.220927 2.887417 0.663067
411 J 0.598280 0.334855 0.076454 0.220128 2.891308 0.661633
412 J 0.606143 0.350288 0.075268 0.224011 2.901235 0.676389
413 J 0.597608 0.320772 0.077707 0.222595 2.885543 0.655565
414 J 0.550143 0.326585 0.077220 0.226751 3.288569 0.620650
415 J 0.598713 0.298812 0.077112 0.209087 2.869453 0.642773
416 J 0.600013 0.307649 0.074697 0.193201 2.870021 0.642886
417 J 0.597748 0.311022 0.073186 0.202858 2.874642 0.644992
418 J 0.598011 0.307716 0.114072 0.186487 2.893208 0.644675
419 B 0.603809 0.301506 0.077061 0.204391 6.935622 0.646869
420 J 0.547815 0.320951 0.069509 0.232418 3.309860 0.617177
421 J 0.604609 0.363432 0.085294 0.208138 2.909201 0.677927
422 J 0.518038 0.292862 0.068788 0.235712 3.582388 0.581258
423 J 0.547396 0.337786 0.114441 0.199409 3.343748 0.620583
424 J 0.598181 0.312295 0.064998 0.233082 2.874416 0.654369
425 J 0.613250 0.310204 0.067562 0.217262 2.895402 0.661427
426 J 0.605906 0.316968 0.084723 0.237438 2.889924 0.666297
427 J 0.595632 0.295388 0.112766 0.183835 2.889897 0.636459
428 J 0.614260 0.349079 0.063973 0.219261 2.919981 0.680022
429 J 0.556762 0.326728 0.080514 0.171546 3.204633 0.610289
430 J 0.602532 0.289265 0.063763 0.260730 2.863241 0.657753
431 J 0.612887 0.299798 0.114476 0.269376 2.923508 0.679913
432 J 0.597299 0.319135 0.083111 0.201535 2.885291 0.648933
433 J 0.551960 0.293968 0.085884 0.189155 3.248436 0.596464
434 C 0.615156 0.310052 0.063816 0.262435 4.422310 0.677428
435 J 0.597519 0.288053 0.090235 0.204765 2.871875 0.637553
436 J 0.530727 0.289422 0.113836 0.158337 3.496163 0.572689
437 J 0.596045 0.289055 0.092164 0.197710 2.875441 0.634928
438 J 0.550545 0.293062 0.092205 0.245276 3.276482 0.613996
439 J 0.613028 0.287883 0.060205 0.265940 2.885797 0.667588
440 J 0.595496 0.357462 0.110906 0.202537 2.924409 0.669426
441 J 0.558852 0.283953 0.060325 0.234486 3.151868 0.609487
442 J 0.618037 0.306229 0.089511 0.172308 2.925345 0.654053
443 J 0.594504 0.337278 0.066114 0.248359 2.899210 0.667736
444 J 0.559527 0.282558 0.087297 0.273002 3.166349 0.626746
445 B 0.615200 0.313780 0.062507 0.209826 6.921090 0.661974
446 J 0.590086 0.305706 0.114616 0.232671 2.921387 0.650894
447 J 0.618653 0.281316 0.094220 0.262832 2.930766 0.672230
448 J 0.557558 0.337240 0.060817 0.187054 3.191615 0.618154
449 J 0.594450 0.303778 0.059664 0.244969 2.876124 0.651098
450 J 0.531235 0.365924 0.088876 0.213436 3.524776 0.622748
451 J 0.598464 0.275751 0.057990 0.232528 2.848502 0.638664
452 J 0.618613 0.273502 0.105401 0.237159 2.927619 0.661958
453 J 0.567162 0.322876 0.059264 0.197970 3.075174 0.622063
454 J 0.616057 0.275403 0.083555 0.224685 2.899312 0.653627
455 J 0.596984 0.310624 0.055089 0.176083 2.862444 0.635294
456 J 0.599275 0.347817 0.051966 0.144968 2.876218 0.647305
457 J 0.619591 0.376042 0.026117 0.158893 2.937608 0.679948
458 J 0.562238 0.347790 0.082086 0.143199 3.151059 0.618905
459 C 0.602735 0.328435 0.123912 0.174739 4.387074 0.656560
460 J 0.616501 0.314817 0.026324 0.188590 2.886616 0.655443
461 J 0.593693 0.346230 0.054211 0.156637 2.888430 0.644480
462 J 0.537732 0.312386 0.080462 0.205304 3.423171 0.597322
463 J 0.569588 0.328656 0.101572 0.218680 3.079102 0.637916
464 J 0.600412 0.273485 0.025456 0.171748 2.818002 0.619728
465 J 0.616694 0.266235 0.024693 0.168730 2.855005 0.630517
466 J 0.617626 0.270073 0.037034 0.168490 2.870462 0.633317
467 J 0.615767 0.266885 0.028825 0.189639 2.855011 0.635491
468 J 0.617870 0.269664 0.020274 0.131475 2.858651 0.624653
469 J 0.614485 0.265877 0.020388 0.127502 2.837836 0.619376
470 J 0.619549 0.258629 0.028369 0.130513 2.867261 0.622021
471 B 0.621445 0.261702 0.023540 0.141748 6.887004 0.626940
472 J 0.621051 0.266327 0.028501 0.123055 2.882055 0.624952
473 J 0.624634 0.267763 0.025012 0.167548 2.910804 0.637902
474 J 0.618170 0.242904 0.042862 0.112797 2.856978 0.612553
475 J 0.607432 0.244700 0.027694 0.104720 2.803213 0.601266
476 J 0.611769 0.243977 0.022368 0.108896 2.812501 0.605441
477 D 0.619421 0.245318 0.018186 0.112209 3.400763 0.613359
478 J 0.623302 0.250589 0.021922 0.082498 2.883149 0.614691
479 J 0.622186 0.241725 0.021501 0.131248 2.870354 0.618113
480 J 0.628995 0.241296 0.023323 0.127973 2.928268 0.623634
481 J 0.621543 0.262768 0.026892 0.099536 2.881418 0.620137
482 J 0.626875 0.245815 0.023717 0.124838 2.912120 0.622733
483 J 0.612455 0.266141 0.023072 0.095730 2.829496 0.612502
484 J 0.616309 0.266667 0.025661 0.089714 2.849684 0.615479
485 J 0.610056 0.259274 0.026198 0.103971 2.818654 0.608982
486 J 0.614026 0.269460 0.027208 0.101556 2.841215 0.616242
487 J 0.616610 0.271042 0.021662 0.068281 2.851173 0.614850
488 C 0.626543 0.261831 0.022463 0.068422 4.432232 0.620360
489 J 0.623539 0.265650 0.021301 0.089806 2.894407 0.621524
490 J 0.628275 0.241861 0.022127 0.106058 2.920295 0.619383
491 J 0.612653 0.265851 0.023236 0.092516 2.830146 0.612125
492 J 0.616666 0.238251 0.024046 0.088697 2.832310 0.604948
493 J 0.614003 0.240435 0.023389 0.069538 2.819350 0.600970
494 J 0.634864 0.234656 0.020818 0.059659 2.979231 0.617285
495 J 0.614246 0.263117 0.020612 0.086476 2.833656 0.611615
496 J 0.611118 0.261060 0.025607 0.087197 2.822547 0.608228
497 J 0.617159 0.265322 0.022716 0.072625 2.851387 0.613571
498 J 0.635128 0.240558 0.024588 0.081299 2.988743 0.621948
499 J 0.618544 0.259499 0.018030 0.094267 2.853409 0.615104
500 B 0.630907 0.259051 0.019736 0.044478 6.830353 0.621253
501 J 0.611027 0.240082 0.020966 0.095539 2.805877 0.601247
502 J 0.613521 0.242904 0.017981 0.069085 2.815223 0.601207
503 J 0.636722 0.242180 0.020161 0.092316 3.004490 0.625246
504 D 0.614480 0.231522 0.019120 0.076247 3.443878 0.598838
505 J 0.638834 0.263721 0.019744 0.060257 3.041242 0.631531
506 J 0.618098 0.233188 0.020329 0.101867 2.835205 0.606239
507 J 0.681600 0.235996 0.018366 0.105073 3.493148 0.666643
508 J 0.616539 0.237882 0.037463 0.096819 2.840295 0.606443
509 J 0.635845 0.236856 0.040242 0.097091 3.004610 0.624119
510 J 0.618147 0.243214 0.034759 0.070028 2.850761 0.606358
511 J 0.613252 0.231095 0.016460 0.032167 2.804901 0.593845
512 J 0.639238 0.230807 0.022471 0.030497 3.026011 0.618185
513 J 0.678053 0.226442 0.017267 0.066891 3.458195 0.655695
514 J 0.640413 0.238288 0.036039 0.046295 3.053387 0.623322
515 C 0.618023 0.255798 0.012317 0.079986 4.391467 0.611246
516 J 0.611912 0.196318 0.040201 0.065565 2.792192 0.584718
517 J 0.609133 0.193378 0.000288 0.066646 2.752896 0.580057
518 J 0.569479 0.203446 0.042532 0.020495 2.959399 0.544069
519 J 0.572806 0.191619 0.002282 0.053437 2.890504 0.543870
520 J 0.638098 0.194399 0.035855 0.071073 2.997884 0.609286
521 J 0.614007 0.217756 0.013970 0.043002 2.797645 0.590545
522 J 0.610206 0.223699 0.009950 0.040701 2.783954 0.588767
523 J 0.611287 0.222427 0.001215 0.033022 2.780779 0.588835
524 J 0.610916 0.192951 0.008386 0.007361 2.763763 0.578260
525 J 0.577250 0.191372 0.005515 0.008376 2.852633 0.545728
526 J 0.607273 0.200124 0.006260 0.028568 2.757073 0.577566
527 E 0.580089 0.195520 0.001167 0.025155 4.894420 0.550171
528 J 0.606665 0.206261 0.000924 0.036095 2.756434 0.579286
529 J 0.639692 0.196692 0.006018 0.035746 2.996482 0.607729
530 B 0.608028 0.175545 0.005108 0.003034 6.908132 0.570389
531 J 0.638894 0.211370 0.004413 0.044207 2.996613 0.611916
532 J 0.578919 0.221129 0.002253 0.028350 2.857671 0.557867
533 D 0.608056 0.196617 0.000837 0.052225 3.499136 0.578685
534 J 0.571363 0.224406 0.039842 0.044900 2.952681 0.554280
535 J 0.609261 0.184786 0.016717 0.002335 2.758584 0.574390
536 J 0.639012 0.188198 0.014158 0.009087 2.988403 0.603862
537 J 0.578139 0.173792 0.000564 0.025838 2.828855 0.541748
538 J 0.566986 0.171485 0.014637 0.028392 2.943669 0.530712
539 J 0.604178 0.182947 0.000318 0.003542 2.735617 0.568779
540 J 0.576933 0.178010 0.000716 0.002181 2.842103 0.541275
541 J 0.582402 0.202508 0.003940 0.022992 2.819948 0.554546
542 J 0.557585 0.175557 0.000562 0.021274 3.042832 0.522457
543 J 0.547279 0.197917 0.000365 0.036496 3.182167 0.520611
544 C 0.583275 0.198496 0.001331 0.001288 4.233042 0.553628
545 J 0.576780 0.175977 0.000068 0.053862 2.841583 0.542929
546 J 0.555344 0.210174 0.036609 0.023890 3.119156 0.532891
547 J 0.604524 0.191499 0.017186 0.044706 2.754326 0.573437
548 J 0.583975 0.163702 0.000177 0.040568 2.778465 0.545341
549 J 0.556919 0.161153 0.017629 0.043218 3.052746 0.519142
550 J 0.526452 0.163191 0.038806 0.025845 3.404886 0.490633
551 J 0.581265 0.176196 0.001828 0.050011 2.807580 0.546941
552 J 0.579762 0.182906 0.015406 0.017460 2.833433 0.545875
553 J 0.540876 0.187843 0.002754 0.057809 3.251343 0.512983
554 E 0.557959 0.169979 0.002366 0.001874 4.874704 0.520784
555 J 0.578917 0.201336 0.036081 0.039544 2.867338 0.552761
556 J 0.588334 0.143543 0.038124 0.046082 2.766932 0.546038
557 J 0.583150 0.148079 0.000086 0.054912 2.771978 0.541658
558 B 0.513063 0.152541 0.040656 0.055439 6.676328 0.477156
559 J 0.562712 0.145856 0.039311 0.038233 2.990097 0.521389
560 J 0.588081 0.142992 0.021760 0.062650 2.755778 0.546339
561 D 0.533839 0.149330 0.000326 0.055995 3.991951 0.494653
562 J 0.549625 0.138038 0.040705 0.022341 3.139940 0.506093
563 J 0.586444 0.164882 0.000834 0.058825 2.765160 0.549516
564 J 0.595250 0.139774 0.018899 0.058667 2.724200 0.552039
565 J 0.564706 0.135634 0.000814 0.049055 2.930972 0.520335
566 J 0.588763 0.138814 0.018871 0.061847 2.747072 0.545852
567 J 0.590011 0.123324 0.000408 0.059373 2.714825 0.543179
568 J 0.565519 0.124309 0.018070 0.060839 2.926785 0.519989
569 J 0.583519 0.132946 0.000505 0.000152 2.757890 0.535973
570 J 0.539447 0.145257 0.000103 0.000328 3.233325 0.496161
571 F 0.582001 0.121498 0.000841 0.040781 7.108734 0.533446
572 J 0.550935 0.140228 0.044069 0.017181 3.128296 0.507965
573 J 0.511212 0.165122 0.016788 0.038943 3.486682 0.476389
574 J 0.584672 0.157601 0.037984 0.036644 2.797386 0.545337
575 C 0.555583 0.120683 0.039869 0.016288 4.121357 0.507668
576 J 0.579042 0.157216 0.000156 0.000534 2.808833 0.537506
577 J 0.584411 0.140036 0.038401 0.044161 2.786564 0.541298
578 J 0.539818 0.133250 0.040848 0.033920 3.251002 0.496050
579 J 0.589105 0.116496 0.040542 0.058655 2.744923 0.542232
580 J 0.560740 0.139530 0.042885 0.039974 3.010648 0.518305
581 J 0.523151 0.106474 0.042209 0.065620 3.392369 0.477047
582 J 0.589957 0.114150 0.041300 0.022879 2.739665 0.540251
583 J 0.565596 0.107830 0.043133 0.016384 2.932365 0.515129
584 J 0.591802 0.116584 0.041988 0.048536 2.734674 0.544081
585 J 0.585188 0.116490 0.047321 0.000815 2.770815 0.536044
586 J 0.548952 0.111139 0.044554 0.002396 3.130710 0.499363
587 E 0.536682 0.120760 0.045106 0.021159 4.893657 0.489852
588 J 0.586386 0.126983 0.047741 0.001056 2.772003 0.539375
589 J 0.566202 0.115390 0.047588 0.005101 2.934921 0.517319
590 J 0.588315 0.137303 0.020512 0.055894 2.749292 0.544552
591 J 0.585211 0.135409 0.020303 0.019046 2.764547 0.538817
592 J 0.557392 0.136298 0.019145 0.018320 3.029577 0.511926
593 D 0.586234 0.113996 0.018379 0.019914 3.735193 0.535329
594 J 0.567207 0.125011 0.000331 0.057838 2.895111 0.521192
595 B 0.520333 0.140119 0.020870 0.005001 6.714846 0.476796
596 J 0.540666 0.111150 0.001106 0.025977 3.193333 0.490085
597 J 0.591585 0.154938 0.025719 0.002424 2.751866 0.549583
598 J 0.568752 0.151600 0.049939 0.001468 2.936170 0.528226
599 J 0.591298 0.129713 0.030672 0.022921 2.737866 0.544068
600 F 0.585502 0.108559 0.049965 0.019145 7.119964 0.535380
601 J 0.551727 0.129337 0.035178 0.056348 3.104297 0.508064
602 J 0.586033 0.153573 0.031034 0.005042 2.781280 0.544136
603 J 0.506763 0.126731 0.051040 0.021745 3.497534 0.462807
604 J 0.566378 0.098342 0.029269 0.056341 2.905791 0.515848
605 J 0.587474 0.157107 0.019225 0.000964 2.767286 0.545924
606 J 0.590075 0.131905 0.052530 0.003178 2.760776 0.544424
607 J 0.542270 0.147062 0.024914 0.001392 3.221582 0.499911
608 J 0.565654 0.105213 0.051806 0.027513 2.936379 0.515838
609 J 0.590818 0.141456 0.022478 0.072990 2.742836 0.549798
610 J 0.589467 0.131759 0.055060 0.025703 2.765235 0.544561
611 C 0.589767 0.162219 0.032351 0.072458 4.238342 0.554296
612 G 0.564862 0.136734 0.054269 0.029245 5.792379 0.521936
613 J 0.529722 0.165582 0.022946 0.023181 3.365970 0.493455
614 J 0.594846 0.133652 0.024124 0.048460 2.724450 0.549575
615 E 0.594349 0.102998 0.034151 0.071773 4.906866 0.545922
616 J 0.595150 0.129435 0.051812 0.049062 2.741213 0.550728
617 J 0.564677 0.131196 0.050182 0.072984 2.965671 0.523945
618 J 0.599165 0.117566 0.055318 0.053374 2.728137 0.552909
619 J 0.595300 0.105294 0.021851 0.057728 2.699545 0.545183
620 J 0.598981 0.102101 0.056347 0.076149 2.717766 0.552460
621 B 0.597999 0.099900 0.061312 0.078027 6.965948 0.551854
622 J 0.595351 0.100194 0.054554 0.053047 2.720914 0.546000
623 D 0.563545 0.061534 0.065446 0.081925 3.976052 0.514011
624 J 0.596731 0.106582 0.059449 0.055269 2.726511 0.549085
625 J 0.596179 0.072955 0.060696 0.061691 2.702759 0.544329
626 J 0.551364 0.062714 0.060855 0.074416 3.077096 0.500684
627 J 0.596926 0.096954 0.064637 0.055414 2.722807 0.548212
628 J 0.594493 0.072180 0.073128 0.061007 2.715935 0.543884
629 J 0.567881 0.078981 0.060506 0.075327 2.899386 0.518931
630 J 0.597775 0.065558 0.072955 0.060163 2.703697 0.546248
631 J 0.547907 0.094551 0.074519 0.062321 3.153521 0.501928
632 J 0.569746 0.066294 0.074400 0.079533 2.881104 0.521338
633 F 0.595530 0.063397 0.081843 0.062797 7.158032 0.545214
634 J 0.600193 0.072302 0.069071 0.052602 2.703359 0.548235
635 J 0.596191 0.087962 0.101341 0.055043 2.744757 0.551080
636 C 0.572339 0.071557 0.102006 0.079278 4.145393 0.528586
637 J 0.544606 0.094140 0.090962 0.056443 3.204327 0.500455
638 J 0.592715 0.081077 0.076260 0.058203 2.730575 0.543378
639 J 0.564253 0.074189 0.118986 0.081891 2.979112 0.524654
640 H 0.594519 0.066270 0.098529 0.053796 7.143638 0.546143
641 J 0.570247 0.094891 0.078987 0.049261 2.900894 0.523036
642 G 0.598084 0.080209 0.077312 0.085895 5.770882 0.551905
643 J 0.528219 0.104200 0.099276 0.049980 3.390573 0.487251
644 J 0.549029 0.053196 0.069945 0.078875 3.104817 0.499084
645 J 0.594713 0.090540 0.083157 0.056433 2.736821 0.547403
646 J 0.599494 0.090300 0.121116 0.061526 2.755763 0.558790
647 J 0.575001 0.073572 0.110581 0.091195 2.863721 0.534647
648 E 0.571358 0.106705 0.085754 0.051260 4.906710 0.527261
649 J 0.597379 0.093176 0.095891 0.076929 2.742653 0.554473
650 J 0.595319 0.069303 0.109812 0.116226 2.740684 0.557802
651 J 0.600431 0.066391 0.117746 0.113290 2.736816 0.563299
652 J 0.600101 0.049903 0.131002 0.100080 2.734176 0.561831
653 B 0.637560 0.053785 0.143699 0.118302 6.957077 0.603849
654 J 0.638278 0.058165 0.115877 0.110136 2.960841 0.598060
655 J 0.633691 0.068194 0.143058 0.107885 2.937742 0.599557
656 D 0.633319 0.045833 0.145068 0.112323 3.648229 0.598450
657 J 0.600839 0.071731 0.115416 0.087775 2.738070 0.559736
658 J 0.601438 0.075745 0.136531 0.091572 2.755995 0.565585
659 J 0.601386 0.049436 0.128099 0.087919 2.730909 0.560596
660 J 0.636206 0.055827 0.134995 0.094744 2.949632 0.597102
661 J 0.565051 0.045536 0.128192 0.110663 2.956871 0.529138
662 J 0.625368 0.071130 0.122081 0.115156 2.846578 0.588891
663 J 0.628926 0.056374 0.116909 0.090718 2.862668 0.586055
664 J 0.602495 0.080292 0.111191 0.082350 2.741086 0.560871
665 F 0.603613 0.025239 0.154285 0.089867 7.195282 0.567473
666 J 0.629490 0.074710 0.132268 0.084564 2.892237 0.590558
667 J 0.548974 0.043650 0.156786 0.111152 3.164817 0.520780
668 C 0.570538 0.088447 0.110875 0.130590 4.155320 0.539732
669 J 0.605999 0.065979 0.109035 0.079154 2.732418 0.561793
670 J 0.572818 0.049464 0.123588 0.075662 2.875417 0.530430
671 J 0.631770 0.060565 0.106021 0.070012 2.884761 0.584758
672 J 0.603405 0.026007 0.093806 0.043764 2.686344 0.550272
673 H 0.606970 0.031808 0.094951 0.043124 7.133818 0.554185
674 G 0.629473 0.022578 0.096293 0.036372 5.745681 0.575733
675 J 0.603473 0.098279 0.135941 0.042032 2.771075 0.565262
676 J 0.572018 0.044325 0.084702 0.065116 2.849113 0.521096
677 J 0.649271 0.100557 0.090830 0.039421 3.103414 0.601931
678 J 0.627310 0.082630 0.123009 0.075646 2.871111 0.586499
679 J 0.553051 0.104289 0.152057 0.095130 3.153805 0.528188
680 E 0.602660 0.062704 0.089382 0.041813 4.872126 0.551396
681 J 0.576750 0.035557 0.105209 0.064240 2.815151 0.528347
682 J 0.628361 0.080346 0.129229 0.039864 2.883013 0.585252
683 J 0.604090 0.104730 0.079915 0.069817 2.736884 0.559716
684 B 0.603669 0.023682 0.079704 0.094811 7.011059 0.554200
685 J 0.652279 0.056148 0.099834 0.075509 3.114685 0.604050
686 J 0.629164 0.096601 0.075355 0.068017 2.863470 0.582080
687 D 0.492074 0.070317 0.111600 0.093333 4.363958 0.455425
688 J 0.576087 0.088911 0.142574 0.060377 2.887021 0.540621
689 I 0.601701 0.109431 0.088097 0.076093 5.909758 0.560051
690 J 0.626024 0.054502 0.073213 0.051263 2.801093 0.572216
691 J 0.607515 0.071777 0.119609 0.101470 2.747896 0.569029
692 J 0.535253 0.034625 0.093404 0.086772 3.265745 0.488815
693 J 0.646358 0.094823 0.073585 0.055312 3.050864 0.597230
694 J 0.576524 0.109298 0.104700 0.069944 2.871269 0.537650
695 F 0.559104 0.079772 0.152359 0.036128 7.111330 0.523571
696 J 0.605847 0.051374 0.074096 0.125470 2.695535 0.562738
697 J 0.620307 0.024959 0.070370 0.131123 2.732795 0.575896
698 J 0.671645 0.020256 0.074910 0.132343 3.290754 0.626444
699 J 0.644448 0.025021 0.089577 0.141079 2.988374 0.603734
700 J 0.626951 0.051910 0.083763 0.120819 2.817055 0.583546
701 C 0.663481 0.043033 0.070242 0.118888 4.512634 0.616564
702 J 0.627437 0.031664 0.067569 0.105915 2.791268 0.578174
703 J 0.648857 0.017013 0.098529 0.142813 3.043070 0.609369
704 J 0.610029 0.045074 0.068780 0.104808 2.695332 0.561906
705 G 0.623283 0.044556 0.066713 0.130967 5.721768 0.579427
706 J 0.610119 0.020891 0.070936 0.112437 2.677618 0.562284
707 J 0.642855 0.047660 0.066673 0.113249 2.967718 0.595379
708 H 0.622710 0.015670 0.065270 0.122004 7.185122 0.575590
709 J 0.649119 0.015946 0.100680 0.145110 3.047324 0.610407
710 J 0.671025 0.001135 0.062862 0.098898 3.256323 0.618682
711 E 0.612095 0.037306 0.085113 0.110285 4.931590 0.566355
712 J 0.622477 0.055253 0.062997 0.098918 2.765894 0.573333
713 J 0.611811 0.028890 0.127521 0.132910 2.736296 0.577089
714 J 0.644015 0.015549 0.130895 0.084197 3.006212 0.600237
715 J 0.623328 0.024316 0.095344 0.152937 2.776123 0.586814
716 B 0.667410 0.035207 0.062875 0.145862 6.826987 0.624454
717 J 0.608880 0.040468 0.087215 0.132324 2.704232 0.567967
718 J 0.580784 0.052524 0.067984 0.092742 2.767447 0.531884
719 J 0.605335 0.062976 0.087553 0.123579 2.714322 0.564664
720 J 0.631647 0.065294 0.091629 0.129532 2.878065 0.592035
721 D 0.578439 0.042570 0.103224 0.140153 3.943096 0.543059
722 I 0.607549 0.001627 0.081109 0.155065 5.900452 0.569752
723 J 0.554652 0.057002 0.083469 0.110417 3.051970 0.511997
724 J 0.644864 0.036116 0.106994 0.121002 3.015028 0.603265
725 J 0.577572 0.068222 0.062535 0.088643 2.800785 0.529118
726 J 0.607740 0.016970 0.086569 0.079459 2.679920 0.556729
727 J 0.625021 0.015848 0.101323 0.103557 2.785187 0.579289
728 J 0.677565 0.020669 0.085746 0.119682 3.353554 0.631184
729 F 0.647096 0.040901 0.112289 0.094288 7.240083 0.602259
730 J 0.609247 0.043157 0.079836 0.078780 2.699689 0.558487
731 J 0.626632 0.020833 0.074022 0.082840 2.779886 0.574244
732 J 0.614490 0.006034 0.083369 0.073692 2.692097 0.562012
733 C 0.606690 0.001078 0.089711 0.072104 4.223404 0.555012
734 J 0.650734 0.066414 0.094632 0.069111 3.099324 0.602028
735 J 0.608385 0.001460 0.066163 0.076319 2.650758 0.554214
736 J 0.633319 0.011671 0.065129 0.060047 2.828069 0.577091
737 J 0.580352 0.001022 0.060876 0.079359 2.720765 0.526408
738 H 0.579217 0.000839 0.060124 0.065336 7.125353 0.523483
739 J 0.574316 0.005182 0.062571 0.053441 2.776083 0.517704
740 J 0.555154 0.021177 0.061690 0.070758 2.997851 0.500933
741 G 0.584428 0.002660 0.077951 0.085973 5.840948 0.533345
742 J 0.611896 0.025991 0.060656 0.043138 2.678173 0.554454
743 J 0.630202 0.024094 0.058325 0.040466 2.801589 0.572145
744 E 0.665022 0.022991 0.056238 0.043822 4.826386 0.606728
745 J 0.613998 0.036701 0.082476 0.074416 2.714425 0.562544
746 J 0.652801 0.003612 0.083015 0.104496 3.065983 0.603813
747 J 0.620598 0.033623 0.085281 0.084609 2.752551 0.570511
748 J 0.647771 0.001362 0.087381 0.076010 3.004972 0.595544
749 B 0.616789 0.026510 0.058103 0.098368 6.994946 0.565341
750 J 0.628022 0.030897 0.074386 0.072752 2.800755 0.574832
751 J 0.606418 0.043327 0.059911 0.107201 2.677669 0.557743
752 D 0.676450 0.037724 0.097779 0.116880 3.418354 0.631928
753 J 0.641215 0.040345 0.076128 0.108650 2.949925 0.593537
754 J 0.610958 0.043252 0.055082 0.151072 2.687938 0.570744
755 I 0.654807 0.014021 0.096188 0.154978 5.874722 0.617381
756 J 0.613072 0.045985 0.056565 0.143909 2.699252 0.571441
757 J 0.638798 0.000167 0.074987 0.143970 2.889051 0.596601
758 J 0.671805 0.042187 0.104642 0.154112 3.335294 0.635928
759 J 0.623323 0.040474 0.059311 0.126864 2.758251 0.577642
760 J 0.618010 0.018674 0.081719 0.131758 2.722319 0.574935
761 F 0.659763 0.019907 0.091389 0.150470 7.271618 0.620638
762 J 0.637068 0.017412 0.111496 0.136428 2.913854 0.598713
763 J 0.618676 0.041556 0.083871 0.160922 2.748719 0.583578
764 J 0.647867 0.000372 0.096578 0.116344 3.014209 0.602778
765 J 0.691173 0.021601 0.078162 0.127453 3.430578 0.644988
766 C 0.618196 0.050005 0.055491 0.143345 4.296276 0.576479
767 J 0.633087 0.037222 0.111284 0.160594 2.888191 0.601096
768 J 0.613507 0.056005 0.078344 0.123844 2.725788 0.570748
769 J 0.635490 0.024073 0.055782 0.135817 2.855966 0.590176
770 H 0.656652 0.021052 0.096014 0.117125 7.210091 0.611719
771 J 0.613219 0.044991 0.069991 0.105322 2.708285 0.565237
772 G 0.617321 0.053518 0.056890 0.101907 5.720128 0.568032
773 J 0.607285 0.054660 0.057209 0.103758 2.686374 0.558645
774 J 0.671343 0.042346 0.068461 0.109311 3.299714 0.622432
775 J 0.639171 0.057550 0.104171 0.099948 2.961415 0.595294
776 J 0.611757 0.037582 0.074176 0.123603 2.700405 0.567134
777 E 0.648623 0.059482 0.085139 0.144115 4.944540 0.610008
778 J 0.612587 0.039408 0.108679 0.167605 2.735362 0.583037
779 J 0.629817 0.060208 0.076439 0.116217 2.843916 0.585299
780 J 0.672402 0.037666 0.091162 0.129762 3.325551 0.629376
781 J 0.608102 0.066057 0.052454 0.139390 2.695242 0.567050
782 J 0.658023 0.065903 0.118270 0.152603 3.209342 0.626422
783 B 0.629739 0.038600 0.050566 0.149267 6.985988 0.587807
784 J 0.643580 0.052952 0.074187 0.167288 2.989916 0.608684
785 D 0.613177 0.032618 0.051879 0.127727 3.685016 0.566829
786 J 0.608972 0.061062 0.096246 0.136992 2.727799 0.572012
787 I 0.636004 0.023307 0.080773 0.109062 5.880720 0.588240
788 J 0.610380 0.071035 0.051348 0.170142 2.707143 0.577183
789 J 0.660264 0.047874 0.058860 0.175078 3.177999 0.624782
790 J 0.687320 0.023162 0.051424 0.161318 3.394688 0.645746
791 J 0.628248 0.071639 0.048816 0.152747 2.818368 0.589836
792 J 0.611950 0.042248 0.074343 0.130070 2.705395 0.568937
793 F 0.646725 0.039715 0.106027 0.138855 7.244298 0.608583
794 J 0.614759 0.018842 0.077160 0.171053 2.703577 0.580537
795 J 0.657577 0.015532 0.071679 0.165447 3.128490 0.619526
796 J 0.629823 0.001414 0.122915 0.178270 2.838301 0.603508
797 J 0.610929 0.049889 0.070754 0.181601 2.708679 0.580701
798 J 0.639822 0.020740 0.069057 0.170669 2.915328 0.603608
799 C 0.706995 0.047598 0.051783 0.185314 4.766465 0.671755
800 J 0.675025 0.029020 0.070483 0.152848 3.327652 0.633798
801 J 0.618878 0.051661 0.095544 0.148883 2.766238 0.583235
802 J 0.613068 0.000368 0.048714 0.179707 2.655594 0.578218
803 J 0.651525 0.013552 0.050689 0.155561 3.033365 0.609390
804 J 0.630218 0.000179 0.052047 0.178239 2.780728 0.594503
805 G 0.614340 0.019002 0.050622 0.135106 5.739421 0.568841
806 H 0.634100 0.001627 0.048526 0.165150 7.213449 0.594550
807 J 0.609712 0.030734 0.073577 0.139797 2.688089 0.568095
808 J 0.609011 0.027032 0.093331 0.136141 2.698937 0.569061
809 J 0.732620 0.030009 0.106815 0.128921 3.270780 0.689605
810 J 0.652292 0.019484 0.119070 0.145972 3.104064 0.616727
811 E 0.602650 0.000741 0.092688 0.144773 4.971770 0.564188
812 J 0.633284 0.021802 0.089909 0.124013 2.858778 0.589410
813 J 0.601891 0.035425 0.109942 0.140385 2.708667 0.566247
814 J 0.582513 0.021595 0.122139 0.131196 2.774950 0.547351
815 J 0.665072 0.000804 0.083973 0.158941 3.213935 0.626438
816 J 0.626461 0.035998 0.099423 0.117302 2.812433 0.583560
817 B 0.579011 0.015797 0.070833 0.120919 7.012434 0.533437
818 D 0.603881 0.034822 0.086747 0.180933 3.778308 0.574796
819 I 0.643965 0.049484 0.068301 0.144174 5.878773 0.602775
820 J 0.623466 0.020796 0.106732 0.114053 2.781414 0.580573
821 J 0.585048 0.052861 0.131687 0.160088 2.791140 0.560433
822 J 0.607650 0.034856 0.071140 0.137702 2.683854 0.565574
823 J 0.576202 0.016228 0.092494 0.146797 2.797113 0.539477
824 J 0.602726 0.002231 0.052816 0.108349 2.631989 0.552165
825 J 0.590429 0.014614 0.045251 0.116664 2.660400 0.541221
826 J 0.567526 0.000547 0.046434 0.107449 2.825828 0.516971
827 F 0.591917 0.014689 0.050270 0.118007 7.179053 0.543333
828 J 0.635770 0.003303 0.047386 0.108222 2.831944 0.584162
829 J 0.581719 0.018908 0.042634 0.165057 2.714443 0.543978
830 J 0.626678 0.025290 0.044998 0.103697 2.759747 0.574793
831 J 0.603613 0.001007 0.064321 0.141383 2.643226 0.560778
832 C 0.574680 0.001760 0.044402 0.135898 4.114996 0.529699
833 J 0.564382 0.001601 0.060823 0.122395 2.874456 0.518198
834 J 0.596979 0.000589 0.064822 0.100681 2.645014 0.546370
835 H 0.592407 0.001569 0.044982 0.103238 7.148016 0.540517
836 J 0.557887 0.000040 0.059182 0.142641 2.947254 0.516367
837 G 0.604568 0.029310 0.043048 0.121202 5.748460 0.556293
838 J 0.646048 0.027094 0.062600 0.101564 2.985317 0.595030
839 J 0.587191 0.000038 0.040289 0.141734 2.659377 0.542897
840 J 0.578491 0.001393 0.040426 0.147588 2.719786 0.535890
841 J 0.557712 0.019208 0.046565 0.130860 2.954473 0.512569
842 J 0.619810 0.000357 0.041748 0.155126 2.684111 0.577790
843 J 0.656303 0.000199 0.297531 0.188402 3.268322 0.682318
844 E 0.681168 0.016095 0.040584 0.158580 4.928491 0.638245
845 J 0.632726 0.000959 0.450257 0.159524 3.075935 0.730294
846 J 0.619725 0.023210 0.038964 0.146688 2.701145 0.575962
847 B 0.593252 0.019093 0.044039 0.175495 7.052234 0.558024
848 J 0.584275 0.028413 0.063160 0.139221 2.721533 0.542112
849 J 0.624723 0.019969 0.046723 0.186693 2.745473 0.591499
850 J 0.604335 0.000430 0.064991 0.119146 2.642809 0.556888
851 J 0.541080 0.018778 0.383937 0.151429 3.386235 0.618278
852 D 0.579214 0.002102 0.042136 0.130727 3.917112 0.532780
853 I 0.561661 0.001274 0.064196 0.115609 5.918832 0.514519
854 J 0.640954 0.000168 0.037731 0.157843 2.881363 0.598681
855 J 0.602413 0.000615 0.061597 0.134400 2.639451 0.557790
856 J 0.663224 0.017478 0.065351 0.139331 3.189920 0.618569
857 J 0.623854 0.001206 0.064058 0.172065 2.735817 0.587811
858 J 0.597487 0.031614 0.086221 0.128311 2.689576 0.555471
859 F 0.566764 0.000384 0.094054 0.119746 7.164461 0.524362
860 J 0.594295 0.018635 0.087659 0.126697 2.687109 0.551723
861 J 0.540536 0.018263 0.078777 0.109576 3.183521 0.494927
862 J 0.512387 0.028661 0.078061 0.117570 3.425025 0.469739
863 J 0.579272 0.017547 0.100732 0.102751 2.777456 0.534633
864 J 0.559750 0.035324 0.066855 0.158790 2.963522 0.524230
865 J 0.591854 0.018077 0.086994 0.129655 2.694181 0.549870
866 J 0.582611 0.001789 0.113640 0.134878 2.751991 0.546224
867 J 0.550257 0.016879 0.088860 0.155305 3.079205 0.516364
868 H 0.591488 0.001083 0.128821 0.099213 7.227892 0.550931
869 G 0.525469 0.000148 0.105878 0.181991 5.999315 0.503582
870 J 0.569439 0.018539 0.059807 0.123033 2.834405 0.523434
871 C 0.591649 0.034030 0.043231 0.103760 4.182770 0.540693
872 J 0.566618 0.034161 0.085992 0.135006 2.899505 0.527284
873 J 0.589387 0.019453 0.064407 0.161390 2.688581 0.552277
874 J 0.543443 0.018925 0.056820 0.195534 3.138228 0.518147
875 J 0.575844 0.019693 0.038600 0.182321 2.759889 0.543070
876 J 0.531499 0.001962 0.089975 0.165215 3.277956 0.501314
877 J 0.555654 0.029782 0.107483 0.156496 3.039982 0.525447
878 J 0.001003 0.021253 0.070829 0.144090 3.409268 0.099461
879 A 0.587140 0.033617 0.144144 0.181240 3.205060 0.569551
880 E 0.582757 0.000973 0.038986 0.169084 5.000803 0.545542
881 B 0.602517 0.019367 0.056052 0.153419 7.039119 0.562065
882 J 0.563530 0.035910 0.081354 0.133658 2.931035 0.523451
883 J 0.597448 0.016464 0.121150 0.124005 2.705190 0.559810
884 J 0.575254 0.036108 0.099493 0.155566 2.827659 0.542744
885 I 0.626099 0.017523 0.061355 0.139597 5.886156 0.582139
886 D 0.472930 0.000704 0.038015 0.194567 4.420212 0.450301
887 J 0.600171 0.040097 0.084913 0.121671 2.692105 0.557038
888 J 0.547038 0.000341 0.115559 0.113728 3.123682 0.508060
889 J 0.590617 0.037611 0.093783 0.098224 2.719093 0.544695
890 J 0.562875 0.000319 0.123882 0.117426 2.943224 0.525687
891 J 0.597696 0.037332 0.083933 0.122979 2.691766 0.554592
892 J 0.626510 0.036111 0.140536 0.099463 2.843660 0.588240
893 F 0.610358 0.042551 0.674661 0.114676 7.258239 0.855468
894 J 0.639390 0.034437 0.102265 0.097742 2.944589 0.593257
895 J 0.573301 0.000756 0.077479 0.166474 2.799108 0.539489
896 J 0.600255 0.020972 0.077560 0.096217 2.669504 0.550704
897 J 0.618889 0.020089 0.064058 0.093169 2.712560 0.566953
898 C 0.581668 0.018736 0.072926 0.098672 4.145354 0.532263
899 J 0.644663 0.018347 0.100516 0.089854 2.992345 0.596366
900 J 0.604138 0.000777 0.043968 0.145312 2.625365 0.560422
901 J 0.525144 0.050743 0.040721 0.150379 3.333533 0.487612
902 J 0.429711 0.031367 0.038564 0.182790 2.902176 0.407112
903 H 0.552293 0.016499 0.039010 0.167300 7.204300 0.516128
904 G 0.592786 0.051544 0.057609 0.144163 5.779837 0.552442
905 J 0.572292 0.018404 0.036378 0.132105 2.785694 0.526255
906 J 0.504178 0.033813 0.066929 0.153507 3.445768 0.469838
907 J 0.600706 0.001611 0.055758 0.119981 2.634506 0.552605
908 J 0.625566 0.000692 0.035532 0.173825 2.723566 0.587739
909 E 0.601676 0.000132 0.052911 0.141228 4.963021 0.557789
910 J 0.575750 0.019447 0.055189 0.112800 2.770523 0.527106
911 J 0.629819 0.000819 0.040028 0.193000 2.768017 0.597443
912 A 0.605695 0.001024 0.035653 0.123297 3.052669 0.556645
913 J 0.554327 0.019648 0.056616 0.160673 3.005843 0.517746
914 J 0.587181 0.048606 0.065624 0.142401 2.723571 0.547195
915 J 0.653146 0.021694 0.038667 0.103209 3.047295 0.600235
916 B 0.621201 0.032791 0.056759 0.120884 6.993820 0.573739
917 J 0.569289 0.016603 0.035410 0.145183 2.813833 0.526311
918 I 0.601779 0.001491 0.074088 0.171002 5.903708 0.567477
919 J 0.536374 0.000522 0.057945 0.099566 3.195534 0.486106
920 J 0.637895 0.051203 0.033437 0.132241 2.886362 0.591822
921 D 0.587137 0.032804 0.070849 0.114661 3.864679 0.540802
922 J 0.608724 0.019131 0.051962 0.150210 2.657640 0.566924
923 J 0.672527 0.020051 0.034236 0.190983 3.268452 0.637744
924 J 0.624958 0.046221 0.052194 0.165593 2.772663 0.587772
925 F 0.651195 0.018191 0.034949 0.197586 7.253463 0.619150
926 J 0.623260 0.001003 0.050565 0.155833 2.717601 0.581934
927 J 0.611330 0.000576 0.035415 0.177129 2.636367 0.574958
928 J 0.650170 0.001287 0.031657 0.179944 2.990149 0.612855
929 J 0.640251 0.018121 0.033801 0.093299 2.882930 0.585649
930 J 0.667775 0.033552 0.033523 0.146155 3.227395 0.622726
931 J 0.693276 0.000359 0.052981 0.192997 3.402044 0.659087
932 J 0.618323 0.052259 0.030094 0.093111 2.707492 0.565695
933 H 0.614121 0.019372 0.051658 0.117299 7.166333 0.565152
934 C 0.635438 0.034731 0.068278 0.139260 4.367630 0.592514
935 J 0.613121 0.020642 0.031501 0.172456 2.657927 0.575526
936 J 0.641526 0.019374 0.035202 0.183334 2.905549 0.605917
937 J 0.612515 0.000219 0.026461 0.180890 2.632564 0.576715
938 G 0.657014 0.000898 0.028954 0.200405 5.632145 0.625009
939 J 0.629291 0.014908 0.027146 0.198917 2.764805 0.598207
940 J 0.605126 0.000708 0.033408 0.177038 2.619113 0.568877
941 J 0.661149 0.003744 0.028101 0.211733 3.126740 0.632304
942 E 0.633944 0.002853 0.027079 0.198960 4.998759 0.602490
943 J 0.610687 0.000693 0.024513 0.209631 2.627582 0.583631
944 J 0.620909 0.002217 0.023017 0.210805 2.681424 0.593626
945 J 0.638080 0.003027 0.019653 0.213700 2.839870 0.610708
946 J 0.653975 0.002812 0.024747 0.204287 3.034803 0.623093
947 B 0.674401 0.002559 0.024165 0.214521 6.844491 0.645615
948 A 0.626224 0.020750 0.020995 0.208109 3.082618 0.598059
949 J 0.618269 0.000163 0.022137 0.185309 2.658302 0.583322
950 J 0.641411 0.000572 0.019674 0.187502 2.872675 0.606045
951 J 0.683779 0.000498 0.026145 0.212634 3.336464 0.654055
952 D 0.611244 0.000093 0.021911 0.186842 3.703693 0.577038
953 I 0.623399 0.021844 0.024828 0.184125 5.883914 0.588363
954 J 0.600627 0.021817 0.020738 0.203860 2.627814 0.572494
955 J 0.580977 0.021471 0.019249 0.212840 2.706056 0.556908
956 J 0.596177 0.018383 0.020405 0.206560 2.630252 0.569045
957 J 0.565053 0.023216 0.019788 0.216425 2.857777 0.543351
958 J 0.583569 0.000114 0.017438 0.202121 2.664783 0.555327
959 F 0.558525 0.018195 0.015458 0.201209 7.139155 0.531642
960 J 0.569050 0.000710 0.017172 0.197585 2.789035 0.540122
961 J 0.584918 0.029727 0.019480 0.230268 2.689899 0.567115
962 J 0.580541 0.035168 0.017671 0.229005 2.722732 0.562816
963 J 0.544391 0.020577 0.030868 0.182257 3.104208 0.512787
964 J 0.591405 0.017816 0.017092 0.213982 2.641870 0.566911
965 C 0.547299 0.000426 0.019353 0.227635 4.048454 0.530567
966 J 0.573388 0.038504 0.019782 0.214939 2.786048 0.551379
967 J 0.563297 0.000928 0.015510 0.197366 2.849782 0.534574
968 J 0.585026 0.020516 0.034544 0.226103 2.693891 0.565984
969 J 0.535510 0.000810 0.014827 0.199767 3.171768 0.509250
970 H 0.591806 0.037977 0.029375 0.185710 7.210129 0.559615
971 J 0.592399 0.018113 0.032341 0.207894 2.651726 0.566412
972 J 0.514121 0.019043 0.014741 0.234110 3.364245 0.502927
973 G 0.557548 0.000263 0.034835 0.213150 5.866428 0.535418
974 J 0.570560 0.018676 0.000806 0.206668 2.776356 0.544624
975 J 0.585469 0.000538 0.016417 0.181890 2.650137 0.550792
976 J 0.534163 0.020821 0.014415 0.186013 3.202887 0.503691
977 E 0.552858 0.001030 0.001848 0.222914 5.070093 0.533611
978 A 0.577176 0.036266 0.017775 0.240682 3.135486 0.564151
979 J 0.585247 0.000326 0.033103 0.199972 2.669123 0.556853
980 J 0.554592 0.001154 0.016702 0.200545 2.953149 0.527476
981 J 0.515650 0.017139 0.015520 0.211336 3.351972 0.495257
982 J 0.535724 0.001494 0.030561 0.182310 3.183270 0.504222
983 B 0.567620 0.019639 0.036123 0.230714 7.060333 0.551595
984 J 0.576095 0.037437 0.012285 0.198866 2.751765 0.548226
985 J 0.588281 0.001460 0.038044 0.179371 2.655924 0.553696
986 D 0.490320 0.018438 0.035535 0.169648 4.349583 0.457882
987 I 0.588269 0.036982 0.001399 0.176470 5.899826 0.552782
988 J 0.552239 0.584337 0.032434 0.177133 3.363098 0.761421
989 J 0.571299 0.000401 0.015581 0.185213 2.763160 0.538274
990 J 0.593878 0.048698 0.242012 0.211460 2.828514 0.614513
991 J 0.553790 0.018040 0.038445 0.239308 3.004363 0.542277
992 J 0.585463 0.000048 0.037816 0.185915 2.670405 0.552936
993 F 0.593811 0.000510 0.019745 0.175451 7.185830 0.557004
994 J 0.563701 0.032677 0.001084 0.218464 2.864482 0.542937
995 J 0.525731 0.019465 0.039382 0.197464 3.304619 0.500807
996 J 0.591448 0.052424 0.016784 0.178524 2.668672 0.557752
997 J 0.570171 0.034230 0.036953 0.214828 2.828792 0.548878
998 J 0.599775 0.000525 0.037368 0.196297 2.623074 0.569687
999 C 0.605274 0.019335 0.042428 0.179706 4.228192 0.570607
1000 J 0.600668 0.048061 0.040788 0.170927 2.665259 0.565187
1001 J 0.593075 0.018677 0.000731 0.202163 2.619693 0.564363
1002 J 0.607556 0.036650 0.011558 0.236140 2.644087 0.590465
1003 H 0.617967 0.057499 0.005175 0.237402 7.234741 0.602012
1004 J 0.631307 0.040267 0.003804 0.214439 2.788126 0.605458
1005 G 0.606889 0.036346 0.004347 0.242824 5.713468 0.592189
1006 J 0.627101 0.020426 0.016056 0.234295 2.744650 0.607444
1007 J 0.606505 0.054109 0.004009 0.223683 2.648917 0.586211
1008 J 0.601203 0.060148 0.007872 0.242023 2.656281 0.588423
1009 J 0.599909 0.056570 0.001014 0.247416 2.648538 0.588888
1010 E 0.570993 0.063082 0.002954 0.239645 5.080609 0.559955
1011 J 0.590780 0.053923 0.005964 0.251604 2.673305 0.581913
1012 J 0.454634 0.063051 0.004114 0.240970 3.142213 0.455912
1013 J 0.546266 0.057274 0.003705 0.264424 3.103160 0.547107
1014 A 0.571680 0.060062 0.001403 0.276506 3.151394 0.575374
1015 J 0.599645 0.048558 0.002782 0.229027 2.639968 0.581234
1016 B 0.595467 0.046763 0.016827 0.221973 7.072873 0.574934
1017 J 0.574404 0.040510 0.000643 0.226224 2.762711 0.556175
1018 J 0.559846 0.038572 0.021925 0.251044 2.938361 0.552657
1019 D 0.595423 0.038019 0.000359 0.226573 3.747086 0.575708
1020 J 0.600579 0.060434 0.018478 0.218469 2.662219 0.579697
1021 J 0.574433 0.031430 0.002925 0.210449 2.753868 0.550083
1022 I 0.629621 0.051754 0.022162 0.226079 5.882891 0.608845
1023 J 0.549228 0.029206 0.022778 0.250820 3.057095 0.542425
1024 J 0.584330 0.035603 0.023897 0.219439 2.701180 0.563147
1025 J 0.613673 0.021383 0.002256 0.208593 2.637811 0.586012
1026 J 0.640824 0.063757 0.003378 0.205732 2.911078 0.613560
1027 J 0.621540 0.052542 0.001061 0.238084 2.716324 0.605151
1028 F 0.645449 0.035335 0.018949 0.204202 7.233876 0.615667
1029 J 0.612683 0.022463 0.001777 0.248138 2.640295 0.598908
1030 J 0.622198 0.072034 0.000427 0.276145 2.745435 0.622026
1031 J 0.649835 0.050059 0.004702 0.254835 3.016789 0.637324
1032 J 0.606909 0.034246 0.012549 0.282269 2.650745 0.607831
1033 C 0.633389 0.059872 0.001610 0.280693 4.361518 0.632883
1034 J 0.619535 0.073180 0.003551 0.269871 2.729174 0.617222
1035 J 0.660390 0.043272 0.017725 0.254534 3.151434 0.646788
1036 J 0.607485 0.033468 0.000063 0.248347 2.632510 0.594641
1037 H 0.642822 0.074522 0.001989 0.258657 7.250083 0.634408
1038 G 0.606433 0.059622 0.002374 0.243024 5.700938 0.593535
1039 J 0.629559 0.048352 0.018741 0.265762 2.800822 0.622820
1040 J 0.602829 0.075597 0.000555 0.240973 2.663413 0.591094
1041 J 0.608407 0.504125 0.000884 0.285581 2.959308 0.777654
1042 J 0.632859 0.035457 0.001575 0.272263 2.807582 0.627353
1043 E 0.667057 0.048618 0.000399 0.244992 5.024871 0.649786
1044 J 0.603935 0.032531 0.026264 0.240445 2.648747 0.588883
1045 A 0.576045 0.030115 0.024151 0.228072 3.142571 0.558253
1046 J 0.597377 0.056925 0.023345 0.228880 2.668269 0.580174
1047 J 0.626090 0.024407 0.022530 0.249619 2.748200 0.612334
1048 J 0.645143 0.034092 0.000175 0.228205 2.935809 0.622664
1049 B 0.707300 0.074515 0.024540 0.248312 6.577575 0.691216
1050 J 0.582719 0.019811 0.024548 0.225424 2.698901 0.563098
1051 J 0.615964 0.049097 0.633902 0.265486 3.066233 0.861695
1052 D 0.599891 0.018258 0.025359 0.211305 3.761748 0.574285
1053 J 0.564198 0.049721 0.022702 0.236271 2.896664 0.551610
1054 I 0.623941 0.022288 0.001203 0.215023 5.879305 0.597830
1055 J 0.651377 0.035931 0.278938 0.250074 3.227188 0.689781
1056 J 0.590743 0.075896 0.407943 0.198925 2.947263 0.686317
1057 J 0.608819 0.020287 0.320425 0.222641 2.858891 0.660903
1058 J 0.585805 0.045672 0.028729 0.236567 2.708072 0.571569
1059 J 0.627690 0.018036 0.021051 0.271175 2.759402 0.621824
1060 J 0.563685 0.065522 0.704514 0.212136 3.297213 0.866680
1061 J 0.603678 0.020523 0.031009 0.199362 2.636020 0.574332
1062 F 0.653820 0.461740 0.034995 0.291851 7.038690 0.790193
1063 J 0.626009 0.056938 0.032079 0.200665 2.777102 0.598125
1064 J 0.667033 0.041087 0.032474 0.228726 3.233894 0.644600
1065 J 0.639848 0.031315 0.001074 0.242926 2.873784 0.622628
1066 C 0.609776 0.070797 0.035404 0.202915 4.271174 0.585009
1067 J 0.607752 0.020192 0.019135 0.248306 2.638511 0.594609
1068 J 0.639452 0.021362 0.039875 0.273967 2.901847 0.634639
1069 H 0.619549 0.018937 0.035369 0.259503 7.292286 0.610398
1070 J 0.598606 0.034605 0.000165 0.254224 2.630146 0.588773
1071 J 0.686060 0.018178 0.019969 0.255334 3.367751 0.670032
1072 G 0.576358 0.037456 0.015265 0.288402 5.802029 0.583256
1073 J 0.597695 0.021378 0.000786 0.261364 2.620873 0.590193
1074 J 0.545736 0.017417 0.515343 0.294366 3.421589 0.743949
1075 J 0.760809 0.017903 0.021169 0.262656 2.827784 0.742849
1076 E 0.574271 0.000470 0.037690 0.200548 5.037075 0.546949
1077 J 0.587097 0.019457 0.019328 0.222716 2.666653 0.566020
1078 A 0.623001 0.037717 0.001345 0.268932 3.088457 0.617116
1079 J 0.643641 0.020862 0.000921 0.199117 2.901901 0.611560
1080 J 0.599794 0.035306 0.040577 0.220270 2.660307 0.578721
1081 J 0.562844 0.408091 0.020122 0.246066 3.155250 0.675257
1082 J 0.619137 0.000549 0.000218 0.199884 2.644312 0.588103
1083 B 0.660857 0.018107 0.000382 0.197639 6.902848 0.627516
1084 J 0.637825 0.000605 0.017710 0.218418 2.833480 0.611919
1085 J 0.670648 0.037222 0.001049 0.198352 3.236010 0.637856
1086 I 0.627509 0.018511 0.000610 0.232232 5.876938 0.606860
1087 J 0.642580 0.808317 0.000811 0.199233 3.349197 0.989156
1088 J 0.619125 0.037111 0.027255 0.280953 2.718208 0.618947
1089 D 0.621897 0.017370 0.022187 0.218766 3.627291 0.597354
1090 J 0.656951 0.017565 0.039820 0.257575 3.107379 0.644482
1091 J 0.610211 0.048064 0.000404 0.191310 2.645453 0.578801
1092 J 0.639240 0.000667 0.018693 0.235079 2.853075 0.618852
1093 F 0.691964 0.000057 0.039113 0.208981 7.324445 0.661390
1094 J 0.595241 0.036523 0.021796 0.241069 2.655381 0.581111
1095 J 0.615202 0.019906 0.000366 0.191681 2.639872 0.582179
1096 J 0.579737 0.052581 0.038433 0.216464 2.760347 0.559749
1097 J 0.607164 0.036171 0.019700 0.188566 2.643715 0.574604
1098 J 0.584432 0.055394 0.037005 0.183372 2.724708 0.553636
1099 C 0.602807 0.031926 0.021670 0.189386 4.221540 0.570534
1100 J 0.632643 0.018931 0.041964 0.188938 2.813673 0.599357
1101 J 0.564480 0.065662 0.000166 0.192418 2.881679 0.537478
1102 H 0.649036 0.430919 0.036161 0.173109 7.147601 0.736383
1103 J 0.613094 0.039725 0.019768 0.208942 2.668416 0.586738
1104 J 0.586810 0.022840 0.021021 0.170538 2.666812 0.549376
1105 J 0.547884 0.045532 0.000047 0.193781 3.058810 0.520425
1106 G 0.624750 0.023034 0.578401 0.216613 6.248715 0.816313
1107 J 0.600772 0.019719 0.044301 0.174063 2.643960 0.564857
1108 J 0.571443 0.058329 0.044233 0.195458 2.840419 0.545866
1109 J 0.670385 0.077443 0.023462 0.223736 3.291776 0.648852
1110 E 0.590283 0.018404 0.020330 0.172939 4.999474 0.553206
1111 J 0.617879 0.037067 0.043260 0.212575 2.711855 0.593402
1112 J 0.642569 0.019028 0.041955 0.267316 2.936543 0.634978
1113 J 0.599006 0.000213 0.000363 0.191093 2.587215 0.566249
1114 A 0.526513 0.000084 0.022486 0.248094 3.507815 0.519971
1115 J 0.571775 0.014261 0.001484 0.213981 2.761712 0.548172
1116 J 0.548240 0.014682 0.000277 0.167217 3.023084 0.510863
1117 J 0.722495 0.015666 0.023570 0.229313 3.301470 0.696041
1118 I 0.575226 0.000136 0.019187 0.196584 5.908605 0.545692
1119 B 0.590722 0.000951 0.042750 0.186836 7.067993 0.558539
1120 D 0.559077 0.033672 0.020479 0.291020 4.009939 0.569016
1121 J 0.626764 0.019757 0.039415 0.227357 2.761296 0.605683
1122 J 0.603664 0.049341 0.000215 0.254576 2.642789 0.594504
1123 J 0.586612 0.061435 0.001694 0.277882 2.701803 0.589504
1124 J 0.614681 0.058940 0.345383 0.259961 2.924229 0.691274
1125 J 0.393751 0.082380 0.000368 0.303114 2.836381 0.441190
1126 J 0.635876 0.048522 0.020195 0.250205 2.863605 0.622849
1127 J 0.658811 0.047752 0.000672 0.259843 3.122269 0.647311
1128 J 0.596694 0.070645 0.018598 0.238883 2.678796 0.584373
1129 F 0.574284 0.036539 0.016655 0.280290 7.147584 0.577795
1130 J 0.610762 0.035968 0.000930 0.233324 2.642337 0.592301
1131 J 0.626404 0.071114 0.001082 0.266328 2.776812 0.621876
1132 C 0.649695 0.054858 0.000477 0.239758 4.438211 0.632193
1133 J 0.615313 0.071510 0.020371 0.245368 2.712643 0.604091
1134 J 0.537319 0.050564 0.017624 0.224207 3.204288 0.522178
1135 J 0.589750 0.038071 0.017975 0.290940 2.682959 0.596457
1136 H 0.634950 0.051518 0.020250 0.266731 7.279768 0.628421
1137 J 0.559915 0.080097 0.000737 0.214410 2.949407 0.542391
1138 J 0.610660 0.032571 0.019722 0.248877 2.658838 0.598027
1139 G 0.582278 0.035471 0.002034 0.225242 5.764185 0.562836
1140 J 0.649146 0.055783 0.033423 0.212722 3.031486 0.623700
1141 J 0.673653 0.028919 0.034684 0.237810 3.294016 0.653322
1142 J 0.602747 0.032333 0.001826 0.270364 2.631308 0.598899
1143 J 0.622952 0.020727 0.998901 0.207055 3.227061 1.132981
1144 J 0.592633 0.021132 0.019352 0.292866 2.657910 0.599169
1145 E 0.560837 0.036528 0.000028 0.233414 5.077479 0.546067
1146 J 0.637229 0.018744 0.034969 0.277505 2.870810 0.633664
1147 J 0.578693 0.032203 0.018071 0.204856 2.731284 0.552493
1148 B 0.617777 0.537920 0.035916 0.264380 6.851461 0.799007
1149 J 0.596347 0.018510 0.017449 0.194208 2.625781 0.565189
1150 J 0.564527 0.018628 0.043010 0.187702 2.876931 0.534257
1151 A 0.548629 0.001650 0.036434 0.196716 3.313524 0.521470
1152 D 0.585215 0.000036 0.021015 0.175566 3.863598 0.548844
1153 J 0.591936 0.022299 0.034768 0.197620 2.658087 0.562918
1154 I 0.569501 0.017729 0.044048 0.210433 5.917230 0.546489
1155 J 0.541182 0.048580 0.024219 0.187159 3.160717 0.512698
1156 J 0.599353 0.018638 0.018199 0.172659 2.620018 0.561771
1157 J 0.609452 0.034899 0.045819 0.179091 2.670408 0.575326
1158 J 0.631270 0.017300 0.001129 0.634307 3.008977 0.832569
1159 J 0.600264 0.057565 0.047005 0.169908 2.678533 0.565758
1160 F 0.628003 0.000166 0.000642 0.165688 7.224369 0.586993
1161 J 0.657072 0.038023 0.021222 0.189298 3.100212 0.622682
1162 J 0.578308 0.018332 0.000131 0.164162 2.700439 0.538936
1163 J 0.601368 0.034053 0.030906 0.192994 2.646566 0.570749
1164 J 0.508701 0.017664 0.019429 0.171613 3.381023 0.475010
1165 J 0.612562 0.067191 0.000103 0.205906 2.672709 0.587226
1166 J 0.569680 0.001107 0.044780 0.169323 2.806052 0.533497
1167 C 0.636561 0.000559 0.000086 0.222298 4.346376 0.611760
1168 J 0.594532 0.050569 0.031552 0.191430 2.671093 0.564928
1169 J 0.615308 0.000106 0.048012 0.207924 2.668428 0.588761
1170 H 0.653380 0.034415 0.021801 0.173750 7.190593 0.614814
1171 J 0.556753 0.021186 0.019274 0.225433 2.952152 0.538844
1172 G 0.680906 0.048254 0.036378 0.183632 5.557166 0.645318
1173 J 0.580239 0.080198 0.046440 0.246001 2.790530 0.574510
1174 J 0.627013 0.018128 0.019021 0.207614 2.740579 0.598514
1175 J 0.603118 0.033148 0.047947 0.169480 2.658703 0.566684
1176 J 0.525030 0.062828 0.475387 0.193370 3.619622 0.674378
1177 E 0.805119 0.017853 0.000370 0.302927 4.979138 0.797907
1178 J 0.585147 0.043669 0.022143 0.272249 2.711372 0.584735
1179 A 0.621662 0.034174 0.033470 0.228172 3.097292 0.601439
1180 J 0.641355 0.018447 0.018567 0.166094 2.885871 0.600530
1181 J 0.602066 0.000265 0.043988 0.581903 2.817756 0.775969
1182 B 0.125353 0.000220 0.047841 0.251867 3.697287 0.222875
1183 J 0.569357 0.050429 0.000655 0.205306 2.817897 0.544839
1184 J 0.593626 0.081805 0.000019 0.342777 2.706708 0.627847
1185 J 0.617376 0.019867 0.020600 0.188075 2.670357 0.583522
1186 I 0.555531 0.034459 0.029969 0.224375 5.922189 0.538369
1187 D 0.653210 0.000333 0.047413 0.210803 3.503920 0.625519
1188 J 0.580809 0.063662 0.019621 0.162739 2.739845 0.544345
1189 J 0.626357 0.037256 0.018721 0.254286 2.759581 0.614791
1190 J 0.602892 0.019164 0.046825 0.188528 2.647251 0.571204
1191 J 0.635348 0.050567 0.029731 0.232110 2.864817 0.616458
1192 J 0.580425 0.019672 0.000214 0.164923 2.685348 0.541222
1193 F 0.538506 0.036655 0.018249 0.205171 7.111770 0.515220
1194 J 0.608587 0.017218 0.046361 0.274451 2.667936 0.606938
1195 J 0.560157 0.062299 0.536580 0.185125 3.261873 0.737404
1196 J 0.665885 0.017608 0.000382 0.222287 3.169340 0.639728
1197 J 0.596727 0.033591 0.035741 0.243725 2.662390 0.583945
1198 C 0.619109 0.000232 0.021054 0.165500 4.270811 0.578694
1199 J 0.645531 0.049653 0.050200 0.202127 2.994778 0.617611
1200 J 0.577095 0.080144 0.032132 0.238089 2.802709 0.567723
1201 J 0.603967 0.017200 0.742248 0.182942 3.047320 0.911909
1202 J 0.700076 0.032629 0.018428 0.219235 3.412578 0.672057
1203 H 0.635250 0.063735 0.000619 0.298522 7.290214 0.642284
1204 G 0.587027 0.017800 0.046842 0.194471 5.803203 0.557928
1205 J 0.619630 0.033613 0.000287 0.266314 2.690451 0.612774
1206 J 0.568180 0.049052 0.029741 0.215459 2.855960 0.547863
1207 J 0.598177 0.016498 0.018316 0.164023 2.618710 0.558247
1208 J 0.537961 0.000354 0.049684 0.168740 3.174613 0.503489
1209 E 0.586473 0.017161 0.374663 0.161400 5.130092 0.652110
1210 J 0.560136 0.000078 0.050493 0.159288 2.914276 0.522029
1211 J 0.551659 0.037232 0.030712 0.182187 3.032463 0.520466
1212 J 0.598124 0.000638 0.049805 0.160077 2.632873 0.558675
1213 J 0.570495 0.019483 0.051931 0.156436 2.819645 0.531649
1214 J 0.590864 0.014491 0.054669 0.163478 2.669618 0.553166
1215 J 0.577561 0.019230 0.048771 0.158782 2.751787 0.538779
1216 D 0.598566 0.015731 0.054050 0.176095 3.797245 0.563966
1217 A 0.614032 0.001752 0.598158 0.166867 3.626608 0.810814
1218 J 0.550917 0.016045 0.034882 0.159219 3.024154 0.512247
1219 J 0.629801 0.000178 0.052609 0.184074 2.777812 0.595756
1220 I 0.587785 0.038222 0.032924 0.154257 5.905003 0.547279
1221 J 0.606606 0.000934 0.052617 0.184186 2.640056 0.573633
1222 B 0.567736 0.000127 0.031460 0.176992 7.028004 0.533016
1223 J 0.533131 0.032758 0.031898 0.156409 3.237519 0.494979
1224 J 0.646543 0.017977 0.050015 0.193839 2.978845 0.614565
1225 J 0.627614 0.000462 0.021630 0.157961 2.726705 0.585049
1226 F 0.595125 0.033584 0.019644 0.190827 7.171081 0.563680
1227 J 0.612174 0.031938 0.054841 0.179654 2.685096 0.578640
1228 J 0.095175 0.639642 0.032671 0.196019 3.785252 0.614028
1229 J 0.571308 0.051403 0.017906 0.171820 2.810975 0.536564
1230 J 0.656501 0.615680 0.049539 0.157058 3.457377 0.852474
1231 J 0.586411 0.018273 0.031225 0.199865 2.677200 0.558090
1232 C 0.624150 0.000790 0.425154 0.177918 4.365162 0.713370
1233 J 0.601892 0.028544 0.020586 0.158107 2.629110 0.560806
1234 J 0.543944 0.065370 0.052727 0.164984 3.164909 0.512085
1235 J 0.558372 0.047074 0.056562 0.161869 2.981087 0.523500
1236 G 0.578991 0.031942 0.936816 0.144399 6.699573 1.048683
1237 H 0.595744 0.000104 0.039210 0.152415 7.191611 0.553681
1238 J 0.507988 0.052162 0.032429 0.155279 3.424161 0.472230
1239 J 0.572954 0.033606 0.053796 0.150827 2.809066 0.533359
1240 J 0.581543 0.017871 0.035687 0.173840 2.709291 0.545781
1241 J 0.601441 0.060794 0.018692 0.183608 2.658254 0.569551
1242 E 0.558260 0.078994 0.051475 0.202280 5.055324 0.538716
1243 J 0.600425 0.000870 0.021581 0.152036 2.604066 0.557252
1244 A 0.526788 0.000367 0.018646 0.174188 3.469999 0.492653
1245 J 0.593795 0.034829 0.019626 0.198294 2.649629 0.564805
1246 J 0.634595 0.000114 0.018632 0.153504 2.791811 0.590663
1247 J 0.613811 0.035864 0.020218 0.206135 2.668174 0.586307
1248 J 0.482862 0.018562 0.844069 0.178438 3.811234 0.926334
1249 J 0.574062 0.050216 0.034890 0.210686 2.802667 0.552053
1250 J 0.549758 0.680525 0.019451 0.156087 3.427048 0.826370
