1 A 0.076990 0.366425 0.862533 0.519731 4.312345 1.011874
2 A 0.226807 0.917486 0.494594 0.439730 5.646968 1.091280
3 A 0.391084 0.092413 0.067980 0.187412 4.837810 0.386089
4 A 0.425615 0.069396 0.469965 0.232138 4.965753 0.616263
5 A 0.435098 0.606599 0.744708 0.209198 4.602827 1.012501
6 A 0.477932 0.784807 0.644242 0.252057 3.956901 1.087684
7 A 0.521555 0.887868 0.240561 0.615286 3.626939 1.160927
8 A 0.540072 0.258555 0.055536 0.743545 3.753203 0.893781
9 A 0.661035 0.438443 0.102394 0.987760 4.540342 1.208465
10 A 0.679368 0.055737 0.963919 0.356038 4.414115 1.170606
11 A 0.741178 0.976588 0.887315 0.702793 6.149935 1.606126
12 A 0.849766 0.018097 0.952364 0.202970 5.904859 1.230026
13 A 0.975259 0.446208 0.641099 0.760231 5.366273 1.400097
14 B 0.023825 0.480743 0.854275 0.071353 3.655492 0.920637
15 B 0.081617 0.253316 0.036552 0.391312 3.518086 0.412149
16 B 0.096021 0.547338 0.902708 0.160023 4.014792 1.009548
17 B 0.119482 0.926199 0.256558 0.230206 3.246362 0.932958
18 B 0.141848 0.857968 0.678989 0.569579 4.260287 1.179143
19 B 0.188816 0.716371 0.948628 0.087823 4.531435 1.144334
20 B 0.208567 0.664579 0.385980 0.540656 4.450250 0.900026
21 B 0.244885 0.239848 0.480876 0.457450 4.904589 0.684493
22 B 0.262656 0.577950 0.169455 0.940279 5.572938 1.084607
23 B 0.326943 0.552241 0.083104 0.547360 5.414299 0.785068
24 B 0.330528 0.608152 0.050758 0.324125 5.091972 0.703484
25 B 0.398567 0.355054 0.665527 0.797156 7.093160 1.105106
26 B 0.481983 0.011478 0.270883 0.911296 7.822640 1.003463
27 B 0.484015 0.514865 0.433195 0.241050 6.603389 0.800703
28 B 0.507151 0.802616 0.323644 0.802451 7.408152 1.222049
29 B 0.514327 0.571471 0.992043 0.189876 7.521145 1.206875
30 B 0.554737 0.848113 0.722794 0.378973 7.296930 1.238684
31 B 0.563948 0.894116 0.135375 0.913243 7.740608 1.341003
32 B 0.582940 0.659756 0.752547 0.834359 8.284550 1.364937
33 B 0.601655 0.963266 0.735405 0.971660 8.388233 1.603277
34 B 0.628235 0.804027 0.188006 0.953167 7.888506 1.346405
35 B 0.643634 0.059590 0.298776 0.444386 7.333837 0.776882
36 B 0.664233 0.030637 0.556945 0.768070 8.039063 1.096061
37 B 0.681446 0.369528 0.695504 0.226291 7.106064 1.003264
38 B 0.696624 0.222742 0.337075 0.199172 6.669326 0.767071
39 B 0.796421 0.197603 0.311553 0.793932 6.354611 1.121023
40 B 0.820927 0.147046 0.500599 0.173309 5.237108 0.925518
41 B 0.864897 0.820666 0.458684 0.283880 4.264383 1.246132
42 B 0.994645 0.275676 0.160982 0.313405 3.082059 1.028121
43 C 0.033280 0.261142 0.741532 0.284421 6.319695 0.774201
44 C 0.044402 0.047732 0.807436 0.552198 6.431066 0.917870
45 C 0.134344 0.816040 0.252327 0.972307 6.317758 1.238661
46 C 0.147649 0.218164 0.943645 0.049476 5.755440 0.918474
47 C 0.159711 0.952926 0.167069 0.963824 6.174847 1.312434
48 C 0.183597 0.091276 0.445327 0.842427 5.826018 0.912199
49 C 0.290796 0.024560 0.274638 0.810942 4.981463 0.842054
50 C 0.295099 0.235258 0.604729 0.213297 4.967026 0.681558
51 C 0.353675 0.928028 0.842916 0.335392 5.140415 1.282609
52 C 0.376646 0.399364 0.463644 0.139396 4.549928 0.669450
53 C 0.386059 0.699143 0.774931 0.996321 5.367157 1.431158
54 C 0.410030 0.788973 0.654895 0.680010 4.995393 1.234382
55 C 0.445649 0.130894 0.152206 0.027064 4.127312 0.427026
56 C 0.457633 0.923477 0.284134 0.559747 4.656005 1.144266
57 C 0.490288 0.005092 0.824458 0.978423 4.811075 1.307701
58 C 0.578849 0.020624 0.523559 0.862834 4.582290 1.101153
59 C 0.595139 0.328543 0.919038 0.257381 4.574224 1.109254
60 C 0.684325 0.214794 0.616162 0.713290 5.145861 1.121930
61 C 0.707763 0.695907 0.415114 0.366528 5.237823 1.074107
62 C 0.710788 0.316746 0.764977 0.872546 5.581958 1.334666
63 C 0.721196 0.205619 0.965037 0.468018 5.374469 1.246217
64 C 0.763817 0.292684 0.588741 0.729843 5.662739 1.181834
65 C 0.854882 0.527425 0.587118 0.276557 6.038404 1.133406
66 C 0.874744 0.115717 0.626849 0.630036 6.158762 1.189878
67 C 0.879393 0.750952 0.366667 0.890170 6.428226 1.442195
68 C 0.955067 0.629970 0.701835 0.807848 6.842372 1.504091
69 C 0.985985 0.457704 0.724560 0.112741 6.306665 1.248743
70 D 0.025504 0.845321 0.245888 0.088906 3.387153 0.822703
71 D 0.059030 0.743604 0.223272 0.593864 3.641275 0.916763
72 D 0.093460 0.373137 0.358924 0.851715 4.513278 0.938605
73 D 0.228298 0.392671 0.670611 0.654920 4.472288 0.979109
74 D 0.309063 0.032229 0.023975 0.268289 4.152073 0.348733
75 D 0.323675 0.251164 0.201043 0.011283 4.140538 0.394002
76 D 0.340387 0.956090 0.195005 0.298009 3.511538 1.013050
77 D 0.374923 0.496701 0.381458 0.788294 4.720875 1.011835
78 D 0.423131 0.477780 0.239570 0.074972 4.182227 0.623304
79 D 0.451704 0.387551 0.198698 0.535615 4.376025 0.762483
80 D 0.524575 0.320201 0.638227 0.006721 4.505678 0.823551
81 D 0.587234 0.312297 0.534202 0.893296 4.759251 1.172702
82 D 0.658808 0.383159 0.681799 0.705194 4.072067 1.179670
83 D 0.694939 0.948109 0.569114 0.171469 2.935850 1.254748
84 D 0.717067 0.727703 0.127445 0.691001 3.017728 1.177444
85 D 0.732929 0.341101 0.056016 0.779123 3.485312 1.061646
86 D 0.791976 0.989280 0.024066 0.417481 2.627500 1.271955
87 D 0.801248 0.795804 0.780484 0.600435 3.780875 1.435826
88 D 0.826978 0.124717 0.550174 0.671952 4.502448 1.143178
89 D 0.831365 0.633917 0.506719 0.320624 3.715851 1.142731
90 D 0.858541 0.474276 0.635735 0.102994 4.213879 1.110870
91 D 0.888627 0.208696 0.068405 0.868353 4.845056 1.199216
92 D 0.904044 0.180339 0.319250 0.579684 4.803038 1.072301
93 D 0.911198 0.284262 0.714247 0.030906 4.961132 1.130056
94 D 0.924484 0.994488 0.212648 0.754808 4.287888 1.505502
95 D 0.950446 0.409677 0.798719 0.822843 5.766550 1.482235
96 D 0.968301 0.102787 0.005443 0.934086 5.630989 1.286841
97 D 0.983245 0.405076 0.830721 0.490710 5.511346 1.373380
98 E 0.005989 0.687027 0.015785 0.043095 5.429952 0.626084
99 E 0.029710 0.494314 0.029750 0.567807 5.786861 0.691502
100 E 0.060338 0.277277 0.484318 0.905911 6.212724 1.003221
101 E 0.086052 0.619716 0.180494 0.037535 5.391423 0.589757
102 E 0.089091 0.332422 0.597734 0.099452 5.557584 0.634363
103 E 0.124386 0.593605 0.850741 0.591422 6.609303 1.138075
104 E 0.163592 0.768560 0.838944 0.539893 6.694504 1.207445
105 E 0.175171 0.099310 0.621551 0.395843 5.776640 0.701414
106 E 0.192758 0.732693 0.073081 0.206618 5.623109 0.726186
107 E 0.214245 0.500322 0.175626 0.182855 5.414150 0.537920
108 E 0.256369 0.087376 0.137799 0.884535 5.878267 0.872781
109 E 0.277897 0.470501 0.408136 0.455035 5.782971 0.757396
110 E 0.317250 0.703463 0.944861 0.063930 6.308402 1.159121
111 E 0.349010 0.450919 0.871931 0.523194 6.407644 1.103318
112 E 0.496581 0.425093 0.611134 0.596358 6.012657 1.012872
113 E 0.501411 0.757382 0.179806 0.864405 6.224412 1.204215
114 E 0.519847 0.157551 0.117559 0.472298 5.375516 0.666848
115 E 0.558018 0.543016 0.614305 0.643912 6.123998 1.119974
116 E 0.588580 0.683435 0.098391 0.076960 5.296703 0.848057
117 E 0.623067 0.573084 0.449115 0.858441 6.150033 1.224070
118 E 0.669111 0.746034 0.911005 0.716030 6.764589 1.469462
119 E 0.689291 0.194064 0.401552 0.925274 5.885925 1.174495
120 E 0.703221 0.914925 0.229422 0.095298 5.508854 1.117891
121 E 0.746605 0.764055 0.883528 0.667075 6.628802 1.475944
122 E 0.841675 0.401002 0.394751 0.352275 5.303006 1.009482
123 E 0.881457 0.015311 0.717072 0.481060 5.607003 1.171523
124 E 0.920868 0.429032 0.262234 0.625109 5.438834 1.158808
125 E 0.937000 0.834419 0.929527 0.056296 6.009755 1.500003
126 F 0.036197 0.117603 0.844123 0.408863 7.286332 0.883467
127 F 0.123812 0.722038 0.778213 0.019016 6.654148 1.006446
128 F 0.139689 0.132183 0.769062 0.737260 7.501505 1.020086
129 F 0.148729 0.302172 0.603865 0.509594 7.157409 0.796434
130 F 0.201194 0.170598 0.738612 0.748020 7.469769 1.021319
131 F 0.275578 0.861421 0.784758 0.898363 7.283320 1.434461
132 F 0.371863 0.997991 0.498550 0.373728 6.717074 1.171393
133 F 0.380319 0.655912 0.455421 0.500736 6.932606 0.953869
134 F 0.407497 0.875913 0.104052 0.720664 6.679738 1.147236
135 F 0.438995 0.489297 0.972223 0.497039 7.295821 1.212017
136 F 0.441942 0.416822 0.971705 0.734709 7.564269 1.298772
137 F 0.539790 0.966983 0.709964 0.015028 6.654684 1.253063
138 F 0.613993 0.290986 0.800966 0.152911 7.183587 0.998909
139 F 0.616358 0.359917 0.354988 0.993201 7.382152 1.211039
140 F 0.624656 0.712619 0.283085 0.311926 6.952018 0.974542
141 F 0.637871 0.676757 0.305988 0.080187 6.923531 0.919812
142 F 0.645013 0.971370 0.564623 0.951036 7.298367 1.544631
143 F 0.651195 0.529875 0.149914 0.586021 7.078569 0.972254
144 F 0.758217 0.141132 0.999179 0.055253 7.412462 1.200917
145 F 0.781604 0.422013 0.251312 0.637212 7.419111 1.059194
146 F 0.794329 0.672244 0.142409 0.065872 7.166548 0.989873
147 F 0.844169 0.854414 0.833537 0.244696 7.362251 1.419830
148 F 0.898718 0.729833 0.650658 0.116611 7.394576 1.270655
149 F 0.940684 0.516368 0.351989 0.387760 7.631500 1.131559
150 F 0.961945 0.567101 0.582466 0.145343 7.586665 1.205306
151 F 0.977238 0.463848 0.876260 0.646366 8.141893 1.472352
152 F 0.990110 0.324928 0.399212 0.494035 7.859627 1.157884
153 G 0.010446 0.911465 0.988635 0.828886 7.112829 1.517161
154 G 0.013077 0.888048 0.011233 0.318342 5.612534 0.881040
155 G 0.051748 0.937061 0.211172 0.919759 6.571666 1.268406
156 G 0.064202 0.670923 0.541466 0.506101 6.398315 0.939290
157 G 0.165526 0.167783 0.044195 0.854842 6.724981 0.825339
158 G 0.168335 0.826558 0.892923 0.341049 6.660821 1.212318
159 G 0.243363 0.075140 0.513742 0.662049 6.931054 0.813349
160 G 0.255889 0.584325 0.510776 0.581621 6.580366 0.940541
161 G 0.268030 0.557439 0.330561 0.111380 6.217449 0.647608
162 G 0.286901 0.898962 0.815912 0.727259 6.911972 1.381475
163 G 0.306852 0.838755 0.017089 0.151162 5.755627 0.843485
164 G 0.361730 0.508151 0.579297 0.020830 6.446175 0.789019
165 G 0.366871 0.521699 0.327269 0.220863 6.193795 0.687600
166 G 0.394364 0.048148 0.234446 0.658782 6.586169 0.741738
167 G 0.475717 0.799936 0.927479 0.397365 6.568074 1.310206
168 G 0.548883 0.637628 0.088315 0.218846 5.620188 0.811304
169 G 0.574055 0.843302 0.372413 0.818756 6.286167 1.297555
170 G 0.596740 0.043289 0.956247 0.421592 6.745620 1.141709
171 G 0.635946 0.067325 0.630331 0.766796 6.692959 1.118285
172 G 0.673479 0.753338 0.662344 0.826700 6.407079 1.401475
173 G 0.768697 0.191707 0.472939 0.697334 6.052175 1.094043
174 G 0.774051 0.738097 0.043595 0.362891 5.046719 1.067779
175 G 0.779259 0.083384 0.914260 0.677511 6.496770 1.319198
176 G 0.785957 0.148801 0.226709 0.002331 5.451338 0.768928
177 G 0.813107 0.076463 0.758590 0.878956 6.643412 1.357011
178 G 0.818604 0.906190 0.109359 0.844093 5.491068 1.426038
179 G 0.892817 0.621859 0.906483 0.965423 6.607564 1.651438
180 G 0.916641 0.880236 0.429471 0.275987 5.094020 1.307048
181 G 0.959994 0.201370 0.547595 0.775957 5.961308 1.302823
182 H 0.000358 0.763194 0.525249 0.982887 8.508076 1.288210
183 H 0.055226 0.108772 0.002217 0.123327 7.124220 0.110981
184 H 0.068421 0.624365 0.426409 0.135915 7.552905 0.708740
185 H 0.104139 0.362432 0.388457 0.485382 7.865517 0.664615
186 H 0.109204 0.603876 0.489886 0.369260 7.844605 0.805217
187 H 0.130121 0.782080 0.077636 0.780300 7.835497 1.052613
188 H 0.187995 0.563102 0.159063 0.348015 7.483735 0.643787
189 H 0.206620 0.829579 0.674025 0.610974 8.247204 1.185896
190 H 0.233786 0.689106 0.407136 0.044182 7.415796 0.772506
191 H 0.237387 0.711668 0.859146 0.424565 8.246460 1.154550
192 H 0.332149 0.982804 0.984574 0.574903 8.487498 1.478969
193 H 0.415669 0.306145 0.938796 0.295920 8.206657 1.048992
194 H 0.462126 0.815833 0.706303 0.837095 8.460265 1.379282
195 H 0.466395 0.441508 0.691344 0.525207 8.171146 1.017431
196 H 0.492018 0.902395 0.822556 0.266863 7.991519 1.280710
197 H 0.511673 0.002567 0.891290 0.900591 8.791591 1.303983
198 H 0.567812 0.942492 0.378069 0.429512 7.689578 1.177709
199 H 0.606008 0.706083 0.145396 0.709444 7.760489 1.116589
200 H 0.609911 0.946803 0.560375 0.649193 8.082237 1.353092
201 H 0.655449 0.242218 0.934650 0.880425 8.780068 1.399349
202 H 0.724347 0.161478 0.749924 0.432940 8.157072 1.077928
203 H 0.836854 0.650197 0.817843 0.127678 7.825543 1.282211
204 H 0.869018 0.039144 0.334828 0.990301 8.317628 1.297474
205 H 0.885847 0.535618 0.897927 0.449345 8.242651 1.379650
206 H 0.903092 0.390663 0.538836 0.476753 7.937796 1.156446
207 H 0.929517 0.377172 0.288328 0.931345 8.142369 1.336356
208 H 0.997264 0.644996 0.553707 0.605166 8.017041 1.380890
209 I 0.017774 0.583540 0.686055 0.616851 6.763709 1.029292
210 I 0.041372 0.347570 0.976821 0.288189 6.402278 1.014416
211 I 0.112340 0.105829 0.436309 0.785867 6.353372 0.849516
212 I 0.199380 0.176439 0.595185 0.414989 6.274163 0.710380
213 I 0.218850 0.139265 0.730511 0.956984 6.713241 1.169066
214 I 0.220568 0.932740 0.363520 0.623512 7.091299 1.137320
215 I 0.280793 0.986869 0.443752 0.239337 7.069046 1.080720
216 I 0.297896 0.591597 0.920065 0.305184 6.617557 1.111546
217 I 0.302310 0.175101 0.872544 0.460718 6.418842 0.984230
218 I 0.312637 0.484087 0.371799 0.192797 6.290743 0.649881
219 I 0.336766 0.662140 0.575012 0.032287 6.437899 0.877459
220 I 0.347034 0.507254 0.061363 0.440720 6.263453 0.696274
221 I 0.359696 0.435420 0.656249 0.403264 6.430963 0.892621
222 I 0.419931 0.868392 0.519449 0.692834 7.076971 1.233761
223 I 0.428009 0.454240 0.418588 0.345797 6.311877 0.764735
224 I 0.534203 0.061751 0.464253 0.921162 6.355242 1.100796
225 I 0.547140 0.264039 0.342177 0.563610 6.180674 0.834060
226 I 0.729634 0.228820 0.094621 0.814722 5.935232 1.058861
227 I 0.749594 0.599058 0.206849 0.550917 6.262232 1.063136
228 I 0.755049 0.350827 0.982233 0.336039 6.237922 1.268245
229 I 0.765706 0.550323 0.422391 0.758678 6.398845 1.219361
230 I 0.805536 0.308814 0.314370 0.129375 5.874686 0.864766
231 I 0.810899 0.227613 0.479752 0.250448 5.905354 0.938625
232 I 0.832317 0.152507 0.760496 0.466913 6.090050 1.167286
233 I 0.860520 0.538479 0.866348 0.303366 6.234175 1.306091
234 I 0.912651 0.245335 0.789454 0.939745 6.421986 1.486525
235 I 0.935062 0.867174 0.265529 0.407926 6.451525 1.302506
236 I 0.964745 0.877547 0.809945 0.634612 6.835129 1.598694
237 J 0.072117 0.810119 0.699644 0.515762 4.137902 1.127881
238 J 0.101209 0.298701 0.300023 0.179856 3.752778 0.408486
239 J 0.152146 0.184712 0.084432 0.140278 3.363353 0.227454
240 J 0.177440 0.336114 0.279310 0.947107 4.233668 0.995556
241 J 0.248640 0.612995 0.793380 0.331358 3.799020 1.022320
242 J 0.264092 0.464627 0.529368 0.166712 3.758483 0.707984
243 J 0.401021 0.775682 0.346521 0.158741 3.312793 0.890272
244 J 0.453357 0.120655 0.121185 0.673525 3.555009 0.767206
245 J 0.469852 0.280706 0.292702 0.686637 3.916575 0.863081
246 J 0.529974 0.779428 0.131992 0.380825 3.777726 0.962600
247 J 0.571432 0.641402 0.034178 0.261972 3.185202 0.836237
248 J 0.715889 0.415383 0.185995 0.105639 3.697837 0.792365
249 J 0.739583 0.270249 0.219404 0.745447 3.817259 1.043776
250 J 0.945640 0.972769 0.114566 0.529457 3.659616 1.398310
251 A 0.093423 0.787910 0.121916 0.184988 3.808903 0.761280
252 J 0.692646 0.967631 0.050745 0.328629 3.933254 1.173072
253 J 0.705705 0.968171 0.182041 0.101909 3.944782 1.153600
254 J 0.037679 0.787208 0.028483 0.156643 3.707332 0.741530
255 A 0.079088 0.784606 0.028957 0.090174 3.540172 0.731749
256 A 0.037535 0.959913 0.032786 0.172316 3.334962 0.914030
257 A 0.025505 0.947956 0.037265 0.153437 3.240068 0.898854
258 A 0.032588 0.940556 0.032977 0.170310 3.284911 0.894474
259 A 0.024896 0.948251 0.025151 0.160957 3.226572 0.899966
260 A 0.042436 0.949966 0.033831 0.160088 3.363892 0.902388
261 A 0.026757 0.958914 0.027832 0.157887 3.246626 0.910092
262 A 0.028708 0.952835 0.039204 0.165233 3.269938 0.905775
263 A 0.027961 0.947830 0.036055 0.171439 3.260817 0.901790
264 A 0.025244 0.954185 0.038219 0.167053 3.247261 0.907280
265 A 0.028799 0.949212 0.039023 0.206740 3.283630 0.910175
266 A 0.026422 0.954881 0.035518 0.205362 3.266958 0.915217
267 A 0.030409 0.950558 0.038047 0.206375 3.294432 0.911422
268 A 0.029747 0.947123 0.036997 0.204538 3.285925 0.907619
269 A 0.023199 0.951835 0.044271 0.205468 3.253266 0.912541
270 A 0.026951 0.950934 0.052353 0.206044 3.285263 0.912281
271 A 0.021324 0.951116 0.058553 0.201191 3.253890 0.911658
272 A 0.027572 0.951087 0.043572 0.215031 3.284501 0.913954
273 A 0.026877 0.950933 0.062625 0.201811 3.293319 0.911997
274 A 0.024359 0.926685 0.066263 0.200956 3.266834 0.888348
275 A 0.023077 0.924408 0.061896 0.207193 3.256028 0.887144
276 A 0.022188 0.924198 0.063672 0.204270 3.251218 0.886402
277 A 0.021601 0.919222 0.057565 0.202073 3.238235 0.880677
278 A 0.007571 0.921659 0.063725 0.218597 3.182462 0.886898
279 A 0.007269 0.916648 0.059925 0.232609 3.181899 0.885126
280 A 0.002554 0.923542 0.067021 0.236604 3.175067 0.893225
281 A 0.002085 0.920826 0.074768 0.232806 3.178509 0.890240
282 A 0.010113 0.922175 0.067716 0.229212 3.202431 0.890198
283 A 0.008150 0.920682 0.074394 0.235398 3.202834 0.890741
284 A 0.003498 0.921113 0.073232 0.232659 3.182085 0.890367
285 A 0.005308 0.924414 0.074556 0.232116 3.191181 0.893536
286 A 0.002354 0.919439 0.071490 0.236958 3.177696 0.889673
287 A 0.000913 0.919702 0.078185 0.237814 3.179910 0.890664
288 A 0.004618 0.919130 0.086654 0.237540 3.201344 0.890786
289 A 0.000334 0.912433 0.081837 0.234313 3.177895 0.883087
290 A 0.005134 0.912967 0.086544 0.232388 3.198703 0.883560
291 A 0.000866 0.911278 0.083925 0.231348 3.179995 0.881424
292 A 0.006091 0.888680 0.085911 0.234499 3.194615 0.860625
293 A 0.003468 0.901000 0.092728 0.234353 3.195900 0.873093
294 A 0.002335 0.901632 0.097593 0.240522 3.200026 0.875754
295 A 0.002867 0.898437 0.089529 0.237300 3.191259 0.871055
296 A 0.002019 0.897661 0.085507 0.235253 3.183232 0.869410
297 A 0.000155 0.900181 0.087786 0.240498 3.182823 0.873380
298 A 0.002584 0.895446 0.092504 0.235256 3.191440 0.867948
299 A 0.005472 0.897775 0.095326 0.258349 3.216464 0.876575
300 A 0.001188 0.899148 0.082021 0.236782 3.178218 0.870914
301 A 0.001328 0.887484 0.095746 0.248368 3.194786 0.864044
302 A 0.000037 0.892129 0.106573 0.272494 3.215530 0.876385
303 A 0.001100 0.894462 0.090427 0.253938 3.193464 0.871698
304 A 0.000854 0.884605 0.085711 0.256608 3.186713 0.862552
305 A 0.055131 0.885388 0.109066 0.255473 3.537630 0.867076
306 A 0.000812 0.862398 0.082677 0.259262 3.179335 0.841813
307 A 0.002404 0.860960 0.079019 0.261357 3.180891 0.840722
308 A 0.051185 0.859161 0.080161 0.270480 3.463629 0.843239
309 A 0.000710 0.874943 0.077962 0.257706 3.176624 0.852933
310 B 0.001051 0.854055 0.127467 0.261657 2.821812 0.839787
311 B 0.059524 0.846952 0.134410 0.285664 3.021938 0.843337
312 B 0.054006 0.850654 0.131117 0.288855 3.002684 0.846982
313 B 0.050923 0.850762 0.128303 0.267421 2.968997 0.839922
314 B 0.059569 0.865638 0.134571 0.279036 3.005873 0.858830
315 B 0.061841 0.848304 0.138223 0.276758 3.021629 0.842566
316 B 0.056332 0.852267 0.158642 0.287108 3.016292 0.852448
317 B 0.065328 0.856167 0.162309 0.281913 3.043504 0.855709
318 B 0.077582 0.850238 0.150543 0.291349 3.101883 0.852088
319 B 0.073038 0.848718 0.147171 0.286857 3.078164 0.848325
320 B 0.066426 0.841252 0.159139 0.292308 3.065205 0.844631
321 B 0.068135 0.849153 0.154001 0.288531 3.062253 0.850007
322 B 0.071483 0.844845 0.164162 0.291555 3.084140 0.848996
323 B 0.085587 0.839813 0.159761 0.295576 3.148813 0.846070
324 B 0.081738 0.833199 0.164393 0.302083 3.144056 0.842586
325 B 0.083508 0.826776 0.153810 0.294549 3.143276 0.832457
326 B 0.075647 0.837054 0.158287 0.285235 3.096333 0.839051
327 B 0.072739 0.834748 0.157741 0.289875 3.090374 0.838058
328 B 0.079248 0.833217 0.163544 0.292011 3.122184 0.838915
329 B 0.080848 0.834428 0.164024 0.286816 3.122971 0.838596
330 B 0.078038 0.837965 0.164272 0.295898 3.119168 0.844592
331 B 0.081432 0.832202 0.154830 0.292502 3.129725 0.836789
332 B 0.071911 0.818369 0.166054 0.288424 3.096373 0.823876
333 B 0.071346 0.817328 0.141379 0.287437 3.085991 0.818252
334 B 0.067514 0.803632 0.137004 0.313551 3.105263 0.813552
335 B 0.064950 0.813488 0.130145 0.312326 3.087195 0.820940
336 B 0.058981 0.809025 0.134724 0.319616 3.076635 0.819716
337 B 0.064594 0.803667 0.135304 0.312855 3.092717 0.812850
338 B 0.062614 0.808972 0.135255 0.321850 3.092913 0.820811
339 B 0.060379 0.813223 0.134868 0.324881 3.085880 0.825596
340 B 0.112490 0.810785 0.125694 0.312312 3.300349 0.822578
341 B 0.066522 0.807384 0.133471 0.322566 3.108988 0.819632
342 B 0.055390 0.815023 0.193482 0.324153 3.085212 0.837412
343 B 0.056430 0.852496 0.191934 0.325109 3.070732 0.871560
344 B 0.053851 0.853938 0.186736 0.324247 3.057835 0.871372
345 B 0.052388 0.854466 0.197600 0.336417 3.071106 0.878286
346 B 0.103025 0.854875 0.205093 0.357772 3.311975 0.892220
347 B 0.053621 0.857962 0.187504 0.340753 3.075064 0.881027
348 B 0.052275 0.858318 0.185255 0.340078 3.068506 0.880589
349 B 0.048515 0.856590 0.189859 0.332493 3.049002 0.877020
350 B 0.049304 0.864251 0.188442 0.339432 3.055694 0.886228
351 B 0.050456 0.856407 0.183085 0.346863 3.070696 0.880799
352 B 0.053024 0.858452 0.182897 0.351726 3.084585 0.884555
353 B 0.047854 0.855741 0.192424 0.343217 3.061178 0.880584
354 B 0.050672 0.867419 0.196813 0.345497 3.069459 0.893056
355 B 0.049889 0.867996 0.193981 0.342463 3.061644 0.891867
356 B 0.044324 0.866043 0.191503 0.368945 3.076459 0.899160
357 B 0.100801 0.870068 0.196918 0.377848 3.316342 0.911525
358 B 0.050709 0.865010 0.217916 0.347234 3.081694 0.896078
359 B 0.044215 0.862691 0.187162 0.365189 3.071273 0.893839
360 B 0.049145 0.872793 0.231644 0.339820 3.069505 0.903585
361 B 0.045480 0.873846 0.237207 0.360500 3.085084 0.913155
362 B 0.044946 0.850805 0.211569 0.340681 3.058586 0.879155
363 B 0.098711 0.850543 0.213445 0.350018 3.287124 0.886836
364 B 0.047203 0.872039 0.242635 0.338291 3.066672 0.904968
365 B 0.045447 0.871954 0.181856 0.339071 3.036014 0.891654
366 B 0.117116 0.875717 0.213123 0.341570 3.356105 0.908421
367 B 0.093943 0.871750 0.256204 0.378851 3.311347 0.926410
368 B 0.045080 0.877023 0.238912 0.340039 3.057452 0.909049
369 D 0.042981 0.877448 0.246728 0.336839 3.377477 0.910175
370 B 0.044182 0.838582 0.240315 0.379812 3.125076 0.889960
371 B 0.096004 0.880333 0.227748 0.310076 3.218237 0.903015
372 B 0.043345 0.845833 0.181643 0.392850 3.111493 0.888624
373 B 0.043042 0.875402 0.211435 0.333781 3.031652 0.898903
374 B 0.124197 0.840265 0.208417 0.273174 3.333018 0.853759
375 B 0.093263 0.880880 0.175533 0.358220 3.242044 0.908984
376 D 0.044290 0.853251 0.177925 0.309857 3.323049 0.863603
377 B 0.041607 0.827764 0.211118 0.326960 3.042583 0.853141
378 B 0.063346 0.825834 0.118918 0.326342 3.088364 0.835640
379 B 0.034522 0.828846 0.217473 0.309879 3.002969 0.849364
380 B 0.040145 0.995165 0.210204 0.272721 2.894189 0.991316
381 B 0.037624 0.999101 0.213556 0.272535 2.885556 0.995564
382 B 0.034136 0.988870 0.217321 0.274113 2.883243 0.986973
383 D 0.036515 0.825704 0.220336 0.309106 3.400525 0.847014
384 B 0.038829 0.992969 0.203281 0.269197 2.884722 0.986921
385 B 0.034913 0.994528 0.218449 0.277320 2.886541 0.993403
386 B 0.034413 0.990917 0.259778 0.264394 2.893551 0.996032
387 B 0.031588 0.986249 0.265551 0.272880 2.899011 0.995171
388 B 0.035546 0.996812 0.267155 0.271150 2.904677 1.005111
389 D 0.032341 0.991854 0.274225 0.267592 3.281714 1.001279
390 B 0.027684 0.996072 0.225152 0.273685 2.863807 0.995103
391 B 0.026969 0.998218 0.257580 0.271887 2.874539 1.004007
392 B 0.030635 0.988666 0.266578 0.272762 2.895435 0.997624
393 B 0.028351 0.991256 0.263297 0.264106 2.877141 0.996966
394 B 0.029623 0.997106 0.267243 0.271352 2.887205 1.005277
395 D 0.030881 0.994207 0.265916 0.263508 3.271464 1.000303
396 B 0.027814 0.999053 0.266840 0.269351 2.878811 1.006441
397 B 0.027712 0.992537 0.258358 0.266702 2.874675 0.997583
398 B 0.024743 0.996614 0.259808 0.267477 2.865842 1.001876
399 B 0.023693 0.998343 0.266496 0.270087 2.868228 1.005778
400 B 0.026017 0.996200 0.261806 0.267118 2.870277 1.001918
401 B 0.025518 0.995582 0.281830 0.267702 2.880659 1.006578
402 B 0.028172 0.998582 0.269181 0.264782 2.876765 1.005454
403 B 0.023215 0.999695 0.290528 0.262588 2.872173 1.011412
404 B 0.023553 0.999887 0.291080 0.262666 2.873398 1.011767
405 B 0.022518 0.999527 0.291668 0.261014 2.869484 1.011167
406 B 0.023034 0.997661 0.297646 0.260386 2.874729 1.010930
407 B 0.021804 0.980000 0.297270 0.259207 2.878861 0.994114
408 B 0.023569 0.999578 0.302013 0.254589 2.872247 1.012553
409 B 0.022859 0.999526 0.293648 0.254910 2.865663 1.010245
410 B 0.022889 0.976590 0.291323 0.249739 2.870948 0.987019
411 B 0.024268 0.975024 0.302281 0.255041 2.887035 0.989964
412 B 0.021383 0.975738 0.299599 0.257488 2.879588 0.990392
413 B 0.020932 0.975555 0.320852 0.249484 2.884036 0.994540
414 B 0.018341 0.973864 0.311720 0.251997 2.874656 0.990790
415 B 0.017964 0.974960 0.328717 0.247724 2.879996 0.995938
416 B 0.019528 0.973313 0.308609 0.250569 2.874754 0.989043
417 B 0.020166 0.975036 0.291426 0.248512 2.863332 0.985254
418 B 0.020439 0.971430 0.299475 0.260110 2.881695 0.986994
419 B 0.019441 0.970973 0.287203 0.249888 2.862301 0.980618
420 B 0.018839 0.971751 0.311713 0.220468 2.848796 0.981735
421 B 0.023826 0.973843 0.302895 0.218491 2.854018 0.980775
422 B 0.020090 0.969819 0.317290 0.220114 2.856257 0.981567
423 B 0.023128 0.969803 0.316987 0.226975 2.870068 0.982991
424 B 0.019697 0.976060 0.318244 0.215507 2.848873 0.986692
425 B 0.022263 0.969873 0.316321 0.218672 2.860216 0.981064
426 B 0.014212 0.969478 0.316246 0.221068 2.841474 0.981038
427 B 0.017558 0.968616 0.321124 0.187964 2.827512 0.975275
428 B 0.013334 0.966357 0.323655 0.217078 2.842258 0.979565
429 B 0.017788 0.969966 0.343307 0.190029 2.843675 0.983980
430 B 0.020664 0.966267 0.332318 0.189318 2.845120 0.976911
431 B 0.017145 0.966071 0.334156 0.184073 2.833461 0.976311
432 B 0.014677 0.968030 0.343472 0.179248 2.829139 0.980285
433 B 0.015965 0.967058 0.342324 0.187562 2.837988 0.980487
434 B 0.014967 0.966065 0.347899 0.185230 2.838132 0.980980
435 B 0.015679 0.963361 0.347738 0.183579 2.839989 0.978141
436 B 0.014109 0.964477 0.347130 0.187330 2.837757 0.979616
437 B 0.000701 0.963155 0.348166 0.181281 2.803701 0.977572
438 B 0.010684 0.961338 0.349054 0.183189 2.829318 0.976577
439 B 0.010967 0.962239 0.347753 0.180277 2.826592 0.976469
440 B 0.001689 0.961318 0.347973 0.183862 2.808448 0.976261
441 B 0.009151 0.960304 0.356095 0.182399 2.830586 0.977856
442 B 0.003297 0.962217 0.354586 0.183640 2.816021 0.979291
443 B 0.004155 0.939975 0.350061 0.189518 2.830107 0.958298
444 B 0.002193 0.958939 0.345921 0.180008 2.806601 0.972697
445 B 0.002956 0.942315 0.353703 0.186014 2.826288 0.961059
446 B 0.000817 0.936885 0.354632 0.183861 2.823454 0.955990
447 B 0.002381 0.940256 0.353872 0.186228 2.826328 0.959260
448 B 0.000965 0.933956 0.355167 0.183039 2.825033 0.953335
449 B 0.001831 0.935342 0.356276 0.184581 2.828106 0.955277
450 C 0.003571 0.940334 0.356499 0.184435 6.535666 0.959923
451 B 0.005775 0.935467 0.375136 0.181831 2.848685 0.961669
452 B 0.000186 0.938209 0.361503 0.179442 2.823248 0.958833
453 B 0.001771 0.936075 0.360183 0.137525 2.800875 0.949866
454 B 0.000259 0.939484 0.359108 0.144832 2.799175 0.953652
455 B 0.000999 0.934901 0.390145 0.135347 2.821101 0.959543
456 B 0.001605 0.932050 0.391217 0.140431 2.827430 0.958035
457 B 0.000244 0.941784 0.389912 0.140678 2.818742 0.966470
458 B 0.001666 0.938893 0.390786 0.139255 2.823160 0.963964
459 B 0.000471 0.941968 0.391824 0.134688 2.817395 0.966563
460 B 0.005755 0.936132 0.394687 0.124996 2.829309 0.961110
461 B 0.006055 0.946373 0.390082 0.134629 2.826178 0.969947
462 B 0.001899 0.937164 0.391504 0.133106 2.821804 0.961840
463 B 0.001115 0.937300 0.392409 0.127142 2.817691 0.961552
464 B 0.001880 0.934159 0.385663 0.141335 2.823159 0.957975
465 B 0.001195 0.934443 0.388527 0.140417 2.823239 0.959192
466 B 0.007196 0.931341 0.385436 0.144234 2.837973 0.955740
467 B 0.001319 0.935277 0.410230 0.134634 2.837304 0.967626
468 B 0.001128 0.942460 0.375660 0.113322 2.795723 0.958379
469 B 0.001165 0.941243 0.381491 0.112544 2.800478 0.959332
470 B 0.006581 0.937255 0.389156 0.115794 2.821937 0.958940
471 B 0.000843 0.935425 0.383928 0.112797 2.804670 0.954920
472 B 0.009323 0.913870 0.374989 0.114418 2.828579 0.931961
473 B 0.001059 0.936265 0.406465 0.086713 2.812225 0.961866
474 C 0.000991 0.934497 0.408246 0.082366 6.500855 0.960600
475 B 0.004205 0.907705 0.381766 0.108538 2.822405 0.928193
476 B 0.000736 0.911084 0.416904 0.107891 2.840880 0.945232
477 B 0.000515 0.928779 0.373789 0.092281 2.791278 0.942917
478 B 0.001843 0.908934 0.374718 0.095310 2.805898 0.925256
479 D 0.003566 0.910760 0.379286 0.090070 3.468027 0.928190
480 B 0.002491 0.917731 0.436379 0.068158 2.844116 0.955983
481 B 0.001095 0.929910 0.396393 0.112479 2.817557 0.954610
482 B 0.000293 0.904932 0.398785 0.116269 2.831933 0.933216
483 B 0.039403 0.922668 0.379519 0.095387 2.902580 0.940497
484 B 0.000188 0.911894 0.427865 0.120635 2.854306 0.951981
485 B 0.001251 0.943998 0.405668 0.106812 2.815833 0.970509
486 B 0.042223 0.941161 0.413058 0.102362 2.931624 0.971261
487 B 0.035810 0.907685 0.402835 0.073645 2.909877 0.933931
488 B 0.000774 0.947273 0.376722 0.123661 2.798183 0.964407
489 B 0.001091 0.923157 0.452146 0.111828 2.867945 0.971503
490 B 0.000251 0.947580 0.374711 0.084542 2.779285 0.959979
491 B 0.037805 0.945740 0.374389 0.054493 2.869995 0.956808
492 B 0.035444 0.905298 0.424345 0.091437 2.933583 0.942114
493 B 0.037667 0.951670 0.406359 0.072645 2.896160 0.975526
494 D 0.036135 0.951833 0.373874 0.119801 3.400478 0.967755
495 B 0.023314 0.920800 0.371112 0.085750 2.846502 0.934241
496 B 0.001701 0.951205 0.404150 0.105809 2.811557 0.976407
497 B 0.000836 0.946249 0.439477 0.127162 2.851779 0.988546
498 B 0.035042 0.949943 0.407439 0.095501 2.897483 0.976128
499 B 0.001339 0.950245 0.399022 0.047399 2.789354 0.969213
500 B 0.000514 0.925113 0.425990 0.038898 2.820922 0.956723
501 C 0.022599 0.951518 0.414190 0.049509 6.486201 0.976683
502 B 0.000204 0.924354 0.460462 0.032180 2.850241 0.970694
503 B 0.000611 0.951848 0.427518 0.072229 2.816450 0.983446
504 B 0.037011 0.956667 0.427978 0.056490 2.905513 0.987708
505 D 0.000407 0.951595 0.441762 0.078018 3.490515 0.989533
506 B 0.019736 0.923604 0.370580 0.064588 2.828787 0.934964
507 B 0.036176 0.897860 0.405191 0.038357 2.909936 0.923964
508 B 0.023268 0.954574 0.424877 0.097356 2.876502 0.987144
509 B 0.022233 0.922903 0.369068 0.151190 2.871554 0.943141
510 B 0.000793 0.952866 0.399904 0.012174 2.783375 0.970953
511 B 0.040301 0.954443 0.406552 0.022958 2.893714 0.975960
512 B 0.021818 0.949840 0.468510 0.009755 2.895246 0.996872
513 B 0.000679 0.903318 0.371457 0.050919 2.790843 0.915537
514 B 0.036730 0.897421 0.372985 0.074377 2.894886 0.912878
515 B 0.022401 0.953090 0.370815 0.092951 2.830211 0.964644
516 B 0.000143 0.910079 0.401572 0.060485 2.811716 0.934076
517 B 0.000065 0.903470 0.402958 0.054740 2.814649 0.928273
518 D 0.043384 0.909650 0.410211 0.055003 3.470292 0.937822
519 B 0.019793 0.897076 0.449554 0.069818 2.908370 0.943537
520 B 0.021445 0.902123 0.365397 0.040232 2.835161 0.911881
521 B 0.042592 0.924454 0.404724 0.078353 2.925746 0.950599
522 B 0.000280 0.912453 0.427507 0.022393 2.826023 0.945386
523 B 0.021375 0.960488 0.369443 0.006231 2.805609 0.966831
524 B 0.023435 0.952485 0.364934 0.018901 2.812506 0.957947
525 B 0.051425 0.960840 0.376064 0.017594 2.903131 0.970743
526 C 0.022652 0.957596 0.370701 0.014790 6.474169 0.964700
527 B 0.039112 0.961398 0.366181 0.008266 2.854375 0.967050
528 B 0.022255 0.955539 0.364589 0.000637 2.806808 0.960474
529 B 0.054274 0.977585 0.342805 0.033472 2.882456 0.975408
530 B 0.023722 0.923510 0.362672 0.047480 2.829921 0.931089
531 B 0.039973 0.900859 0.336569 0.003223 2.866429 0.900015
532 B 0.021423 0.958766 0.367895 0.000426 2.805380 0.964651
533 D 0.058913 0.927753 0.368155 0.008789 3.392708 0.937406
534 B 0.036624 0.953372 0.332131 0.000379 2.826745 0.947733
535 B 0.026002 0.896284 0.384459 0.031488 2.863596 0.913615
536 B 0.059541 0.917491 0.405616 0.046222 2.980569 0.943480
537 B 0.022279 0.972066 0.372639 0.056896 2.811007 0.980335
538 B 0.042442 0.966571 0.363887 0.055863 2.866807 0.972678
539 E 0.064205 0.975876 0.380715 0.000807 5.812715 0.986976
540 B 0.021486 0.977231 0.335877 0.026295 2.775165 0.971399
541 B 0.040049 0.976905 0.335187 0.028092 2.829276 0.971466
542 B 0.025178 0.975318 0.333454 0.026706 2.784610 0.968899
543 B 0.051329 0.977240 0.332574 0.037573 2.865983 0.971739
544 B 0.025386 0.977213 0.336755 0.057465 2.791621 0.973017
545 B 0.068256 0.981643 0.334101 0.000651 2.924460 0.976685
546 B 0.038780 0.977503 0.338179 0.054692 2.831396 0.974019
547 D 0.024285 0.959875 0.352012 0.025068 3.378975 0.960482
548 B 0.057928 0.978061 0.361878 0.063671 2.914632 0.983907
549 B 0.026858 0.978714 0.333697 0.038262 2.789274 0.972594
550 B 0.069577 0.982055 0.330797 0.027355 2.928753 0.976464
551 B 0.043982 0.977959 0.346741 0.042423 2.851295 0.976907
552 B 0.030730 0.957615 0.360516 0.000876 2.826626 0.961191
553 B 0.023359 0.975866 0.331320 0.040385 2.779748 0.969131
554 C 0.077207 0.978044 0.324383 0.037304 6.385750 0.971496
555 B 0.043770 0.974261 0.333698 0.023761 2.841108 0.968528
556 B 0.062592 0.959281 0.341845 0.045361 2.923218 0.958800
557 B 0.023865 0.974219 0.364484 0.078396 2.814025 0.980892
558 B 0.053743 0.980739 0.326206 0.017623 2.866278 0.972613
559 B 0.024361 0.958766 0.380421 0.057150 2.829254 0.970850
560 B 0.036460 0.941870 0.351818 0.041915 2.848967 0.944466
561 D 0.021961 0.983228 0.373161 0.022739 3.378489 0.989634
562 B 0.050477 0.957501 0.320084 0.082708 2.875571 0.951724
563 B 0.023254 0.936392 0.351170 0.066979 2.818438 0.940085
564 B 0.039342 0.959646 0.377839 0.002552 2.864523 0.969603
565 B 0.083074 0.979554 0.337166 0.034127 2.990960 0.977343
566 E 0.020925 0.938057 0.361540 0.089052 5.850789 0.946970
567 B 0.020843 0.980722 0.324134 0.060293 2.769824 0.972366
568 B 0.058962 0.983247 0.320712 0.032955 2.881799 0.973933
569 B 0.036935 0.949766 0.339593 0.020564 2.835364 0.947037
570 B 0.017856 0.958564 0.354077 0.000535 2.786116 0.959525
571 B 0.064512 0.932196 0.315519 0.011136 2.922871 0.923821
572 F 0.021248 0.982458 0.383538 0.000347 6.508904 0.992382
573 B 0.046419 0.957414 0.350588 0.047296 2.873165 0.959237
574 B 0.023746 0.933613 0.326346 0.071015 2.805462 0.929338
575 B 0.079735 0.928638 0.329459 0.068362 3.003994 0.928431
576 B 0.043325 0.937942 0.321425 0.081600 2.861925 0.933283
577 B 0.017769 0.982027 0.313710 0.101022 2.767509 0.973508
578 D 0.065063 0.982299 0.309305 0.095755 3.272817 0.973832
579 B 0.023092 0.981504 0.313643 0.064526 2.769850 0.970176
580 B 0.040551 0.983148 0.314988 0.067201 2.822047 0.972854
581 B 0.047464 0.987741 0.308478 0.048381 2.833953 0.974508
582 C 0.079405 0.998528 0.331933 0.067615 6.399809 0.994910
583 B 0.024671 0.966472 0.331260 0.104814 2.806597 0.964824
584 B 0.053963 0.999342 0.352644 0.028020 2.876649 0.998980
585 B 0.022320 0.981470 0.315207 0.082744 2.774096 0.971900
586 B 0.036362 0.983230 0.305162 0.083425 2.807694 0.971012
587 B 0.021774 0.976430 0.310837 0.114436 2.784782 0.968812
588 B 0.061289 0.976199 0.295492 0.112924 2.901563 0.965502
589 B 0.021147 0.981029 0.310170 0.113871 2.780133 0.972892
590 B 0.039164 0.975495 0.284170 0.104357 2.815679 0.959639
591 J 0.024052 0.998600 0.287725 0.119622 3.857809 0.983863
592 D 0.058710 0.999774 0.326900 0.090554 3.280413 0.994883
593 B 0.020991 0.974860 0.306349 0.125131 2.785754 0.967209
594 B 0.089151 0.977613 0.310929 0.152705 3.045484 0.978495
595 E 0.050754 0.981231 0.303261 0.121506 5.886564 0.972933
596 B 0.040928 0.999220 0.302463 0.083046 2.812213 0.985592
597 B 0.020246 0.977963 0.311372 0.152372 2.800156 0.975282
598 B 0.082084 0.984586 0.287133 0.153930 2.997452 0.977830
599 B 0.073694 0.981146 0.305922 0.099441 2.948069 0.972659
600 F 0.054275 0.964115 0.315986 0.056417 6.535783 0.955092
601 B 0.035256 0.983094 0.329452 0.126748 2.837804 0.982641
602 B 0.021267 0.962181 0.289115 0.089110 2.767313 0.946347
603 B 0.061577 0.968573 0.280340 0.083159 2.886166 0.951123
604 B 0.038778 0.959378 0.284288 0.064417 2.809214 0.940934
605 B 0.020903 0.981636 0.307749 0.099233 2.771514 0.971233
606 B 0.068284 0.983526 0.305806 0.044743 2.909521 0.970701
607 B 0.048906 0.996541 0.281379 0.094449 2.831527 0.978452
608 B 0.023990 0.997943 0.315044 0.071788 2.766936 0.986724
609 D 0.087517 0.998700 0.307756 0.063894 3.226293 0.988146
610 B 0.035359 0.980793 0.320054 0.076718 2.813026 0.972645
611 B 0.056954 0.962888 0.293932 0.052917 2.871626 0.947249
612 B 0.023163 0.998741 0.319697 0.094339 2.774670 0.990650
613 B 0.068861 0.998226 0.275255 0.081432 2.895903 0.978458
614 B 0.036894 0.982715 0.322045 0.048179 2.810944 0.973417
615 C 0.055241 0.998647 0.297820 0.093862 6.467644 0.985285
616 B 0.096651 0.980741 0.334738 0.067842 3.056825 0.980499
617 B 0.024847 0.967640 0.283457 0.042480 2.758870 0.947004
618 B 0.063418 0.997791 0.276120 0.038142 2.865265 0.975433
619 B 0.038431 0.999537 0.294586 0.043278 2.789470 0.981150
620 B 0.075589 0.980656 0.291413 0.031959 2.929768 0.963825
621 J 0.045209 0.984139 0.304802 0.050039 3.868684 0.969964
622 B 0.043333 0.996806 0.279007 0.031352 2.795740 0.973998
623 E 0.072408 0.964780 0.307754 0.057851 5.807877 0.954409
624 B 0.036651 0.998267 0.296901 0.066735 2.791106 0.981763
625 D 0.089413 0.995656 0.278123 0.073826 3.197491 0.977754
626 B 0.058197 0.968516 0.285736 0.034399 2.865349 0.949547
627 B 0.037169 0.984324 0.300866 0.025396 2.794448 0.967762
628 G 0.036556 0.960674 0.281044 0.065816 5.837266 0.941267
629 B 0.115336 0.997262 0.256376 0.048031 3.090228 0.974741
630 F 0.053861 0.968161 0.319155 0.085227 6.543133 0.961882
631 B 0.022595 0.999196 0.245299 0.073005 2.723777 0.969200
632 B 0.076068 0.996342 0.244070 0.023458 2.897605 0.966385
633 B 0.056324 0.998569 0.247402 0.053134 2.826371 0.969170
634 B 0.025552 0.999965 0.282943 0.071534 2.750974 0.979497
635 B 0.024092 0.999934 0.274121 0.035836 2.734396 0.975226
636 B 0.025799 0.998831 0.253562 0.024339 2.727444 0.968623
637 B 0.062733 0.998762 0.289920 0.025999 2.868442 0.979705
638 B 0.023713 0.975405 0.252610 0.024207 2.732895 0.945654
639 B 0.099957 0.979531 0.250165 0.029435 3.016189 0.953828
640 B 0.075821 0.999112 0.249608 0.079807 2.909534 0.973186
641 D 0.053177 0.975212 0.267041 0.019295 3.250777 0.950194
642 B 0.031818 0.977292 0.272244 0.014268 2.764528 0.952602
643 B 0.024378 0.976698 0.235441 0.021636 2.725461 0.942704
644 B 0.051132 0.999984 0.255132 0.020086 2.806403 0.970979
645 B 0.083105 0.972176 0.249579 0.073139 2.951733 0.947288
646 B 0.035239 0.977345 0.239304 0.096240 2.775920 0.948922
647 H 0.071341 0.978308 0.241458 0.021721 7.247789 0.947921
648 C 0.042199 0.999179 0.235615 0.097741 6.487674 0.969589
649 B 0.052921 0.979174 0.268258 0.061416 2.836629 0.955988
650 B 0.032138 0.966608 0.241731 0.039729 2.757878 0.935186
651 B 0.096084 0.968006 0.229225 0.034787 2.994264 0.937511
652 J 0.066405 0.964531 0.237552 0.044094 3.900669 0.934046
653 B 0.035425 0.981982 0.262626 0.016037 2.767950 0.954738
654 B 0.047274 0.984143 0.240070 0.022215 2.793900 0.951846
655 B 0.037985 0.961101 0.266573 0.014823 2.788278 0.935718
656 E 0.670347 0.998478 0.250024 0.061734 5.591189 1.167397
657 G 0.065489 0.998878 0.258327 0.045751 5.822856 0.972330
658 B 0.087568 0.999053 0.267663 0.076404 2.968196 0.978295
659 D 0.036289 0.963311 0.231193 0.016680 3.244459 0.928970
660 B 0.056977 0.980460 0.274292 0.040140 2.849390 0.957988
661 B 0.027381 0.959016 0.233471 0.058408 2.747641 0.926632
662 F 0.056339 0.979368 0.230110 0.066074 6.525536 0.947278
663 B 0.071266 0.960665 0.248261 0.083126 2.910652 0.935749
664 B 0.035670 0.999398 0.271464 0.094341 2.781916 0.978011
665 B 0.109814 0.977300 0.235259 0.057652 3.063500 0.950340
666 B 0.035546 0.960975 0.250537 0.083840 2.786111 0.934763
667 B 0.076735 0.999483 0.275901 0.044844 2.918268 0.978166
668 B 0.050056 0.980539 0.257046 0.069684 2.822280 0.954796
669 B 0.023260 0.959412 0.276012 0.099904 2.770717 0.941081
670 B 0.032071 0.955595 0.236419 0.056068 2.763773 0.924023
671 B 0.053964 0.960990 0.219896 0.096091 2.836637 0.929469
672 B 0.092217 0.950913 0.227820 0.066989 2.990809 0.921944
673 B 0.041149 0.954899 0.241698 0.086889 2.803309 0.927193
674 B 0.070968 0.951968 0.257462 0.055937 2.910936 0.927801
675 D 0.029492 0.978592 0.229290 0.074136 3.233749 0.945757
676 B 0.050075 0.960980 0.273574 0.047746 2.835761 0.939055
677 B 0.031934 0.983504 0.276864 0.099278 2.783510 0.964539
678 B 0.023606 0.949077 0.237955 0.032519 2.739520 0.916778
679 C 0.068754 0.998773 0.233540 0.021336 6.412503 0.965737
680 B 0.053675 0.962755 0.250639 0.026162 2.832187 0.934135
681 B 0.079417 0.980330 0.220617 0.033122 2.909799 0.946025
682 B 0.502173 0.952825 0.248667 0.045042 6.269797 1.043808
683 B 0.038172 0.980243 0.261013 0.002525 2.775927 0.952620
684 J 0.025364 0.965394 0.278893 0.057790 3.843076 0.944351
685 H 0.056687 0.999552 0.227041 0.036801 7.251348 0.964738
686 B 0.131046 0.949690 0.264938 0.015257 3.199581 0.932240
687 E 0.093819 0.977908 0.245066 0.064362 5.791075 0.952047
688 B 0.027193 0.999598 0.278094 0.040344 2.746087 0.976201
689 B 0.023280 0.997867 0.280349 0.039048 2.737141 0.974997
690 G 0.046811 0.987537 0.278246 0.041935 5.830770 0.965411
691 B 0.025827 0.999744 0.280255 0.052280 2.745589 0.977419
692 D 0.060990 0.997665 0.270220 0.050701 3.222528 0.974150
693 B 0.026489 0.965915 0.281175 0.021556 2.760345 0.944087
694 F 0.043917 0.962910 0.262463 0.001563 6.518961 0.936507
695 B 0.075044 0.947508 0.280571 0.021924 2.936818 0.928764
696 B 0.024170 0.961516 0.251214 0.018289 2.739889 0.931754
697 I 0.041951 0.945294 0.253344 0.017056 6.897864 0.917201
698 B 0.064520 0.963914 0.210239 0.019154 2.852176 0.926369
699 B 0.022855 0.945620 0.227129 0.034119 2.734381 0.910881
700 B 0.043430 0.946097 0.221393 0.003284 2.790638 0.910131
701 B 0.085926 0.982622 0.232252 0.040810 2.943129 0.951668
702 B 0.021766 0.943846 0.241594 0.000823 2.736782 0.912019
703 B 0.058374 0.937555 0.208257 0.002500 2.840848 0.899682
704 B 0.022160 0.941303 0.236519 0.001410 2.736691 0.908317
705 B 0.038334 0.932554 0.235737 0.002901 2.787726 0.900156
706 B 0.024084 0.954747 0.208599 0.000154 2.722772 0.915066
707 B 0.020677 0.934270 0.217840 0.020704 2.728600 0.897277
708 D 0.021918 0.935669 0.204181 0.002743 3.257088 0.895443
709 B 0.061336 0.930177 0.206072 0.021452 2.855476 0.892443
710 C 0.045967 0.920737 0.233065 0.027310 6.425313 0.888780
711 B 0.025222 0.941936 0.244939 0.018058 2.749454 0.911256
712 B 0.103542 0.921800 0.221935 0.002144 3.047344 0.891280
713 H 0.074638 0.941699 0.207287 0.000715 7.192505 0.904628
714 B 0.045069 0.923829 0.222714 0.023517 2.808810 0.889154
715 B 0.018777 0.942185 0.244663 0.000183 2.731187 0.911114
716 B 0.025661 0.921986 0.244731 0.019388 2.760648 0.891956
717 J 0.021292 0.924791 0.201119 0.027065 3.812858 0.884534
718 B 0.588502 0.915298 0.237775 0.000934 6.595482 1.051341
719 B 0.055251 0.940414 0.217878 0.030133 2.834044 0.904873
720 E 0.020036 0.918919 0.244789 0.001576 5.673458 0.888677
721 B 0.039030 0.929686 0.245312 0.022948 2.796978 0.900071
722 G 0.020888 0.942294 0.219874 0.035033 5.769605 0.905966
723 B 0.066040 0.945584 0.198479 0.018743 2.862341 0.906125
724 B 0.042950 0.909748 0.235111 0.038039 2.816384 0.878887
725 B 0.854455 0.945943 0.220820 0.001223 4.047428 1.231202
726 B 0.020337 0.917899 0.248470 0.021588 2.750241 0.888896
727 F 0.018476 0.913192 0.254619 0.017530 6.547868 0.885866
728 I 0.019088 0.919353 0.250518 0.032878 6.853443 0.891132
729 B 0.019771 0.932104 0.250707 0.001531 2.741832 0.902936
730 D 0.045958 0.892915 0.207386 0.001411 3.281341 0.855334
731 B 0.020831 0.941050 0.253598 0.000959 2.741624 0.912345
732 B 0.017765 0.890925 0.229145 0.000557 2.746836 0.857593
733 B 0.017676 0.887477 0.221106 0.001056 2.744714 0.852277
734 B 0.441895 0.889836 0.194721 0.002539 5.824860 0.949924
735 B 0.015921 0.883114 0.217698 0.002286 2.740916 0.847194
736 B 0.016424 0.889339 0.198093 0.000590 2.730920 0.848782
737 B 0.016623 0.886253 0.176904 0.000388 2.725026 0.841390
738 B 0.020112 0.895908 0.195854 0.000370 2.736331 0.854786
739 B 0.012512 0.883949 0.176343 0.007396 2.715801 0.838984
740 B 0.019727 0.868859 0.179682 0.007603 2.742881 0.824996
741 B 0.018490 0.887985 0.170100 0.009043 2.726777 0.841865
742 C 0.637583 0.883249 0.175717 0.002011 4.792927 1.040914
743 D 0.015638 0.877355 0.182324 0.000242 3.297730 0.833736
744 B 0.014723 0.884309 0.193946 0.000926 2.727510 0.842947
745 H 0.014337 0.883963 0.175498 0.013213 7.185917 0.838927
746 B 0.012801 0.894420 0.172192 0.000496 2.709719 0.848435
747 B 0.014544 0.886188 0.167601 0.001002 2.716597 0.839516
748 B 0.014889 0.896338 0.158954 0.000246 2.709563 0.847945
749 B 0.016733 0.882370 0.177237 0.016253 2.727895 0.837797
750 J 0.044917 0.884225 0.167485 0.021207 3.796869 0.838817
751 B 0.013409 0.895910 0.154853 0.020618 2.705652 0.847027
752 B 0.794333 0.890059 0.149588 0.000650 4.987477 1.139808
753 B 0.382064 0.889228 0.164556 0.019894 5.271577 0.919424
754 G 0.009472 0.878292 0.169031 0.024519 5.739366 0.832296
755 E 0.001233 0.892516 0.180671 0.022894 5.641423 0.848407
756 B 0.000161 0.899522 0.156574 0.017727 2.673614 0.850719
757 B 0.478343 0.873768 0.148173 0.001493 6.104822 0.944595
758 B 0.000703 0.867961 0.149573 0.018130 2.688442 0.818442
759 B 0.002312 0.884805 0.145109 0.017434 2.682153 0.834297
760 F 0.000600 0.884459 0.155106 0.021091 6.561042 0.835704
761 I 0.004327 0.871993 0.171135 0.020288 6.763844 0.826370
762 B 0.003586 0.896444 0.154347 0.020746 2.682168 0.847378
763 D 0.000925 0.892243 0.121742 0.023553 3.229218 0.838319
764 B 0.001860 0.896033 0.142632 0.033028 2.676410 0.845417
765 B 0.001080 0.866440 0.115469 0.034908 2.682757 0.812297
766 B 0.002353 0.869288 0.110272 0.028942 2.682173 0.814235
767 B 0.000292 0.866390 0.114305 0.023952 2.679528 0.811726
768 B 0.000198 0.864707 0.108588 0.023690 2.678869 0.809321
769 B 0.001011 0.866627 0.142335 0.033755 2.689283 0.816387
770 B 0.000371 0.865084 0.149197 0.035681 2.690944 0.816081
771 B 0.001709 0.867210 0.110378 0.036081 2.682755 0.812452
772 B 0.005882 0.842446 0.111254 0.031389 2.704006 0.787861
773 B 0.001344 0.836082 0.106241 0.037493 2.696835 0.781139
774 B 0.007375 0.829696 0.106797 0.040475 2.714148 0.775052
775 C 0.001522 0.841589 0.107877 0.043409 6.425431 0.787086
776 B 0.000095 0.825688 0.122711 0.047039 2.704725 0.773581
777 H 0.000112 0.824954 0.117049 0.045192 7.162220 0.771941
778 B 0.002171 0.792724 0.116469 0.041431 2.723215 0.739808
779 D 0.001358 0.796497 0.109976 0.042804 3.313119 0.742694
780 B 0.002016 0.832121 0.110133 0.043654 2.702120 0.778014
781 B 0.000905 0.783225 0.109460 0.043329 2.723951 0.729524
782 B 0.002890 0.821396 0.115737 0.041652 2.710328 0.768060
783 B 0.001992 0.825822 0.131735 0.041544 2.710084 0.774796
784 B 0.000636 0.828448 0.134079 0.046505 2.707324 0.778015
785 J 0.000054 0.814953 0.110132 0.048939 3.869903 0.761316
786 B 0.000596 0.834461 0.135191 0.049941 2.705193 0.784315
787 B 0.001467 0.823073 0.134792 0.052127 2.713105 0.773166
788 G 0.007602 0.767031 0.134485 0.056622 5.758751 0.718324
789 E 0.000803 0.812195 0.130440 0.051222 5.574849 0.761696
790 B 0.007000 0.829848 0.144936 0.047868 2.724109 0.781297
791 B 0.001043 0.836101 0.123449 0.051723 2.702660 0.784247
792 B 0.007520 0.841507 0.100425 0.046944 2.708387 0.786310
793 F 0.001259 0.843235 0.099337 0.039237 6.582280 0.787473
794 B 0.004261 0.801575 0.128618 0.053567 2.728699 0.751104
795 I 0.003045 0.846513 0.142809 0.036990 6.721866 0.796776
796 B 0.008506 0.855389 0.099866 0.059168 2.706227 0.800771
797 B 0.001774 0.846968 0.102508 0.057272 2.695289 0.792571
798 D 0.002516 0.849054 0.000002 0.061304 3.150338 0.788767
799 B 0.004154 0.856916 0.099443 0.057756 2.695065 0.802108
800 B 0.002666 0.853019 0.096763 0.063851 2.694660 0.798365
801 B 0.002886 0.860489 0.096935 0.066729 2.692191 0.806004
802 B 0.000689 0.861469 0.094760 0.061354 2.685125 0.806334
803 B 0.000769 0.858818 0.099816 0.065485 2.688649 0.804576
804 B 0.001129 0.858432 0.097493 0.064718 2.688963 0.803872
805 B 0.005203 0.858962 0.095397 0.072850 2.699542 0.804824
806 B 0.000005 0.860818 0.091308 0.072398 2.686282 0.806169
807 B 0.001983 0.860637 0.067705 0.070706 2.686411 0.803689
808 B 0.005323 0.861411 0.060527 0.069827 2.692296 0.803870
809 B 0.000440 0.864838 0.060113 0.077606 2.682034 0.807891
810 B 0.001966 0.861747 0.050377 0.076826 2.685568 0.804133
811 C 0.321626 0.860079 0.055974 0.076402 4.999313 0.860619
812 H 0.000570 0.861734 0.058305 0.073884 7.132080 0.804359
813 B 0.001962 0.864367 0.068783 0.074521 2.685749 0.807798
814 D 0.002601 0.865879 0.010149 0.071661 3.143766 0.806403
815 B 0.001988 0.863058 0.072403 0.081157 2.689026 0.807386
816 J 0.002660 0.861650 0.073382 0.063204 3.829357 0.804580
817 B 0.000168 0.866895 0.053586 0.084526 2.681908 0.810153
818 B 0.551620 0.867642 0.055919 0.084407 6.503513 0.970621
819 B 0.002383 0.867960 0.025122 0.076271 2.681299 0.809170
820 B 0.031621 0.868493 0.027207 0.079781 2.757254 0.810647
821 B 0.001793 0.866200 0.016514 0.085480 2.683490 0.808066
822 G 0.001032 0.868787 0.016576 0.093745 5.584038 0.811488
823 B 0.034040 0.866490 0.046230 0.081726 2.767472 0.809727
824 E 0.691005 0.867888 0.026654 0.105515 5.428941 1.052202
825 B 0.017571 0.871023 0.005899 0.083775 2.717801 0.812739
826 F 0.001204 0.856413 0.070998 0.079535 6.577440 0.800525
827 B 0.001507 0.846917 0.042610 0.109235 2.703215 0.792496
828 B 0.019142 0.869664 0.073722 0.082140 2.727425 0.814349
829 B 0.037269 0.845242 0.048827 0.070265 2.784721 0.787879
830 I 0.000186 0.868512 0.075668 0.089224 6.761064 0.813856
831 B 0.000758 0.806774 0.012156 0.069847 2.706008 0.747383
832 B 0.035978 0.840645 0.044655 0.101002 2.793111 0.786131
833 D 0.020268 0.873168 0.025859 0.071492 3.142800 0.814205
834 B 0.406231 0.873055 0.079283 0.065894 5.493471 0.905940
835 B 0.033296 0.845467 0.057458 0.102909 2.784674 0.791792
836 B 0.018407 0.875213 0.069700 0.085121 2.723146 0.819793
837 B 0.033692 0.813233 0.001563 0.065906 2.786275 0.754097
838 B 0.877881 0.850571 0.050466 0.110555 3.713926 1.165879
839 B 0.016474 0.874790 0.080170 0.061954 2.713171 0.818292
840 C 0.020337 0.846217 0.021546 0.087329 6.416837 0.788727
841 B 0.037598 0.832178 0.087979 0.062823 2.795655 0.777513
842 B 0.000049 0.862220 0.048631 0.081356 2.682440 0.804914
843 H 0.000147 0.812789 0.038357 0.117378 7.155709 0.759616
844 B 0.036288 0.877140 0.062853 0.094509 2.775253 0.822697
845 B 0.000086 0.852769 0.046688 0.086057 2.688623 0.795870
846 D 0.000163 0.844799 0.023170 0.117164 3.179929 0.790699
847 B 0.519229 0.792630 0.050176 0.094815 6.402693 0.891109
848 B 0.019956 0.829007 0.040351 0.102952 2.753725 0.774088
849 J 0.000463 0.857508 0.066058 0.083746 3.855654 0.801616
850 B 0.616067 0.880444 0.085966 0.120414 6.582612 1.022217
851 B 0.000584 0.849187 0.030021 0.089555 2.691423 0.791924
852 B 0.985742 0.890399 0.059340 0.076292 2.596783 1.269356
853 G 0.963200 0.882373 0.001452 0.077909 4.606082 1.246090
854 E 0.774783 0.900981 0.050504 0.106602 5.403310 1.131640
855 B 0.975133 0.899423 0.026840 0.064590 2.627473 1.265935
856 B 0.972362 0.898913 0.019261 0.061279 2.640292 1.263267
857 B 0.989678 0.900330 0.018368 0.059329 2.573443 1.276871
858 F 0.997492 0.897969 0.000958 0.057919 7.385518 1.280889
859 B 0.909076 0.903057 0.024533 0.059624 3.232454 1.220500
860 B 0.978097 0.902376 0.024722 0.453736 2.978614 1.343716
861 B 0.938367 0.888616 0.020661 0.056993 2.903572 1.231272
862 B 0.946509 0.896427 0.017445 0.077602 2.828805 1.243558
863 I 0.981789 0.882343 0.034125 0.057644 6.307318 1.259213
864 B 0.994319 0.899073 0.052603 0.543908 3.078643 1.385121
865 D 0.944729 0.877842 0.013995 0.075873 3.921405 1.229425
866 B 0.956606 0.883163 0.057049 0.097604 2.762693 1.244348
867 B 0.990296 0.902361 0.037650 0.049716 2.569989 1.278705
868 B 0.967960 0.891989 0.039879 0.057167 2.668278 1.255623
869 B 0.980276 0.898456 0.036715 0.056000 2.604232 1.268908
870 B 0.975751 0.901260 0.032704 0.048142 2.620308 1.267066
871 B 0.972911 0.903147 0.037208 0.045818 2.633071 1.266301
872 B 0.976407 0.904686 0.000768 0.045127 2.613951 1.269365
873 C 0.969898 0.906056 0.000505 0.037045 6.435213 1.265285
874 B 0.977253 0.905626 0.018196 0.045177 2.610035 1.270750
875 B 0.982563 0.904304 0.028026 0.041051 2.589308 1.273788
876 B 0.978469 0.906680 0.030146 0.046055 2.605004 1.272603
877 H 0.979198 0.899816 0.029173 0.050734 6.885626 1.268636
878 B 0.993779 0.906521 0.004165 0.046998 2.559144 1.283458
879 B 0.998170 0.907002 0.001123 0.046306 2.553111 1.286997
880 B 0.993348 0.905506 0.003204 0.047538 2.560479 1.282473
881 D 0.995958 0.907951 0.008664 0.051896 4.095883 1.286231
882 J 0.968907 0.908825 0.000168 0.053525 3.103972 1.267014
883 B 0.997271 0.907269 0.000422 0.047065 2.554001 1.286538
884 B 0.981792 0.910380 0.015266 0.050135 2.590155 1.277445
885 E 0.982713 0.908014 0.002941 0.044426 5.162873 1.276229
886 B 0.996051 0.904269 0.019603 0.054182 2.558748 1.284028
887 G 0.996683 0.909878 0.021226 0.046084 4.599982 1.287992
888 B 0.958842 0.899413 0.000178 0.047008 2.720342 1.252997
889 B 0.924057 0.908790 0.019048 0.051740 3.045125 1.234736
890 B 0.971352 0.905663 0.020691 0.036231 2.637411 1.266218
891 B 0.969918 0.909434 0.024561 0.037910 2.643752 1.267858
892 F 0.969493 0.910741 0.000651 0.037985 7.341162 1.268217
893 B 0.998148 0.911237 0.025824 0.042762 2.551049 1.289960
894 B 0.952309 0.911206 0.031755 0.052912 2.766550 1.256968
895 B 0.980723 0.912014 0.024624 0.055370 2.594833 1.278119
896 I 0.999095 0.914085 0.026414 0.057138 6.338417 1.293120
897 B 0.976585 0.910800 0.016169 0.049543 2.611186 1.273910
898 B 0.972615 0.908995 0.016528 0.059590 2.633446 1.270195
899 B 0.979628 0.912401 0.015485 0.056106 2.598751 1.277475
900 D 0.930415 0.916656 0.015111 0.055296 3.783653 1.244870
901 B 0.984277 0.917775 0.001451 0.058920 2.579509 1.284566
902 B 0.997806 0.914287 0.000252 0.058066 2.552256 1.292088
903 B 0.996694 0.915345 0.000903 0.060503 2.553488 1.292091
904 B 0.999419 0.910497 0.001730 0.063236 2.554070 1.290957
905 B 0.996831 0.920918 0.003293 0.066224 2.551999 1.296234
906 B 0.999237 0.918963 0.002954 0.072764 2.552550 1.297011
907 B 0.998238 0.918266 0.000245 0.067410 2.552200 1.295527
908 B 0.998288 0.921125 0.001623 0.066958 2.550608 1.297477
909 B 0.997884 0.924992 0.008961 0.072757 2.550736 1.300129
910 B 0.998128 0.918712 0.000809 0.089940 2.559123 1.297052
911 B 0.998128 0.919372 0.001226 0.091260 2.559268 1.297586
912 B 0.999067 0.921938 0.003539 0.099294 2.560252 1.300576
913 B 0.999995 0.926624 0.001283 0.102139 2.558414 1.304635
914 B 0.999806 0.916362 0.000043 0.120818 2.571884 1.299090
915 B 0.991211 0.921888 0.000640 0.125468 2.583111 1.296956
916 B 0.994331 0.920898 0.000536 0.113213 2.572103 1.297487
917 B 0.997496 0.921556 0.006968 0.128459 2.574981 1.301617
918 B 0.998722 0.931282 0.002190 0.146966 2.578957 1.310939
919 B 0.995345 0.922685 0.003501 0.153776 2.590991 1.303413
920 C 0.997658 0.921370 0.001758 0.144467 6.460831 1.303193
921 B 0.997268 0.924708 0.000292 0.130909 2.574843 1.303797
922 B 0.999514 0.921329 0.001886 0.134590 2.576514 1.303514
923 B 0.999529 0.924825 0.000303 0.129983 2.572356 1.305439
924 B 0.946703 0.923408 0.006810 0.128506 2.834090 1.266217
925 B 0.951631 0.923865 0.000496 0.127071 2.791175 1.269894
926 H 0.952040 0.925279 0.000831 0.131410 6.938002 1.271588
927 B 0.994271 0.925365 0.018354 0.160233 2.595532 1.305303
928 J 0.998381 0.919616 0.000642 0.118221 2.878528 1.300010
929 B 0.952921 0.924521 0.030339 0.114542 2.775355 1.270481
930 B 0.997204 0.923015 0.016431 0.116212 2.568874 1.301373
931 B 0.997930 0.924521 0.035680 0.107250 2.564435 1.302556
932 E 0.999906 0.922128 0.039202 0.115928 5.232918 1.303189
933 G 0.934342 0.924540 0.034484 0.111350 4.639830 1.257105
934 B 0.999117 0.923725 0.000697 0.111706 2.564490 1.302777
935 B 0.959769 0.926644 0.000249 0.105567 2.717880 1.275771
936 B 0.955792 0.923894 0.036966 0.107810 2.750736 1.271707
937 B 0.956128 0.923629 0.020261 0.135718 2.760751 1.273952
938 F 0.935207 0.928208 0.019902 0.114208 7.282688 1.260233
939 B 0.998852 0.915840 0.000231 0.108213 2.567115 1.296978
940 B 0.999535 0.910766 0.037240 0.104674 2.569054 1.294301
941 I 0.999124 0.907374 0.035262 0.101789 6.328229 1.291450
942 B 0.961881 0.905803 0.040162 0.100850 2.713413 1.263199
943 B 0.960097 0.894567 0.021222 0.107463 2.732867 1.254328
944 B 0.962907 0.931214 0.037830 0.100000 2.693342 1.281293
945 B 0.999858 0.911919 0.000221 0.145402 2.586933 1.298549
946 B 0.999998 0.896289 0.021830 0.103110 2.574450 1.284511
947 B 0.938383 0.928327 0.038877 0.129537 2.911436 1.264393
948 B 0.975494 0.916660 0.021381 0.100111 2.628508 1.280011
949 B 0.961439 0.894816 0.000175 0.154170 2.747033 1.259933
950 B 0.980929 0.928527 0.038565 0.101116 2.600892 1.292526
951 C 0.998723 0.891419 0.018907 0.120177 6.447949 1.281701
952 B 0.921385 0.907335 0.021142 0.095203 3.089606 1.234311
953 B 0.976126 0.931703 0.000381 0.116444 2.624595 1.291919
954 H 0.999691 0.912818 0.041883 0.094084 6.934753 1.295154
955 B 0.948203 0.895005 0.019046 0.132409 2.837512 1.248232
956 B 0.967885 0.913033 0.041917 0.093518 2.669248 1.272016
957 B 0.999933 0.932130 0.000061 0.143791 2.575870 1.312057
958 B 0.979266 0.932496 0.018540 0.097212 2.602799 1.293341
959 B 0.958409 0.893473 0.043172 0.118053 2.751567 1.253799
960 J 0.980323 0.910528 0.017096 0.103871 2.980625 1.279579
961 B 0.978983 0.914898 0.019346 0.092419 2.610990 1.280765
962 B 0.946961 0.890052 0.000400 0.119524 2.844062 1.242572
963 B 0.999626 0.932783 0.038706 0.158977 2.586221 1.314493
964 G 0.960342 0.934183 0.021531 0.089944 4.602148 1.280447
965 E 0.999503 0.911291 0.000767 0.089563 5.194623 1.293037
966 B 0.980400 0.890116 0.044852 0.113789 2.628048 1.267331
967 B 0.934931 0.933134 0.019646 0.130490 2.943150 1.264997
968 B 0.963348 0.890968 0.037544 0.086193 2.705451 1.253061
969 B 0.980149 0.909986 0.019277 0.093103 2.608989 1.278323
970 F 0.982614 0.934129 0.048879 0.142673 7.354733 1.301638
971 B 0.999983 0.888315 0.000006 0.117060 2.584038 1.280174
972 I 0.962641 0.915312 0.020591 0.086011 6.393538 1.268776
973 B 0.916121 0.933118 0.033695 0.106417 3.144958 1.249920
974 B 0.942764 0.912655 0.018241 0.087058 2.857866 1.252663
975 B 0.999896 0.891328 0.000061 0.081033 2.568452 1.279448
976 B 0.980763 0.895724 0.044819 0.084773 2.612428 1.269195
977 B 0.963841 0.886601 0.000457 0.082590 2.701812 1.249701
978 B 0.981590 0.889039 0.032385 0.080138 2.610169 1.264670
979 B 0.962043 0.936983 0.017752 0.077523 2.687182 1.282784
980 B 0.999757 0.908497 0.052136 0.102824 2.570616 1.293292
981 B 0.978026 0.933655 0.022904 0.086406 2.603656 1.292578
982 B 0.944776 0.912362 0.001119 0.101052 2.844381 1.254777
983 B 0.980562 0.886651 0.034213 0.074715 2.613713 1.262040
984 C 0.967785 0.936128 0.051555 0.105023 6.453063 1.289029
985 B 0.999467 0.889992 0.000140 0.081485 2.569541 1.278268
986 B 0.998696 0.888328 0.016611 0.127049 2.590013 1.280235
987 H 0.949881 0.919182 0.019985 0.077139 6.904602 1.261706
988 B 0.999985 0.887842 0.015951 0.102895 2.578371 1.278796
989 B 0.976787 0.917669 0.000276 0.079440 2.614258 1.280087
990 B 0.928745 0.930688 0.000172 0.110805 3.000308 1.256979
991 B 0.962684 0.904339 0.000459 0.135404 2.723260 1.265252
992 B 0.979598 0.887347 0.030724 0.092135 2.622723 1.262804
993 J 0.999206 0.715706 0.019390 0.077233 2.806588 1.169161
994 G 0.962228 0.940204 0.047878 0.119924 4.625390 1.288996
995 E 0.979575 0.907604 0.024816 0.075759 5.197483 1.275284
996 B 0.945473 0.937193 0.016955 0.100385 2.825691 1.272646
997 B 0.980807 0.888106 0.034338 0.156392 2.649245 1.270298
998 B 0.982262 0.917281 0.053528 0.092330 2.599582 1.285697
999 B 0.956807 0.910970 0.001096 0.078343 2.737306 1.260937
1000 B 0.984515 0.936029 0.001003 0.118378 2.590511 1.301110
1001 F 0.964824 0.888395 0.035069 0.139065 7.350448 1.256856
1002 B 0.998097 0.922465 0.019230 0.100074 2.561461 1.300410
1003 B 0.999439 0.934564 0.052132 0.112927 2.562100 1.311457
1004 I 0.999730 0.939351 0.053314 0.158670 6.391243 1.319476
1005 B 0.929780 0.938096 0.019495 0.139295 2.999730 1.265769
1006 B 0.904014 0.926921 0.017763 0.126020 3.310811 1.238507
1007 B 0.967797 0.931841 0.035306 0.108157 2.665699 1.285796
1008 B 0.945269 0.940263 0.051188 0.072102 2.818639 1.273706
1009 B 0.977920 0.916704 0.000457 0.100694 2.617360 1.281678
1010 B 0.980388 0.937935 0.020107 0.125699 2.608202 1.300250
1011 B 0.963756 0.917667 0.020179 0.091857 2.690448 1.271585
1012 B 0.981819 0.920084 0.057299 0.075047 2.594465 1.286366
1013 B 0.999302 0.942208 0.000291 0.114987 2.556583 1.315753
1014 B 0.948311 0.943892 0.000304 0.146595 2.819543 1.283500
1015 H 0.964280 0.943952 0.032848 0.095641 6.927783 1.290684
1016 C 0.999328 0.941724 0.018760 0.111296 6.472941 1.315266
1017 B 0.980318 0.900634 0.000217 0.082937 2.609078 1.271308
1018 B 0.981275 0.903657 0.029953 0.070174 2.600906 1.273658
1019 B 0.929351 0.918137 0.046667 0.074505 2.988807 1.246850
1020 B 0.959143 0.945262 0.018902 0.122457 2.720978 1.289842
1021 J 0.999556 0.925072 0.038084 0.093085 2.891375 1.303145
1022 B 0.978544 0.689293 0.017142 0.066326 2.717309 1.136403
1023 B 0.999573 0.903747 0.055094 0.139439 2.590905 1.293370
1024 B 0.953115 0.943069 0.001441 0.071611 2.747777 1.280235
1025 B 0.999485 0.884595 0.023024 0.103525 2.580842 1.276428
1026 E 0.965297 0.923261 0.033019 0.071382 5.223061 1.275556
1027 B 0.979859 0.904160 0.000419 0.104458 2.617122 1.274864
1028 B 0.999486 0.944737 0.000247 0.093619 2.546373 1.316001
1029 G 0.939497 0.946353 0.060547 0.155368 4.652928 1.281391
1030 B 0.978864 0.942685 0.036193 0.119789 2.610010 1.302231
1031 F 0.962567 0.939845 0.019099 0.126404 7.318963 1.288865
1032 B 0.999560 0.926186 0.038981 0.096030 2.558025 1.304131
1033 I 0.981193 0.942844 0.062458 0.084789 6.421934 1.302339
1034 B 0.946746 0.931074 0.047137 0.070654 2.809258 1.268079
1035 B 0.966015 0.947070 0.035321 0.091904 2.662348 1.293900
1036 B 0.999885 0.924804 0.058844 0.098565 2.561431 1.304325
1037 B 0.981256 0.948376 0.052247 0.069611 2.580293 1.304927
1038 B 0.965477 0.919360 0.063065 0.093526 2.682856 1.275444
1039 B 0.980962 0.926797 0.065454 0.064400 2.592360 1.290154
1040 B 0.919344 0.906360 0.037353 0.068121 3.106400 1.230835
1041 B 0.999223 0.944791 0.039995 0.092697 2.547788 1.316365
1042 B 0.946618 0.947767 0.065482 0.089785 2.810205 1.281634
1043 B 0.979993 0.947451 0.020963 0.069901 2.583427 1.302556
1044 B 0.962131 0.947512 0.047182 0.088981 2.687024 1.291612
1045 B 0.999320 0.929438 0.023109 0.068428 2.546561 1.304142
1046 C 0.979787 0.904908 0.020819 0.066263 6.445780 1.273039
1047 B 0.999839 0.904856 0.018066 0.066882 2.557887 1.287774
1048 H 0.961444 0.663472 0.019231 0.062168 6.940745 1.107459
1049 B 0.979057 0.891799 0.036418 0.065448 2.614724 1.263950
1050 B 0.931085 0.740646 0.016589 0.063899 3.054002 1.129068
1051 B 0.999510 0.899642 0.033282 0.067131 2.561552 1.284344
1052 B 0.948537 0.885943 0.019372 0.063187 2.812389 1.237110
1053 J 0.979252 0.909112 0.017398 0.082333 2.990041 1.276343
1054 B 0.999932 0.925728 0.039823 0.069945 2.549488 1.302533
1055 B 0.963730 0.624247 0.000016 0.060711 2.827467 1.087346
1056 G 0.975209 0.884048 0.035164 0.065056 4.632951 1.255849
1057 B 0.977824 0.944538 0.016581 0.063035 2.591889 1.298580
1058 E 0.999876 0.901416 0.041438 0.078608 5.175184 1.286647
1059 B 0.945059 0.928108 0.000505 0.055465 2.819769 1.263244
1060 B 0.961894 0.383883 0.034405 0.077868 2.965706 0.976660
1061 B 0.980471 0.949517 0.000396 0.054143 2.576186 1.303456
1062 B 0.999645 0.911122 0.017922 0.084938 2.560321 1.292848
1063 F 0.980916 0.917794 0.070837 0.088990 7.359913 1.285639
1064 B 0.999843 0.948206 0.042880 0.091709 2.545546 1.319176
1065 I 0.964173 0.950400 0.050701 0.086539 6.459486 1.295053
1066 B 0.939390 0.946696 0.067201 0.072106 2.872473 1.274812
1067 B 0.894617 0.945674 0.045822 0.093674 3.417183 1.243453
1068 B 0.981271 0.930461 0.034323 0.804889 3.576916 1.511563
1069 B 0.962251 0.588718 0.019643 0.072001 2.858343 1.068025
1070 A 0.982299 0.528495 0.047488 0.089202 4.041306 1.057514
1071 B 0.999065 0.953267 0.068992 0.067506 2.538808 1.321756
1072 B 0.999838 0.501315 0.069725 0.053894 2.761067 1.059444
1073 B 0.951778 0.955542 0.069357 0.059652 2.754011 1.289280
1074 B 0.924841 0.954967 0.050814 0.063209 3.017932 1.269367
1075 B 0.965721 0.951559 0.037684 0.045350 2.649377 1.294540
1076 C 0.979865 0.932293 0.033251 0.074231 6.460623 1.292462
1077 B 0.999950 0.568883 0.058913 0.042346 2.723607 1.090232
1078 B 0.980248 0.944138 0.024814 0.076331 2.586125 1.300851
1079 H 0.950110 0.931639 0.020779 0.061836 6.887438 1.269760
1080 B 0.966443 0.953728 0.050065 0.085446 2.655392 1.298902
1081 B 0.980714 0.932417 0.068127 0.039005 2.585620 1.292994
1082 B 0.999654 0.950069 0.019442 0.060790 2.533898 1.318084
1083 B 0.999941 0.956027 0.033735 0.041444 2.527557 1.321958
1084 B 0.965109 0.955189 0.073852 0.033571 2.653556 1.297795
1085 J 0.941447 0.955255 0.047112 0.055043 3.547346 1.280661
1086 B 0.981177 0.952958 0.071152 0.038452 2.573920 1.307675
1087 B 0.980944 0.958041 0.036106 0.063746 2.573661 1.310621
1088 E 0.999284 0.947788 0.049994 0.041860 5.186035 1.316312
1089 B 0.962224 0.959467 0.032846 0.063527 2.671558 1.298223
1090 G 0.980539 0.949556 0.059270 0.037241 4.622068 1.304253
1091 B 0.999680 0.940114 0.030039 0.496840 2.973248 1.397269
1092 B 0.920651 0.956470 0.019639 0.072493 3.066049 1.267190
1093 B 0.952145 0.934435 0.046607 0.060072 2.759037 1.273737
1094 F 0.967844 0.959099 0.075966 0.080615 7.320714 1.304564
1095 B 0.980160 0.932259 0.027220 0.051964 2.586312 1.291479
1096 B 0.999674 0.931882 0.018656 0.037846 2.538435 1.304808
1097 I 0.948501 0.476234 0.058065 0.040831 5.802508 1.001216
1098 B 0.981837 0.959205 0.038338 0.033355 2.564016 1.311058
1099 B 0.968804 0.936321 0.023927 0.034531 2.636067 1.285478
1100 B 0.982512 0.955164 0.076546 0.034749 2.568178 1.310356
1101 B 0.999232 0.932077 0.049814 0.052745 2.543464 1.305892
1102 A 0.999328 0.940010 0.058290 0.031985 3.479705 1.311070
1103 B 0.962510 0.960773 0.073759 0.059905 2.672465 1.300783
1104 B 0.934449 0.935293 0.046643 0.052375 2.920530 1.261466
1105 B 0.999477 0.954007 0.045040 0.066102 2.535040 1.321509
1106 B 0.967062 0.961874 0.081977 0.029912 2.639040 1.304257
1107 B 0.999542 0.954531 0.060198 0.035880 2.530182 1.321380
1108 B 0.978874 0.961174 0.080142 0.032709 2.579482 1.312106
1109 C 0.949514 0.959814 0.062414 0.034037 6.432140 1.289489
1110 B 0.975453 0.025063 0.079351 0.041541 3.063845 0.917377
1111 B 0.982680 0.953243 0.057812 0.050198 2.568647 1.308701
1112 B 0.959416 0.961321 0.055136 0.031160 2.685854 1.297143
1113 H 0.913993 0.947057 0.040725 0.034381 6.884242 1.254747
1114 B 0.999122 0.958977 0.062789 0.055733 2.532202 1.324918
1115 B 0.938448 0.966849 0.073217 0.051521 2.867405 1.287869
1116 B 0.980092 0.964161 0.083222 0.028231 2.573013 1.315146
1117 J 0.964014 0.962801 0.060359 0.050233 3.210379 1.302225
1118 B 0.999639 0.948403 0.057574 0.030000 2.532100 1.316978
1119 B 0.983278 0.959619 0.084342 0.025812 2.563445 1.314266
1120 B 0.955853 0.947666 0.072327 0.030995 2.721057 1.285802
1121 E 0.999899 0.965141 0.087179 0.027564 5.193560 1.330215
1122 B 0.980931 0.943804 0.061467 0.026313 2.576577 1.300387
1123 B 0.966879 0.961235 0.055599 0.046019 2.639272 1.302797
1124 B 0.999652 0.937635 0.078017 0.051579 2.543762 1.311258
1125 G 0.981844 0.963957 0.074969 0.029323 4.630100 1.315800
1126 B 0.947179 0.942953 0.088267 0.041460 2.798551 1.277582
1127 F 0.980855 0.961145 0.074340 0.029554 7.334047 1.313100
1128 B 0.999706 0.943395 0.061882 0.052095 2.538697 1.314435
1129 I 0.999655 0.945150 0.081214 0.053997 6.398210 1.316678
1130 B 0.934119 0.966474 0.090658 0.023857 2.910060 1.284882
1131 B 0.966360 0.441815 0.061350 0.056156 2.904860 1.003319
1132 B 0.965412 0.961763 0.062121 0.048942 2.649311 1.302513
1133 B 0.979976 0.941713 0.080205 0.058727 2.589496 1.300239
1134 A 0.999685 0.941064 0.051880 0.024622 3.468731 1.311644
1135 B 0.950373 0.966688 0.084699 0.066286 2.764062 1.297376
1136 B 0.980939 0.937821 0.053897 0.037346 2.580068 1.296194
1137 B 0.965384 0.962523 0.066616 0.052247 2.650350 1.303364
1138 B 0.999827 0.933423 0.050041 0.068375 2.546190 1.307942
1139 B 0.981541 0.966650 0.086827 0.065240 2.573728 1.319394
1140 B 0.952557 0.941680 0.060197 0.027829 2.747883 1.278591
1141 B 0.981187 0.949003 0.074694 0.070156 2.583242 1.306381
1142 B 0.981649 0.213789 0.047934 0.046543 2.940351 0.944378
1143 C 0.999154 0.970749 0.065887 0.571657 6.523025 1.444748
1144 B 0.933144 0.934334 0.092767 0.024294 2.936711 1.261484
1145 B 0.963739 0.949493 0.043310 0.073142 2.669980 1.293065
1146 H 0.982460 0.968240 0.048643 0.045014 6.883904 1.318481
1147 B 0.999947 0.931684 0.070275 0.072451 2.550564 1.307944
1148 B 0.999881 0.946561 0.086761 0.071213 2.545400 1.318926
1149 B 0.999872 0.970075 0.092910 0.074087 2.535584 1.335681
1150 B 0.965651 0.965604 0.094435 0.074789 2.657334 1.308407
1151 B 0.949396 0.966220 0.084590 0.422881 3.092774 1.359090
1152 J 0.979026 0.971594 0.087449 0.081521 3.036685 1.321978
1153 B 0.908596 0.970145 0.086114 0.074196 3.215800 1.271534
1154 E 0.999967 0.974300 0.097466 0.075010 5.251993 1.339042
1155 B 0.964628 0.954859 0.102367 0.077394 2.671472 1.300853
1156 G 0.999673 0.950985 0.073543 0.057538 4.631475 1.320409
1157 B 0.970916 0.971052 0.095639 0.719798 3.448084 1.490843
1158 B 0.932529 0.951960 0.069018 0.082728 2.942983 1.274453
1159 B 0.980852 0.975192 0.073154 0.048431 2.566061 1.323417
1160 B 0.952292 0.947395 0.083180 0.068738 2.758342 1.285113
1161 F 0.980231 0.948437 0.091823 0.023337 7.339491 1.304747
1162 B 0.999646 0.936398 0.065617 0.042417 2.540884 1.309447
1163 B 0.965512 0.973923 0.098732 0.036534 2.646380 1.312935
1164 B 0.980535 0.325533 0.067626 0.028667 2.888291 0.973268
1165 I 0.999856 0.968246 0.072973 0.039867 6.440626 1.331820
1166 B 0.948768 0.941517 0.105262 0.611653 3.420985 1.411207
1167 B 0.981343 0.964844 0.068157 0.024520 2.565182 1.315616
1168 B 0.999886 0.941499 0.087665 0.054406 2.543880 1.314757
1169 A 0.999939 0.974814 0.107255 0.023501 3.494716 1.338284
1170 B 0.964539 0.951781 0.089269 0.044355 2.663048 1.296234
1171 B 0.977783 0.954049 0.089288 0.056441 2.593435 1.307692
1172 B 0.945551 0.974252 0.113679 0.020457 2.799882 1.300062
1173 B 0.964654 0.363577 0.079762 0.044414 2.954823 0.972431
1174 B 0.979828 0.935727 0.064834 0.051076 2.589175 1.294872
1175 B 0.928416 0.952254 0.103458 0.038734 2.982440 1.272022
1176 C 0.982667 0.937144 0.080194 0.059276 6.467401 1.299050
1177 B 0.999950 0.970204 0.064002 0.024390 2.521178 1.332450
1178 B 0.999607 0.976030 0.090059 0.031797 2.523325 1.337846
1179 H 0.962851 0.980965 0.113792 0.014179 6.919705 1.316820
1180 B 0.976447 0.978835 0.101344 0.022085 2.583873 1.323979
1181 B 0.949592 0.977123 0.087169 0.017549 2.757678 1.302931
1182 B 0.999426 0.976811 0.114755 0.028283 2.527692 1.339991
1183 J 0.980804 0.980388 0.113683 0.018417 3.030140 1.329046
1184 B 0.999981 0.979051 0.122378 0.026591 2.527841 1.342557
1185 B 0.962373 0.978685 0.126535 0.015723 2.668324 1.315993
1186 B 0.977304 0.979848 0.114137 0.019376 2.582072 1.326250
1187 E 0.999347 0.977201 0.117855 0.016235 5.201129 1.340272
1188 B 0.938323 0.984089 0.101998 0.016568 2.860309 1.301157
1189 B 0.980451 0.982174 0.097844 0.021535 2.564579 1.328898
1190 G 0.999995 0.973725 0.098129 0.016921 4.644474 1.336802
1191 B 0.961400 0.982083 0.123306 0.025140 2.673155 1.317577
1192 B 0.979692 0.964980 0.088491 0.031274 2.575464 1.315829
1193 F 0.959201 0.983957 0.089585 0.017712 7.291114 1.314662
1194 B 0.999987 0.966104 0.081119 0.036356 2.527143 1.330782
1195 I 0.981181 0.982383 0.106658 0.013708 6.494239 1.330108
1196 B 0.965529 0.966762 0.119455 0.036437 2.654362 1.309532
1197 B 0.908840 0.978423 0.086037 0.014264 3.197920 1.275748
1198 B 0.999747 0.964859 0.117484 0.031209 2.534439 1.332212
1199 B 0.980721 0.980028 0.108518 0.026732 2.567311 1.328456
1200 B 0.941335 0.984915 0.129612 0.015823 2.837058 1.306156
1201 B 0.978695 0.964575 0.111358 0.035871 2.584935 1.316607
1202 A 0.953819 0.962069 0.116884 0.016106 3.991854 1.297379
1203 B 0.980946 0.982826 0.093198 0.031462 2.562511 1.329577
1204 B 0.924732 0.960076 0.132755 0.034430 3.026049 1.277532
1205 B 0.968120 0.967684 0.085125 0.016310 2.629160 1.309061
1206 B 0.980002 0.983119 0.096200 0.040892 2.567965 1.329568
1207 C 0.998842 0.963472 0.077709 0.016045 6.482957 1.327558
1208 B 0.999646 0.984663 0.119294 0.041486 2.526522 1.346331
1209 B 0.949057 0.998355 0.129265 0.034373 2.762464 1.321448
1210 B 0.963660 0.984182 0.113837 0.017682 2.654184 1.319718
1211 H 0.999904 0.985597 0.122735 0.000667 6.906099 1.346852
1212 B 0.980699 0.983343 0.128797 0.036505 2.571785 1.332726
1213 B 0.981150 0.963508 0.100600 0.036102 2.573457 1.316784
1214 B 0.959103 0.985964 0.122846 0.014739 2.686309 1.318555
1215 J 0.938937 0.999960 0.095542 0.033679 3.614157 1.312922
1216 B 0.999955 0.965989 0.492340 0.045416 2.764517 1.413138
1217 B 0.981120 0.964148 0.080846 0.017929 2.567701 1.315555
1218 B 0.964422 0.965312 0.107282 0.039335 2.659731 1.306804
1219 E 0.999733 0.984947 0.078007 0.001214 5.185660 1.343086
1220 B 0.978712 0.960149 0.127383 0.039227 2.591410 1.315008
1221 G 0.952369 0.983333 0.097253 0.017732 4.657651 1.309988
1222 B 0.982334 0.962453 0.087437 0.043450 2.568315 1.316205
1223 B 0.966943 0.984729 0.628718 0.017089 3.015688 1.454157
1224 B 0.999354 0.999435 0.066262 0.044408 2.509992 1.353107
1225 F 0.933306 0.995599 0.081109 0.032013 7.246273 1.304936
1226 B 0.982740 0.993455 0.071809 0.016257 2.545639 1.336839
1227 B 0.963725 0.988140 0.115321 0.012797 2.651824 1.322653
1228 I 0.981042 0.993812 0.104473 0.016999 6.517340 1.337967
1229 B 0.981520 0.999933 0.073506 0.000558 2.546535 1.340586
1230 B 0.951562 0.995850 0.098692 0.016211 2.733977 1.318510
1231 A 0.982777 0.984475 0.132297 0.028911 3.675322 1.335134
1232 B 0.964546 0.984196 0.074627 0.034148 2.642797 1.317980
1233 B 0.999427 0.411966 0.070611 0.002251 2.800341 1.020811
1234 B 0.982440 0.998477 0.104022 0.030936 2.551237 1.342464
1235 B 0.890879 0.996805 0.140121 0.001180 3.444285 1.281718
1236 B 0.999879 0.999104 0.068692 0.036870 2.508920 1.353143
1237 B 0.930209 0.978210 0.083600 0.042675 2.946845 1.290642
1238 B 0.999911 0.969118 0.098286 0.049126 2.530940 1.334313
1239 B 0.951971 0.974162 0.119717 0.046360 2.749839 1.305609
1240 B 0.965987 0.977441 0.113310 0.037429 2.644908 1.316906
1241 C 0.981840 0.978425 0.095270 0.044380 6.486938 1.327597
1242 B 0.963503 0.995963 0.129924 0.027334 2.654104 1.329587
1243 B 0.946380 0.996992 0.099749 0.000196 2.777300 1.315752
1244 H 0.981502 0.969344 0.120987 0.044510 6.955711 1.322994
1245 B 0.916598 0.968994 0.089096 0.048346 3.110150 1.275176
1246 B 0.999608 0.996931 0.146633 0.029177 2.525945 1.357161
1247 B 0.729637 0.998517 0.138414 0.022338 5.787209 1.182114
1248 J 0.999014 0.999345 0.134352 0.028037 2.946177 1.357203
1249 B 0.965357 0.980562 0.142661 0.015942 2.652470 1.320982
1250 B 0.828028 0.997037 0.108911 0.016783 4.402877 1.238213
