1 A 0.076990 0.366425 0.862533 0.519731 4.312345 1.011874
2 A 0.226807 0.917486 0.494594 0.439730 5.646968 1.091280
3 A 0.391084 0.092413 0.067980 0.187412 4.837810 0.386089
4 A 0.425615 0.069396 0.469965 0.232138 4.965753 0.616263
5 A 0.435098 0.606599 0.744708 0.209198 4.602827 1.012501
6 A 0.477932 0.784807 0.644242 0.252057 3.956901 1.087684
7 A 0.521555 0.887868 0.240561 0.615286 3.626939 1.160927
8 A 0.540072 0.258555 0.055536 0.743545 3.753203 0.893781
9 A 0.661035 0.438443 0.102394 0.987760 4.540342 1.208465
10 A 0.679368 0.055737 0.963919 0.356038 4.414115 1.170606
11 A 0.741178 0.976588 0.887315 0.702793 6.149935 1.606126
12 A 0.849766 0.018097 0.952364 0.202970 5.904859 1.230026
13 A 0.975259 0.446208 0.641099 0.760231 5.366273 1.400097
14 B 0.023825 0.480743 0.854275 0.071353 3.655492 0.920637
15 B 0.081617 0.253316 0.036552 0.391312 3.518086 0.412149
16 B 0.096021 0.547338 0.902708 0.160023 4.014792 1.009548
17 B 0.119482 0.926199 0.256558 0.230206 3.246362 0.932958
18 B 0.141848 0.857968 0.678989 0.569579 4.260287 1.179143
19 B 0.188816 0.716371 0.948628 0.087823 4.531435 1.144334
20 B 0.208567 0.664579 0.385980 0.540656 4.450250 0.900026
21 B 0.244885 0.239848 0.480876 0.457450 4.904589 0.684493
22 B 0.262656 0.577950 0.169455 0.940279 5.572938 1.084607
23 B 0.326943 0.552241 0.083104 0.547360 5.414299 0.785068
24 B 0.330528 0.608152 0.050758 0.324125 5.091972 0.703484
25 B 0.398567 0.355054 0.665527 0.797156 7.093160 1.105106
26 B 0.481983 0.011478 0.270883 0.911296 7.822640 1.003463
27 B 0.484015 0.514865 0.433195 0.241050 6.603389 0.800703
28 B 0.507151 0.802616 0.323644 0.802451 7.408152 1.222049
29 B 0.514327 0.571471 0.992043 0.189876 7.521145 1.206875
30 B 0.554737 0.848113 0.722794 0.378973 7.296930 1.238684
31 B 0.563948 0.894116 0.135375 0.913243 7.740608 1.341003
32 B 0.582940 0.659756 0.752547 0.834359 8.284550 1.364937
33 B 0.601655 0.963266 0.735405 0.971660 8.388233 1.603277
34 B 0.628235 0.804027 0.188006 0.953167 7.888506 1.346405
35 B 0.643634 0.059590 0.298776 0.444386 7.333837 0.776882
36 B 0.664233 0.030637 0.556945 0.768070 8.039063 1.096061
37 B 0.681446 0.369528 0.695504 0.226291 7.106064 1.003264
38 B 0.696624 0.222742 0.337075 0.199172 6.669326 0.767071
39 B 0.796421 0.197603 0.311553 0.793932 6.354611 1.121023
40 B 0.820927 0.147046 0.500599 0.173309 5.237108 0.925518
41 B 0.864897 0.820666 0.458684 0.283880 4.264383 1.246132
42 B 0.994645 0.275676 0.160982 0.313405 3.082059 1.028121
43 C 0.033280 0.261142 0.741532 0.284421 6.319695 0.774201
44 C 0.044402 0.047732 0.807436 0.552198 6.431066 0.917870
45 C 0.134344 0.816040 0.252327 0.972307 6.317758 1.238661
46 C 0.147649 0.218164 0.943645 0.049476 5.755440 0.918474
47 C 0.159711 0.952926 0.167069 0.963824 6.174847 1.312434
48 C 0.183597 0.091276 0.445327 0.842427 5.826018 0.912199
49 C 0.290796 0.024560 0.274638 0.810942 4.981463 0.842054
50 C 0.295099 0.235258 0.604729 0.213297 4.967026 0.681558
51 C 0.353675 0.928028 0.842916 0.335392 5.140415 1.282609
52 C 0.376646 0.399364 0.463644 0.139396 4.549928 0.669450
53 C 0.386059 0.699143 0.774931 0.996321 5.367157 1.431158
54 C 0.410030 0.788973 0.654895 0.680010 4.995393 1.234382
55 C 0.445649 0.130894 0.152206 0.027064 4.127312 0.427026
56 C 0.457633 0.923477 0.284134 0.559747 4.656005 1.144266
57 C 0.490288 0.005092 0.824458 0.978423 4.811075 1.307701
58 C 0.578849 0.020624 0.523559 0.862834 4.582290 1.101153
59 C 0.595139 0.328543 0.919038 0.257381 4.574224 1.109254
60 C 0.684325 0.214794 0.616162 0.713290 5.145861 1.121930
61 C 0.707763 0.695907 0.415114 0.366528 5.237823 1.074107
62 C 0.710788 0.316746 0.764977 0.872546 5.581958 1.334666
63 C 0.721196 0.205619 0.965037 0.468018 5.374469 1.246217
64 C 0.763817 0.292684 0.588741 0.729843 5.662739 1.181834
65 C 0.854882 0.527425 0.587118 0.276557 6.038404 1.133406
66 C 0.874744 0.115717 0.626849 0.630036 6.158762 1.189878
67 C 0.879393 0.750952 0.366667 0.890170 6.428226 1.442195
68 C 0.955067 0.629970 0.701835 0.807848 6.842372 1.504091
69 C 0.985985 0.457704 0.724560 0.112741 6.306665 1.248743
70 D 0.025504 0.845321 0.245888 0.088906 3.387153 0.822703
71 D 0.059030 0.743604 0.223272 0.593864 3.641275 0.916763
72 D 0.093460 0.373137 0.358924 0.851715 4.513278 0.938605
73 D 0.228298 0.392671 0.670611 0.654920 4.472288 0.979109
74 D 0.309063 0.032229 0.023975 0.268289 4.152073 0.348733
75 D 0.323675 0.251164 0.201043 0.011283 4.140538 0.394002
76 D 0.340387 0.956090 0.195005 0.298009 3.511538 1.013050
77 D 0.374923 0.496701 0.381458 0.788294 4.720875 1.011835
78 D 0.423131 0.477780 0.239570 0.074972 4.182227 0.623304
79 D 0.451704 0.387551 0.198698 0.535615 4.376025 0.762483
80 D 0.524575 0.320201 0.638227 0.006721 4.505678 0.823551
81 D 0.587234 0.312297 0.534202 0.893296 4.759251 1.172702
82 D 0.658808 0.383159 0.681799 0.705194 4.072067 1.179670
83 D 0.694939 0.948109 0.569114 0.171469 2.935850 1.254748
84 D 0.717067 0.727703 0.127445 0.691001 3.017728 1.177444
85 D 0.732929 0.341101 0.056016 0.779123 3.485312 1.061646
86 D 0.791976 0.989280 0.024066 0.417481 2.627500 1.271955
87 D 0.801248 0.795804 0.780484 0.600435 3.780875 1.435826
88 D 0.826978 0.124717 0.550174 0.671952 4.502448 1.143178
89 D 0.831365 0.633917 0.506719 0.320624 3.715851 1.142731
90 D 0.858541 0.474276 0.635735 0.102994 4.213879 1.110870
91 D 0.888627 0.208696 0.068405 0.868353 4.845056 1.199216
92 D 0.904044 0.180339 0.319250 0.579684 4.803038 1.072301
93 D 0.911198 0.284262 0.714247 0.030906 4.961132 1.130056
94 D 0.924484 0.994488 0.212648 0.754808 4.287888 1.505502
95 D 0.950446 0.409677 0.798719 0.822843 5.766550 1.482235
96 D 0.968301 0.102787 0.005443 0.934086 5.630989 1.286841
97 D 0.983245 0.405076 0.830721 0.490710 5.511346 1.373380
98 E 0.005989 0.687027 0.015785 0.043095 5.429952 0.626084
99 E 0.029710 0.494314 0.029750 0.567807 5.786861 0.691502
100 E 0.060338 0.277277 0.484318 0.905911 6.212724 1.003221
101 E 0.086052 0.619716 0.180494 0.037535 5.391423 0.589757
102 E 0.089091 0.332422 0.597734 0.099452 5.557584 0.634363
103 E 0.124386 0.593605 0.850741 0.591422 6.609303 1.138075
104 E 0.163592 0.768560 0.838944 0.539893 6.694504 1.207445
105 E 0.175171 0.099310 0.621551 0.395843 5.776640 0.701414
106 E 0.192758 0.732693 0.073081 0.206618 5.623109 0.726186
107 E 0.214245 0.500322 0.175626 0.182855 5.414150 0.537920
108 E 0.256369 0.087376 0.137799 0.884535 5.878267 0.872781
109 E 0.277897 0.470501 0.408136 0.455035 5.782971 0.757396
110 E 0.317250 0.703463 0.944861 0.063930 6.308402 1.159121
111 E 0.349010 0.450919 0.871931 0.523194 6.407644 1.103318
112 E 0.496581 0.425093 0.611134 0.596358 6.012657 1.012872
113 E 0.501411 0.757382 0.179806 0.864405 6.224412 1.204215
114 E 0.519847 0.157551 0.117559 0.472298 5.375516 0.666848
115 E 0.558018 0.543016 0.614305 0.643912 6.123998 1.119974
116 E 0.588580 0.683435 0.098391 0.076960 5.296703 0.848057
117 E 0.623067 0.573084 0.449115 0.858441 6.150033 1.224070
118 E 0.669111 0.746034 0.911005 0.716030 6.764589 1.469462
119 E 0.689291 0.194064 0.401552 0.925274 5.885925 1.174495
120 E 0.703221 0.914925 0.229422 0.095298 5.508854 1.117891
121 E 0.746605 0.764055 0.883528 0.667075 6.628802 1.475944
122 E 0.841675 0.401002 0.394751 0.352275 5.303006 1.009482
123 E 0.881457 0.015311 0.717072 0.481060 5.607003 1.171523
124 E 0.920868 0.429032 0.262234 0.625109 5.438834 1.158808
125 E 0.937000 0.834419 0.929527 0.056296 6.009755 1.500003
126 F 0.036197 0.117603 0.844123 0.408863 7.286332 0.883467
127 F 0.123812 0.722038 0.778213 0.019016 6.654148 1.006446
128 F 0.139689 0.132183 0.769062 0.737260 7.501505 1.020086
129 F 0.148729 0.302172 0.603865 0.509594 7.157409 0.796434
130 F 0.201194 0.170598 0.738612 0.748020 7.469769 1.021319
131 F 0.275578 0.861421 0.784758 0.898363 7.283320 1.434461
132 F 0.371863 0.997991 0.498550 0.373728 6.717074 1.171393
133 F 0.380319 0.655912 0.455421 0.500736 6.932606 0.953869
134 F 0.407497 0.875913 0.104052 0.720664 6.679738 1.147236
135 F 0.438995 0.489297 0.972223 0.497039 7.295821 1.212017
136 F 0.441942 0.416822 0.971705 0.734709 7.564269 1.298772
137 F 0.539790 0.966983 0.709964 0.015028 6.654684 1.253063
138 F 0.613993 0.290986 0.800966 0.152911 7.183587 0.998909
139 F 0.616358 0.359917 0.354988 0.993201 7.382152 1.211039
140 F 0.624656 0.712619 0.283085 0.311926 6.952018 0.974542
141 F 0.637871 0.676757 0.305988 0.080187 6.923531 0.919812
142 F 0.645013 0.971370 0.564623 0.951036 7.298367 1.544631
143 F 0.651195 0.529875 0.149914 0.586021 7.078569 0.972254
144 F 0.758217 0.141132 0.999179 0.055253 7.412462 1.200917
145 F 0.781604 0.422013 0.251312 0.637212 7.419111 1.059194
146 F 0.794329 0.672244 0.142409 0.065872 7.166548 0.989873
147 F 0.844169 0.854414 0.833537 0.244696 7.362251 1.419830
148 F 0.898718 0.729833 0.650658 0.116611 7.394576 1.270655
149 F 0.940684 0.516368 0.351989 0.387760 7.631500 1.131559
150 F 0.961945 0.567101 0.582466 0.145343 7.586665 1.205306
151 F 0.977238 0.463848 0.876260 0.646366 8.141893 1.472352
152 F 0.990110 0.324928 0.399212 0.494035 7.859627 1.157884
153 G 0.010446 0.911465 0.988635 0.828886 7.112829 1.517161
154 G 0.013077 0.888048 0.011233 0.318342 5.612534 0.881040
155 G 0.051748 0.937061 0.211172 0.919759 6.571666 1.268406
156 G 0.064202 0.670923 0.541466 0.506101 6.398315 0.939290
157 G 0.165526 0.167783 0.044195 0.854842 6.724981 0.825339
158 G 0.168335 0.826558 0.892923 0.341049 6.660821 1.212318
159 G 0.243363 0.075140 0.513742 0.662049 6.931054 0.813349
160 G 0.255889 0.584325 0.510776 0.581621 6.580366 0.940541
161 G 0.268030 0.557439 0.330561 0.111380 6.217449 0.647608
162 G 0.286901 0.898962 0.815912 0.727259 6.911972 1.381475
163 G 0.306852 0.838755 0.017089 0.151162 5.755627 0.843485
164 G 0.361730 0.508151 0.579297 0.020830 6.446175 0.789019
165 G 0.366871 0.521699 0.327269 0.220863 6.193795 0.687600
166 G 0.394364 0.048148 0.234446 0.658782 6.586169 0.741738
167 G 0.475717 0.799936 0.927479 0.397365 6.568074 1.310206
168 G 0.548883 0.637628 0.088315 0.218846 5.620188 0.811304
169 G 0.574055 0.843302 0.372413 0.818756 6.286167 1.297555
170 G 0.596740 0.043289 0.956247 0.421592 6.745620 1.141709
171 G 0.635946 0.067325 0.630331 0.766796 6.692959 1.118285
172 G 0.673479 0.753338 0.662344 0.826700 6.407079 1.401475
173 G 0.768697 0.191707 0.472939 0.697334 6.052175 1.094043
174 G 0.774051 0.738097 0.043595 0.362891 5.046719 1.067779
175 G 0.779259 0.083384 0.914260 0.677511 6.496770 1.319198
176 G 0.785957 0.148801 0.226709 0.002331 5.451338 0.768928
177 G 0.813107 0.076463 0.758590 0.878956 6.643412 1.357011
178 G 0.818604 0.906190 0.109359 0.844093 5.491068 1.426038
179 G 0.892817 0.621859 0.906483 0.965423 6.607564 1.651438
180 G 0.916641 0.880236 0.429471 0.275987 5.094020 1.307048
181 G 0.959994 0.201370 0.547595 0.775957 5.961308 1.302823
182 H 0.000358 0.763194 0.525249 0.982887 8.508076 1.288210
183 H 0.055226 0.108772 0.002217 0.123327 7.124220 0.110981
184 H 0.068421 0.624365 0.426409 0.135915 7.552905 0.708740
185 H 0.104139 0.362432 0.388457 0.485382 7.865517 0.664615
186 H 0.109204 0.603876 0.489886 0.369260 7.844605 0.805217
187 H 0.130121 0.782080 0.077636 0.780300 7.835497 1.052613
188 H 0.187995 0.563102 0.159063 0.348015 7.483735 0.643787
189 H 0.206620 0.829579 0.674025 0.610974 8.247204 1.185896
190 H 0.233786 0.689106 0.407136 0.044182 7.415796 0.772506
191 H 0.237387 0.711668 0.859146 0.424565 8.246460 1.154550
192 H 0.332149 0.982804 0.984574 0.574903 8.487498 1.478969
193 H 0.415669 0.306145 0.938796 0.295920 8.206657 1.048992
194 H 0.462126 0.815833 0.706303 0.837095 8.460265 1.379282
195 H 0.466395 0.441508 0.691344 0.525207 8.171146 1.017431
196 H 0.492018 0.902395 0.822556 0.266863 7.991519 1.280710
197 H 0.511673 0.002567 0.891290 0.900591 8.791591 1.303983
198 H 0.567812 0.942492 0.378069 0.429512 7.689578 1.177709
199 H 0.606008 0.706083 0.145396 0.709444 7.760489 1.116589
200 H 0.609911 0.946803 0.560375 0.649193 8.082237 1.353092
201 H 0.655449 0.242218 0.934650 0.880425 8.780068 1.399349
202 H 0.724347 0.161478 0.749924 0.432940 8.157072 1.077928
203 H 0.836854 0.650197 0.817843 0.127678 7.825543 1.282211
204 H 0.869018 0.039144 0.334828 0.990301 8.317628 1.297474
205 H 0.885847 0.535618 0.897927 0.449345 8.242651 1.379650
206 H 0.903092 0.390663 0.538836 0.476753 7.937796 1.156446
207 H 0.929517 0.377172 0.288328 0.931345 8.142369 1.336356
208 H 0.997264 0.644996 0.553707 0.605166 8.017041 1.380890
209 I 0.017774 0.583540 0.686055 0.616851 6.763709 1.029292
210 I 0.041372 0.347570 0.976821 0.288189 6.402278 1.014416
211 I 0.112340 0.105829 0.436309 0.785867 6.353372 0.849516
212 I 0.199380 0.176439 0.595185 0.414989 6.274163 0.710380
213 I 0.218850 0.139265 0.730511 0.956984 6.713241 1.169066
214 I 0.220568 0.932740 0.363520 0.623512 7.091299 1.137320
215 I 0.280793 0.986869 0.443752 0.239337 7.069046 1.080720
216 I 0.297896 0.591597 0.920065 0.305184 6.617557 1.111546
217 I 0.302310 0.175101 0.872544 0.460718 6.418842 0.984230
218 I 0.312637 0.484087 0.371799 0.192797 6.290743 0.649881
219 I 0.336766 0.662140 0.575012 0.032287 6.437899 0.877459
220 I 0.347034 0.507254 0.061363 0.440720 6.263453 0.696274
221 I 0.359696 0.435420 0.656249 0.403264 6.430963 0.892621
222 I 0.419931 0.868392 0.519449 0.692834 7.076971 1.233761
223 I 0.428009 0.454240 0.418588 0.345797 6.311877 0.764735
224 I 0.534203 0.061751 0.464253 0.921162 6.355242 1.100796
225 I 0.547140 0.264039 0.342177 0.563610 6.180674 0.834060
226 I 0.729634 0.228820 0.094621 0.814722 5.935232 1.058861
227 I 0.749594 0.599058 0.206849 0.550917 6.262232 1.063136
228 I 0.755049 0.350827 0.982233 0.336039 6.237922 1.268245
229 I 0.765706 0.550323 0.422391 0.758678 6.398845 1.219361
230 I 0.805536 0.308814 0.314370 0.129375 5.874686 0.864766
231 I 0.810899 0.227613 0.479752 0.250448 5.905354 0.938625
232 I 0.832317 0.152507 0.760496 0.466913 6.090050 1.167286
233 I 0.860520 0.538479 0.866348 0.303366 6.234175 1.306091
234 I 0.912651 0.245335 0.789454 0.939745 6.421986 1.486525
235 I 0.935062 0.867174 0.265529 0.407926 6.451525 1.302506
236 I 0.964745 0.877547 0.809945 0.634612 6.835129 1.598694
237 J 0.072117 0.810119 0.699644 0.515762 4.137902 1.127881
238 J 0.101209 0.298701 0.300023 0.179856 3.752778 0.408486
239 J 0.152146 0.184712 0.084432 0.140278 3.363353 0.227454
240 J 0.177440 0.336114 0.279310 0.947107 4.233668 0.995556
241 J 0.248640 0.612995 0.793380 0.331358 3.799020 1.022320
242 J 0.264092 0.464627 0.529368 0.166712 3.758483 0.707984
243 J 0.401021 0.775682 0.346521 0.158741 3.312793 0.890272
244 J 0.453357 0.120655 0.121185 0.673525 3.555009 0.767206
245 J 0.469852 0.280706 0.292702 0.686637 3.916575 0.863081
246 J 0.529974 0.779428 0.131992 0.380825 3.777726 0.962600
247 J 0.571432 0.641402 0.034178 0.261972 3.185202 0.836237
248 J 0.715889 0.415383 0.185995 0.105639 3.697837 0.792365
249 J 0.739583 0.270249 0.219404 0.745447 3.817259 1.043776
250 J 0.945640 0.972769 0.114566 0.529457 3.659616 1.398310
251 A 0.903685 0.474276 0.693364 0.585663 5.837492 1.303274
252 D 0.920803 0.985480 0.354935 0.778100 4.451071 1.534518
253 I 0.126515 0.700569 0.837582 0.019016 6.505711 1.036913
254 F 0.832317 0.152507 0.760496 0.906023 8.176361 1.391888
255 F 0.665709 0.030637 0.265973 0.262292 7.330893 0.701468
256 A 0.741178 0.972792 0.887315 0.525067 5.929280 1.537091
257 G 0.785957 0.148801 0.312694 0.733762 5.932386 1.067126
258 F 0.279843 0.861421 0.784758 0.898363 7.283891 1.435252
259 H 0.959994 0.955317 0.547595 0.775957 8.121332 1.591643
260 F 0.534203 0.214247 0.464253 0.921162 7.443072 1.118747
261 D 0.732929 0.403751 0.077701 0.779123 3.444347 1.083480
262 H 0.392613 0.580001 0.159063 0.811873 7.920724 1.021467
263 I 0.935062 0.854279 0.263551 0.407926 6.428520 1.293965
264 G 0.411908 0.130894 0.090667 0.027064 6.095053 0.379941
265 E 0.091446 0.238252 0.449955 0.457450 5.710940 0.628041
266 E 0.023825 0.474197 0.837080 0.080450 5.983698 0.903215
267 B 0.994645 0.510842 0.160982 0.313405 2.964476 1.109855
268 A 0.280335 0.595076 0.920065 0.305184 6.013192 1.108977
269 B 0.329449 0.636412 0.359535 0.192797 5.067402 0.762117
270 G 0.397358 0.780772 0.654895 0.680010 6.665584 1.225444
271 H 0.081617 0.253782 0.837098 0.365844 8.198375 0.889152
272 C 0.879393 0.508055 0.287791 0.890170 6.236565 1.318325
273 H 0.951397 0.362432 0.388457 0.485382 7.797807 1.130399
274 H 0.916641 0.880236 0.429471 0.275987 7.527546 1.307048
275 G 0.278013 0.898962 0.814540 0.727259 6.912499 1.378959
276 D 0.858901 0.180339 0.340281 0.097062 4.215492 0.883779
277 I 0.550794 0.261486 0.304693 0.563610 6.156555 0.821945
278 J 0.261388 0.471645 0.529368 0.166712 3.741591 0.711319
279 E 0.563948 0.902950 0.135375 0.474098 5.929666 1.110722
280 J 0.623180 0.712619 0.574057 0.817699 3.847615 1.313855
281 J 0.958531 0.976566 0.114566 0.698319 3.653610 1.478031
282 C 0.765706 0.522941 0.493088 0.056404 5.387807 0.989208
283 H 0.392783 0.069396 0.505889 0.235773 7.735651 0.623507
284 F 0.567812 0.205168 0.369775 0.354571 7.182988 0.729307
285 J 0.888627 0.056201 0.068405 0.868353 4.089685 1.183105
286 D 0.401103 0.489297 0.972223 0.497039 5.004223 1.199467
287 B 0.193949 0.283627 0.665527 0.356901 4.552373 0.767177
288 G 0.165526 0.167783 0.056806 0.854842 6.737592 0.826056
289 C 0.013077 0.888048 0.043267 0.318342 6.454424 0.881965
290 E 0.236022 0.334018 0.497407 0.099452 5.424785 0.589098
291 A 0.519847 0.158695 0.134831 0.413156 3.663362 0.633419
292 I 0.446734 0.272088 0.061363 0.511061 6.060814 0.671361
293 E 0.060338 0.273798 0.484318 0.905911 6.210942 1.002321
294 I 0.313716 0.480165 0.063079 0.324125 6.235566 0.599325
295 F 0.781604 0.430213 0.251312 0.637212 7.415010 1.062305
296 G 0.475717 0.799936 0.119175 0.397365 5.759770 0.956473
297 B 0.361730 0.751048 0.579297 0.006833 5.453838 0.952662
298 H 0.074572 0.384966 0.532065 0.476753 8.002488 0.752452
299 I 0.481983 0.000502 0.270883 0.911296 6.190871 1.003402
300 D 0.432019 0.477780 0.240940 0.074972 4.185529 0.629300
301 B 0.373965 0.553326 0.024483 0.220863 5.430262 0.641346
302 J 0.029710 0.494314 0.007858 0.586874 3.765743 0.705427
303 A 0.074572 0.384966 0.532065 0.476753 3.934046 0.752452
304 J 0.199380 0.177290 0.595185 0.414989 3.445471 0.710575
305 I 0.330651 0.620594 0.001468 0.324125 6.367538 0.711791
306 D 0.251538 0.018145 0.023975 0.304513 3.998804 0.333611
307 F 0.669349 0.008299 0.330561 0.265510 7.365422 0.729878
308 G 0.292845 0.470608 0.529368 0.442250 6.539850 0.822398
309 A 0.187995 0.149939 0.135585 0.348015 4.333624 0.381709
310 J 0.259289 0.626171 0.359535 0.233202 3.729276 0.739353
311 B 0.428009 0.462544 0.362196 0.181653 6.076607 0.686715
312 I 0.460692 0.272088 0.595128 0.427753 6.279711 0.844924
313 C 0.374983 0.024081 0.505889 0.237954 4.425390 0.611100
314 G 0.121186 0.183569 0.300023 0.179856 6.325100 0.350714
315 G 0.214245 0.496081 0.230768 0.677570 6.453674 0.834357
316 D 0.509161 0.205168 0.369775 0.354571 4.466786 0.688362
317 A 0.425615 0.069396 0.460711 0.195316 4.940759 0.598081
318 H 0.134569 0.624365 0.466885 0.039909 7.488268 0.729659
319 J 0.055226 0.074578 0.001800 0.123327 3.328084 0.091852
320 C 0.440634 0.477780 0.620371 0.069107 4.350527 0.838648
321 H 0.347034 0.506495 0.059288 0.101554 7.122084 0.562638
322 J 0.411908 0.156402 0.087275 0.027064 2.932340 0.387477
323 D 0.365196 0.397290 0.323793 0.048933 4.247561 0.568724
324 J 0.331253 0.168316 0.198548 0.026905 3.500665 0.359642
325 J 0.074534 0.221690 0.340230 0.391312 3.748553 0.506344
326 D 0.706144 0.222742 0.337075 0.176348 3.413675 0.769949
327 I 0.284958 0.474002 0.371799 0.192797 6.284790 0.631246
328 J 0.391084 0.091562 0.067980 0.187412 2.885296 0.385914
329 E 0.162261 0.687027 0.119876 0.043095 5.430927 0.654830
330 B 0.313594 0.475712 0.063079 0.324125 4.998379 0.596043
331 E 0.307552 0.298939 0.665527 0.368344 5.849570 0.810744
332 F 0.265642 0.610615 0.265973 0.108162 6.731263 0.662659
333 D 0.277897 0.464520 0.408136 0.179498 3.988427 0.638784
334 H 0.563678 0.571860 0.158309 0.440231 7.527464 0.866813
335 H 0.331019 0.419828 0.529368 0.193985 7.692710 0.714474
336 E 0.192758 0.724388 0.073081 0.351498 5.760084 0.768635
337 E 0.161213 0.099310 0.088122 0.506029 5.510614 0.484933
338 H 0.394447 0.439137 0.463644 0.139396 7.564845 0.700930
339 J 0.145600 0.299843 0.135465 0.140278 3.504820 0.323679
340 G 0.426422 0.052708 0.179304 0.130446 6.206625 0.421008
341 H 0.295099 0.235258 0.604729 0.213297 7.802719 0.681558
342 B 0.244885 0.239848 0.540634 0.469554 4.984105 0.731391
343 E 0.065544 0.619716 0.154748 0.049499 5.396310 0.581504
344 H 0.519847 0.157551 0.120315 0.472298 7.574553 0.667297
345 E 0.089091 0.332422 0.229876 0.231339 5.385028 0.411633
346 H 0.206334 0.334777 0.409413 0.438621 7.832803 0.654896
347 H 0.390236 0.442173 0.242962 0.074972 7.279886 0.579725
348 B 0.104139 0.124234 0.136126 0.485999 3.842393 0.467599
349 B 0.327598 0.387551 0.201192 0.524567 5.498514 0.694577
350 E 0.081726 0.635463 0.120373 0.182855 5.533197 0.614565
351 B 0.445649 0.130894 0.150868 0.018678 6.221467 0.426219
352 E 0.142399 0.299843 0.135465 0.169479 5.263783 0.334057
353 G 0.119345 0.193087 0.149493 0.180860 6.168520 0.263973
354 E 0.194130 0.099310 0.088122 0.509736 5.508473 0.498878
355 B 0.005989 0.687027 0.015785 0.043706 2.771679 0.626123
356 C 0.101209 0.050300 0.300023 0.281756 5.914212 0.364318
357 G 0.187995 0.149939 0.138131 0.348015 6.256193 0.382493
358 J 0.055226 0.074578 0.000952 0.123327 3.327348 0.091845
359 I 0.284958 0.506997 0.346072 0.192797 6.312199 0.641193
360 E 0.152146 0.222013 0.068724 0.395395 5.436657 0.420717
361 D 0.091446 0.018650 0.461072 0.455329 4.448934 0.592192
362 G 0.411908 0.156402 0.087275 0.027064 6.078907 0.387477
363 I 0.312637 0.099023 0.373282 0.191149 6.065879 0.469876
364 E 0.459243 0.477780 0.240940 0.074972 5.233182 0.646620
365 E 0.181464 0.397290 0.304202 0.038666 5.261296 0.471169
366 C 0.061508 0.124234 0.136126 0.485915 6.054509 0.460817
367 H 0.391084 0.420667 0.067980 0.205889 7.237593 0.551438
368 E 0.314469 0.294842 0.407681 0.410647 5.610764 0.659066
369 I 0.391084 0.024057 0.522880 0.187412 6.068665 0.617245
370 J 0.331253 0.590105 0.064594 0.026905 3.644021 0.617830
371 G 0.519847 0.158695 0.134831 0.413156 6.024421 0.633419
372 A 0.078056 0.252497 0.007824 0.391312 3.286732 0.409765
373 E 0.266709 0.332596 0.239570 0.074972 5.201717 0.432240
374 E 0.287159 0.336627 0.376929 0.175806 5.383996 0.544757
375 G 0.330113 0.475712 0.064417 0.272987 5.990020 0.580888
376 D 0.089253 0.619716 0.197006 0.099101 3.493084 0.601312
377 G 0.189836 0.553585 0.290068 0.347010 6.206709 0.677128
378 E 0.159528 0.635463 0.120373 0.179147 5.520104 0.627315
379 I 0.268030 0.557439 0.330561 0.110769 6.337726 0.647513
380 H 0.392783 0.317845 0.505889 0.235773 7.714133 0.690372
381 A 0.373965 0.553326 0.021952 0.220863 4.600169 0.641262
382 E 0.089091 0.436208 0.229876 0.273400 5.496461 0.508293
383 I 0.335848 0.251164 0.234648 0.065232 6.059449 0.422466
384 C 0.426422 0.023372 0.205030 0.120137 4.141292 0.426225
385 J 0.074534 0.124967 0.355954 0.171951 3.654046 0.358739
386 D 0.309063 0.243964 0.041711 0.270409 3.958535 0.416978
387 B 0.340889 0.506495 0.059288 0.101554 5.063891 0.559248
388 A 0.425615 0.454515 0.450625 0.233786 4.577814 0.740900
389 G 0.411908 0.100793 0.090667 0.027064 6.110103 0.371989
390 D 0.162261 0.687027 0.119984 0.048997 3.288891 0.655227
391 H 0.090732 0.080955 0.002217 0.123413 7.124011 0.110768
392 F 0.390236 0.089304 0.376500 0.074972 7.019576 0.492146
393 A 0.357781 0.065666 0.462443 0.195316 5.442623 0.557437
394 E 0.337412 0.171057 0.051525 0.237954 5.212526 0.387371
395 C 0.313716 0.198080 0.197034 0.324125 4.773172 0.468096
396 J 0.214245 0.500322 0.175626 0.182855 3.347077 0.537920
397 B 0.255098 0.019342 0.023975 0.304513 4.668735 0.335937
398 D 0.423227 0.479203 0.497407 0.099452 4.439247 0.753626
399 H 0.075412 0.517503 0.628941 0.103144 7.723480 0.761940
400 J 0.152146 0.217152 0.084308 0.142088 3.384040 0.249910
401 H 0.074534 0.082184 0.061778 0.425095 7.485523 0.381157
402 F 0.390236 0.125722 0.376500 0.092773 7.008069 0.501813
403 D 0.250265 0.017328 0.023848 0.303500 3.996027 0.331979
404 H 0.262659 0.099310 0.088122 0.487000 7.569370 0.506523
405 A 0.078056 0.252497 0.007824 0.399012 3.292818 0.416164
406 C 0.255098 0.012927 0.029916 0.304513 4.983544 0.336079
407 E 0.152146 0.222013 0.068724 0.410605 5.451868 0.433240
408 J 0.309063 0.133397 0.031097 0.270409 3.504217 0.370401
409 G 0.142399 0.299843 0.135465 0.169479 6.116445 0.334057
410 B 0.216663 0.072688 0.035785 0.182409 4.213777 0.232084
411 J 0.152146 0.217152 0.145377 0.142531 3.420784 0.271795
412 G 0.135017 0.202341 0.149493 0.180860 6.175277 0.275480
413 A 0.144623 0.492179 0.071882 0.182983 4.034136 0.486869
414 H 0.395831 0.098140 0.090667 0.027064 7.109165 0.356149
415 A 0.445649 0.130894 0.131497 0.015805 4.300575 0.420488
416 E 0.088980 0.438531 0.232846 0.173791 5.399942 0.471024
417 J 0.104139 0.124234 0.140676 0.494224 3.685358 0.476320
418 B 0.121186 0.183569 0.300023 0.179856 3.611376 0.350714
419 B 0.063885 0.418566 0.004875 0.123327 3.107713 0.378535
420 F 0.331253 0.099054 0.091591 0.026905 6.971736 0.296183
421 E 0.102910 0.017652 0.229876 0.231339 5.279199 0.279937
422 E 0.304741 0.198080 0.201086 0.005256 5.037744 0.352911
423 E 0.061508 0.124234 0.136126 0.482977 5.514932 0.458091
424 J 0.411908 0.112781 0.087275 0.027064 2.902117 0.374235
425 J 0.090732 0.214756 0.335846 0.123413 3.720223 0.364555
426 F 0.056403 0.124967 0.481864 0.125359 6.997938 0.453935
427 A 0.082889 0.254636 0.036679 0.401548 3.352676 0.421542
428 H 0.166935 0.332596 0.239570 0.077264 7.304591 0.386778
429 I 0.312637 0.099023 0.325506 0.191149 6.056747 0.437539
430 A 0.335848 0.251164 0.228825 0.065232 5.194244 0.419676
431 B 0.385418 0.222326 0.049154 0.233372 5.717481 0.442331
432 G 0.055226 0.074578 0.001800 0.123327 6.020642 0.091852
433 C 0.455189 0.241461 0.162827 0.027064 4.164513 0.478560
434 E 0.101209 0.042540 0.300023 0.281756 5.368456 0.363473
435 A 0.368551 0.177877 0.088122 0.437317 5.117916 0.542877
436 J 0.426422 0.023372 0.205030 0.119694 2.996423 0.426116
437 J 0.411908 0.194251 0.087275 0.019524 2.957148 0.401612
438 J 0.391084 0.110780 0.171724 0.187284 2.970759 0.416858
439 G 0.426422 0.052708 0.179304 0.087844 6.205083 0.411293
440 B 0.187995 0.149939 0.154956 0.352737 4.152068 0.391657
441 J 0.101319 0.296378 0.297053 0.273400 3.764960 0.448473
442 F 0.152146 0.184712 0.079882 0.152896 6.920699 0.232500
443 E 0.145600 0.299843 0.063373 0.140278 5.219786 0.304650
444 D 0.182407 0.099077 0.306338 0.038666 4.066838 0.309557
445 D 0.447224 0.170055 0.197624 0.027064 4.443116 0.455878
446 D 0.309063 0.349027 0.023975 0.268289 3.835276 0.475917
447 I 0.323675 0.251164 0.196991 0.307569 6.106717 0.486365
448 C 0.187995 0.149939 0.138131 0.350952 5.503253 0.384793
449 G 0.233330 0.476890 0.175626 0.182855 6.106972 0.525843
450 B 0.018086 0.306314 0.196032 0.010669 3.026122 0.301777
451 G 0.063419 0.309006 0.135465 0.169479 6.047781 0.320359
452 C 0.101209 0.042540 0.300282 0.294338 5.914184 0.372077
453 C 0.166935 0.332596 0.221568 0.077264 5.681955 0.377443
454 J 0.151602 0.017328 0.023848 0.303500 3.216480 0.278035
455 D 0.411908 0.103573 0.090667 0.027064 4.399022 0.372642
456 J 0.309063 0.228614 0.031097 0.334913 3.588966 0.448301
457 E 0.050416 0.192852 0.009527 0.123327 5.158664 0.172093
458 F 0.337412 0.171136 0.144185 0.237677 6.968928 0.406983
459 F 0.411908 0.131194 0.034926 0.027064 6.979908 0.372048
460 D 0.112204 0.299843 0.168890 0.167743 3.761752 0.336445
461 G 0.187995 0.148182 0.154956 0.127401 6.233814 0.249818
462 E 0.309063 0.032229 0.188796 0.278917 5.267839 0.395754
463 A 0.188272 0.150539 0.300023 0.348804 4.502327 0.456910
464 B 0.075099 0.418566 0.004875 0.123327 3.152046 0.380298
465 G 0.103388 0.036915 0.300023 0.283822 6.401494 0.364841
466 F 0.411616 0.222426 0.091659 0.033745 6.936316 0.415455
467 C 0.255098 0.019342 0.370308 0.023918 4.986499 0.388221
468 E 0.102289 0.003401 0.229876 0.231339 5.278962 0.279312
469 F 0.055226 0.074660 0.067402 0.186480 6.975254 0.156457
470 G 0.088102 0.210406 0.310350 0.123413 6.291205 0.341951
471 H 0.395831 0.098140 0.088271 0.142597 7.222302 0.378453
472 G 0.135017 0.333851 0.136999 0.180860 6.097028 0.363135
473 D 0.121186 0.233703 0.126833 0.028759 3.772054 0.231127
474 G 0.018086 0.306314 0.196032 0.010669 6.060928 0.301777
475 C 0.251538 0.014579 0.088967 0.304513 5.024717 0.342626
476 J 0.134206 0.065422 0.001800 0.123327 3.322404 0.131160
477 A 0.187995 0.149939 0.175510 0.350952 4.375602 0.397712
478 G 0.177206 0.149939 0.138131 0.348015 6.251315 0.378043
479 J 0.244324 0.155633 0.109861 0.140278 3.278158 0.277593
480 C 0.255632 0.010247 0.029916 0.272010 4.977881 0.312116
481 J 0.188782 0.121935 0.084308 0.142386 3.107850 0.216585
482 H 0.124155 0.109006 0.132694 0.180860 7.310570 0.216095
483 D 0.170089 0.217073 0.052717 0.142807 3.694462 0.252498
484 A 0.391084 0.092113 0.068007 0.187412 4.838041 0.386031
485 F 0.074002 0.082184 0.029487 0.426831 6.971541 0.379410
486 B 0.143653 0.076335 0.000597 0.348663 3.868339 0.322246
487 G 0.304741 0.195990 0.047156 0.002820 6.104446 0.302891
488 G 0.120910 0.262541 0.125358 0.179066 6.110666 0.299890
489 H 0.063320 0.124967 0.355954 0.147188 7.501397 0.347370
490 C 0.214484 0.072688 0.085814 0.180344 5.273127 0.239451
491 J 0.331545 0.156136 0.087208 0.024401 3.421541 0.314993
492 E 0.331253 0.168316 0.024346 0.309302 5.282967 0.421566
493 F 0.152767 0.184712 0.079882 0.152896 6.920713 0.232821
494 J 0.391084 0.091480 0.002312 0.124259 2.828124 0.357930
495 E 0.414545 0.160752 0.112772 0.076407 5.028714 0.402521
496 C 0.145600 0.299843 0.137861 0.024754 5.763257 0.299058
497 C 0.182407 0.040826 0.306338 0.038666 5.444304 0.298439
498 E 0.090732 0.080955 0.303931 0.179665 5.274455 0.310916
499 H 0.145600 0.299843 0.063373 0.232887 7.286634 0.349031
500 D 0.411908 0.116396 0.022284 0.027064 4.317816 0.366971
501 C 0.291125 0.076073 0.026264 0.180344 4.787242 0.289288
502 G 0.180814 0.196063 0.149493 0.036478 6.199219 0.245418
503 D 0.145600 0.298880 0.132766 0.070185 3.695073 0.302304
504 J 0.151308 0.309006 0.135465 0.152284 3.472482 0.337400
505 H 0.100327 0.080945 0.001811 0.123417 7.123437 0.115973
506 D 0.250388 0.241394 0.088967 0.042233 3.809504 0.298974
507 C 0.244324 0.155633 0.109861 0.140278 5.128887 0.277593
508 J 0.152146 0.032301 0.068704 0.300548 3.264404 0.282813
509 E 0.152146 0.192694 0.083148 0.140278 5.172075 0.232239
510 F 0.187554 0.065422 0.154922 0.123327 6.988338 0.217976
511 G 0.061556 0.306148 0.202139 0.170198 6.114207 0.346576
512 G 0.134990 0.203473 0.135465 0.169479 6.159617 0.264146
513 D 0.204539 0.017328 0.023848 0.303500 3.911890 0.304675
514 F 0.182407 0.099077 0.296039 0.040897 6.964306 0.301369
515 E 0.091319 0.074549 0.303931 0.179665 5.273412 0.309723
516 J 0.142399 0.300395 0.148516 0.168476 3.534508 0.338693
517 E 0.102910 0.020499 0.203024 0.144916 5.181260 0.208111
518 G 0.216663 0.013867 0.192575 0.160071 6.350230 0.268926
519 B 0.189740 0.019342 0.023975 0.304513 4.149250 0.297609
520 C 0.055226 0.074578 0.020872 0.123327 5.980262 0.093246
521 B 0.148059 0.299843 0.137861 0.030497 3.574628 0.300492
522 I 0.055226 0.064008 0.067402 0.125603 6.012479 0.103229
523 C 0.304741 0.217324 0.047156 0.028639 4.772808 0.315839
524 G 0.064774 0.210406 0.314527 0.123413 6.274413 0.340767
525 H 0.152146 0.217831 0.168691 0.142531 7.303914 0.283001
526 D 0.334787 0.152751 0.087208 0.024401 4.162323 0.316466
527 E 0.120938 0.072955 0.254850 0.162919 5.225862 0.271325
528 H 0.078491 0.109969 0.135393 0.177665 7.311155 0.198556
529 B 0.051322 0.173199 0.079882 0.170091 3.217975 0.198160
530 G 0.053631 0.074588 0.002207 0.123323 6.019530 0.091296
531 D 0.122336 0.011996 0.126833 0.272955 4.012990 0.262617
532 F 0.255098 0.012927 0.029916 0.304513 7.009284 0.336079
533 J 0.151602 0.202388 0.021471 0.145039 3.337001 0.229803
534 J 0.050416 0.199669 0.008321 0.123327 3.418412 0.177684
535 G 0.020936 0.148182 0.003830 0.127401 5.952690 0.134076
536 C 0.022893 0.300009 0.146515 0.008910 6.140983 0.272277
537 D 0.142426 0.298711 0.149493 0.180860 3.719231 0.343175
538 I 0.102289 0.003401 0.030860 0.180234 6.005038 0.147050
539 C 0.255632 0.010247 0.040390 0.285251 4.981265 0.322795
540 J 0.094588 0.080984 0.000391 0.125110 3.428561 0.114016
541 E 0.188782 0.030798 0.079205 0.143390 5.132792 0.189336
542 D 0.145600 0.297679 0.065776 0.226701 3.640589 0.344356
543 B 0.006703 0.310524 0.039247 0.143891 3.000027 0.282051
544 H 0.253298 0.076335 0.000597 0.348663 7.344996 0.375168
545 A 0.331253 0.106323 0.091591 0.026905 5.088890 0.298258
546 B 0.120910 0.262541 0.125358 0.161929 3.484202 0.291735
547 B 0.055226 0.073742 0.001070 0.184205 3.284744 0.143462
548 G 0.170089 0.195739 0.052717 0.142807 6.100191 0.238194
549 B 0.274869 0.018145 0.020599 0.321381 4.862626 0.361283
550 I 0.152146 0.184032 0.079882 0.400538 6.064103 0.410605
551 F 0.097877 0.072118 0.051092 0.125110 6.970477 0.119279
552 E 0.083395 0.030798 0.233890 0.143390 5.195565 0.225890
553 J 0.151602 0.073317 0.090733 0.145039 3.293881 0.177557
554 D 0.244324 0.155633 0.119909 0.140278 3.914263 0.280970
555 H 0.152600 0.049867 0.083148 0.140278 7.221748 0.166334
556 F 0.154030 0.184712 0.079882 0.153203 6.920766 0.233635
557 J 0.055226 0.074578 0.020872 0.123327 3.344360 0.093246
558 F 0.031220 0.074660 0.067402 0.186693 6.975255 0.151850
559 I 0.151257 0.069340 0.066175 0.124569 6.011321 0.155635
560 H 0.216663 0.072688 0.009396 0.126031 7.131954 0.198648
561 H 0.173970 0.007677 0.128920 0.162159 7.290785 0.208130
562 G 0.050416 0.035875 0.158402 0.131298 6.192405 0.152347
563 H 0.166552 0.217073 0.052717 0.039024 7.083769 0.218858
564 G 0.179420 0.261572 0.152511 0.036478 6.168831 0.291339
565 E 0.151594 0.233703 0.021218 0.028768 5.070906 0.218348
566 G 0.020936 0.148182 0.001363 0.027608 5.948177 0.089685
567 I 0.102289 0.073661 0.030852 0.180234 6.010451 0.159592
568 G 0.234866 0.155490 0.125481 0.277164 6.232906 0.352114
569 J 0.102910 0.021297 0.203024 0.144916 3.541113 0.208172
570 H 0.090367 0.116174 0.003101 0.127389 7.128175 0.132180
571 H 0.055244 0.107865 0.002217 0.123327 7.124230 0.110420
572 J 0.152958 0.370006 0.084308 0.146488 3.466067 0.372089
573 G 0.134346 0.074578 0.009434 0.123327 6.094594 0.134754
574 E 0.101979 0.188925 0.227720 0.184324 5.266051 0.300714
575 C 0.073978 0.074578 0.001800 0.142188 5.931448 0.114291
576 B 0.184265 0.047627 0.002255 0.167704 3.973668 0.191176
577 E 0.186773 0.005067 0.075191 0.231339 5.219576 0.244227
578 B 0.055226 0.159867 0.001070 0.184205 3.241682 0.187580
579 H 0.078491 0.109969 0.167061 0.177665 7.342823 0.216298
580 E 0.134563 0.202341 0.179817 0.180860 5.244267 0.289770
581 C 0.213221 0.072688 0.085814 0.180037 5.280830 0.238372
582 I 0.170089 0.176815 0.052717 0.142807 6.036332 0.226233
583 B 0.173696 0.184712 0.079882 0.099726 3.802714 0.221428
584 H 0.056116 0.211821 0.146605 0.125603 7.269587 0.229538
585 B 0.050416 0.192852 0.035916 0.179705 3.206456 0.208272
586 A 0.120921 0.077983 0.263216 0.278463 3.656527 0.346801
587 H 0.216663 0.177907 0.011354 0.160071 7.162926 0.260525
588 H 0.094269 0.048642 0.002217 0.109319 7.110526 0.089842
589 E 0.155991 0.193474 0.081415 0.140278 5.171488 0.234269
590 D 0.121194 0.017328 0.129477 0.306876 4.019941 0.292359
591 E 0.022893 0.300009 0.154367 0.129167 5.238917 0.299498
592 A 0.134206 0.000224 0.001881 0.123327 3.387478 0.119776
593 C 0.030192 0.173342 0.079882 0.230251 6.087124 0.238092
594 A 0.102658 0.054586 0.132694 0.180860 3.332966 0.190159
595 G 0.197956 0.080945 0.155803 0.123429 6.271998 0.229473
596 G 0.053613 0.075495 0.002207 0.123323 6.019060 0.091732
597 C 0.187970 0.121935 0.084308 0.087021 5.448256 0.192219
598 J 0.055870 0.203473 0.128886 0.169479 3.516610 0.237263
599 J 0.169037 0.009440 0.167299 0.227875 3.195281 0.267013
600 E 0.150119 0.081184 0.232207 0.124206 5.173427 0.251305
601 G 0.057177 0.049867 0.074953 0.098696 6.107081 0.082810
602 H 0.296075 0.047627 0.217153 0.070203 7.284247 0.314346
603 G 0.103058 0.063532 0.030852 0.176368 6.101368 0.153636
604 F 0.055226 0.072993 0.067402 0.181858 6.975776 0.151961
605 J 0.187554 0.120232 0.154922 0.142476 3.158813 0.243984
606 B 0.054824 0.035875 0.004982 0.131298 3.269718 0.084322
607 A 0.151594 0.228367 0.125569 0.028768 3.872928 0.240365
608 J 0.173970 0.007677 0.126649 0.169542 3.126111 0.211560
609 I 0.110660 0.104528 0.001800 0.123327 6.010471 0.133420
610 E 0.103883 0.074660 0.062029 0.186693 5.190703 0.172165
611 F 0.053631 0.013977 0.055945 0.156904 7.001803 0.113058
612 G 0.187970 0.121935 0.084308 0.087021 6.174871 0.192219
613 I 0.055670 0.072142 0.021687 0.123342 6.007793 0.092378
614 H 0.144953 0.108772 0.002217 0.045829 7.044569 0.124444
615 J 0.044692 0.130207 0.003890 0.123327 3.350851 0.122367
616 H 0.100327 0.080945 0.003157 0.123417 7.124783 0.115992
617 I 0.097629 0.161849 0.003830 0.127401 6.026218 0.165474
618 C 0.040624 0.081406 0.000231 0.124975 6.008332 0.092083
619 H 0.124155 0.025909 0.132694 0.097559 7.229544 0.145373
620 A 0.132077 0.218149 0.090733 0.179290 3.654718 0.262170
621 I 0.020936 0.199066 0.001238 0.027608 6.039657 0.139563
622 I 0.073978 0.074578 0.001800 0.230327 6.005774 0.190656
623 H 0.050416 0.199669 0.042738 0.123327 7.163845 0.181314
624 D 0.149234 0.159867 0.000381 0.184205 3.705944 0.223436
625 C 0.134346 0.074578 0.009434 0.123327 5.702841 0.134754
626 G 0.152426 0.074578 0.010574 0.123327 6.107571 0.147540
627 A 0.102910 0.020499 0.000683 0.144916 3.172345 0.116418
628 H 0.030536 0.040118 0.191512 0.177665 7.368906 0.203552
629 B 0.094269 0.050309 0.001219 0.109319 3.413458 0.090371
630 F 0.332290 0.067125 0.042704 0.123237 6.990733 0.300726
631 G 0.078492 0.073742 0.156937 0.184205 6.202030 0.202377
632 E 0.102658 0.039005 0.021578 0.180860 5.177577 0.150188
633 H 0.099760 0.173199 0.082153 0.162708 7.241051 0.208005
634 G 0.055226 0.064008 0.067402 0.125603 6.091635 0.103229
635 F 0.188782 0.020233 0.079205 0.143390 7.003234 0.188263
636 G 0.078491 0.109969 0.135393 0.177665 6.161729 0.198556
637 C 0.134206 0.050002 0.001881 0.123327 5.690278 0.126510
638 E 0.097432 0.111345 0.050277 0.138633 5.148736 0.146397
639 H 0.055599 0.080955 0.002217 0.123416 7.124641 0.095239
640 C 0.227206 0.072688 0.009396 0.126031 5.180257 0.207460
641 J 0.090367 0.116174 0.001755 0.127389 3.454546 0.132163
642 D 0.026219 0.021297 0.203024 0.144916 4.170092 0.189215
643 J 0.094588 0.074156 0.021629 0.123462 3.440727 0.111157
644 H 0.050416 0.192852 0.005674 0.123327 7.126858 0.171968
645 F 0.153730 0.065422 0.000091 0.123327 6.968178 0.145160
646 G 0.066947 0.075495 0.002332 0.172262 6.034916 0.137152
647 D 0.108392 0.036303 0.030860 0.180234 3.892548 0.153146
648 D 0.027513 0.192852 0.036678 0.179705 3.833912 0.205059
649 F 0.057249 0.069340 0.082320 0.124569 6.975602 0.111797
650 G 0.055244 0.107865 0.002217 0.123327 6.004433 0.110420
651 A 0.091568 0.199066 0.001238 0.112660 3.192199 0.183886
652 I 0.094641 0.074569 0.021629 0.141548 6.008198 0.124639
653 E 0.055226 0.074578 0.001443 0.123327 5.127351 0.091848
654 D 0.066261 0.074290 0.048621 0.172247 3.922913 0.142299
655 E 0.095192 0.065422 0.001916 0.123526 5.123269 0.106627
656 J 0.044692 0.106206 0.001882 0.123327 3.329910 0.106290
657 A 0.121476 0.108772 0.045549 0.097175 3.398259 0.132706
658 C 0.090617 0.048642 0.002246 0.109399 5.866809 0.087669
659 A 0.145765 0.095633 0.001983 0.123365 3.577808 0.151078
660 H 0.057539 0.026482 0.022503 0.123326 7.145494 0.077956
661 G 0.097877 0.023701 0.051092 0.125110 6.133707 0.106036
662 F 0.048706 0.011835 0.009434 0.123992 6.995261 0.071572
663 H 0.049488 0.080955 0.002217 0.116795 7.118129 0.087995
664 G 0.029440 0.074588 0.002207 0.123323 5.996081 0.084618
665 I 0.100327 0.080945 0.001811 0.116647 6.006258 0.111361
666 G 0.055226 0.064008 0.059437 0.125610 6.083670 0.100158
667 J 0.023261 0.146790 0.001805 0.031698 3.350514 0.089475
668 C 0.054835 0.074578 0.017923 0.123376 5.980731 0.092779
669 A 0.057249 0.036795 0.040547 0.124569 3.057628 0.085123
670 J 0.054118 0.081347 0.000091 0.123327 3.329440 0.094840
671 H 0.092300 0.109239 0.002217 0.123327 7.123321 0.126357
672 G 0.136020 0.075501 0.009999 0.142726 6.096887 0.148858
673 A 0.098278 0.010465 0.001070 0.189871 3.156510 0.151556
674 H 0.102910 0.148418 0.000925 0.144916 7.142473 0.169059
675 G 0.021936 0.116174 0.003101 0.020646 5.966898 0.057556
676 F 0.073924 0.098813 0.001800 0.124101 6.950864 0.112524
677 J 0.055226 0.014371 0.067402 0.125603 3.332848 0.091043
678 G 0.174240 0.109070 0.002332 0.132176 6.094655 0.181901
679 J 0.136446 0.174624 0.064728 0.138435 3.443257 0.206693
680 E 0.134206 0.133368 0.003888 0.123327 5.131967 0.163383
681 G 0.057177 0.049867 0.074953 0.047350 6.106226 0.054187
682 H 0.102289 0.003401 0.030877 0.180154 7.210954 0.146984
683 E 0.034601 0.000224 0.000135 0.124937 5.124339 0.067140
684 H 0.055671 0.072142 0.001473 0.168466 7.169053 0.129037
685 F 0.094269 0.050309 0.001219 0.109319 6.975103 0.090371
686 G 0.134340 0.079469 0.055945 0.156240 6.140593 0.165323
687 D 0.055226 0.074578 0.001800 0.123327 3.885699 0.091852
688 G 0.151289 0.074578 0.010574 0.123327 6.106872 0.146716
689 B 0.124155 0.025909 0.132694 0.097559 3.589143 0.145373
690 H 0.055226 0.074578 0.027209 0.123320 7.149621 0.094216
691 C 0.108338 0.105920 0.001359 0.167901 5.830316 0.163661
692 B 0.087904 0.025226 0.004982 0.131250 3.407504 0.097546
693 B 0.090367 0.116174 0.001755 0.127389 3.371103 0.132163
694 C 0.094588 0.080984 0.000391 0.125110 5.869075 0.114016
695 I 0.155211 0.065029 0.002217 0.123416 6.002633 0.146200
696 E 0.056484 0.054056 0.021578 0.172269 5.174057 0.127907
697 I 0.051940 0.074572 0.001643 0.123323 6.005694 0.090700
698 A 0.081992 0.080945 0.003157 0.108949 3.086337 0.096102
699 G 0.020936 0.132840 0.098707 0.203705 6.061624 0.200794
700 C 0.007915 0.080159 0.005153 0.125110 6.039488 0.086386
701 J 0.057177 0.147109 0.074953 0.098696 3.445310 0.138172
702 F 0.138024 0.023701 0.010053 0.125053 6.989977 0.125520
703 E 0.015502 0.148182 0.027599 0.122608 5.144970 0.132417
704 J 0.006779 0.081406 0.000081 0.148746 3.350800 0.107201
705 F 0.013989 0.051608 0.022503 0.170238 6.978027 0.117351
706 C 0.054835 0.063220 0.017923 0.123376 5.975052 0.087655
707 J 0.092814 0.074156 0.022479 0.097098 3.438826 0.092571
708 H 0.010327 0.074578 0.003763 0.123324 7.126916 0.082038
709 D 0.055241 0.035875 0.001425 0.123301 3.924009 0.077299
710 A 0.055244 0.107865 0.002217 0.123327 3.022866 0.110420
711 I 0.095065 0.074572 0.001643 0.123323 6.005334 0.110155
712 J 0.054118 0.121274 0.000091 0.123341 3.362648 0.118744
713 G 0.049254 0.049867 0.056844 0.047350 6.080581 0.039411
714 E 0.076277 0.044628 0.067402 0.210558 5.214181 0.175591
715 E 0.034601 0.000349 0.000135 0.124937 5.124339 0.067140
716 C 0.081992 0.080945 0.003157 0.108949 5.911025 0.096102
717 D 0.189457 0.068604 0.082320 0.124569 3.879245 0.188288
718 E 0.055226 0.074578 0.000325 0.123327 5.127349 0.091842
719 E 0.112594 0.065274 0.001916 0.123330 5.121247 0.116810
720 J 0.104882 0.018585 0.002196 0.123323 3.373762 0.100470
721 F 0.055534 0.117423 0.001800 0.124101 6.941527 0.117157
722 F 0.053631 0.074588 0.002209 0.098659 6.962937 0.072326
723 H 0.054859 0.048642 0.001359 0.052558 7.053328 0.027720
724 J 0.090617 0.048642 0.002247 0.109399 3.396707 0.087669
725 E 0.023261 0.049548 0.001805 0.031698 5.033883 0.000778
726 G 0.049094 0.011835 0.050475 0.185266 6.099328 0.136048
727 G 0.055226 0.064008 0.067402 0.202510 6.097959 0.167066
728 G 0.055474 0.074578 0.008616 0.002923 6.025818 0.030892
729 H 0.094269 0.026313 0.001219 0.197507 7.198178 0.157930
730 A 0.130417 0.090937 0.015314 0.124569 3.439102 0.140058
731 G 0.056723 0.107865 0.017928 0.123454 6.021548 0.111898
732 G 0.030270 0.074588 0.002207 0.123327 5.996898 0.084789
733 J 0.054809 0.074578 0.005357 0.131324 3.330405 0.098250
734 J 0.098005 0.074578 0.000952 0.123327 3.425337 0.111791
735 B 0.054574 0.050309 0.001219 0.109319 3.251163 0.069642
736 A 0.055670 0.072142 0.021687 0.123328 3.039592 0.092367
737 J 0.057411 0.080955 0.002217 0.116795 3.339796 0.090783
738 F 0.055226 0.064008 0.059437 0.125610 6.975476 0.100158
739 B 0.087904 0.025587 0.085068 0.131250 3.414535 0.118732
740 G 0.012453 0.116174 0.003101 0.119323 5.959154 0.104530
741 I 0.100327 0.081680 0.001811 0.116647 6.006378 0.111704
742 B 0.073506 0.080159 0.005153 0.125110 3.315619 0.103354
743 J 0.057168 0.073627 0.002217 0.123522 3.333071 0.092264
744 H 0.053617 0.075481 0.020893 0.123327 7.143327 0.093122
745 I 0.040526 0.057094 0.002217 0.123416 6.003500 0.079410
746 I 0.044692 0.106206 0.001879 0.123327 6.011467 0.106290
747 I 0.128481 0.074578 0.002301 0.123327 6.004785 0.130591
748 C 0.087686 0.080955 0.002217 0.123413 5.892780 0.109193
749 F 0.073932 0.091821 0.020617 0.123327 6.956679 0.109348
750 D 0.055226 0.074578 0.002074 0.123327 3.885973 0.091856
751 D 0.055226 0.078562 0.001404 0.025398 3.879459 0.036842
752 D 0.052244 0.048642 0.002601 0.109399 3.915262 0.068154
753 B 0.092583 0.040013 0.002217 0.109319 3.410844 0.086256
754 J 0.057196 0.073449 0.074953 0.047350 3.390709 0.066054
755 C 0.053613 0.074578 0.003540 0.123326 5.981522 0.091312
756 F 0.239947 0.065802 0.001569 0.130930 6.972503 0.218658
757 I 0.094792 0.109522 0.001219 0.109319 6.011702 0.118973
758 G 0.040624 0.081406 0.000231 0.124975 6.001718 0.092083
759 A 0.022528 0.116882 0.042536 0.000584 3.075292 0.063906
760 J 0.054860 0.074662 0.000952 0.123327 3.326417 0.091755
761 H 0.014255 0.080159 0.079258 0.125110 7.204116 0.106506
762 E 0.034601 0.019318 0.000133 0.123328 5.123102 0.067038
763 A 0.055670 0.137549 0.021687 0.123328 3.046520 0.131662
764 I 0.329266 0.146790 0.000395 0.031698 6.003711 0.299395
765 D 0.090617 0.016397 0.000072 0.124763 3.898751 0.092568
766 B 0.026898 0.065135 0.000325 0.123327 3.162088 0.079541
767 G 0.094711 0.049877 0.076295 0.098811 6.142164 0.101946
768 G 0.053613 0.075495 0.053423 0.123323 6.070276 0.100707
769 A 0.051963 0.076747 0.056844 0.004055 3.057512 0.046302
770 D 0.055212 0.074549 0.001339 0.123327 3.885283 0.091829
771 E 0.092814 0.074156 0.002158 0.098430 5.099612 0.091794
772 H 0.076248 0.074572 0.022162 0.123323 7.144232 0.102044
773 J 0.121047 0.074578 0.000752 0.123327 3.388809 0.125713
774 F 0.002609 0.000136 0.000135 0.124937 6.999949 0.062464
775 D 0.055241 0.031891 0.002096 0.149678 3.930142 0.100216
776 C 0.127228 0.064695 0.012734 0.123327 5.731057 0.126561
777 H 0.056259 0.048491 0.001219 0.109319 7.109936 0.069669
778 E 0.055207 0.050996 0.020872 0.129862 5.131371 0.088987
779 A 0.054854 0.049997 0.016594 0.123373 3.032699 0.082431
780 G 0.020936 0.148182 0.009230 0.027608 5.956043 0.089958
781 D 0.055382 0.050276 0.021687 0.123342 3.929708 0.083371
782 A 0.001490 0.074578 0.003763 0.123324 3.159669 0.081677
783 C 0.056658 0.036086 0.041050 0.122848 5.960388 0.083407
784 H 0.055225 0.048558 0.001359 0.052558 7.053326 0.027898
785 G 0.049488 0.080955 0.001922 0.133584 6.012617 0.101363
786 D 0.055226 0.074578 0.001805 0.124936 3.885779 0.093141
787 J 0.057168 0.072030 0.002217 0.123522 3.331682 0.091510
788 J 0.055226 0.069559 0.069275 0.110239 3.378988 0.095107
789 H 0.057768 0.074588 0.002207 0.123323 7.124580 0.092787
790 B 0.072216 0.050299 0.001198 0.109205 3.317955 0.077758
791 B 0.052664 0.047698 0.024387 0.046313 3.226853 0.025751
792 E 0.054850 0.063248 0.018058 0.144922 5.147736 0.105837
793 J 0.023261 0.049548 0.022150 0.030367 3.287411 0.003899
794 G 0.040599 0.026482 0.001419 0.123326 6.030266 0.070018
795 G 0.055635 0.074588 0.002207 0.123327 6.021431 0.092009
796 G 0.057411 0.080955 0.002217 0.116226 6.019631 0.090350
797 B 0.054824 0.065018 0.001636 0.131298 3.255124 0.093945
798 F 0.023261 0.191628 0.000182 0.031698 6.904192 0.133120
799 A 0.027487 0.000224 0.000212 0.114599 3.063241 0.055350
800 E 0.094269 0.050309 0.001716 0.109319 5.107407 0.090376
801 J 0.130285 0.116882 0.040438 0.019645 3.414512 0.118212
802 H 0.055180 0.048642 0.002206 0.109027 7.110641 0.069039
803 G 0.020936 0.156388 0.001190 0.027608 5.943901 0.097685
804 H 0.057485 0.152729 0.023148 0.123326 7.144539 0.143354
805 G 0.030270 0.035482 0.002200 0.031537 6.014601 0.000000
806 A 0.057196 0.074440 0.000102 0.128807 3.021014 0.096886
807 E 0.040526 0.056874 0.002217 0.123416 5.125829 0.079322
808 F 0.052664 0.012478 0.018956 0.057688 6.994867 0.018841
809 A 0.083400 0.040454 0.053394 0.004055 3.115891 0.044549
810 C 0.055207 0.026056 0.020872 0.129763 5.956176 0.082416
811 A 0.057249 0.023329 0.013090 0.124569 3.029510 0.077179
812 A 0.055192 0.048188 0.001217 0.104680 3.013146 0.065280
813 B 0.026994 0.065135 0.000325 0.123327 3.162357 0.079559
814 D 0.029440 0.074588 0.016647 0.123372 3.926625 0.085581
815 J 0.023261 0.049548 0.071811 0.030367 3.329060 0.032763
816 C 0.055434 0.211219 0.002247 0.162621 6.045929 0.209781
817 F 0.193854 0.031866 0.008616 0.026108 6.986509 0.135870
818 G 0.054574 0.050309 0.001968 0.109319 6.031758 0.069651
819 F 0.009893 0.074578 0.001600 0.123324 6.962908 0.081968
820 H 0.187457 0.032617 0.021687 0.116444 7.136782 0.161628
821 E 0.023261 0.147685 0.002186 0.031698 5.053009 0.090345
822 H 0.058447 0.035476 0.067548 0.129223 7.196314 0.098546
823 I 0.052244 0.000487 0.000136 0.125029 5.999946 0.073006
824 H 0.107327 0.075325 0.074953 0.047350 7.120521 0.095781
825 A 0.002609 0.000137 0.031787 0.124930 3.221313 0.066437
826 J 0.005786 0.171356 0.005253 0.067239 3.429532 0.121741
827 C 0.072388 0.031619 0.002250 0.099031 5.914370 0.064196
828 G 0.034601 0.141717 0.000133 0.123328 5.965512 0.128526
829 C 0.007978 0.084882 0.040536 0.125110 6.046256 0.094230
830 I 0.054859 0.073825 0.000852 0.109877 6.005461 0.080795
831 G 0.034601 0.000917 0.077746 0.122235 6.113476 0.086443
832 G 0.094269 0.048862 0.015149 0.109319 6.081492 0.090648
833 B 0.032811 0.047055 0.009434 0.112616 3.183358 0.064237
834 J 0.092583 0.098765 0.003289 0.051544 3.442322 0.082393
835 E 0.061671 0.051422 0.001419 0.123426 5.124167 0.084753
836 D 0.146045 0.048558 0.001359 0.052558 3.813569 0.100139
837 H 0.056294 0.078865 0.001405 0.030037 7.030464 0.038954
838 B 0.072216 0.050299 0.001198 0.103869 3.315707 0.073645
839 J 0.054854 0.056832 0.002157 0.123324 3.311746 0.083966
840 H 0.020936 0.123325 0.003745 0.020510 7.023686 0.064315
841 J 0.060172 0.048796 0.017923 0.109346 3.333242 0.072702
842 E 0.055554 0.049173 0.056844 0.045149 5.049252 0.041297
843 F 0.057177 0.049867 0.061878 0.098696 6.981190 0.076517
844 J 0.002351 0.146790 0.003815 0.002567 3.436653 0.084381
845 C 0.072749 0.053533 0.002979 0.131298 5.924496 0.096894
846 F 0.056658 0.049599 0.040826 0.122848 6.980232 0.087261
847 D 0.010327 0.074976 0.003694 0.123324 3.926340 0.082243
848 B 0.034601 0.049756 0.002590 0.109307 3.185839 0.062511
849 C 0.049512 0.080955 0.002217 0.137487 5.992781 0.104572
850 A 0.016561 0.000224 0.000135 0.114606 3.108858 0.053297
851 I 0.035369 0.041879 0.000136 0.060924 6.001740 0.019455
852 H 0.315263 0.048796 0.068153 0.022671 7.087432 0.264502
853 G 0.056294 0.078865 0.001405 0.030037 6.017265 0.038954
854 I 0.051909 0.056739 0.065552 0.009103 6.003746 0.038958
855 D 0.025383 0.049548 0.057382 0.030256 3.993839 0.022984
856 H 0.057338 0.012478 0.069275 0.121946 7.191063 0.089530
857 D 0.072216 0.050299 0.001198 0.105986 3.888210 0.075267
858 G 0.020355 0.035482 0.002642 0.031537 6.005238 0.000000
859 H 0.048548 0.011835 0.065055 0.123992 7.188920 0.086171
860 C 0.048035 0.059116 0.001547 0.124869 5.984551 0.083776
861 B 0.057196 0.072611 0.066893 0.047350 3.234607 0.061033
862 H 0.013247 0.049151 0.031471 0.047484 7.078811 0.013896
863 F 0.057118 0.050309 0.000174 0.098961 6.974880 0.062347
864 B 0.019523 0.050003 0.137289 0.047286 3.142687 0.092308
865 A 0.096387 0.001880 0.000112 0.087022 3.113269 0.067372
866 B 0.056296 0.050299 0.001198 0.109205 3.257272 0.070264
867 F 0.055474 0.075073 0.008719 0.002526 6.962500 0.031286
868 F 0.057931 0.000262 0.056844 0.047350 7.002578 0.031464
869 C 0.004791 0.054079 0.002250 0.043865 6.026685 0.007333
870 A 0.034601 0.019318 0.000133 0.111752 3.036218 0.056071
871 E 0.035552 0.116882 0.009000 0.000584 5.013602 0.060002
872 E 0.024114 0.011108 0.001412 0.028992 5.028826 0.000000
873 C 0.132369 0.000224 0.000106 0.125328 5.673747 0.119787
874 F 0.002851 0.049756 0.002581 0.109307 6.975404 0.057660
875 J 0.019472 0.049548 0.022150 0.030367 3.293567 0.002669
876 J 0.052136 0.000503 0.000563 0.116663 3.249569 0.065285
877 I 0.091770 0.107079 0.003745 0.107189 6.011481 0.114675
878 B 0.024996 0.026482 0.001419 0.123326 3.176098 0.066098
879 A 0.040580 0.077102 0.002289 0.119028 3.020710 0.085027
880 F 0.053432 0.049173 0.071272 0.033317 6.977801 0.044564
881 H 0.146216 0.026482 0.022503 0.059068 7.080718 0.098980
882 B 0.026898 0.065135 0.000325 0.094629 3.149727 0.055487
883 J 0.021936 0.116174 0.002248 0.020646 3.328508 0.057537
884 F 0.052402 0.048642 0.002386 0.109399 6.975952 0.068213
885 E 0.039565 0.056874 0.002217 0.123416 5.125868 0.079050
886 J 0.032811 0.053588 0.011863 0.112616 3.279228 0.067004
887 A 0.002609 0.000679 0.001801 0.130004 3.192315 0.067545
888 B 0.069205 0.049867 0.068534 0.109054 3.310796 0.091985
889 I 0.004788 0.021509 0.025825 0.046377 6.001660 0.000000
890 A 0.056167 0.021961 0.013527 0.114606 3.027078 0.067710
891 H 0.072179 0.048491 0.001218 0.109319 7.109766 0.077191
892 A 0.133195 0.047692 0.001117 0.106354 3.411208 0.114496
893 C 0.033768 0.052151 0.000135 0.124937 6.003669 0.077032
894 I 0.068849 0.000586 0.000202 0.114599 5.999860 0.071192
895 E 0.083400 0.040454 0.053394 0.004055 5.005063 0.044549
896 J 0.051181 0.034805 0.001819 0.122762 3.281700 0.074995
897 C 0.033516 0.050309 0.001249 0.108928 6.003199 0.062084
898 I 0.034404 0.000136 0.108435 0.189268 6.020503 0.158326
899 F 0.053631 0.069167 0.020154 0.098659 6.967418 0.070917
900 B 0.055474 0.096618 0.008616 0.013848 3.207913 0.050099
901 F 0.056308 0.076907 0.056844 0.030045 6.963270 0.052475
902 I 0.003919 0.015832 0.025825 0.046377 6.001448 0.000000
903 F 0.023033 0.000136 0.022113 0.124937 7.002695 0.066453
904 G 0.055495 0.074578 0.008616 0.002129 6.025837 0.030882
905 A 0.051963 0.076747 0.003305 0.009375 3.004045 0.030715
906 H 0.016561 0.000224 0.000534 0.114606 7.115139 0.053298
907 J 0.020936 0.116538 0.003745 0.020510 3.331618 0.057725
908 A 0.057196 0.072800 0.066893 0.040700 3.072719 0.058753
909 J 0.060502 0.033379 0.022150 0.030367 3.322969 0.016160
910 D 0.004791 0.054079 0.003231 0.043865 3.947525 0.007372
911 G 0.052664 0.012478 0.017405 0.057688 6.063180 0.018494
912 F 0.002851 0.049756 0.002581 0.222034 6.975695 0.165073
913 I 0.034598 0.048790 0.000124 0.111689 6.002374 0.064196
914 H 0.034601 0.049401 0.051562 0.109307 7.160492 0.072572
915 F 0.042180 0.076547 0.000174 0.023383 6.961736 0.027973
916 J 0.026567 0.065135 0.000325 0.094629 3.279571 0.055412
917 J 0.021224 0.031352 0.074393 0.098333 3.320219 0.066484
918 D 0.055226 0.078172 0.002539 0.003295 3.880968 0.033302
919 G 0.035924 0.049698 0.056639 0.047350 6.067552 0.033471
920 C 0.055220 0.035482 0.001954 0.031741 5.958216 0.010435
921 G 0.025362 0.001214 0.004441 0.047350 6.029208 0.000000
922 B 0.197490 0.047698 0.095451 0.048822 4.027480 0.167221
923 C 0.168856 0.049588 0.001359 0.013898 5.512852 0.114040
924 F 0.008213 0.049173 0.071272 0.033317 6.977788 0.030641
925 G 0.069422 0.051131 0.001405 0.045141 6.043428 0.034831
926 F 0.023398 0.122607 0.042536 0.000584 6.938722 0.069370
927 E 0.002845 0.049548 0.000091 0.031698 5.034146 0.000000
928 I 0.051888 0.056739 0.087882 0.009897 6.004019 0.054687
929 F 0.080857 0.048188 0.114957 0.133524 6.991323 0.137259
930 A 0.057931 0.000262 0.058048 0.086054 3.065821 0.056374
931 H 0.021936 0.122961 0.002248 0.020646 7.022299 0.064117
932 A 0.027487 0.001395 0.000212 0.121249 3.064445 0.061834
933 E 0.034113 0.114546 0.009000 0.000584 5.013118 0.057358
934 C 0.055225 0.048558 0.001359 0.052558 5.964751 0.027898
935 F 0.020355 0.064752 0.002642 0.031537 6.967707 0.012392
936 C 0.013247 0.049151 0.031471 0.047484 6.022608 0.013896
937 A 0.005952 0.020837 0.001258 0.108992 3.155511 0.048632
938 B 0.035369 0.042234 0.000136 0.060924 3.175574 0.019637
939 G 0.009576 0.116174 0.043008 0.096225 5.995383 0.094653
940 I 0.033142 0.014402 0.009434 0.112616 6.001252 0.056148
941 E 0.074425 0.002260 0.001218 0.031065 5.028302 0.018189
942 E 0.147571 0.040844 0.052638 0.026168 5.019717 0.101515
943 A 0.130856 0.040623 0.053598 0.004055 3.425950 0.084682
944 C 0.029742 0.096618 0.008862 0.013645 6.031020 0.039893
945 E 0.055929 0.049978 0.072605 0.028992 5.035194 0.045841
946 D 0.087770 0.078865 0.001405 0.027528 3.839223 0.058674
947 H 0.023261 0.048602 0.011694 0.021632 7.033076 0.000000
948 J 0.052136 0.120133 0.000563 0.116663 3.356620 0.112887
949 C 0.051913 0.056739 0.065552 0.005212 5.975985 0.038685
950 G 0.052133 0.000503 0.000563 0.116663 6.053215 0.065283
951 B 0.025362 0.001214 0.004450 0.030288 3.161411 0.000000
952 A 0.051998 0.078352 0.003230 0.052558 3.006718 0.045275
953 I 0.074425 0.077949 0.000754 0.031065 6.005893 0.049664
954 E 0.023478 0.033261 0.001805 0.031698 5.032532 0.000000
955 F 0.057931 0.000262 0.056844 0.012921 7.000621 0.019684
956 G 0.025383 0.049548 0.057382 0.030256 6.057924 0.022984
957 G 0.011927 0.096618 0.008862 0.054168 5.972630 0.049259
958 J 0.055474 0.074487 0.006058 0.002923 3.330496 0.030618
959 B 0.035369 0.078138 0.000136 0.061155 3.157678 0.042840
960 C 0.115053 0.078595 0.001405 0.030129 5.789233 0.080062
961 F 0.009735 0.056475 0.031471 0.047484 6.973257 0.018304
962 B 0.018478 0.012699 0.002322 0.060886 3.142696 0.002424
963 J 0.055226 0.018575 0.002843 0.004187 3.276102 0.000000
964 F 0.053432 0.073897 0.071272 0.033251 6.965434 0.057920
965 A 0.007067 0.040454 0.065416 0.003738 3.191680 0.014828
966 B 0.035924 0.049698 0.056830 0.047350 3.173833 0.033584
967 J 0.069478 0.040468 0.001405 0.045141 3.337646 0.029720
968 J 0.050861 0.049214 0.002260 0.031698 3.292738 0.015080
969 G 0.054859 0.149584 0.001359 0.097159 5.981392 0.124119
970 B 0.096813 0.049548 0.022150 0.030367 3.404283 0.052567
971 E 0.057158 0.048016 0.024070 0.046313 5.047562 0.028587
972 G 0.087752 0.035693 0.002642 0.031136 6.068700 0.037253
973 F 0.042180 0.076914 0.000174 0.023383 6.961552 0.028284
974 C 0.004791 0.054442 0.003141 0.017383 6.026823 0.000000
975 H 0.004782 0.021509 0.015543 0.046587 7.062108 0.000000
976 H 0.056294 0.078865 0.001396 0.047100 7.047517 0.045245
977 E 0.055191 0.046952 0.104112 0.008769 5.020287 0.064648
978 B 0.055474 0.001161 0.008719 0.002526 3.255273 0.000000
979 C 0.020138 0.063820 0.002642 0.041343 6.024025 0.016207
980 A 0.055554 0.186217 0.056844 0.044917 3.076146 0.144893
981 C 0.023261 0.035053 0.022150 0.030367 6.007538 0.000000
982 E 0.030150 0.035482 0.002200 0.001815 5.002623 0.000000
983 C 0.024114 0.011207 0.010085 0.028992 5.994439 0.000000
984 D 0.055226 0.042657 0.001404 0.146856 3.918515 0.100098
985 C 0.008213 0.049443 0.141979 0.033225 6.028108 0.091689
986 C 0.005055 0.049151 0.026912 0.152948 6.028187 0.100468
987 I 0.053459 0.041658 0.017003 0.057727 6.002641 0.028135
988 D 0.017289 0.075431 0.004523 0.045553 3.920916 0.027413
989 G 0.129991 0.049854 0.008616 0.002259 6.101189 0.077007
990 I 0.073604 0.056739 0.053529 0.009420 6.003524 0.045161
991 F 0.049254 0.049867 0.205417 0.047350 6.984802 0.159650
992 E 0.060445 0.033379 0.022150 0.030367 5.030144 0.016116
993 C 0.004782 0.012812 0.009171 0.057688 6.006484 0.000000
994 C 0.051913 0.056739 0.052997 0.005212 5.975920 0.031041
995 J 0.023261 0.049548 0.022744 0.030367 3.287931 0.004100
996 C 0.000640 0.054012 0.016220 0.043865 6.027709 0.008949
997 E 0.016009 0.040243 0.053394 0.001837 5.006178 0.006275
998 C 0.059694 0.034263 0.001954 0.031741 5.947677 0.013320
999 E 0.023261 0.065505 0.011784 0.044385 5.048535 0.020812
1000 C 0.053813 0.048558 0.001359 0.052348 5.967731 0.026920
1001 A 0.055226 0.018575 0.061095 0.004187 3.061223 0.022028
1002 H 0.004782 0.001203 0.015201 0.045487 7.060687 0.000000
1003 C 0.023261 0.049548 0.021099 0.030487 6.014756 0.003612
1004 E 0.023261 0.035050 0.022150 0.032021 5.033469 0.000000
1005 C 0.023261 0.000383 0.001805 0.031698 5.989587 0.000000
1006 C 0.029791 0.035624 0.031471 0.047484 6.001839 0.010996
1007 A 0.060502 0.012837 0.022119 0.058732 3.027933 0.025613
1008 C 0.059694 0.037889 0.021813 0.031741 5.950120 0.018012
1009 D 0.020355 0.042093 0.002963 0.013319 3.950555 0.000000
1010 I 0.004426 0.026108 0.025835 0.046374 6.001880 0.000000
1011 H 0.003667 0.010060 0.000746 0.028223 7.028961 0.000000
1012 G 0.024727 0.001320 0.004440 0.057931 6.028614 0.000658
1013 H 0.023261 0.065505 0.009297 0.078651 7.087612 0.042878
1014 J 0.013247 0.049151 0.009831 0.047484 3.299105 0.007804
1015 J 0.007129 0.040440 0.021980 0.002376 3.328869 0.000000
1016 C 0.055220 0.060774 0.001954 0.031741 5.970862 0.025557
1017 E 0.011380 0.056475 0.031471 0.047484 5.051594 0.018519
1018 I 0.035369 0.041879 0.000149 0.060924 6.001741 0.019455
1019 A 0.001847 0.021509 0.011131 0.041417 3.179641 0.000000
1020 F 0.053963 0.145246 0.000836 0.052348 6.927434 0.101052
1021 D 0.011205 0.082710 0.099619 0.043865 4.012283 0.074666
1022 E 0.025383 0.068573 0.057382 0.030256 5.037917 0.035248
1023 E 0.092717 0.001161 0.008719 0.002696 4.998475 0.030673
1024 A 0.087185 0.042234 0.000041 0.055583 3.082053 0.049189
1025 C 0.004791 0.054079 0.096639 0.175239 6.043522 0.144853
1026 C 0.026655 0.076244 0.004865 0.038823 6.024319 0.027247
1027 G 0.050861 0.004492 0.003916 0.182100 6.057811 0.126664
1028 C 0.030150 0.035486 0.002200 0.000249 5.999854 0.000000
1029 B 0.029665 0.052448 0.004450 0.030288 3.147995 0.005087
1030 D 0.013726 0.049009 0.002200 0.031537 3.947120 0.000000
1031 J 0.052664 0.033020 0.017436 0.029323 3.296368 0.008405
1032 E 0.019472 0.034250 0.043628 0.030367 5.033253 0.003665
1033 F 0.111506 0.002100 0.103059 0.178128 7.017551 0.171570
1034 B 0.050084 0.015832 0.034750 0.079007 3.242623 0.038539
1035 E 0.013781 0.055493 0.003158 0.029444 5.032434 0.001892
1036 E 0.001285 0.049903 0.000133 0.031698 5.034185 0.000000
1037 H 0.074425 0.002260 0.001218 0.031065 7.032246 0.018189
1038 A 0.047542 0.011207 0.038237 0.028992 3.042230 0.005972
1039 A 0.023200 0.049562 0.065586 0.031807 3.116228 0.028647
1040 C 0.016009 0.040243 0.053394 0.001837 6.015165 0.006275
1041 E 0.051020 0.012478 0.016982 0.086190 5.085332 0.039851
1042 C 0.000809 0.033261 0.001794 0.031698 6.016674 0.000000
1043 B 0.020122 0.063820 0.002642 0.046303 3.118334 0.018918
1044 H 0.020205 0.049195 0.012285 0.045961 7.058027 0.008857
1045 F 0.017781 0.012699 0.002322 0.060886 6.993792 0.002230
1046 H 0.025383 0.049548 0.057382 0.030256 7.087360 0.022984
1047 B 0.060445 0.033379 0.022150 0.030227 3.259493 0.016063
1048 B 0.023261 0.048602 0.012497 0.020327 3.131063 0.000000
1049 B 0.014866 0.042234 0.014995 0.061609 3.119093 0.015122
1050 H 0.030150 0.035482 0.000232 0.001710 7.001706 0.000000
1051 B 0.025146 0.002459 0.000232 0.029247 3.160045 0.000000
1052 A 0.055474 0.001161 0.008719 0.002526 3.008725 0.000000
1053 D 0.041550 0.033020 0.011178 0.029323 3.949620 0.000000
1054 F 0.004720 0.054079 0.003231 0.043865 6.973102 0.007367
1055 I 0.023478 0.033261 0.033041 0.031698 6.002147 0.000000
1056 D 0.044842 0.045448 0.012497 0.012509 3.935098 0.003750
1057 D 0.013247 0.011073 0.000089 0.045115 3.983279 0.000000
1058 C 0.001027 0.035053 0.047945 0.030367 6.018962 0.004213
1059 I 0.024081 0.048602 0.011954 0.021701 6.002615 0.000000
1060 G 0.104677 0.055458 0.003165 0.031698 6.073585 0.060169
1061 J 0.004782 0.044575 0.015712 0.045487 3.341679 0.003270
1062 F 0.025362 0.001214 0.004441 0.047350 6.999604 0.000000
1063 E 0.024114 0.049145 0.001412 0.031691 5.033815 0.000770
1064 I 0.000487 0.012699 0.000037 0.060886 6.000163 0.000000
1065 I 0.024727 0.001320 0.004440 0.057931 6.000251 0.000658
1066 C 0.004791 0.054442 0.002312 0.017383 6.026808 0.000000
1067 C 0.004215 0.021873 0.025198 0.042758 6.011663 0.000000
1068 F 0.023875 0.050698 0.022188 0.004187 6.974745 0.000000
1069 E 0.016009 0.049430 0.053394 0.029703 5.034866 0.017705
1070 B 0.029665 0.052525 0.004437 0.030288 3.147956 0.005146
1071 J 0.020355 0.042093 0.002963 0.013319 3.267993 0.000000
1072 A 0.017781 0.012699 0.002322 0.060886 3.090718 0.002230
1073 J 0.069358 0.049548 0.001054 0.030367 3.345211 0.027992
1074 B 0.003056 0.012775 0.039534 0.057699 3.106354 0.008666
1075 G 0.047542 0.011207 0.038237 0.032020 6.079589 0.007308
1076 H 0.030366 0.031673 0.004450 0.002822 7.007060 0.000000
1077 B 0.016009 0.040243 0.041563 0.001837 3.116907 0.000000
1078 B 0.001847 0.021509 0.089347 0.041417 3.102531 0.038318
1079 A 0.017012 0.034250 0.026860 0.030367 3.107374 0.000000
1080 I 0.003919 0.015832 0.025825 0.031681 6.001069 0.000000
1081 A 0.013899 0.048994 0.091628 0.031537 3.180403 0.046971
1082 J 0.030150 0.035482 0.012325 0.004386 3.261566 0.000000
1083 A 0.023656 0.049903 0.000977 0.027318 3.049656 0.000000
1084 C 0.023295 0.011207 0.009825 0.034851 5.995253 0.000000
1085 H 0.013781 0.049583 0.001798 0.029444 7.031091 0.000000
1086 J 0.007129 0.039836 0.021469 0.002376 3.327877 0.000000
1087 I 0.030270 0.163630 0.001587 0.031537 6.026811 0.106876
1088 G 0.030087 0.011512 0.000091 0.028998 6.024288 0.000000
1089 E 0.004611 0.033261 0.001794 0.031698 5.032797 0.000000
1090 A 0.042769 0.026108 0.025835 0.075319 3.038521 0.031581
1091 A 0.004791 0.054079 0.003078 0.043865 3.137213 0.007365
1092 A 0.030730 0.035122 0.002850 0.012860 3.033035 0.000000
1093 A 0.054612 0.046458 0.003404 0.030367 3.004966 0.015439
1094 I 0.023261 0.040361 0.021099 0.050285 6.002684 0.009220
1095 G 0.162192 0.035405 0.001455 0.031537 6.121933 0.106486
1096 D 0.023261 0.003349 0.001805 0.031698 3.986080 0.000000
1097 H 0.023956 0.021041 0.026526 0.028223 7.054638 0.000000
1098 F 0.133765 0.049585 0.022150 0.030356 6.976383 0.085026
1099 E 0.024596 0.035050 0.030539 0.028992 5.030850 0.000000
1100 J 0.013247 0.049151 0.009629 0.040140 3.298882 0.003038
1101 B 0.003919 0.015832 0.025825 0.031681 3.101207 0.000000
1102 D 0.075194 0.035050 0.018184 0.032266 3.915573 0.028353
1103 D 0.024596 0.035050 0.029917 0.028992 3.981477 0.000000
1104 G 0.030087 0.011332 0.001729 0.033394 6.026029 0.000000
1105 B 0.025331 0.007853 0.010085 0.028992 3.157932 0.000000
1106 D 0.013726 0.049009 0.009782 0.031537 3.954702 0.000000
1107 C 0.056943 0.000383 0.001805 0.031308 5.936924 0.002509
1108 J 0.023124 0.033330 0.032798 0.002183 3.282662 0.000000
1109 G 0.017012 0.034193 0.026860 0.031637 6.026779 0.000000
1110 C 0.023261 0.035500 0.022205 0.030367 6.007763 0.000000
1111 E 0.024115 0.007608 0.064570 0.029012 5.032949 0.012669
1112 A 0.023656 0.048695 0.000907 0.032353 3.050256 0.000574
1113 I 0.029885 0.078857 0.000517 0.045968 6.006229 0.033546
1114 B 0.025424 0.015832 0.024782 0.039894 3.156214 0.000000
1115 H 0.032052 0.021873 0.012653 0.042758 7.055257 0.000000
1116 J 0.030150 0.035482 0.000129 0.005497 3.250309 0.000000
1117 B 0.014583 0.002463 0.001939 0.051787 3.135828 0.000000
1118 D 0.021284 0.021509 0.007756 0.015564 3.975281 0.000000
1119 C 0.004426 0.026108 0.012276 0.066110 6.013479 0.009767
1120 C 0.022323 0.078160 0.009837 0.085268 6.030098 0.055714
1121 F 0.000070 0.012699 0.042445 0.060886 6.996235 0.012799
1122 B 0.025014 0.075411 0.000092 0.029133 3.123190 0.022124
1123 F 0.024601 0.038939 0.016069 0.004187 6.980598 0.000000
1124 I 0.030150 0.035482 0.002200 0.001815 6.001249 0.000000
1125 B 0.075884 0.001161 0.008719 0.002526 3.333856 0.013934
1126 I 0.020355 0.042093 0.112776 0.013319 6.003270 0.060309
1127 E 0.094073 0.033020 0.004326 0.005681 5.002364 0.037455
1128 C 0.004791 0.054442 0.003778 0.017383 6.026834 0.000000
1129 E 0.026001 0.033441 0.018537 0.028967 5.030090 0.000000
1130 G 0.046695 0.001361 0.072758 0.024662 6.118200 0.027412
1131 H 0.004782 0.012812 0.001590 0.057688 7.059265 0.000000
1132 F 0.034521 0.001161 0.008719 0.002951 6.999448 0.000000
1133 D 0.007483 0.025876 0.022223 0.057306 3.993662 0.004607
1134 E 0.020355 0.043991 0.002642 0.030267 5.032000 0.000000
1135 A 0.004788 0.021062 0.025769 0.046377 3.177024 0.000000
1136 E 0.023478 0.013296 0.001805 0.031678 5.031582 0.000000
1137 H 0.024081 0.049810 0.011954 0.027187 7.038876 0.000293
1138 G 0.055611 0.018718 0.002737 0.031593 6.048029 0.004197
1139 A 0.003133 0.147187 0.001575 0.031698 3.100270 0.088102
1140 C 0.011871 0.048602 0.056011 0.020327 6.022659 0.015304
1141 D 0.006135 0.011073 0.011922 0.044030 3.998660 0.000000
1142 B 0.004554 0.118046 0.003353 0.031698 3.050868 0.059859
1143 A 0.001046 0.042093 0.003376 0.049107 3.166264 0.002275
1144 I 0.032032 0.035486 0.002200 0.000249 6.001243 0.000000
1145 A 0.031702 0.022524 0.034452 0.012860 3.065029 0.000000
1146 I 0.017431 0.040243 0.000384 0.001837 6.001618 0.000000
1147 H 0.002986 0.002101 0.000231 0.031812 7.032042 0.000000
1148 C 0.044137 0.033034 0.013800 0.031698 5.978746 0.002574
1149 H 0.006924 0.066527 0.002312 0.017383 7.019593 0.006647
1150 H 0.007129 0.043207 0.115418 0.002376 7.117727 0.060969
1151 H 0.007938 0.032953 0.011178 0.029323 7.040444 0.000000
1152 D 0.013206 0.049182 0.002088 0.000369 3.947100 0.000000
1153 J 0.026001 0.020938 0.018537 0.028777 3.255631 0.000000
1154 G 0.007129 0.039836 0.021469 0.002376 6.008678 0.000000
1155 I 0.023656 0.049903 0.000996 0.019321 6.002503 0.000000
1156 D 0.020452 0.001214 0.004450 0.103744 3.993968 0.043342
1157 D 0.056046 0.001161 0.008747 0.002526 3.963241 0.000000
1158 D 0.024139 0.008026 0.010085 0.028992 3.989016 0.000000
1159 C 0.038600 0.001041 0.000230 0.029232 5.971260 0.000000
1160 I 0.023060 0.042093 0.020639 0.013493 6.002044 0.000000
1161 D 0.016009 0.230613 0.032688 0.001837 3.794609 0.170974
1162 E 0.003919 0.015832 0.128883 0.024476 5.041330 0.069697
1163 I 0.030150 0.056415 0.002200 0.030964 6.003237 0.008600
1164 H 0.002746 0.049548 0.000252 0.031698 7.031921 0.000000
1165 E 0.003856 0.011073 0.025559 0.055612 5.056380 0.000000
1166 E 0.023478 0.013296 0.001146 0.042136 5.042038 0.000000
1167 A 0.054757 0.021509 0.007756 0.014534 3.008045 0.000000
1168 A 0.004160 0.228144 0.001937 0.021754 3.064112 0.166725
1169 B 0.024624 0.035050 0.035387 0.028992 3.143526 0.000170
1170 G 0.024569 0.034101 0.012497 0.020710 6.019938 0.000000
1171 B 0.019551 0.015832 0.002298 0.039945 3.139725 0.000000
1172 C 0.001847 0.156063 0.001435 0.038267 6.078019 0.098203
1173 A 0.031702 0.022139 0.034452 0.030520 3.065890 0.000000
1174 I 0.006241 0.011078 0.011778 0.034851 6.000533 0.000000
1175 H 0.054100 0.037490 0.005371 0.009120 7.014044 0.004165
1176 F 0.040743 0.033989 0.021980 0.002376 6.983062 0.000000
1177 C 0.030150 0.048948 0.009895 0.031569 6.006897 0.003828
1178 F 0.030150 0.104006 0.000129 0.002030 6.947998 0.045807
1179 A 0.004611 0.033261 0.001774 0.027417 3.146318 0.000000
1180 B 0.025265 0.061899 0.002963 0.030927 3.130866 0.011223
1181 E 0.001322 0.049903 0.000154 0.167146 5.169633 0.111942
1182 B 0.025306 0.000467 0.003077 0.007957 3.159911 0.000000
1183 A 0.023261 0.000107 0.001805 0.031713 3.068734 0.000000
1184 J 0.016479 0.035050 0.004478 0.030216 3.271537 0.000000
1185 J 0.023124 0.033330 0.041673 0.002183 3.290440 0.000000
1186 I 0.048130 0.033240 0.001805 0.031698 6.001106 0.004054
1187 C 0.017012 0.127955 0.026860 0.001394 6.058308 0.069353
1188 E 0.004887 0.051055 0.013619 0.046377 5.049154 0.007976
1189 D 0.009299 0.015832 0.070429 0.107693 4.052109 0.067481
1190 I 0.032032 0.035486 0.001279 0.000249 6.001243 0.000000
1191 D 0.055391 0.018575 0.005204 0.005217 3.943040 0.000000
1192 B 0.014583 0.002463 0.001807 0.051787 3.135828 0.000000
1193 E 0.013698 0.049009 0.002200 0.031537 5.033847 0.000000
1194 F 0.023288 0.049550 0.029917 0.028610 6.976081 0.006137
1195 E 0.024127 0.011108 0.023953 0.028940 5.029346 0.000000
1196 I 0.000487 0.021145 0.009351 0.041783 6.000838 0.000000
1197 E 0.020355 0.055826 0.088098 0.012607 5.023273 0.044510
1198 D 0.023189 0.011202 0.009969 0.044030 3.986498 0.000000
1199 A 0.064307 0.000291 0.008719 0.002526 3.013648 0.002445
1200 H 0.023656 0.003769 0.007455 0.027318 7.034754 0.000000
1201 A 0.055474 0.001161 0.005510 0.002526 3.005516 0.000000
1202 B 0.023069 0.015832 0.002298 0.020466 3.146784 0.000000
1203 E 0.024345 0.008301 0.001412 0.028988 5.028762 0.000000
1204 C 0.013206 0.049182 0.001794 0.000478 6.021151 0.000000
1205 D 0.003169 0.015832 0.001973 0.031681 3.985092 0.000000
1206 I 0.025331 0.007853 0.020480 0.028992 6.000647 0.000000
1207 G 0.019837 0.000901 0.027453 0.017161 6.046799 0.000000
1208 I 0.023261 0.008190 0.041585 0.032383 6.001407 0.000000
1209 D 0.056046 0.001161 0.008747 0.002466 3.963241 0.000000
1210 F 0.013726 0.054426 0.009782 0.031563 6.973096 0.002635
1211 I 0.023261 0.000317 0.001752 0.031698 6.000049 0.000000
1212 E 0.023656 0.073984 0.000960 0.027321 5.032500 0.019844
1213 I 0.041950 0.001988 0.003852 0.028992 6.000079 0.000000
1214 A 0.054757 0.021509 0.007756 0.012442 3.007989 0.000000
1215 A 0.024003 0.002847 0.011052 0.107055 3.084519 0.047805
1216 I 0.007914 0.018575 0.022018 0.004187 6.000437 0.000000
1217 A 0.030730 0.035122 0.033746 0.006488 3.063808 0.000000
1218 G 0.013247 0.011073 0.000061 0.045115 6.007850 0.000000
1219 D 0.025362 0.001214 0.003604 0.030299 3.988412 0.000000
1220 B 0.041550 0.035055 0.011178 0.029315 3.192896 0.000266
1221 E 0.023124 0.033330 0.032798 0.051085 5.053003 0.010513
1222 J 0.030183 0.021707 0.053723 0.012860 3.286163 0.004086
1223 D 0.020355 0.083072 0.002612 0.093493 3.910039 0.064240
1224 D 0.009030 0.042093 0.002963 0.013319 3.957268 0.000000
1225 B 0.055474 0.001402 0.008719 0.002526 3.255152 0.000000
1226 B 0.019744 0.048602 0.012497 0.039807 3.123976 0.004528
1227 J 0.013495 0.051823 0.002200 0.031541 3.293730 0.000000
1228 J 0.030150 0.035482 0.002194 0.046616 3.252334 0.003423
1229 B 0.025908 0.002459 0.024413 0.026893 3.162497 0.000000
1230 B 0.016009 0.040243 0.041563 0.000823 3.116901 0.000000
1231 D 0.013970 0.021509 0.007756 0.050190 3.980129 0.000000
1232 I 0.023124 0.033330 0.000012 0.001663 6.001105 0.000000
1233 B 0.025306 0.007039 0.003077 0.054754 3.162485 0.000000
1234 C 0.031702 0.023020 0.034207 0.013371 5.992195 0.000000
1235 D 0.030150 0.035482 0.000184 0.005497 3.946789 0.000000
1236 A 0.004611 0.033049 0.001791 0.027415 3.146445 0.000000
1237 J 0.037110 0.035377 0.000905 0.030216 3.254213 0.000000
1238 A 0.025424 0.021502 0.024862 0.035657 3.076672 0.000000
1239 J 0.054453 0.040440 0.002810 0.002376 3.294499 0.005427
1240 D 0.006135 0.005193 0.010929 0.022525 4.003474 0.000000
1241 E 0.024127 0.025476 0.023953 0.000678 5.001609 0.000000
1242 A 0.004788 0.021062 0.026623 0.046366 3.177877 0.000000
1243 J 0.021374 0.033014 0.029917 0.026329 3.282390 0.000000
1244 J 0.014583 0.002463 0.001807 0.003038 3.243143 0.000000
1245 J 0.031669 0.036299 0.012828 0.004386 3.262853 0.000000
1246 B 0.017012 0.034250 0.115572 0.011930 3.134368 0.059818
1247 J 0.111214 0.020077 0.027256 0.044030 3.388494 0.061811
1248 G 0.002323 0.002436 0.021469 0.002376 6.022574 0.000000
1249 A 0.073476 0.000025 0.001764 0.012859 3.022403 0.012114
1250 J 0.023261 0.047115 0.003005 0.032173 3.268179 0.000000
