1  -0                       -5                       -2.4165842452978831822    1.8576240392458380768   -2.21920178702237747     -1.5769990683014039057  171.08233970500828036      0                     
2  -0                       -5                       -1.5758185612602355619    2.4587593491791661648   -2.6137680719250582229    2.5516904497794703488  210.10849197322681903      0                     
3  -0                       -5                       -0.95266843115740229564   1.649174051238807337     2.7502416264926026201    4.2783971547642085653   92.019662107217925495     0                     
4  -0                       -5                       -0.81892557138396782079   3.3998271729098235028   -3.4853816067533061052    0.65793218423098576153 219.27904760313163024      0                     
5  -0                       -5                        4.1756809696731362891    3.8574034834647097369    3.0126808464556660283    0.78717224954639153367  38.10308658368183643      0                     
6  -0                       -4                       -3.2148345314233646164    2.3727388824272752643   -2.7725408763716012928   -0.37545629012758219289 202.37579024009090745      0                     
7  -0                       -4                       -0.54753021030862125684  -0.90833261389634500915   3.060356002741887238    -2.163796607893222923    40.162268753260285337     0                     
8  -0                       -4                        2.8938535568910932483   -1.7028659359636248993    3.8330328651237532966   -1.5596270107026892759   30.392710299697540677     0                     
9  -0                       -3                       -4.1489939497276973057   -0.72735312826171316658  -1.9809526852908589944   -2.8741606514064659272  185.65781517796693834      0                     
10  -0                       -3                       -3.2981477577623015129   -0.56200255575325996915   2.2815663320202306252   -2.1235329372242244261   75.792536533521030151     0                     
11  -0                       -3                       -0.25835300340744460357   3.67043225546455254     -4.6103084862489041029    1.2961923888332353982  260.38917673347157233      0                     
12  -0                       -3                        0.32922078024034551191   0.52529589615885630138  -2.4494593839586693562    4.5741539235399457652  219.84042806201733811      0                     
13  -0                       -3                        0.52300133974982099261   1.1996324493471295369   -3.8264410894037630406    3.5134006143423572865  251.15515661372492673      0                     
14  -0                       -3                        2.7160245379703171764   -3.8548320833876492664    2.6142121167110463631    4.0926013110886785284  124.25527125945640705      0                     
15  -0                       -2                       -2.8597715657576388004    2.4125169081953004024    3.3089852297854722707   -1.7853482042327555313   52.71694152599459926      0                     
16  -0                       -2                       -1.3909464853717046218    2.959260906587804385    -1.1034305041353444921   -1.3607969700345141639  122.99059408578547448      0                     
17  -0                       -2                       -0.39261099824044176643  -3.2025162060285259358   -4.4276833666320154492    3.5528990653000995792  306.92475211530654633      0                     
18  -0                       -2                        2.3251850828587041775   -2.2463995026144507605    3.7073258832114106553   -0.69253505969556616861  47.910762979508490389     0                     
19  -0                       -2                        2.9933870870759839988    3.9222072434275272457    2.6891027822754747234   -2.0275150564718478208   32.297499724815637023     0                     
20  -0                       -2                        3.5233628123276936606   -1.7517739953438535849    4.7812434260844973721    1.1419483690620282346   51.674516813184098396     0                     
21  -0                       -2                        3.7725593330274715953   -1.8813024123155752676   -2.8232878022493377301   -3.8060032636329226285  177.03638356198615611      0                     
22  -0                       -1                       -3.922070180365987202     2.7495911964874073519    4.5215041652294267749   -1.2630332856508204031   62.974209445342921754     0                     
23  -0                       -1                        3.7034819090746999848   -2.409543191892144165    -4.6755818290268651438    0.10115616029000129572 260.35523986776263428      0                     
24  -0                       -1                        4.7349095080750007725    1.2371276397111650169   -3.770826811732451489     0.74071187085333356492 211.21976382553651774      0                     
25  -0                        0                       -4.9667828916184255661    4.3112785243843561034    4.918262738156659708    -4.1778442939458981797   79.838148752087235493     0                     
26  -0                        0                       -1.0155029162024540312   -1.3817390642396802924    1.7713492296724622221    1.0936114514231709549   92.854947447119144499     0                     
27  -0                       -0                       -0.75219241440890449724  -2.1400036753481268548   -3.0532558320757443582   -1.8844785747547816435  192.72941390880899348      0                     
28  -0                        0                        0.12050671629929876616  -2.7375697392204085823    0.74662020061629608136  -0.01461872234504824064 105.92786694599615771      0                     
29  -0                        0                        1.8027914898942212218    2.5019407564623454832    0.09776406486777045046  -0.7343424952358494906   81.351035169293595573     0                     
30  -0                        0                        4.3264109397058074791    2.2435333753494077769    2.6632954583107402158   -4.7649636613821995113   38.508765886845864657     0                     
31  -0                        1                       -2.6455689232204040451   -3.0295824143250742466   -3.2699686467111970245   -2.6481905481812679781  219.81350339780490799      0                     
32  -0                        1                       -2.4758104957971900362    4.6199144570203305449    1.0305547362264597666    4.459059222436600578   149.36234250561076919      0                     
33  -0                        1                       -2.0940179261830675905   -4.8297859463599630558    4.4292086256270319922    0.40728198254340153284 115.99922080277283953      0                     
34  -0                        1                        2.7464978164946263206    4.9932430113494810087    3.597345220490982598    -2.0749487076129180529   37.492673934072712427     0                     
35  -0                        2                       -2.517581831807639059     4.6360714348815541541   -4.2698619218240168038    4.4777080997151887942  286.22357331560601779      0                     
36  -0                        2                       -1.2806057138245718896   -1.9468473424390375648   -3.8923007722538045527    2.7743158457352903312  252.93819545860250741      0                     
37  -0                        2                        3.9060898992945638497    2.0679123471183489258   -3.1099651491370279288   -2.6176728054767024467  156.62539411416364032      0                     
38  -0                        2                        4.0216706734356328923    3.4574860494562482671   -0.89830849136497015195   3.0459500961190286716  140.01350146142937092      0                     
39  -0                        2                        4.8931928997610683041   -1.606306355432523425     1.41946156560120329     -1.2276953332966726862   80.062465164469216461     0                     
40  -0                        3                       -2.538529566785288516     0.967827734359189229     0.65213316912269192471  -0.08947815782300772014 103.72814957926634349      0                     
41  -0                        3                        2.9550221155292870634   -2.3992242970114006084   -0.81196908882011253894  -3.1810680465418226248  115.49519263014501291      0                     
42  -0                        3                        3.4123430360603013156   -2.311531861687901479    -1.2038159593560617822    3.9985033952627571097  180.02779483666247984      0                     
43  -0                        4                       -3.2488070232286445638   -2.041503331850943681     0.30907305627496484135   0.71431923920311568565 141.62133170500962365      0                     
44  -0                        4                       -1.0543118772145776418    2.1374320651336482513    2.1502513739863076125   -4.6320097776049147242   61.988923149387773037     0                     
45  -0                        4                       -0.21336993819103522441   1.7112758292920435821    3.6294660435514831676    4.9667782093553753953  119.56592026756409552      0                     
46  -0                        4                        0.24276989694749229187   1.5332866570136092221    4.9750959103869050182   -1.182753262067233635    51.575783028614054615     0                     
47  -0                        4                        2.1884872499593743811   -0.39891077852782608204  -1.2529039149140559495   -2.3170956959754915871  109.58888948133527208      0                     
48  -0                        5                       -3.8954071700950327894    3.0169873456898272934   -2.1981192661444937109   -0.65038434519674215295 169.37218304170926331      0                     
49  -0                        5                        4.285155705910135282     4.7107553245602389325   -0.01563404777916943544   1.784865025722312204   111.50465195088449377      0                     
50  -0                        5                        4.9331907810798192315   -2.7235533028585416915    1.2713765685302309549    0.47822137876527559541 107.1729434849330147       0                     
51   1                       -5                       -4.3528144429948838479    1.9275273518002418172   -4.8554001230642667153    0.01461263171271731665 629.15276259951531301      0                     
52   1                       -5                       -1.7345846340761639226    3.5101253488978336748    4.3965464524063015972   -4.8596138983870886818  613.26646520140684515      0                     
53   1                       -5                       -1.5547909117897020792    4.1069370590864995307    2.7994952844920328872    3.7044880736319232284  401.84561237469705475      0                     
54   1                       -5                       -1.183305111407140231     0.58076186139309537992  -3.444950329390886079     4.3073651629672458085  463.18113927528850127      0                     
55   1                       -4                       -4.9449198877931541674    4.4353573040342944012   -2.9569279097851666194   -4.55242356566846329    845.01836406465849905      0                     
56   1                       -4                       -4.8765443236124417226   -3.947841115733881967     1.9648247361101267572   -0.51580792534688413298 549.19049291784710931      0                     
57   1                       -4                       -2.6317188762124592571    1.0155748714651551268    2.0073760852002022759    0.39331882745648005795 137.90428864875013915      0                     
58   1                       -4                        0.27673899533927226457   2.316037769006262792     3.2352025268526123369    4.9448897172102910247  417.69689314237126609      0                     
59   1                       -4                        0.34549537357226078882   1.9573520363674852263   -2.9144618123492991302    1.3550484743795943032  237.60228452101074481      0                     
60   1                       -4                        0.90444625325914884684   3.5514614223389564529   -3.2408768803907737066   -0.598880931882237455   339.38465730859036285      0                     
61   1                       -4                        2.1451490023200907586   -2.2782024385512036346    3.8981743825284862481   -0.27184050648283264451 338.11429596614993898      0                     
62   1                       -3                       -4.3101487232473401079   -0.19018857981781245314  -2.1099010794524186707    4.4168860421943367811  520.35702909115957482      0                     
63   1                       -3                       -3.5976178932619014006    4.6816045357026805362    2.4108554690403058984   -4.1554545337230557323  583.65777572513957239      0                     
64   1                       -3                       -2.7837752212499675686    0.82031400395874953801  -1.0863710711600811365   -3.2724594550764019019  273.40982720608718637      0                     
65   1                       -3                       -1.9333144323667466047    0.41707252227943580891   0.61550196768145681858  -0.71833905125619068599  80.86575861061488979      0                     
66   1                       -3                       -0.68616218824238206508  -2.1220666064932163231   -1.5319225350857221812   -1.6883692712418350013  219.14398760060336713      0                     
67   1                       -3                        0.44481047215207425438   1.3399470107102020577   -0.18097972114282789846   3.9567005547361215889  217.31823544793920178      0                     
68   1                       -3                        1.2175598934100850812    4.7447342791543505314    1.7665781606531805181    3.5910961526347708883  392.66118090925289152      0                     
69   1                       -3                        2.2542607506242564597   -1.6588717035077369388    3.6457456496495463938   -3.8515926525272101699  455.51769530804654096      0                     
70   1                       -3                        2.6829728386480447      -4.5812075015268929334   -4.5861203336046978407    2.6587586164766516816  828.55521297104985479      0                     
71   1                       -3                        3.6438858405090606141   -3.0852630966386280775   -3.2316329955817897357    1.6752195504281095495  561.67124305565130271      0                     
72   1                       -3                        4.4577549160592617739   -4.9267673086902981083    4.4746746419016290019    2.1795794401425503395  855.12565567087290219      0                     
73   1                       -2                       -4.5257399398272566415    1.4783748380789472066   -2.5231574802325313911   -4.0355716297252968161  544.99060188053772436      0                     
74   1                       -2                       -3.0678652702988742362   -4.1442987879065249501   -3.6944646681878867689   -4.400454847095639721   817.30452974494346563      0                     
75   1                       -2                       -2.9989992774865430469   -1.0222431927505515326   -4.1758465358620773245    4.0530596367051803242  582.84678158473502663      0                     
76   1                       -2                       -2.3667319530000439087    2.2671199814572737807    4.0663228553719026337   -1.5026189831557261734  287.21526563056795567      0                     
77   1                       -2                        0.17162677580606189309   0.04814646439971603797  -2.0911582737131566567   -3.7118444597531370377  282.83703734087907833      0                     
78   1                       -2                        1.0594755524519854362   -1.4359516772758103009   -3.1620264760751028987   -0.97598142718026537068 276.35871814778369071      0                     
79   1                       -2                        1.386678224146989713    -0.77193604807957783009   1.209735485975724778    -2.5930373344942241332  169.79515003509376925      0                     
80   1                       -2                        4.9849291714726930991    3.1754487491233227558   -3.0227299872062625141   -3.4034474373803118574  688.12243435411573955      0                     
81   1                       -1                       -4.6260539114458305576    2.7220132752295302936   -4.5541138237545837342    0.51077866902981128305 587.8128788483588778       0                     
82   1                       -1                       -4.4633270716907755826   -0.93705662902686537308   0.99779143220072796794  -1.4694481969817498879  278.66617285110623925      0                     
83   1                       -1                       -3.5400862717085406217   -2.5414741103245890308    0.21151104231322648275   2.3094783516855619254  309.06686472218655126      0                     
84   1                       -1                       -2.7005818907483285507   -3.4647253048368868988    0.13976594108927464788   1.860568539936537924   311.79445948797462052      0                     
85   1                       -1                       -1.4332941027823746794   -0.20420284454498194293  -0.53451036860572820331   0.15714167537101086936  58.595654783406359911     0                     
86   1                       -1                       -0.62793120272952673844  -1.2903895517944019566    3.515202221712531383    -3.5764074957952232126  326.39377003843566172      0                     
87   1                       -1                        0.61381857167319786583  -0.73474233000727284804   2.4562082300869612084   -1.2785847640856911056  118.91237359751424663      0                     
88   1                       -1                        1.4724092697194803847   -4.2306152913945913596    2.2195854984114218311    0.88964713033979059276 360.06926076111278689      0                     
89   1                       -1                        4.6101067183795620963   -1.8210123916360734242   -3.54311331227494275     -4.6855994728825987039  799.34783851762506401      0                     
90   1                        0                       -4.4915218967924648297    2.5794127892577272121   -2.3230510790109910602    1.1325520243881932458  354.97384738313894559      0                     
91   1                        0                       -1.9538586697278526039    0.93562400171120962966  -0.53081166630862508526   0.96018357395509212893  64.299849699255872792     0                     
92   1                        0                       -1.8070665557885230434   -0.42456356723743926551   1.3230803541660032252   -4.9361766706305036934  344.5216890455126304       0                     
93   1                       -0                       -1.719064700670012158     0.32458450308952446761   4.9643362320022816903   -2.5387653434428929522  359.84466527288287807      0                     
94   1                        0                       -0.49357180789273780164  -3.4678949933036298248   -3.19643131069911135      4.8580363589939761226  607.31796556278845856      0                     
95   1                        0                        0.81777138423277939694   4.0591037216501089091   -4.5323144474142029736   -0.60901613334248505538 454.0630102380771973       0                     
96   1                       -0                        1.9917321754056960259    3.7622278249967457953    0.33680145697128072158   1.8048496800563729181  200.93431505882182364      0                     
97   1                        0                        2.5863395273964098209    1.7868538686043713426   -2.3462269151923771382   -1.6015527094795567464  239.71608243391779069      0                     
98   1                       -0                        3.0639212180310675393    1.282389737382155559    -0.42244983090144749838   1.0560570670887967637  153.32542845933119224      0                     
99   1                        0                        3.0877985573422925825   -3.9052110620786462114    4.1717240336673295786   -1.1028089045010220914  546.29096736747146679      0                     
100   1                        1                       -4.5862850126002339124    2.1158349565034351158    1.5592444769011919448    0.58983072369743538843 251.58938240269503694      0                     
101   1                        1                       -3.3256904646736469289    1.8755941048828557172    1.8718477015162768851   -3.7891283046196049256  318.22350965572792347      0                     
102   1                        1                       -1.6177089653096725641    2.6566302119265214898   -3.3438141542899302294   -0.05957436726729081755 236.31235415100394448      0                     
103   1                        1                       -0.70192106720104874285  -4.2624545530018211892   -1.451408056903492394     2.5906579357084495996  381.54826984185774563      0                     
104   1                        1                       -0.05248056936213174595  -4.6393350926009011559   -0.75331352314756117039  -4.5674827556593378119  573.64189559382657535      0                     
105   1                        1                        0.74140902221546145512  -2.5891445830206256673   -2.5716089445488234944   -4.2114841802460496467  445.14234272198837061      0                     
106   1                        1                        0.94499014739684206177  -1.0370524912770804349   -1.7971340638889152785    1.4888761446009262102  128.5793410796364924       0                     
107   1                        1                        2.0199671712440050442   -1.2655105867963700739   -1.3237556188267394219    0.26801529328835815846 135.83373499904234905      0                     
108   1                        1                        3.800969799111511449    -0.03380825004241039267   3.1447325983654543791    3.650970979737499178   411.34298977655015506      0                     
109   1                        1                        4.4837450768915978472   -4.9640732358669410473   -2.8522916549084764704   -3.3488689495441974486  858.64623825114108513      0                     
110   1                        2                       -4.7886610460674070566   -0.34290430451345255136   2.7061540072565328785    3.4417171450118484444  418.23597967581076773      0                     
111   1                        2                       -4.717003046709656644     3.5882358280371171588    4.613046726703887046     1.0114739118015414476  531.03697562305433166      0                     
112   1                        2                       -2.2511602396575018936   -0.1260855705693249007   -2.3972765186872817544   -2.8530522559349700273  235.19214315981437835      0                     
113   1                        2                       -1.8438396524817619593   -2.9519243394611227593    0.58103822934931059763   0.627647497309600233   169.58162222032660793      0                     
114   1                        2                       -1.1623470354737590604    1.6905025458251676795    0.40017107065460599813   3.8960008921558042516  168.7272237923041871       0                     
115   1                        2                       -0.17718573423968297931  -0.87439455657911668851   2.599118474731016093     3.1270039166386709439  176.83716911958535434      0                     
116   1                        2                        0.87918572279450568629   1.391703736190304852    -4.0163146689028899061   -0.78263049720537303244 252.12998883471897216      0                     
117   1                        2                        2.3641790965954259107    4.2145472201552589553   -1.1697474337267719235   -3.4995143247456712565  377.63053315172140856      0                     
118   1                        2                        2.8520333724295179323    3.2846119278928433971   -4.746998302168289996     3.2407698187451110527  592.07852559286311589      0                     
119   1                        2                        4.1211665377225337181    0.18494709438759571185   4.8768073282228172616   -0.83405001601220973839 456.69395034046283399      0                     
120   1                        2                        4.5472458257139471982   -0.52585796395453154872  -0.718053179044444434     1.1748942940282240954  285.42692453097447469      0                     
121   1                        3                       -4.3799466437225413884   -4.7305972214704219425    2.0402074761859934071   -4.2353369922614660936  739.89911804960559039      0                     
122   1                        3                       -3.3848821837264617685   -3.7923716982886439553   -0.4726358711190137285    3.0997937816582759041  417.05403800916087675      0                     
123   1                        3                       -2.3278702916021472014   -3.3560890117790753706   -2.2525871166150523983    4.0325881302665429473  457.89958723269955954      0                     
124   1                        3                       -1.6383022178829733662    2.8641563074657439003    3.2061338177353135848    2.4037302562742803858  212.6562028866952403       0                     
125   1                        3                       -0.12495543339560288842   3.7276282377527785172   -1.8207007945951465544    2.3708405741422531321  195.54212334182500399      0                     
126   1                        3                        0.15641058084005710072  -3.2654612504486291158    3.7881608586575588049    2.8119382838358344401  377.76650419384441193      0                     
127   1                        3                        0.99325466637032100436  -3.0476922482130328618    3.3609924039479786018    1.2168375690274029211  275.01088634542145428      0                     
128   1                        3                        1.5551564077199024894   -3.2941853327507892857   -3.511823766735651553     4.2543362492821970022  555.58001662954382027      0                     
129   1                        3                        1.6550904487155122524    2.0247187541932918364    3.4838278950464829364    3.3804956418183866873  276.46941579750830442      0                     
130   1                        3                        1.6752062049248586106    0.63013468282998896797   2.4826769176364589242   -4.8961246616663700593  356.64483030557823895      0                     
131   1                        3                        2.1196653844213573237   -1.4848856912036936251   -4.2020423523077532479    0.53451162042744559955 343.5896002469021937       0                     
132   1                        3                        2.3746643171043446685    2.5611964570345655545    0.43978984571833201755  -3.8893645682968269739  274.51119218126649457      0                     
133   1                        3                        3.6135168671949884356    3.2047695282159303076   -2.2890485549320112035    1.5127987922199057635  318.429685624054855        0                     
134   1                        3                        4.2611439798014423275    3.8856084123763583449   -0.68942016544505513309   4.9124448839681633672  580.76479273776794798      0                     
135   1                        3                        4.5330713601239036592    4.4698158032423389585   -3.3292373054108050923   -3.2021259848110981139  673.46184960699474686      0                     
136   1                        3                        4.6901137628103874988    4.3534699676061983098    4.6383558580353128065    0.26614724488451102502 619.64309594230257972      0                     
137   1                        4                       -4.2022771479412011075    3.2368913443379305761   -1.3493431436788934086   -3.1581913027116543802  370.42242522633523549      0                     
138   1                        4                       -2.0217321938109584778   -3.3253392072298266768    2.1206158866610564928   -1.0678312209127076571  241.23575011347682562      0                     
139   1                        4                       -1.7709320194485904665    0.71578752651867727508  -4.0656428223783871445    1.9971256945353141887  265.23776183231507275      0                     
140   1                        4                       -0.97154345674709041702  -0.57040978266634301264   3.910303775464100795    -1.4242486104503231381  180.35998549793902157      0                     
141   1                        4                        3.5396202673218883916   -0.29206737320064490859  -1.9030326345787305087   -2.1724934706788419092  256.04959083009714504      0                     
142   1                        5                       -3.3488446979043486884   -4.7860231105748924918    4.8169157598672711629   -4.3590287849056448266  871.99485392253234295      0                     
143   1                        5                       -1.2480015265323847196    0.35038055236227361178  -4.4860179744473080987   -1.0019230038552984219  259.4438126658337751       0                     
144   1                        5                       -1.0718077217628732001    4.4039210349020052604   -3.9054311488224420224    3.1866509593448881787  433.16189209940864657      0                     
145   1                        5                       -0.29776534873474513887  -3.4134527863888353139   -3.8588669299905964394   -4.4704363578396000278  583.94410243649906533      0                     
146   1                        5                        0.49420706546575310369   1.5622302462802188927    1.2387300980057087685   -0.44649094473876971279  -6.9161596257194872805    0                     
147   1                        5                        1.718882711647439443    -1.3372224026834333976   -1.7224701580100547638    4.792427703542424311   335.02406184626204322      0                     
148   1                        5                        3.3856760747619780716   -1.8361814240931644271    1.3930032739166637867    2.0807995954250912973  233.96118903808135769      0                     
149   1                        5                        3.8702772247380607951    3.6616936348755135811   -3.7145207320529003425   -1.3839533721059456006  459.76304042535412009      0                     
150   1                        5                        3.9741245023535540781   -4.0306292572828539278    3.0803352124244760546    3.268797841994588893   605.87468494000449937      0                     
151   2                       -5                       -3.8486651268047276098   -0.81036217510941455089   2.3873992335487610461   -3.7376739121517958964  649.41774218409909736      0                     
152   2                       -5                       -3.7643947758861804331    4.0816718440382597777    4.281071288304962863    -2.7304524979081747915  915.17300483909821196      0                     
153   2                       -5                        1.1835948961515896372    1.0476172919495994051   -0.85236967904160376719  -3.5434085161759072413  420.64626575963336563      0                     
154   2                       -5                        4.0687973673305162237    4.2610608460834225042    4.2630715861675341216    4.6870136719399617675  1135.5728879637933915       0                     
155   2                       -4                       -3.9594036526573050949   -2.6761949213088631616    4.0851012753055186977   -2.4856580459634596281  710.95456968147266252      0                     
156   2                       -4                       -2.8702292973339158522   -1.1663832038407484504   -0.15612168391765735009  -4.7922418637493571225  748.92465837903489501      0                     
157   2                       -4                       -1.5173074269241904055   -0.60422774483548202795  -1.2835138854609913217    1.9185201506483959832  262.16839710599754198      0                     
158   2                       -4                        0.0803865527610883035   -2.0683206611006337283    1.6868319649761929213    2.2833911031368323563  273.65907052099407792      0                     
159   2                       -4                        1.616386791213816565     2.8923026514609739834    3.4169319257101964382   -1.1344506834403418338  330.81784564515567126      0                     
160   2                       -4                        1.8479757210118643584   -1.1915977198533393988    2.9225440418167369927   -0.21118137381920831785 156.62317356713734284      0                     
161   2                       -4                        1.8706782687154310807   -3.8683642455846296571    0.37251136743133983487  -4.6537709754240790261  885.14751239211250322      0                     
162   2                       -4                        1.9582746540719977446    0.63952642379007151874   3.1292437720879089369   -2.4308288281544800924  268.85525471140044829      0                     
163   2                       -4                        2.4297854123395987713    0.91788570699698457389   1.5142810328043099233   -3.6101557276700986243  395.78673438066579138      0                     
164   2                       -4                        3.1541776444811482349    4.38447161865990509      4.7016982476851829631    2.6051397566850775789  806.33313652772380919      0                     
165   2                       -4                        4.3895920756869628576   -4.5109423035781226474   -3.4274978114588878775    2.4985134146095209218  1026.2438996292498814       0                     
166   2                       -4                        4.8640560858488832707    1.2161570698215680153   -2.0380563533410249732   -4.2733832925418511195  789.38117258866304837      0                     
167   2                       -3                       -4.8113434484798176527    0.39422692127856961974   2.5380240997155256721    3.1526238822888803526  603.75014300255190847      0                     
168   2                       -3                       -3.469544441564057724    -4.1234020858281450472    0.55337006721025616685   4.3719707095930289142  1000.8011550240330507       0                     
169   2                       -3                       -3.0369420661056123478   -4.2780446340045994447   -2.0103514245114482151    4.5616164374153473915  1132.7695001450604195       0                     
170   2                       -3                       -3.0074104763817532948    4.5805749358952141392   -1.5569982738366809905   -4.3287919810884920579  1095.265477922955597        0                     
171   2                       -3                       -1.4641549385457346411    3.1381939555917703899   -0.12673305020669189958   2.3369964435084247256  407.58202716914394159      0                     
172   2                       -3                        0.01076660574819676697   0.15015969593469602472   1.0928051999520524973   -1.6583274465500519312  110.3918684927568421       0                     
173   2                       -3                        2.53153222569532943     -3.7430068904323672285    1.589809100374068862    -3.0066009431782338979  596.47630678218183675      0                     
174   2                       -3                        3.5799978464329598182   -2.8076538369853483168   -1.3871236994599742687   -0.18194642570225560974 384.48120180238356625      0                     
175   2                       -3                        4.1625261206635872924   -3.1090266362552130275    4.5600665054501501317    0.44286151076112822977 549.56603167086723261      0                     
176   2                       -2                       -4.7395016470395106012   -3.503381060615658793    -1.594524111294775004    -2.3360736253134457563  822.24272124166600406      0                     
177   2                       -2                       -3.1760301779201327577    3.1000214808853385762    1.0627957962754797094    0.04748763278611534133 373.92699590988547698      0                     
178   2                       -2                       -3.1458613725718720389    2.7802450080666645249   -3.7559087862390816426    3.8337054991008976401  897.28283572389113942      0                     
179   2                       -2                       -2.1201979065593796747   -0.32681559769595391884   3.4647808921674219107   -3.9906451756268070952  535.89633636107691927      0                     
180   2                       -2                       -1.9756626725838666303   -2.999184331243357704     1.1146110217276214982   -4.5278969497252017362  749.85857104798424189      0                     
181   2                       -2                       -1.2293713604013216667    4.7714219849567758303   -0.97776438022911627002   1.5932642587289684855  611.79355389889417438      0                     
182   2                       -2                       -0.00895792467262523928  -3.6448175420080044518    4.3109753508456769566   -1.8397947059959318672  537.80072099395204077      0                     
183   2                       -2                        0.20722009998448598367   1.3147782738044497819   -2.7641645971835040463   -0.26278480528763470403 224.59321322070269389      0                     
184   2                       -2                        1.1481047490490849938    3.9941236315281418712   -0.23462371162634543253   1.7041562271391708094  414.25246902698307849      0                     
185   2                       -2                        1.259696996489779508     1.0839722610662319013    4.117253746135141057    -4.4463228221392077089  595.04379125619414026      0                     
186   2                       -1                       -4.0286170882860394826   -4.0610873713067467961    0.70050266030411556528   2.4397940432823093104  733.76555016522013375      0                     
187   2                       -1                       -3.9789166657748280542    2.9970728901518528531   -1.6780739252404481832    4.6273378980952948325  933.96348011739257799      0                     
188   2                       -1                       -2.8257415445659015418   -1.3331770105830336171   -0.76921258755863597401  -2.7521866697861936402  385.55420980371314954      0                     
189   2                       -1                       -2.7450577263049140697    2.6239458386919647381    0.48189606923809336081  -1.0337785072625722549  293.26079078224353225      0                     
190   2                       -1                       -0.5043523023924061377    4.9102956555807715233   -1.89107613949052622      4.2195430557832285245  957.89745095914372541      0                     
191   2                       -1                       -0.1450241505195597469    0.27236250545186102556   3.6889958780931770832   -4.1105786510612611906  471.91481727497182419      0                     
192   2                       -1                        0.05630135779648703931   3.4280487903691927443   -0.31980712042496062253  -4.0809506826213599595  619.07524842742907367      0                     
193   2                       -1                        0.86358616788178999002   3.7927193866249595544   -4.1143666745041729271   -2.264421882177180656   706.49055531387898554      0                     
194   2                       -1                        1.0011135869584464331    0.69990415431091168585  -1.4178154238851625735    2.6917205604006806396  222.18720594735503937      0                     
195   2                       -1                        2.7783380633557683836   -2.505932418561059194    -2.4734236317547249051    3.672871596802227856   607.73932024617351999      0                     
196   2                       -1                        2.8149243754757549141   -3.9951138057579393958    1.8112368810637633487    0.35405795280528007396 421.18317671581456807      0                     
197   2                       -1                        2.9323110967872150212   -1.070279766837355595     2.1836631446417875679   -2.4398179123193219908  241.51156045626376567      0                     
198   2                       -1                        4.7268632867358455485   -3.7000562121470901289    0.01969293548873629618   4.172291013320354125   853.49446345640888012      0                     
199   2                       -1                        4.9583613208863788202   -4.4781567814320997201   -3.9870334982453767836    0.9825545508373885184  955.38382136301220271      0                     
200   2                       -0                       -4.927084263032399214     4.8010200103980054109    0.29276067805307892655   0.17348508352262115295 795.97668736780451582      0                     
201   2                       -0                       -3.4491424125112768451   -1.5548217735613745205   -1.6388021882015286756   -3.040518627806377161   511.04484518054232467      0                     
202   2                       -0                       -2.6830399951081975729   -0.03089332739610473055  -0.44084792624713120546   3.3132443289924200513  351.78543253242366973      0                     
203   2                       -0                       -2.363852469506018128    -3.3736773003529938464    1.154360824525594964    -2.9143024038323908087  531.6558714586011547       0                     
204   2                       -0                       -0.87435942048696446705  -0.24812090935064112784  -4.9438516640904941468    2.8393420530186670447  581.96040719104576056      0                     
205   2                       -0                        0.76789611377005773107   2.1947685214445842306    0.05950822511831610484  -4.8112093196198983946  584.48009809920642965      0                     
206   2                       -0                        1.7477459228863967411   -2.2065412551800740459    4.5874849465646505564   -1.4401879189474326992  324.74316545827230129      0                     
207   2                       -0                        3.4433919752816191107   -4.4214942744207013092   -1.1611908463438020966    3.8156094900523953584  846.27980786087778142      0                     
208   2                       -0                        4.0378379907469525989    2.4969523843603553814    1.4674510480605027496    0.93195176856404859933 247.69119536073392851      0                     
209   2                        1                       -4.1795511394924371729   -2.8767271950088271204    2.9865529618970789727    3.9112098543077102875  779.83688185879714183      0                     
210   2                        1                       -2.1685451654488869799   -4.1763472177266018903    3.3713338206688252541    2.9901445001884070507  699.17161841697316049      0                     
211   2                        1                       -1.1222247757224579345    2.0538346324474163751   -3.3968929400117042761    3.61601165846207806    559.14319221201833443      0                     
212   2                        1                       -0.83340711869145867041  -2.6621500497828587406   -1.0021057001242352769   -4.0331881282462713756  548.07100378060545154      0                     
213   2                        1                       -0.64416886999834588323  -4.5366855403804260405   -3.6656165407192000671    3.0156147798559658213  865.60128362208251929      0                     
214   2                        1                       -0.31059867975859312139  -4.8679283642290611667   -0.95461603611582379614  -0.40778934758648333059 542.43439197474697266      0                     
215   2                        1                        0.66061471137077276694   0.73566745204594941043   0.9430695187090289977   -1.9255540223774083586   58.029067688217153886     0                     
216   2                        1                        1.3388214025426394826    4.2842415814639327465    2.2519373304486745013   -2.6813911726654953149  518.50970460680537144      0                     
217   2                        1                        1.4062186902403404076   -2.3411736013230810549    1.7270889766965424883    1.6011387809259991499  157.7529126036786522       0                     
218   2                        1                        2.0344130728396301322    0.89017151209762612751   4.7421849641659115093   -0.91820142880350630321 202.67635510363982121      0                     
219   2                        1                        3.6777508492219297409    1.1023003326423852499    3.8467739424699551876    2.2270923243976259442  291.73701248735710578      0                     
220   2                        1                        4.64677775195181475      4.1684618201731851173    2.8425570428004851564    3.3423577238904211839  756.55336644197097939      0                     
221   2                        2                       -4.6530799694094842067    1.8282205609127144541   -3.5822920136422906623    4.7511386770175629835  1010.8515991352311403       0                     
222   2                        2                       -4.2911155351572158878   -3.6260627560300591199   -1.6031296326087622894    3.4784932412933144974  826.12489657554147016      0                     
223   2                        2                       -3.7146680643117679921   -1.9301417619137732906   -4.0737447270363906782    2.7350174054817797398  680.81904370917789038      0                     
224   2                        2                       -3.6609570399068660507   -1.6823578842408859479    0.51107871048410391523  -0.47074819544890900147 229.68155261306071679      0                     
225   2                        2                       -2.2841234550774380807    0.85620413367237713231   2.5114168471838551611    2.86963991586498679    255.057279886030841        0                     
226   2                        2                       -2.1510712877810944654   -1.2024789259386743367   -2.4192145242090057344   -0.34419114093238523111 199.25837012046437735      0                     
227   2                        2                       -0.59354380189756472674   4.1372582425993371658   -1.4718197625452855704    4.5260319389463479212  782.11291158518611155      0                     
228   2                        2                        1.5241209455744328949   -2.0276588126848587024    3.7583720872314589911   -3.3999366918889037947  410.21430563490088161      0                     
229   2                        2                        1.9081886915509098657    4.8479025965435198486    2.3535535117891193124   -3.2366085846605576748  692.18724920976455905      0                     
230   2                        2                        4.5767340003303402796    4.9613738569729122219   -4.1405811486549790601   -4.3915088141317264459  1316.4442556460303422       0                     
231   2                        3                       -2.9312506770089390429   -2.8387340227542603444   -0.09522092885536892481  -0.80216328979830642254 279.64564971161610174      0                     
232   2                        3                       -0.08622704009825632454   2.2223977261585483589    3.1801952492787641802    1.8754405363948958296  166.33997491833156346      0                     
233   2                        3                        1.3240255127949707159   -1.4103238169050285045    0.67428665841951840321  -3.114790383667713769   194.64745726566198414      0                     
234   2                        3                        1.4658738562680175832    1.5985807864069734308    1.9257090704575432483    0.06720212037532391491  -2.948958760814647917     0                     
235   2                        3                        1.5691627154132570254   -3.6852256804282212954   -4.7809102006134525098    2.0541501458006639069  689.96168078320488348      0                     
236   2                        3                        4.2129391856521696269   -4.7374949100437016014   -4.9865828295983183338   -1.3219012992817988916  995.86400621781808695      0                     
237   2                        4                       -4.8515298486263951361    3.086040268928286423    -2.8882077494065452328   -0.93423185322144242093 606.58176995978703872      0                     
238   2                        4                       -4.2457132379009960843   -2.1694060856327581632    0.76745377614491605556  -1.9710729826484825189  373.17442802920686518      0                     
239   2                        4                       -3.7965475815883560351    3.4705879524281684212   -1.8604545366703040266   -2.3953161230920776426  571.92887274924225949      0                     
240   2                        4                       -3.1003166214330857287   -0.86608086084001989491  -4.886050546926613336    -0.3297575741221869805  465.13631811504569669      0                     
241   2                        4                       -2.4525077358476137235    3.8042091545115397366    1.8591100158928375308    4.7039961308871074408  768.27925305902613218      0                     
242   2                        4                       -1.3071308492156208381   -1.106212174707606799     2.0963129973728946709   -2.2692533997281576497  121.67484639838642124      0                     
243   2                        4                       -0.46058727889180239856   1.7575187253278805599   -0.63123925857507590109  -1.713081776299455683    67.600577441971893222     0                     
244   2                        4                        0.55346916765443410213   2.690511144773067187    -0.05464623102172794233  -3.6914045205707823882  351.82571873957175512      0                     
245   2                        4                        1.096773643053627012     3.0574943355806549761   -0.38621027546148045673   3.2263558527283269228  315.07988569986980565      0                     
246   2                        4                        1.2934416776662942539    0.12608285079696557318  -2.9942746154019319604    1.4410635082069154222  116.48228861524864897      0                     
247   2                        4                        3.1323939739569066631    0.00642667420668541212   1.3558595736253051811    4.1016682336033163381  320.91660947129656734      0                     
248   2                        4                        3.3124223961368564062   -0.09273039927381621084   1.4615704569876131202    0.84246944575007098877   4.8164593652739000618    0                     
249   2                        4                        4.7752882290263549692   -4.3850201098368701835   -4.444754698378519997     0.67005015610175178153 844.97848291874856841      0                     
250   2                        5                       -2.9516518886166123181   -0.66887592578668630949  -4.3371628397230903573   -2.0450026918540249454  441.93333832545789619      0                     
251   3                       -5                       -4.4158342422255856263   -0.45680862096063989952  -4.3046243075369758913    0.2092403229735575465  1021.5383025500234453       0                     
252   3                       -5                        3.3507441188792554954   -4.6281717697146440571   -4.2466471165139179078   -2.5069148944706922677  1131.8079667515503388       0                     
253   3                       -4                       -4.1324022634263153364    3.9502731574428295858   -1.7460590676666996046    4.8152856917233712863  1303.8645384928252042       0                     
254   3                       -4                       -4.0708954782390254223   -2.7883589076704868859   -3.9628711435469341495   -3.3114286040681015777  1201.0499032172963325       0                     
255   3                       -4                       -1.8967428143827107512   -2.4680978568817399932   -2.729005013684665748     1.4059746493676925638  586.97811406595451444      0                     
256   3                       -4                       -1.3582124226629299635   -1.5277165218553778736   -2.6374110497310936374    1.2403587553356061335  468.09890909125965663      0                     
257   3                       -4                        0.37529833926244116071   0.4958059453706109565    1.1711114754289795314    3.7790720560539199369  476.1381605961634591       0                     
258   3                       -4                        0.69585844608858593574  -4.9910338426375995269    0.19104147167512497418   3.4269193963365598421  784.88050510499454049      0                     
259   3                       -4                        1.774098945798840532     2.9274282259542410145   -0.91166055912112931026  -1.9548074068241150236  359.16933086633588346      0                     
260   3                       -4                        3.4747142050434014493    4.5120908163593682616    1.9892607985349828326   -0.12025625585894772485 524.90921995532357869      0                     
261   3                       -3                       -1.6789503682433357667   -3.1688207361153688524    0.89159107459513275984   4.8838058040284408889  905.57901344906383656      0                     
262   3                       -3                        2.6117318328186867049    0.56058023237326359833   2.8243041211873372021    2.1242663165610906617  376.6856232781499898       0                     
263   3                       -3                        3.1887185968044331474   -1.9904274138289257401   -4.8266192897362527603    1.3696394132534761567  823.50743715621842966      0                     
264   3                       -3                        4.3466257359475406474   -2.9000432531892732513    0.23402776765498067846  -3.5140556408280323453  837.33278341554091639      0                     
265   3                       -2                        0.57986483029397284383  -3.1617689231088776936    3.296750659494835034     1.9488661866981686899  413.7535237522066609       0                     
266   3                       -2                        2.2180298233912401074   -1.5920459570344642763    4.137351578257671747    -0.88403273601644549728 352.28035085218505174      0                     
267   3                       -2                        2.4760012062210590145   -4.8420420237759538296   -4.9074028153455353518   -2.8047773629438079723  1079.5622633472287362       0                     
268   3                       -2                        3.9662196862355063587    3.3195443168948894908    2.9560488305650771679    0.82044470337074670852 509.02393555418024107      0                     
269   3                       -2                        4.8325290264016622643    4.0147107421920438242   -4.7299755433954553396   -3.4533605478828217628  1248.5360197640848128       0                     
270   3                       -1                       -2.568332833610862842     2.8150107005102746882   -0.65276474544144313938  -0.5484680945166546806  323.94190586619259875      0                     
271   3                       -1                       -2.2195890738053529745    0.21732736767362670349   2.3122345080006789786    2.247810238044354314   349.13987913335608937      0                     
272   3                       -1                        2.6342154477957819836    0.23861174251386252365  -4.6376391169625117428   -0.13856264583422550629 542.80846762493820279      0                     
273   3                       -1                        3.2938982642707177462    1.1386283037653104344    4.6908855383884056067    4.3523124281671616842  844.73308500133612142      0                     
274   3                       -0                       -3.8160745428757296693   -0.63829700145986034698  -2.6931297273979977192   -3.6361935938947977931  822.90587285944639007      0                     
275   3                        0                       -3.6761478038992452255   -2.4606629422308556876    1.6226846780137513804    1.3117710049834805375  535.28985278582536012      0                     
276   3                        0                       -1.4836285358411949176   -3.5434394377307283364    0.85877757312856761729  -1.7440495482593263432  352.22903595094965112      0                     
277   3                        0                        0.4291142826967675461    1.9969367576988723556   -0.27475546143826878875  -1.8089641353524359424  124.07385397934228877      0                     
278   3                       -0                        3.762135460568158507     1.4035873847168218731    4.462820210974388857    -3.9094508164817121099  730.28742812579946531      0                     
279   3                        1                       -4.6802789740373720306    1.4376560220349707819    0.81534235630696816344   2.9074985296793354195  740.92752644511801918      0                     
280   3                        1                        2.0721923625652820533    0.79852481194892632743   4.3538724016911682924   -3.0670500531715925163  390.59728482584620224      0                     
281   3                        1                        3.261614323755480882     4.5365000845250911254   -2.5338776683746555562    2.7212773119769861907  655.09241639019444392      0                     
282   3                        1                        3.835117049880430784     0.46367966348701461499   2.8874351926661958601    1.5542400142459449341  370.66087755320211272      0                     
283   3                        2                       -4.0356097348660568969   -3.5966208970864821381   -1.0434459839272576254   -4.9061010699578178063  1092.7995270481649186       0                     
284   3                        2                       -3.5264699704696278459   -3.8138591353348125779    4.8617019335339701769    3.7616684790300993768  1036.0077082092184355       0                     
285   3                        2                       -0.40386333828105769328  -0.13421981510106029134  -4.381923588306780637     2.0092045513468805851  414.20562291789599385      0                     
286   3                        2                        3.200179262777520961    -4.3295833349529617706    3.9670766028266104541   -4.7180986940126787843  976.12414104795948333      0                     
287   3                        3                       -4.5520227086696207763   -4.0779972621964599711    4.2097281798354941884    4.1615393549191939115  1237.2241137613880255       0                     
288   3                        3                       -3.4055706313436164834   -1.7969873980301560579   -0.33707477489262949177   1.7544552485740556591  401.46765220129378804      0                     
289   3                        3                       -2.0510356251967687413   -4.4416173239257847882    0.91044216694863866479   2.9598573964073304765  560.99286705384895413      0                     
290   3                        3                        1.1218522973719942115   -4.6758644754786971021   -2.1664602828910095589    2.1417400440453571164  486.87970734467774037      0                     
291   3                        3                        2.2997049151841473247    4.8945332941353623113   -3.6020290200292821581   -4.9781715011871821019  932.77964132265856279      0                     
292   3                        4                       -0.90130152760569526293  -0.49064291085985178853  -0.20844240212078268826   4.6391613963849760438  459.08365214633346341      0                     
293   3                        4                       -0.7734600709611845204   -2.6022110906978008771    4.0006833851028584803   -2.9689216983509845171  356.06060390831521545      0                     
294   3                        4                       -0.3474159542271131329    3.3376378987537798082   -0.59839865961074778511   2.5331440323885701105  177.17436913288753431      0                     
295   3                        4                        2.4463354693988801358    0.07820893593090794127  -3.0716474906863444616   -2.9465530527941616867  345.01284714805461817      0                     
296   3                        4                        2.5501143606961971244   -0.97593526205574221422  -1.9381243656090130223   -3.9538615905649949767  432.06945460301801631      0                     
297   3                        4                        3.0166415006814766286    3.6262867415695492213    3.9512474350440101034   -2.2092186814195517996  373.31436121407170958      0                     
298   3                        4                        4.4013654549764549273    1.6243076002126652924    3.5492025442846433236   -2.7803365098965207025  509.1483652425193327       0                     
299   3                        5                       -3.6207487123368187198   -4.3492506198854927746    0.12277437501030696865   1.6529079606724543794  570.09307402530998843      0                     
300   3                        5                        0.73096880503719852129   2.3571938924314128627    1.6438891120590000128    0.30982797822057239756 -63.670935772259213081     0                     
