1  -0                       -0                        1.9592169708244542292   12.056238290284815307    51.361049847336055052     0                     
2  -0                       -0                        8.262320466051418677    17.55559547072174098     51.733851927764405332     0                     
3  -0                       -0                       10.164434241169233886    99.426215276686988886    51.012902930422363568     0                     
4  -0                       -0                       18.932239972504842029    16.878424497409355354    52.369454849213681769     0                     
5  -0                       -0                       19.197142214560216189    22.57662954835142699     52.268584489978323404     0                     
6  -0                       -0                       23.434506956356230489    96.376322190481317875    50.626051319524002281     0                     
7  -0                       -0                       26.681605120115360563    13.677423866390581608    52.903058056047896685     0                     
8  -0                       -0                       35.569021323129774714    16.30944985612515552     53.32955615198893895      0                     
9  -0                       -0                       44.488012575192378506    66.45629758503201856     51.387660017656443756     0                     
10  -0                       -0                       62.125807327946134251    97.077244874224362547    49.453391931716559782     0                     
11  -0                       -0                       64.70625548930983939     73.800584364752424449    51.095275958525320448     0                     
12  -0                       -0                       65.884765847326434596    69.491224034570905133    51.432206011421804703     0                     
13  -0                       -0                       74.684923152249524492    98.849906886077931745    49.299213440999473335     0                     
14  -0                       -0                       89.527529923717381166    35.525906643254195671    56.199199759602166182     0                     
15  -0                        1                        0.13251721571025371071  14.843066407563879849    52.55307415263775539      0                     
16  -0                        1                        0.57031648735755968715  52.696249462360576388    55.661838270969894893     0                     
17  -0                        1                        3.9452349144139406967   20.828987470788181469    53.005161801597175497     0                     
18  -0                        1                        8.9087615520480927245   60.073534666926967418    55.783601367296441254     0                     
19  -0                        1                       12.113734413314082516    49.60909170159350623     54.877753229437651328     0                     
20  -0                        1                       13.286841274422322101    80.978665030439998418    56.927037948816078483     0                     
21  -0                        1                       24.273765525145869049    32.700352781964546978    53.37483081989832101      0                     
22  -0                        1                       38.873209814627934122     5.6782733804262877086   51.939408519610495318     0                     
23  -0                        1                       40.40769641145777058     21.854727357475720595    52.507837083032022463     0                     
24  -0                        1                       49.965338916044061079    95.137122286282746586    54.097360053357171239     0                     
25  -0                        1                       55.213998764104680106    94.562663226868650668    53.583358353179079359     0                     
26  -0                        1                       56.421476438506843465    64.992437442762877708    53.001588472514100658     0                     
27  -0                        1                       67.850635282660519465    11.715122766726446812    52.335947187877614795     0                     
28  -0                        1                       69.857035429183639508     3.1674282637348927238   52.394256078516598052     0                     
29  -0                        1                       70.720804031524068023    92.015685905356818353    52.338494395882733556     0                     
30  -0                        1                       71.247960949723605495    38.761728268992555968    52.395025337796482745     0                     
31  -0                        1                       71.720088492664530122    24.717818564902483303    52.427867377145147998     0                     
32  -0                        1                       72.293656435979912089    77.368075062722923008    52.287060496182384384     0                     
33  -0                        1                       73.283695983999336931    71.825033191317928072    52.271062609787627196     0                     
34  -0                        1                       80.815546298473037723    17.298416008078124406    52.832944251758092946     0                     
35  -0                        1                       81.832222143149053295    58.397683881665038541    52.308852272024154217     0                     
36  -0                        1                       96.398948013293306758    11.284157327908127755    54.438660738554489171     0                     
37  -0                        1                       99.952209394181195989    47.524581802665395003    53.66734140547599452      0                     
38  -0                        2                       30.718742907098199879    42.263633990372447613    55.417816545785122173     0                     
39  -0                        2                       34.01812515990299346      9.0700881325337316952   50.998073604180511609     0                     
40  -0                        2                       37.898430797713444917    39.514612190661630109    54.299575931017621144     0                     
41  -0                        2                       38.353444872971962809    20.194959312955607089    51.995603789983462661     0                     
42  -0                        2                       50.00928666268226408      3.7625725648278778301   49.374684021930939082     0                     
43  -0                        2                       50.943096744931096964    36.983187553585317175    52.680144035303747785     0                     
44  -0                        2                       54.268831184429309644    84.188231235413866216    56.938265789367889624     0                     
45  -0                        2                       54.8752993513772509      91.793047742637114084    57.577400242701003208     0                     
46  -0                        2                       78.273834035097110018    38.311643186912789361    50.694390892053156961     0                     
47  -0                        2                       82.762378050657545714    14.165429996365084264    49.041769450918266671     0                     
48  -0                        2                       84.221688595302794056    88.876096525666326897    53.509841749386112042     0                     
49  -0                        2                       89.297746161533922304    50.992428688912752932    51.104502817910145041     0                     
50  -0                        2                       92.119398745852379307    31.086828860707306887    50.08292962412573246      0                     
51   1                       -0                        3.2217431426331732958   55.064937133706393979    49.758219010744454636     0                     
52   1                       -0                        5.5102167942119333333   63.015933995488083497    49.819112899733845268     0                     
53   1                       -0                        6.6502658805461285496   59.638037508385735919    49.732981967902510689     0                     
54   1                       -0                        7.5504131554743310062    4.0627139489079624468   48.913301253937021329     0                     
55   1                       -0                       12.841825244096533254    68.015408958777641146    49.638221572472282617     0                     
56   1                       -0                       13.890572114240045565     0.66159511920101832239  48.88376321308034278      0                     
57   1                       -0                       15.799105377122552696    67.010738309824546377    49.521217202467624929     0                     
58   1                       -0                       16.870876657513640851    97.715324825191714808    49.756756998362710931     0                     
59   1                       -0                       36.520344751076855516    81.926723786379838543    48.699089708221229955     0                     
60   1                       -0                       45.15797881285147497     75.044304974271057063    48.351024740021166792     0                     
61   1                       -0                       47.452288696531276457    39.163251680127167731    48.566214133618828441     0                     
62   1                       -0                       57.802785351826521776    23.361813604799522182    48.64886646530083425      0                     
63   1                       -0                       67.085456769933330179    26.553618627030779464    48.661024761604473099     0                     
64   1                       -0                       70.339822136876136938    30.527741350240013674    48.635692016687180228     0                     
65   1                       -0                       73.675544659531567504    28.683903095005984341    48.760753341984710119     0                     
66   1                       -0                       78.780364951533357498    82.764413360102196293    47.522722359672044945     0                     
67   1                       -0                       80.23370653349759607     10.116700420998199661    49.529729760323959908     0                     
68   1                       -0                       83.113694407887223292    87.224926961754661647    47.491504926222326333     0                     
69   1                       -0                       88.440041675916887698    62.691648767257959207    48.483823275073596903     0                     
70   1                       -0                       90.380144921569183225    49.186945230510772831    49.064761734724477549     0                     
71   1                       -0                       91.323209401411745034    31.676699754939573239    49.73245709002494408      0                     
72   1                       -0                       92.619927095859296173    52.258722731088923297    49.154219968427071308     0                     
73   1                       -0                       99.118514015483327739    83.843922417574546557    48.658354387692511978     0                     
74   1                        1                        1.0494066211509998077   15.658876681388091967    49.475246611241487926     0                     
75   1                        1                        7.244085496814010483    83.075865143229222554    52.201690694665799697     0                     
76   1                        1                       11.049497530574328152    73.054797684786564105    51.422772186421561003     0                     
77   1                        1                       11.606239771029501995    36.301933541032937569    49.821991923003629665     0                     
78   1                        1                       14.287946362115430787    33.939852446652913898    49.554638567477041988     0                     
79   1                        1                       14.744148766562375386    47.228479535255694088    50.061107262627999148     0                     
80   1                        1                       17.727429621207395627    53.722050669305495774    50.096749745184020242     0                     
81   1                        1                       19.988948010254873111    43.89683619022761718     49.560790355769903215     0                     
82   1                        1                       21.136187565079001871    79.757700622491000786    50.77998705187216899      0                     
83   1                        1                       21.643857098450851595    76.037129741636363178    50.598922273488277312     0                     
84   1                        1                       22.176816971780922927    45.552537123684899711    49.465074439330805944     0                     
85   1                        1                       27.091292198302991068    67.997564970049438671    49.838854757478777913     0                     
86   1                        1                       27.910705265801098562    85.521655873516962743    50.328337258695235334     0                     
87   1                        1                       28.919592442670737142    90.28291761113398195     50.378688528162328453     0                     
88   1                        1                       29.184876047467085414    27.312271962713513318    48.387173354056727703     0                     
89   1                        1                       29.800879053492302262    93.625859248131945378    50.392504131636670195     0                     
90   1                        1                       31.056580382296019138    28.242530424204311146    48.299611106419298778     0                     
91   1                        1                       33.196490107499180056    74.34136480461837948     49.488257061296295092     0                     
92   1                        1                       34.547241497563021539    42.710656015949943765    48.484599497141722679     0                     
93   1                        1                       36.366563938643452047    12.688510309483042704    47.553587358433645704     0                     
94   1                        1                       39.394965309392418362    77.838512650187709596    49.010582756591681175     0                     
95   1                        1                       41.843919856903127652    21.19427690834139355     47.467500585482973463     0                     
96   1                        1                       42.079389464477863214    54.811997795084501206    48.230798950942059378     0                     
97   1                        1                       43.749767660919985701    19.630023355975286137    47.326231276532396919     0                     
98   1                        1                       45.981783571532410804    68.572315546584391655    48.216091590253441268     0                     
99   1                        1                       46.218171211592427028    65.363169330722456607    48.130406437632942129     0                     
100   1                        1                       49.105406656536601417     1.6986832297869685071   46.706404706296154927     0                     
101   1                        1                       51.783336196277133467     2.5219050565552674215   46.615742287359495322     0                     
102   1                        1                       52.199271386535670558    26.250966541178282654    46.997130238296620064     0                     
103   1                        1                       52.538426570137595206     2.3252691168629726626   46.583733591500887883     0                     
104   1                        1                       53.427828933561180236    94.124714250588951359    48.01683902822079375      0                     
105   1                        1                       53.933788101406257454    29.542771709161524285    46.958292851664232614     0                     
106   1                        1                       56.501435544807797839    10.589972858920221555    46.559121983502549824     0                     
107   1                        1                       61.064992468120763647    93.164461182934346084    47.320894862807726611     0                     
108   1                        1                       65.001292334753387081    86.173127607366339475    46.943856029619155379     0                     
109   1                        1                       66.12648534044308235     70.971663152908831762    46.742215512451913639     0                     
110   1                        1                       69.406822598168346872    46.220221771094998076    46.408471125791535883     0                     
111   1                        1                       76.031269721694116015    95.918703800863283959    46.303753016010318788     0                     
112   1                        1                       77.831168986468384219    45.105567641464425321    46.184478275509221135     0                     
113   1                        1                       85.699856017646339978    65.866503506867800866    46.100881037154358921     0                     
114   1                        1                       86.240377154024400852    80.432109380590759429    46.035535076789479092     0                     
115   1                        1                       88.898396367765585069    78.707221598761904602    46.051774752672827162     0                     
116   1                        1                       90.556899637928438551    50.393119371238427107    46.281539822679711449     0                     
117   1                        1                       91.645386271328987959    74.565546986778628025    46.128078787701461749     0                     
118   1                        1                       94.594804764048845414    41.894860222096291125    46.547270297218538815     0                     
119   1                        1                       95.649454206495889252    19.266037873636474131    46.853338941117030458     0                     
120   1                        1                       97.789453378014599139    56.813711876006266266    46.593023967812484898     0                     
121   1                        1                       98.973898363642831555    72.912837186225885944    46.476282175543325081     0                     
122   1                        2                        4.0784727301398460142   66.818637685691626871    53.890744377245340502     0                     
123   1                        2                        5.3839504214431972429   87.697913438011411813    55.325320496138402859     0                     
124   1                        2                       15.300298341270607949    89.575960659323257573    54.021634642247825298     0                     
125   1                        2                       18.2728970993247124       6.6560169371441046948   47.946819562470551546     0                     
126   1                        2                       20.45655760854868177     55.755640877121045662    51.011469035948167061     0                     
127   1                        2                       22.584612649303071663    59.03326420952409137     50.957635589222810779     0                     
128   1                        2                       23.67234765474506375     84.748562718217385736    52.471265184328380826     0                     
129   1                        2                       30.156225216727754912    92.764720647191794001    52.002587573766476226     0                     
130   1                        2                       33.571024063409076632     7.1542239565528520373   46.560454888876954271     0                     
131   1                        2                       35.449862912169159301     4.934728791107128032    46.259986855215970536     0                     
132   1                        2                       37.296319021097460222    70.143610251402392919    49.673483264997358333     0                     
133   1                        2                       40.726927780599083917     9.7282517239750010418   46.029253851412590848     0                     
134   1                        2                       42.760954161701015153    44.738198201460342318    47.631100896315885507     0                     
135   1                        2                       47.558723602341189007    64.247012920502342581    48.008210677561478974     0                     
136   1                        2                       48.144688092671493962     6.2198765508876823205   45.175828996229469681     0                     
137   1                        2                       51.422153787087218291    56.307559489926219953    47.15883844685557591      0                     
138   1                        2                       57.464024436302487686    44.436736724091865369    45.96565705299464355      0                     
139   1                        2                       59.884463965283821096    24.264095028807432186    44.919251778941060138     0                     
140   1                        2                       60.463573078965673346    96.824393548146915123    47.704559427783465253     0                     
141   1                        2                       64.411020329317778987    25.153822776082396473    44.571392739205137445     0                     
142   1                        2                       66.907124315017625804    86.876453632343668687    46.516304529708136783     0                     
143   1                        2                       74.108416320315654957    57.511644765504556176    44.855766435769602651     0                     
144   1                        2                       76.79483745731293709     40.545817828398618587    44.178623378505150754     0                     
145   1                        2                       77.41900230348552725     81.44823776615044153     45.265364698231209672     0                     
146   1                        2                       83.501046439749430306    18.258420069878553704    43.332411862552547177     0                     
147   1                        2                       87.822051551617221321    90.523691064567231024    44.750009447136150698     0                     
148   1                        2                       93.254918689666070009    69.992284126577970937    44.193933334269331681     0                     
149   1                        2                       95.115240548531346576    88.4668935995937602      44.46470496887967272      0                     
150   1                        2                       96.733852153465576862    29.411206516067313288    43.60724109325487774      0                     
151   2                       -0                        9.2227144568978616235   40.332320308972221312    49.370570770981366593     0                     
152   2                       -0                       16.041022176747446792    75.737631974331478091    50.134625823399147748     0                     
153   2                       -0                       26.404922690686056796    78.395580471934650291    49.446505043622337894     0                     
154   2                       -0                       32.851937590481696816    89.313999486112507498    49.337412172863324145     0                     
155   2                       -0                       43.439982459051527997    18.761126693166122692    46.038834886792280088     0                     
156   2                       -0                       46.97684814629071326     30.447597955224942723    46.191639607867003292     0                     
157   2                       -0                       62.961271342346734059    48.858183859348805811    45.803767925749994561     0                     
158   2                       -0                       75.396430576428869585    58.609261281697364154    45.638571492384933492     0                     
159   2                       -0                       75.652708176093341308    46.768989909153660278    45.219808701337733226     0                     
160   2                       -0                       81.316394326583576913    48.23007470188431256     45.187337763192715556     0                     
161   2                       -0                       84.935744989531983151    25.500155334128105977    44.405445488548238586     0                     
162   2                       -0                       93.669221577623218877    98.409015593447023207    47.182475345991875315     0                     
163   2                       -0                       98.452005847229628444    63.860687413569692694    46.289917614911828991     0                     
164   2                        1                        2.3444689233658064786   51.814095852038377643    48.950772339134950073     0                     
165   2                        1                        2.5306219938282441539   35.359143800651452239    48.669030448236405562     0                     
166   2                        1                        4.7330496216269795084   22.488275387670910277    48.25578169651816296      0                     
167   2                        1                        9.7994791181523996926    7.7992837847674456597   47.549329035571780366     0                     
168   2                        1                       10.590504250393832919    23.673770623438471716    47.720645242743856329     0                     
169   2                        1                       17.313522069089469113    91.143758510971380815    48.087980030557218925     0                     
170   2                        1                       20.616252649602540004     5.4496186193892777183   46.485900457906467409     0                     
171   2                        1                       25.475743907498131335    54.433823571059349433    46.722571821088997979     0                     
172   2                        1                       25.792465645422335996     0.33429392248724909553  45.911269125712209416     0                     
173   2                        1                       28.059352203751764421    62.120082381907870683    46.571558408985005428     0                     
174   2                        1                       32.360347964069887894    53.034163300188765788    46.007300899893621704     0                     
175   2                        1                       39.952246054995860902    79.287767568786577499    45.593522065168045287     0                     
176   2                        1                       41.12688456455406083     43.289300820974006001    44.993873121666588588     0                     
177   2                        1                       44.563398723388878864    34.353389752761785303    44.538228050359862209     0                     
178   2                        1                       48.982752580773727402    60.970317962339684925    44.45464524544512841      0                     
179   2                        1                       55.981616963278881371    85.28361463180827684     44.101403458980044547     0                     
180   2                        1                       58.324720810475923827    71.019725271621652496    43.718249959945254091     0                     
181   2                        1                       59.39302363768057802     72.150593350792902925    43.639600922212963496     0                     
182   2                        1                       60.944762088461956751    99.515512975285645325    43.835300093381917463     0                     
183   2                        1                       63.373179409274172258    15.273526200739089731    42.641513985390616881     0                     
184   2                        1                       63.579932702840288528     8.4772038905595437086   42.546097541732116554     0                     
185   2                        1                       68.845176323280938391     1.4958279161937133583   42.102871051454108908     0                     
186   2                        1                       72.924616023182082358    37.314806040449724378    42.264274611629971901     0                     
187   2                        1                       79.043228177247385702    61.899723304761508302    42.244430984218155345     0                     
188   2                        1                       79.971524581190081449    41.038491492983531828    41.989173093644325263     0                     
189   2                        1                       85.264373004148794166    34.919453957099342745    41.801597069685861641     0                     
190   2                        1                       86.831813941437701487    57.083440653882789206    42.011337215827566638     0                     
191   2                        1                       87.306954310230665328    82.262687885380046282    42.26242280003458518      0                     
192   2                        1                       97.320930484524211579    76.941874473109351129    42.384659213068260897     0                     
193   2                        2                        6.2536323865069149974   61.448604207124702725    47.473588968782578945     0                     
194   2                        2                       24.665461801380260454    32.166586444868379147    45.384596814973619416     0                     
195   2                        2                       31.861094437623656006    37.527765265788829652    44.461561182703071893     0                     
196   2                        2                       58.735054033397474882    13.412319774253370852    41.526157251079951038     0                     
197   2                        2                       61.697981235500890307    51.248096287890362532    40.796892542847743357     0                     
198   2                        2                       68.31308613457090928     33.160493489159385661    40.361819257559048424     0                     
199   2                        2                       82.401185160246953387     8.6162602979727687114   39.711140387316035572     0                     
200   2                        2                       94.300804104726012156    27.993531310463680484    39.192135923014134846     0                     
