1 248.37484687608202 550220.34298875939567
2 264.74558990715207 618285.72790223243646
3 321.48860124248239 709632.93844697752502
4 291.59230006955755 324943.12040734500624
5 312.80112673191508 342803.05424424039666
6 275.04310151803134 458985.86979737534421
7 313.30725230865721 435951.31214133254252
8 315.89353159892528 467995.91416388645303
9 248.40618663540249 546818.20891377737280
10 300.43044111443032 512742.87072374217678
11 304.66768470824854 622763.87231411377434
12 359.13405703833484 663644.90317157923710
13 380.48062206363932 648086.31186529388651
14 273.61566988749155 333644.56899469747441
15 321.72644094236836 361391.91604454349726
16 304.83367531498078 403796.49283568124520
17 305.14713643512124 403577.41486860346049
18 341.36846571235924 442698.21750627516303
19 366.71106191297804 424344.47350966150407
20 241.03766216151755 333251.53652690700255
21 283.65237542639312 330958.69405321282102
22 263.68124767697805 473259.36386765824864
23 302.03037876784578 474239.77758507669205
24 375.70398732460666 412152.11199335224228
25 390.41458283192435 432535.13646440545563
26 386.68537946861323 469274.14023158955388
27 317.14861185173720 568630.34565772500355
28 245.76613817491864 313094.31973586836830
29 277.48084250826872 316235.28462562436471
30 303.04059943747581 324280.34614167641848
31 299.88791854891031 356006.81315169722075
32 233.54977897187456 312498.65521089173853
33 343.88688579759025 263569.61070149880834
34 338.07728646425613 295311.05802068364574
35 256.08039483333465 408946.53081982379081
36 300.30507148174513 361394.81626973615494
37 318.13964850451327 372960.07340193924028
38 355.79197919961587 459782.41100495384308
39 448.09775052906713 357692.79735056305071
40 311.96023638149410 170786.35476363470661
41 211.63614454036801 286485.07986741565401
42 243.01016598981465 254938.94721193201258
43 271.41117724330894 252466.51587137900060
44 324.81423525118134 203254.45674764472642
45 307.68729838627064 242451.40872689225944
46 276.45534290294944 299848.72457897913409
47 340.45487640137685 235922.20080121021601
48 314.89285480073107 260536.93217842746526
49 362.61156185255430 239414.59717260551406
50 369.27692952912446 233150.80628761384287
51 314.34523523226972 343346.23783376719803
52 301.11406636067994 358498.77135408238973
53 330.05314557464169 325782.07545510621276
54 380.23623581317980 356722.99919335875893
55 358.77198540026956 413464.04932048683986
56 229.37608585281552 227620.09220440941863
57 295.95766224708188 186783.72744336168398
58 296.58329428359508 186216.34281014304725
59 305.50857508826499 199948.79790876657353
60 288.95585044719883 215794.35217868603650
61 322.50079626857871 229742.41541071730899
62 296.35039974184235 282781.93552877282491
63 263.68370965097586 349366.66966346825939
64 320.42523134830896 282485.74532265198650
65 303.76091617478488 358790.68925448501250
66 273.03584757680176 398479.98989689245354
67 402.53496520794062 245300.93485842936207
68 396.22019493796142 304603.72665492771193
69 384.89769939555794 346682.83835676813032
70 413.92491303400402 311720.34962038951926
71 359.97427335047479 378184.88628751970828
72 216.33087830631004 251139.92056450326345
73 273.92833354787126 189975.25928494735854
74 339.58197550653654 190492.13091070740484
75 308.13427288279468 247103.21659912652103
76 327.80852586070000 225432.46740295973723
77 344.01974976901937 309608.29417874681531
78 340.65590969481758 313865.40074425033526
79 364.48815820814008 311617.42851583706215
80 330.42833443771377 356203.86684911878547
81 327.61866572825426 360014.95576441980666
82 370.57012780576338 303969.33587361418176
83 312.53388457407505 412303.39311114710290
84 463.95798498567143 245514.84942612485611
85 250.03219489618985 198682.84360180929070
86 289.98945105667258 157707.37595887816860
87 328.18350595362381 122958.54364279784204
88 278.65848638972926 190017.40449846273987
89 348.74292451774573 181169.81950710795354
90 335.68046367629819 217653.17798595025670
91 332.74993595422711 245122.61836402647896
92 380.59402414080324 213340.79706915142015
93 367.35898642999854 228475.32337139884476
94 332.43451449668612 325450.14172939583659
95 294.60529159900005 105911.88055063135107
96 267.41903664384546 131804.36259621981299
97 305.61287532597441 148389.73368669097545
98 267.09447973155960 214830.08673832053319
99 335.83468893816303 175064.46997190054390
100 343.20905154434178 284308.48642433399800
101 272.71496193163324 116310.79140171750623
102 312.66417717511166 110967.13095966505352
103 312.13634009315774 111477.62855517868593
104 335.97633594992715 89589.26741054153536
105 361.47986614484438 82561.14596783685556
106 253.66023536622293 243713.05841082186089
107 341.38667701791218 134300.03720038325991
108 353.13697703385117 140199.14950691824197
109 405.86373195445486 104314.74886496459658
110 350.43518704664791 183483.15459510398796
111 373.26752862064342 156216.58827722072601
112 365.59071196807929 186083.38516859806259
113 418.97858750507584 125288.68523536622524
114 299.86377977837492 304348.49352483433904
115 383.06641065914079 185790.37860627094051
116 302.61694280679910 79061.15123722032877
117 239.51356446767258 161511.50407847925089
118 291.41703869087684 104435.40815012979147
119 321.35674876467942 91661.24460684203950
120 319.82246155810515 108954.84790127516317
121 250.51459678484738 211784.06303608711460
122 355.08968434271992 106663.96146169106942
123 415.23672745138913 67793.31320558743028
124 270.95304278794276 254219.35606939773425
125 291.57384505426137 223659.77549987041857
126 331.33579473404347 170256.25027717207558
127 385.37022360851535 109341.97269880789099
128 335.12366174158490 165548.29341340289102
129 418.54412508492646 93241.82103737820580
130 290.00963555197825 302829.23459990002448
131 353.21995274091080 229853.36841562294285
132 362.21915896717678 240866.40768103551818
133 306.84761592829022 64519.17243920576584
134 286.60246098768050 96969.02497578076145
135 255.51564849713225 130420.21755893115187
136 277.89661225896714 122729.58173616204294
137 256.42293890362311 167842.37708001170540
138 283.75945763299723 133917.40893807064276
139 318.95824158144001 111976.72287817782490
140 302.34679371564465 130470.89235884675873
141 304.42664730238295 146596.93348225660156
142 243.62327878161059 255191.85880933204317
143 326.86233905111186 178069.37036804994568
144 350.72392414374775 167120.82414789713221
145 404.07617065401729 121410.82185866711370
146 326.54132196830949 247502.58440891894861
147 464.07310819482444 76975.99013416474918
148 417.14071145974316 124282.54947170703963
149 475.90369946775576 80381.59491447046457
150 327.01756775133026 62277.98632055011694
151 307.49780289645958 79757.58180064719636
152 312.21679441731317 89682.41415496775880
153 316.27977929098330 100889.37213693582453
154 314.65811224640657 102630.96536248525081
155 368.57306458665323 108638.68784031805990
156 421.68062337157562 115740.19092481762345
157 291.78425709710319 69555.27065421362931
158 334.21328899788284 33791.74915080235951
159 395.98232352058517 13804.76198502716034
160 332.81748244312854 113201.36232437346189
161 326.50700347066839 121339.94505027565174
162 354.04673678517395 103344.47169853397645
163 322.81703868509288 144619.17531219337252
164 398.03015870530226 69504.42501972928585
165 389.82430818024022 92471.50660526924185
166 270.45279878288045 67097.13150762770965
167 225.73644676860840 158180.03573504302767
168 363.78545490012931 15356.49961999404695
169 335.39289191576597 53007.36420362740319
170 323.65178711969878 64272.29168106770521
171 309.60163157891151 79178.05033355622436
172 295.74288552391675 95402.19465351139661
173 348.32014862952241 52713.51276101171243
174 396.89965202291120 17754.20173555375368
175 348.89629505377519 77535.24294159653073
176 345.71800441034742 95948.24000321731728
177 374.19474112259513 77437.68831219004642
178 462.12810370937888 10790.04058932453154
179 442.66051969058708 28051.50615553689204
180 478.17300152471353 14896.86083911161404
181 303.41993233471186 30491.65135359032865
182 329.81167399144391 28925.71635456191871
183 329.34194397382606 29256.86919741409656
184 297.04862192215484 56542.14647982352471
185 297.64754332536069 55955.02957003377378
186 298.15607934292740 55458.92200001535093
187 291.11754414141103 105653.28651828350849
188 252.23195021697128 185250.21682618607883
189 320.68424581765294 83485.72182200023963
190 287.52031259173629 166038.13451823859941
191 333.39624137804668 97760.97946497454541
192 375.21569124920973 51184.83720788380015
193 344.04682362508663 84481.09617453720421
194 373.61903330093321 64790.83194002386881
195 460.23426456745642 10107.41564828991250
196 370.78997617382868 81445.83164290947025
197 323.82789608581641 166009.04971401815419
198 290.38460541640552 24139.33727887585337
199 241.32790839696841 113338.52423749455193
200 338.21321867090501 16062.95313028218334
201 352.69068091291274 14489.39072170008512
202 357.52418742258737 12077.85351940897090
203 363.07052792729507 21869.15753943110758
204 270.50470554587741 158755.61314840745763
205 312.23978184862790 94873.53785802943457
206 355.68810382975528 45743.56526536813908
207 459.50465642659731 194.36846462266982
208 390.81409624011428 26494.44761987606398
209 396.34594797546436 30900.53673675253231
210 405.01400914630858 24650.47165812690582
211 343.62788295778637 115605.38583825863316
212 476.38611778935558 2742.10140683448844
213 357.51660887785795 142.71749403962411
214 288.06946917394043 47612.31172598222474
215 375.07517475733954 503.53664773305218
216 397.15387625935682 9557.51473968082246
217 461.51192139373677 2804.43610288881291
218 509.01704948161898 0.00000000000000
219 278.91915941479829 33023.65388078826072
220 365.33106213766303 2293.96885346267118
221 347.21671372877120 20070.86826374635348
222 356.58597802982570 37647.38523783672281
223 353.31265159477260 51501.71409936360578
224 228.85704712378242 59295.58483451022039
225 310.79102656833851 8106.73952525866662
226 384.90111960009574 0.00000000000000
227 311.85253841085944 26374.20976974625955
228 367.06580319588903 5668.34398720429363
229 321.83887794842713 56454.69147019286902
230 497.86253438115409 0.00000000000000
231 362.36032677468387 0.00000000000000
232 320.58952736504358 14833.04458076122501
233 364.51554606019266 1159.23632381215407
234 314.65762209712477 34975.04782303400862
235 384.47361721825888 1077.27041401514703
236 381.00692280196569 4451.51317583249966
237 342.56789754796074 0.00000000000000
238 253.25488875509120 39548.64066224390990
239 283.95610942533489 19873.98379309839947
240 289.77660681292934 30715.99728354892068
241 410.11111360446336 0.00000000000000
242 434.10286452163666 0.00000000000000
243 343.08686885810340 17245.48908915872016
244 412.54618815196579 0.00000000000000
245 430.25956886985324 0.00000000000000
246 346.45215431655976 954.55259891465209
247 305.47302755467894 28652.79233404294064
248 466.44903076736477 0.00000000000000
249 353.90297655507686 7272.99573717799376
250 406.28287280754046 0.00000000000000
251 257.88001716613769 376504.96000000002095
252 341.88002288818359 342927.36000000004424
253 257.88001716613769 376504.96000000002095
254 173.88001144409179 411650.56000000005588
255 245.88000000000000 841989.76000000000931
256 365.88000000000000 770181.76000000000931
257 485.88000000000000 701573.76000000000931
258 365.88000000000000 770181.76000000000931
259 341.88002288818359 342927.36000000004424
260 257.88001716613769 376504.96000000002095
261 259.76214587813598 375735.43753488111543
262 401.88002288818359 476928.36000000004424
263 257.88001716613769 376504.96000000002095
264 173.88001144409179 411650.56000000005588
265 257.88001716613769 376504.96000000002095
266 301.39975363460360 358912.92848180257715
267 257.88001716613769 376504.96000000002095
268 341.88002288818359 342927.36000000004424
269 311.88002288818359 555919.35999999998603
270 311.88002288818359 555919.35999999998603
271 173.88001144409179 411650.56000000005588
272 245.88000000000000 841989.76000000000931
273 341.88002288818359 342927.36000000004424
274 203.88001144409179 572443.56000000005588
275 365.88000000000000 770181.76000000000931
276 365.88000000000000 770181.76000000000931
277 257.88001716613769 376504.96000000002095
278 300.75613780453347 359170.03183123184135
279 356.58423903143876 498010.50521542038769
280 254.31574471726253 377964.39651002857136
281 485.88000000000000 701573.76000000000931
282 215.71805129938934 393949.52823164733127
283 257.88001716613769 376504.96000000002095
284 173.88001144409179 411650.56000000005588
285 341.88002288818359 342927.36000000004424
