1 A A 7.247163 5.000051 33.000000 248.374833 741.768389
2 A A 5.347090 6.979843 35.000000 264.745590 786.311470
3 A A 6.174614 7.667867 38.000000 321.488585 842.397138
4 A B 7.563625 9.320559 28.000000 291.592281 570.037824
5 A B 8.491799 9.029069 29.000000 312.801100 585.493855
6 A B 7.639301 6.272422 32.000000 275.043091 677.484959
7 A B 9.315580 6.589068 32.000000 313.307240 660.266092
8 A B 5.978162 9.575147 33.000000 315.893514 684.102269
9 A B 5.029591 6.758064 34.000000 248.406169 739.471574
10 A B 6.235466 8.102398 34.000000 300.430419 716.060661
11 A B 6.095818 7.270383 37.000000 304.667675 789.153896
12 A B 8.014846 6.993531 39.000000 359.134034 814.644035
13 A B 9.935864 5.984760 39.000000 380.480598 805.038081
14 A C 7.650035 7.517416 29.000000 273.615647 577.619744
15 A C 9.663874 7.111633 31.000000 321.726435 601.158811
16 A C 7.129044 8.242396 32.000000 304.833664 635.449835
17 A C 8.562238 6.825529 32.000000 305.147125 635.277431
18 A C 6.543648 9.714511 34.000000 341.368441 665.355708
19 A C 8.051086 9.449357 34.000000 366.711035 651.417281
20 A D 6.718123 6.492546 29.000000 241.037642 577.279427
21 A D 5.856458 9.281341 30.000000 283.652375 575.290096
22 A D 5.048399 7.329504 34.000000 263.681229 687.938488
23 A D 6.119575 7.730824 35.000000 302.030379 688.650693
24 A D 8.735759 8.622907 35.000000 375.703987 641.990741
25 A D 8.903793 8.653733 36.000000 390.414576 657.674035
26 A D 9.203588 7.711428 37.000000 386.685367 685.035868
27 A D 5.129011 8.291015 38.000000 317.148596 754.075822
28 A E 5.095363 8.319471 29.000000 245.766118 559.548318
29 A E 7.417995 7.311607 30.000000 277.480843 562.348010
30 A E 7.766850 7.861784 31.000000 303.040593 569.456185
31 A E 7.493870 7.482166 32.000000 299.887907 596.663065
32 B A 6.946084 5.179570 30.000000 233.549779 559.015792
33 B A 7.318765 9.795760 32.000000 343.886873 513.390310
34 B A 6.578981 9.723507 33.000000 338.077268 543.425301
35 B A 5.606513 6.197035 34.000000 256.080377 639.489273
36 B A 5.780067 8.191357 34.000000 300.305050 601.161223
37 B A 8.931969 5.489538 35.000000 318.139649 610.704571
38 B A 8.080794 6.470657 39.000000 355.791957 678.072571
39 B A 9.385710 9.110432 39.000000 448.097722 598.074241
40 B B 9.556273 7.997788 28.000000 311.960216 413.263058
41 B B 5.303961 5.879035 29.000000 211.636127 535.243010
42 B B 7.758373 5.227727 29.000000 243.010146 504.914792
43 B B 5.452917 8.678148 30.000000 271.411177 502.460462
44 B B 9.860167 7.237735 30.000000 324.814235 450.837506
45 B B 6.317503 9.308050 31.000000 307.687292 492.393551
46 B B 5.700636 7.809954 32.000000 276.455333 547.584445
47 B B 8.352010 8.491889 32.000000 340.454864 485.718232
48 B B 9.407116 6.105428 32.000000 314.892843 510.428185
49 B B 7.517611 9.934891 33.000000 362.611542 489.300110
50 B B 9.887452 7.901685 33.000000 369.276909 482.856921
51 B B 5.221390 8.935431 35.000000 314.345235 585.957539
52 B B 5.560707 7.966058 35.000000 301.114066 598.747669
53 B B 8.291127 6.613689 35.000000 330.053146 570.773226
54 B B 8.553067 7.376065 38.000000 380.236218 597.262923
55 B B 8.434021 6.169396 39.000000 358.771963 643.011702
56 B C 7.026137 5.524700 28.000000 229.376071 477.095475
57 B C 7.929337 8.015240 29.000000 295.957638 432.184830
58 B C 8.626127 7.354406 29.000000 296.583270 431.527917
59 B C 7.054984 8.888715 30.000000 305.508575 447.156346
60 B C 8.581019 6.443084 30.000000 288.955850 464.536707
61 B C 6.344270 9.487958 32.000000 322.500784 479.314527
62 B C 7.218682 6.813054 33.000000 296.350384 531.772447
63 B C 5.648229 6.369501 34.000000 263.683691 591.072474
64 B C 7.006742 7.792435 34.000000 320.425209 531.493881
65 B C 5.758080 7.447425 36.000000 303.760911 598.991393
66 B C 6.203321 5.579727 36.000000 273.035843 631.252715
67 B C 7.793806 9.984572 36.000000 402.534958 495.278644
68 B C 7.430283 9.135426 38.000000 396.220176 551.909165
69 B C 6.285354 9.371726 39.000000 384.897676 588.797791
70 B C 8.967741 7.929818 39.000000 413.924887 558.319218
71 B C 9.480697 5.111280 39.000000 359.974251 614.967386
72 B D 5.877089 5.406753 29.000000 216.330861 501.138624
73 B D 8.705544 5.888497 29.000000 273.928311 435.861514
74 B D 9.124175 7.521135 32.000000 339.581963 436.454042
75 B D 6.516236 8.036403 33.000000 308.134256 497.094776
76 B D 9.617425 5.928863 33.000000 327.808508 474.797291
77 B D 5.175389 9.420455 37.000000 344.019739 556.424563
78 B D 8.108064 6.336255 37.000000 340.655899 560.236915
79 B D 6.360282 8.749198 38.000000 364.488141 558.227040
80 B D 7.847101 5.768527 38.000000 330.428319 596.828172
81 B D 8.195851 5.296546 38.000000 327.618650 600.012463
82 B D 8.211972 7.164261 38.000000 370.570110 551.334142
83 B D 6.678045 5.823744 39.000000 312.533865 642.108552
84 B D 9.023375 9.475208 40.000000 463.957985 495.494550
85 B E 6.794719 6.341498 29.000000 250.032175 445.738537
86 B E 7.608493 7.824118 29.000000 289.989428 397.123880
87 B E 9.176513 8.451158 29.000000 328.183479 350.654450
88 B E 7.994148 6.294546 30.000000 278.658486 435.909858
89 B E 9.835296 6.694042 33.000000 348.742906 425.640482
90 B E 9.086040 6.316824 34.000000 335.680440 466.533148
91 B E 5.286258 9.536977 35.000000 332.749936 495.098595
92 B E 7.671482 8.955000 36.000000 380.594018 461.888295
93 B E 8.458379 7.555370 36.000000 367.358980 477.990924
94 B E 7.224631 6.414514 38.000000 332.434499 570.482376
95 C A 7.951637 8.131892 28.000000 294.605273 325.441055
96 C A 8.741662 5.723637 28.000000 267.419020 363.048706
97 C A 8.319080 6.799784 31.000000 305.612870 385.213880
98 C A 6.259961 6.380272 32.000000 267.094470 463.497666
99 C A 7.830198 7.436109 34.000000 335.834666 418.407063
100 C A 7.878273 5.745959 39.000000 343.209031 533.205857
101 C B 9.060869 5.649664 28.000000 272.714945 341.043680
102 C B 5.985718 9.963514 30.000000 312.664177 333.117293
103 C B 8.276873 7.643034 30.000000 312.136340 333.882657
104 C B 8.371323 8.873029 30.000000 335.976336 299.314663
105 C B 8.667348 9.391892 31.000000 361.479859 287.334554
106 C B 5.279051 6.240253 33.000000 253.660222 493.673028
107 C B 9.804563 6.145369 33.000000 341.386659 366.469695
108 C B 7.350631 8.706181 34.000000 353.136953 374.431769
109 C B 9.567748 8.541097 35.000000 405.863732 322.977939
110 C B 5.211173 9.828512 36.000000 350.435181 428.349337
111 C B 7.283643 8.813094 36.000000 373.267522 395.242442
112 C B 6.726021 8.589867 37.000000 365.590700 431.373835
113 C B 7.816772 9.903974 37.000000 418.978574 353.961418
114 C B 6.893109 5.136969 38.000000 299.863766 551.677889
115 C B 8.463117 7.216198 38.000000 383.066393 431.034081
116 C C 6.646415 9.773998 28.000000 302.616924 281.178149
117 C C 5.152849 7.074711 29.000000 239.513546 401.884939
118 C C 9.261639 5.948879 29.000000 291.417015 323.164677
119 C C 8.150775 8.216045 30.000000 321.356749 302.756081
120 C C 7.710846 8.045523 31.000000 319.822456 330.083092
121 C C 6.189398 5.464799 32.000000 250.514588 460.200025
122 C C 9.183501 7.399108 33.000000 355.089665 326.594491
123 C C 9.634637 9.408633 34.000000 415.236698 260.371491
124 C C 5.725801 5.902725 35.000000 270.953043 504.201702
125 C C 6.528605 6.081864 35.000000 291.573845 472.926818
126 C C 7.587150 6.916745 35.000000 331.335795 412.621195
127 C C 8.982141 8.094822 35.000000 385.370224 330.668978
128 C C 9.340873 5.343396 35.000000 335.123662 406.876263
129 C C 9.714935 8.423497 36.000000 418.544118 305.355237
130 C C 5.698321 5.847978 38.000000 290.009622 550.299223
131 C C 6.334806 7.616729 39.000000 353.219931 479.430254
132 C C 6.079129 7.898586 40.000000 362.219159 490.781426
133 C D 9.650428 6.934310 28.000000 306.847597 254.006245
134 C D 5.634750 9.214586 29.000000 286.602438 311.398499
135 C D 6.988410 6.074327 29.000000 255.515629 361.137394
136 C D 5.537702 8.332998 30.000000 277.896612 350.327820
137 C D 6.478521 5.790239 31.000000 256.422934 409.685705
138 C D 8.656658 5.081808 31.000000 283.759452 365.947276
139 C D 5.585151 9.557257 32.000000 318.958230 334.629232
140 C D 9.006381 5.270847 32.000000 302.346783 361.207547
141 C D 6.922916 7.026712 33.000000 304.426631 382.879790
142 C D 5.517669 5.041118 34.000000 243.623263 505.165180
143 C D 7.106268 6.719581 36.000000 326.862334 421.982666
144 C D 9.148425 5.378598 37.000000 350.723913 408.804139
145 C D 8.524944 7.959799 38.000000 404.076152 348.440557
146 C D 7.557871 5.190731 39.000000 326.541303 497.496316
147 C D 9.369285 9.256745 39.000000 464.073080 277.445472
148 C D 9.771567 6.848805 39.000000 417.140686 352.537302
149 C D 8.899009 9.754311 40.000000 475.903699 283.516481
150 C E 7.723766 8.794210 30.000000 327.017568 249.555578
151 C E 8.802668 6.630877 30.000000 307.497803 282.413848
152 C E 9.503383 5.686014 31.000000 312.216789 299.470222
153 C E 7.335342 7.591000 32.000000 316.279768 317.630874
154 C E 9.598490 5.243390 32.000000 314.658101 320.360680
155 C E 6.772007 8.916838 36.000000 368.573059 329.603835
156 C E 8.163740 8.169036 40.000000 421.680623 340.206101
157 D A 8.390143 5.974427 30.000000 291.784257 263.733332
158 D A 9.999141 6.722597 30.000000 334.213289 183.825322
159 D A 9.730957 9.162810 32.000000 395.982309 117.493668
160 D A 8.063065 5.807096 36.000000 332.817477 336.454101
161 D A 8.121250 5.456760 36.000000 326.506998 348.338837
162 D A 5.374439 9.077125 37.000000 354.046726 321.472350
163 D A 7.377805 5.667016 37.000000 322.817029 380.288279
164 D A 6.154418 9.845939 38.000000 398.030140 263.636919
165 D A 6.634103 8.605311 39.000000 389.824285 304.091280
166 D B 6.445592 7.086981 29.000000 270.452778 259.031140
167 D B 5.189928 5.065472 31.000000 225.736443 397.718538
168 D B 9.919664 7.757726 31.000000 363.785448 123.921344
169 D B 6.609537 8.562528 33.000000 335.392875 230.233282
170 D B 6.810693 7.768386 33.000000 323.651770 253.519805
171 D B 6.853481 7.015995 33.000000 309.601616 281.385946
172 D B 7.453788 5.715751 33.000000 295.742870 308.872457
173 D B 6.136339 9.223177 34.000000 348.320125 229.594235
174 D B 8.696509 9.044354 34.000000 396.899625 133.244894
175 D B 7.973641 6.559243 36.000000 348.896290 278.451509
176 D B 7.476253 6.520683 37.000000 345.717994 309.755129
177 D B 9.244368 5.633208 38.000000 374.194724 278.276281
178 D B 9.957021 8.777281 38.000000 462.128082 103.875120
179 D B 8.412147 9.009840 39.000000 442.660493 167.485839
180 D B 8.830663 9.635462 40.000000 478.173002 122.052697
181 D C 9.294442 6.048311 29.000000 303.419909 174.618588
182 D C 5.898315 9.873496 31.000000 329.811668 170.075620
183 D C 5.945747 9.800809 31.000000 329.341938 171.046395
184 D C 6.753024 7.257332 31.000000 297.048617 237.785926
185 D C 7.532589 6.509967 31.000000 297.647538 236.548155
186 D C 8.029941 6.039956 31.000000 298.156074 235.497180
187 D C 7.177885 5.305523 34.000000 291.117525 325.043515
188 D C 5.061720 5.213326 35.000000 252.231950 430.407036
189 D C 6.404793 7.129885 35.000000 320.684246 288.938959
190 D C 6.273936 5.035267 37.000000 287.520304 407.477772
191 D C 7.142111 6.233575 37.000000 333.396231 312.667522
192 D C 7.691409 7.568036 37.000000 375.215680 226.240662
193 D C 8.339068 5.516374 37.000000 344.046813 290.656320
194 D C 5.111557 9.676294 38.000000 373.619016 254.540433
195 D C 8.841556 9.268625 39.000000 460.234237 100.535644
196 D C 8.860199 5.427577 39.000000 370.789954 285.387161
197 D C 5.406547 6.567282 40.000000 323.827896 407.442081
198 D D 6.036644 8.973153 28.000000 290.384588 155.368392
199 D D 5.337715 5.582064 31.000000 241.327904 336.657874
200 D D 7.279896 8.848771 31.000000 338.213213 126.739706
201 D D 7.394965 8.983716 32.000000 352.690668 120.371885
202 D D 9.978169 6.652257 32.000000 357.524175 109.899288
203 D D 8.515998 7.408047 34.000000 363.070504 147.882242
204 D D 5.424758 5.329163 36.000000 270.504701 398.441480
205 D D 5.910069 6.776032 36.000000 312.239777 308.015483
206 D D 6.010046 8.687551 36.000000 355.688098 213.877454
207 D D 9.469825 9.506961 37.000000 459.504642 13.941609
208 D D 9.749576 6.133040 37.000000 390.814084 162.771151
209 D D 6.058188 9.649090 38.000000 396.345930 175.785485
210 D D 8.240607 7.846849 38.000000 405.013991 157.004687
211 D D 5.250020 7.475309 40.000000 343.627883 340.007920
212 D D 9.100052 9.156869 40.000000 476.386118 52.365078
213 D E 9.433964 8.831932 29.000000 357.516581 11.946443
214 D E 6.681174 6.672560 31.000000 288.069464 218.202456
215 D E 8.949540 9.081921 31.000000 375.075168 22.439622
216 D E 6.599942 9.949311 36.000000 397.153870 97.762543
217 D E 8.234995 9.340918 40.000000 461.511921 52.956927
218 D E 9.856017 9.699277 40.000000 509.017049 0.000000
219 E A 5.934300 7.192876 30.000000 278.919159 181.724115
220 E A 8.617862 7.680170 33.000000 365.331043 47.895395
221 E A 5.769715 8.734414 35.000000 347.216714 141.671692
222 E A 5.382015 8.387984 38.000000 356.585962 194.029341
223 E A 7.075414 6.201621 39.000000 353.312631 226.939891
224 E B 5.004317 6.010626 28.000000 228.857035 243.506848
225 E B 7.888791 6.943710 30.000000 310.791027 90.037434
226 E B 9.693040 8.072330 32.000000 384.901106 0.000000
227 E B 6.380103 7.157601 33.000000 311.852523 162.401385
228 E B 5.804278 9.589046 35.000000 367.065803 75.288405
229 E B 6.966075 5.557928 37.000000 321.838868 237.601960
230 E B 9.797907 9.606217 39.000000 497.862505 0.000000
231 E C 9.236504 8.379292 30.000000 362.360327 0.000000
232 E C 5.488648 8.416075 33.000000 320.589511 121.790987
233 E C 8.771330 6.877667 34.000000 364.515522 34.047560
234 E C 5.546031 7.281665 35.000000 314.657622 187.016170
235 E C 7.189787 8.513806 36.000000 384.473611 32.821798
236 E C 6.902965 8.220049 37.000000 381.006911 66.719661
237 E D 9.323056 7.627511 29.000000 342.567872 0.000000
238 E D 5.822197 5.601519 30.000000 253.254889 198.868400
239 E D 5.664028 7.041784 31.000000 283.956105 140.975118
240 E D 7.086136 5.143591 33.000000 289.776593 175.259799
241 E D 8.796358 8.464742 35.000000 410.111114 0.000000
242 E D 9.532918 8.359436 36.000000 434.102858 0.000000
243 E D 6.870422 6.438536 37.000000 343.086859 131.322081
244 E D 7.907443 8.530312 37.000000 412.546176 0.000000
245 E D 9.059667 6.883315 40.000000 430.259569 0.000000
246 E E 6.430901 8.159694 34.000000 346.452132 30.895835
247 E E 6.835970 5.386365 35.000000 305.473028 169.271357
248 E E 9.444782 9.890635 36.000000 466.449023 0.000000
249 E E 5.465260 8.277937 37.000000 353.902966 85.281861
250 E E 6.495138 9.183759 38.000000 406.282855 0.000000
251 A A 5.089728 5.006000 29.000000 181.545662 664.044779
252 A A 5.022593 5.007599 29.000000 180.405343 664.424886
253 A A 5.005706 5.068910 29.000000 181.178328 664.167224
254 A A 5.013321 5.030177 29.000000 180.636860 664.347713
255 A A 5.025713 5.035354 29.000000 180.942558 664.245814
256 A A 5.006731 5.015058 29.000000 180.259121 664.473626
257 A A 5.006552 5.091014 29.000000 181.577641 664.034120
258 A A 5.008939 5.022466 29.000000 180.426440 664.417853
259 A A 5.032578 5.001365 29.000000 180.470605 664.403132
260 A A 5.037403 5.001636 29.000000 180.559276 664.373575
261 A A 5.001029 5.066408 29.000000 181.053411 664.208863
262 A A 5.002605 5.055717 29.000000 180.894797 664.261734
263 A A 5.028633 5.028730 29.000000 180.878120 664.267293
264 A A 5.066602 5.027159 29.000000 181.511441 664.056186
265 A A 5.004889 5.000026 29.000000 179.965530 664.571490
266 A A 5.007325 5.031415 29.000000 180.554077 664.375308
267 A A 5.011799 5.001533 29.000000 180.111961 664.522680
268 A A 5.029564 5.019348 29.000000 180.731057 664.316314
269 A A 5.001258 5.022533 29.000000 180.293975 664.462008
270 A A 5.005250 5.036662 29.000000 180.609274 664.356909
271 A A 5.000164 5.048526 29.000000 180.727206 664.317598
272 A A 5.021593 5.019675 29.000000 180.598064 664.360645
273 A A 5.012149 5.031590 29.000000 180.641066 664.346311
274 A A 5.005247 5.000644 29.000000 179.982500 664.565833
275 A A 5.006795 5.005642 29.000000 180.096404 664.527865
276 A A 5.001925 5.016234 29.000000 180.195966 664.494678
277 A A 5.101499 5.005560 29.000000 181.742825 663.979058
278 A A 5.122666 5.001839 29.000000 182.046388 663.877871
279 A A 5.001802 5.164079 29.000000 182.766333 663.637889
280 A A 5.124615 5.130010 29.000000 184.310480 663.123173
281 A A 5.204260 5.008721 29.000000 183.585869 663.364710
282 A A 5.064864 5.198180 29.000000 184.456977 663.074341
283 A A 5.013912 5.098462 29.000000 181.835304 663.948232
284 A A 5.168793 5.007052 29.000000 182.939711 663.580096
285 A A 5.107645 5.126487 29.000000 183.953892 663.242036
286 A A 5.001639 5.223251 29.000000 183.793084 663.295639
287 A A 5.252419 5.002925 29.000000 184.322984 663.119005
288 A A 5.091649 5.109039 29.000000 183.371967 663.436011
289 A A 5.184250 5.236800 29.000000 187.206266 662.157911
290 A A 5.001813 5.100170 28.000000 175.593310 641.028897
291 A A 5.005804 5.117010 28.000000 175.943266 640.912245
292 A A 5.272573 5.130908 28.000000 180.658482 639.340506
293 A A 5.269383 5.160319 28.000000 181.098986 639.193671
294 A A 5.187612 5.261857 28.000000 181.431077 639.082974
295 A A 5.005728 5.137773 28.000000 176.290823 640.796392
296 A A 5.149992 5.180217 28.000000 179.427509 639.750830
297 A A 5.154681 5.169585 28.000000 179.327667 639.784111
298 A A 5.134926 5.175250 28.000000 179.090961 639.863013
299 A A 5.180250 5.191267 28.000000 180.121482 639.519506
300 A A 5.279279 5.186572 28.000000 181.706287 638.991238
301 A A 5.161559 5.260171 28.000000 180.965067 639.238311
302 A A 5.175202 5.162067 28.000000 179.546125 639.711292
303 A A 5.170639 5.300166 28.000000 181.789519 638.963494
304 A A 5.317367 5.167361 28.000000 182.023434 638.885522
305 A A 5.142687 5.149781 28.000000 178.793459 639.962180
306 A A 5.139882 5.184661 28.000000 179.332313 639.782562
307 A A 5.148810 5.316531 28.000000 181.697733 638.994089
308 A A 5.154924 5.187311 28.000000 179.629544 639.683485
309 A A 5.205466 5.197600 28.000000 180.651516 639.342828
310 A A 5.144627 5.172947 28.000000 179.215251 639.821583
311 A A 5.145531 5.359115 28.000000 182.358061 638.773980
312 A A 5.311793 5.170646 28.000000 181.984982 638.898339
313 A A 5.135883 5.248619 28.000000 180.339641 639.446786
314 A A 5.144841 5.267499 28.000000 180.807312 639.290896
315 A A 5.237807 5.194380 28.000000 181.140739 639.179754
316 A A 5.149837 5.151355 28.000000 178.940036 639.913321
317 A A 5.139029 5.362649 28.000000 182.308199 638.790600
318 A A 5.378041 5.149402 28.000000 182.741040 638.646320
319 A A 5.244715 5.269337 28.000000 182.516087 638.721304
320 A A 5.149419 5.154486 28.000000 178.985598 639.898134
321 A A 5.132159 5.432317 28.000000 183.363203 638.438932
322 A A 5.341338 5.156045 28.000000 182.236041 638.814653
323 A A 5.222110 5.248124 28.000000 181.779936 638.966688
324 A A 5.142910 5.152676 28.000000 178.845841 639.944720
325 A A 5.130823 5.147175 28.000000 178.550365 640.043212
326 A A 5.151906 5.333274 28.000000 182.031028 638.882991
327 A A 5.305313 5.144286 28.000000 181.433275 639.082242
328 A A 5.220073 5.273584 28.000000 182.173449 638.835517
329 A A 5.133766 5.151142 28.000000 178.666453 640.004516
330 A A 5.135325 5.400217 28.000000 182.877110 638.600963
331 A A 5.321059 5.152462 28.000000 181.835157 638.948281
332 A A 5.129361 5.209208 28.000000 179.567961 639.704013
333 A A 5.214215 5.134359 28.000000 179.736049 639.647984
334 A A 5.405077 5.140772 28.000000 183.050253 638.543249
335 A A 5.242237 5.335333 28.000000 183.583175 638.365608
336 A A 5.128583 5.202475 28.000000 179.441769 639.746077
337 A A 5.235766 5.467563 28.000000 185.695933 637.661356
338 A A 5.138010 5.224831 28.000000 179.975728 639.568091
339 A A 5.370116 5.238836 28.000000 184.110400 638.189867
340 A A 5.132769 5.363067 28.000000 182.210041 638.823320
341 A A 5.236022 5.230727 28.000000 181.721388 638.986204
342 A A 5.151892 5.160181 28.000000 179.122821 639.852393
343 A A 5.121477 5.141256 28.000000 178.293907 640.128698
344 A A 5.351237 5.299020 28.000000 184.804322 637.958559
345 A A 5.118206 5.146386 28.000000 178.325145 640.118285
346 A A 5.287264 5.483110 28.000000 186.822276 637.285908
347 A A 5.135458 5.141705 28.000000 178.536332 640.047889
348 A A 5.448052 5.349025 28.000000 187.270892 637.136369
349 A A 5.144137 5.159323 28.000000 178.978121 639.900626
350 A A 5.240440 5.147111 28.000000 180.390864 639.429712
351 A A 5.135401 5.157905 28.000000 178.807548 639.957484
352 A A 5.315831 5.410346 28.000000 186.079770 637.533410
353 A A 5.157625 5.164717 28.000000 179.295343 639.794886
354 A A 5.145082 5.295399 28.000000 181.280069 639.133310
355 A A 5.122772 5.229059 28.000000 179.790761 639.629746
356 A A 5.375405 5.148216 28.000000 182.676820 638.667727
357 A A 5.249514 5.285837 28.000000 182.873897 638.602034
358 A A 5.123705 5.146856 28.000000 178.425433 640.084856
359 A A 5.102214 5.363277 28.000000 181.700260 638.993247
360 A A 5.458857 5.137122 28.000000 183.892442 638.262519
361 A A 5.313617 5.247206 28.000000 183.301839 638.459387
362 A A 5.118994 5.132639 28.000000 178.107425 640.190858
363 A A 5.185105 5.145109 28.000000 179.427604 639.750799
364 A A 5.232276 5.137365 28.000000 180.089960 639.530013
365 A A 5.123782 5.334125 28.000000 181.572838 639.035721
366 A A 5.272823 5.473029 28.000000 186.410309 637.423230
367 A A 5.119996 5.121651 28.000000 177.939686 640.246771
368 A A 5.225605 5.109039 28.000000 179.502020 639.725993
369 A A 5.114384 5.124969 28.000000 177.901136 640.259621
370 A A 5.365266 5.334437 28.000000 185.635022 637.681659
371 A A 5.101217 5.268690 28.000000 180.094442 639.528519
372 A A 5.111684 5.123665 28.000000 177.833862 640.282046
373 A A 5.099710 5.118304 28.000000 177.542640 640.379120
374 A A 5.311970 5.111519 28.000000 180.994613 639.228462
375 A A 5.102529 5.114880 28.000000 177.532466 640.382511
376 A A 5.097885 5.104896 28.000000 177.286725 640.464425
377 A A 5.102286 5.092276 28.000000 177.148641 640.510453
378 A A 5.082382 5.119460 28.000000 177.270939 640.469687
379 A A 5.093029 5.101120 28.000000 177.141702 640.512766
380 A A 5.086787 5.105048 28.000000 177.102828 640.525724
381 A A 5.100533 5.089439 28.000000 177.071517 640.536161
382 A A 5.083913 5.090111 28.000000 176.803588 640.625471
383 A A 5.075716 5.096970 28.000000 176.781124 640.632959
384 A A 5.072462 5.087201 28.000000 176.562342 640.705886
385 A A 5.079907 5.087972 28.000000 176.700368 640.659877
386 A A 5.260748 5.087617 28.000000 179.732533 639.649156
387 A A 5.078466 5.089936 28.000000 176.709159 640.656947
388 A A 5.078604 5.087521 28.000000 176.670898 640.669701
389 A A 5.072209 5.085286 28.000000 176.525918 640.718027
390 A A 5.059213 5.079729 28.000000 176.214222 640.821926
391 A A 5.066136 5.091935 28.000000 176.535588 640.714804
392 A A 5.066129 5.074262 28.000000 176.238577 640.813808
393 A A 5.070260 5.079059 28.000000 176.388570 640.763810
394 A A 5.068263 5.083768 28.000000 176.434123 640.748626
395 A A 5.065136 5.065753 28.000000 176.078947 640.867018
396 A A 5.060148 5.065353 28.000000 175.988419 640.897194
397 A A 5.006637 5.080047 28.000000 175.336293 641.114569
398 A A 5.001152 5.064046 28.000000 174.975320 641.234893
399 A A 5.046023 5.006587 28.000000 174.763852 641.305383
400 A A 5.001221 5.063303 28.000000 174.964006 641.238665
401 A A 5.015809 5.000397 28.000000 174.152268 641.509244
402 A A 5.007976 5.048565 28.000000 174.829891 641.283370
403 A A 5.016733 5.006298 28.000000 174.266922 641.471026
404 A A 5.008707 5.006406 28.000000 174.133903 641.515366
405 A A 5.041515 5.005178 28.000000 174.664442 641.338519
406 A A 5.026894 5.003258 28.000000 174.386539 641.431154
407 A A 5.001961 5.005515 28.000000 174.005601 641.558133
408 A A 5.035841 5.001619 28.000000 174.509326 641.390225
409 A A 5.012002 5.004461 28.000000 174.156579 641.507807
410 A A 5.006977 5.034252 28.000000 174.572654 641.369115
411 A A 5.004952 5.009411 28.000000 174.121290 641.519570
412 A A 5.004851 5.004250 28.000000 174.032897 641.549034
413 A A 5.012135 5.012645 28.000000 174.296308 641.461231
414 A A 5.002553 5.005214 28.000000 174.010483 641.556506
415 A A 5.033076 5.009378 28.000000 174.593229 641.362257
416 A A 5.009250 5.001556 28.000000 174.061536 641.539488
417 A A 5.012917 5.000511 28.000000 174.105584 641.524805
418 A A 5.014763 5.007016 28.000000 174.245882 641.478039
419 A A 5.013679 5.009919 28.000000 174.276442 641.467853
420 A A 5.009759 5.010416 28.000000 174.218938 641.487021
421 A A 5.008630 5.007816 28.000000 174.156297 641.507901
422 A A 5.000019 5.001811 28.000000 173.910742 641.589753
423 A A 5.017268 5.005224 28.000000 174.257859 641.474047
424 A A 5.001786 5.002894 28.000000 173.958629 641.573790
425 A A 5.001143 5.021865 28.000000 174.266535 641.471155
426 A A 5.004830 5.022479 28.000000 174.338791 641.447070
427 A A 5.007588 5.004459 28.000000 174.082401 641.532533
428 A A 5.237608 5.030943 28.000000 178.391646 640.096118
429 A A 5.007554 5.023804 28.000000 174.406811 641.424396
430 A A 5.011345 5.004583 28.000000 174.147596 641.510801
431 A A 5.008422 5.001194 28.000000 174.041549 641.546150
432 A A 5.232785 5.012273 28.000000 177.996961 640.227680
433 A A 5.006246 5.003361 28.000000 174.041388 641.546204
434 A A 5.006027 5.011279 28.000000 174.170741 641.503086
435 A A 5.001039 5.016168 28.000000 174.169077 641.503641
436 A A 5.002666 5.000545 28.000000 173.933939 641.582020
437 A A 5.224023 5.007817 28.000000 177.774915 640.301695
438 A A 5.225755 5.014503 28.000000 177.916336 640.254555
439 A A 5.002419 5.002267 28.000000 173.958735 641.573755
440 A A 5.003937 5.240744 28.000000 177.990652 640.229783
441 A A 5.235280 5.003079 28.000000 177.884439 640.265187
442 A A 5.226314 5.000013 28.000000 177.682287 640.332571
443 A A 5.212372 5.249522 28.000000 181.639806 639.013398
444 A A 5.012303 5.005306 28.000000 174.175832 641.501389
445 A A 5.005828 5.000773 28.000000 173.990892 641.563036
446 A A 5.229996 5.228234 28.000000 181.578267 639.033911
447 A A 5.205222 5.266863 28.000000 181.811026 638.956325
448 A A 5.227297 5.001851 28.000000 177.729682 640.316773
449 A A 5.007232 5.251805 28.000000 178.231822 640.149393
450 A A 5.002679 5.005206 28.000000 174.012462 641.555846
451 A A 5.000020 5.214620 28.000000 177.485939 640.398020
452 A A 5.196294 5.242318 28.000000 181.248687 639.143771
453 A A 5.186367 5.003427 28.000000 177.068545 640.537152
454 A A 5.187347 5.225975 28.000000 180.823815 639.285395
455 A A 5.001555 5.001343 28.000000 173.928691 641.583770
456 A A 5.002839 5.000750 28.000000 173.940294 641.579902
457 A A 5.327572 5.217247 28.000000 183.032953 638.549016
458 A A 5.004251 5.005029 28.000000 174.035901 641.548033
459 A A 5.114670 5.000552 28.000000 175.815728 640.954757
460 A A 5.182748 5.242842 28.000000 181.029907 639.216698
461 A A 5.107796 5.128131 28.000000 177.843572 640.278809
462 A A 5.314283 5.001290 28.000000 179.181635 639.832788
463 A A 5.112885 5.100263 28.000000 177.460876 640.406375
464 A A 5.005873 5.209725 28.000000 177.502046 640.392651
465 A A 5.189835 5.106499 28.000000 178.858415 639.940528
466 A A 5.089513 5.005199 28.000000 175.471150 641.069617
467 A A 5.104229 5.214099 28.000000 179.227917 639.817361
468 A A 5.003366 5.102386 28.000000 175.656649 641.007784
469 A A 5.275593 5.002409 28.000000 178.550430 640.043190
470 A A 5.006624 5.001152 29.000000 180.015299 664.554900
471 A A 5.181742 5.110077 28.000000 178.782556 639.965815
472 A A 5.108204 5.208028 28.000000 179.192696 639.829101
473 A A 5.103961 5.312738 28.000000 180.880541 639.266486
474 A A 5.200427 5.100919 29.000000 185.123410 662.852197
475 A A 5.007540 5.103342 28.000000 175.742822 640.979059
476 A A 5.291931 5.206728 28.000000 182.257459 638.807514
477 A A 5.003667 5.105720 28.000000 175.717712 640.987429
478 A A 5.098906 5.001729 28.000000 175.570669 641.036444
479 A A 5.000146 5.294588 29.000000 185.008359 662.890547
480 A A 5.188237 5.001371 28.000000 177.065424 640.538192
481 A A 5.110282 5.000751 28.000000 175.745340 640.978220
482 A A 5.301578 5.198306 28.000000 182.278051 638.800650
483 A A 5.183076 5.110108 28.000000 178.805493 639.958169
484 A A 5.000086 5.104767 29.000000 181.704445 663.991852
485 A A 5.101084 5.193193 28.000000 178.823864 639.952045
486 A A 5.103604 5.003614 28.000000 175.681250 640.999583
487 A A 5.185090 5.107497 28.000000 178.795457 639.961514
488 A A 5.001692 5.341189 28.000000 179.640413 639.679862
489 A A 5.402559 5.197390 28.000000 183.959149 638.240284
490 A A 5.108865 5.001680 29.000000 181.803469 663.958844
491 A A 5.227970 5.104708 28.000000 179.468984 639.737005
492 A A 5.002392 5.279339 28.000000 178.613068 640.022311
493 A A 5.103650 5.100371 28.000000 177.307564 640.457479
494 A A 5.285879 5.189841 28.000000 181.872101 638.935966
495 A A 5.098302 5.102404 29.000000 183.372284 663.435905
496 A A 5.184962 5.096777 28.000000 178.613219 640.022260
497 A A 5.001720 5.208761 28.000000 177.416077 640.421308
498 A A 5.001141 5.003205 28.000000 173.953028 641.575657
499 A A 5.105861 5.000544 29.000000 181.731457 663.982848
500 A A 5.185191 5.106768 28.000000 178.784916 639.965028
501 A A 5.001770 5.290922 28.000000 178.797226 639.960925
502 A A 5.304048 5.096962 28.000000 180.616965 639.354345
503 A A 5.088598 5.197330 28.000000 178.683589 639.998804
504 A A 5.194705 5.092409 28.000000 178.703506 639.992165
505 A A 5.090013 5.003301 28.000000 175.447669 641.077444
506 A A 5.191421 5.190431 29.000000 186.524228 662.385257
507 A A 5.090655 5.322216 28.000000 180.816245 639.287918
508 A A 5.287400 5.004547 28.000000 178.784713 639.965096
509 A A 5.005526 5.000423 28.000000 173.979950 641.566683
510 A A 5.091708 5.107883 28.000000 177.233123 640.482292
511 A A 5.001401 5.188948 28.000000 177.077868 640.534044
512 A A 5.187195 5.096193 28.000000 178.640922 640.013026
513 A A 5.362670 5.265995 28.000000 184.441562 638.079479
514 A A 5.105799 5.093059 29.000000 183.340124 663.446625
515 A A 5.206768 5.187382 28.000000 180.501712 639.392763
516 A A 5.098953 5.119230 28.000000 177.545480 640.378173
517 A A 5.100112 5.003438 29.000000 181.681756 663.999415
518 A A 5.005450 5.102237 28.000000 175.689130 640.996957
519 A A 5.256886 5.211519 28.000000 181.749214 638.976929
520 A A 5.003630 5.394018 28.000000 180.560481 639.373173
521 A A 5.167385 5.009595 28.000000 176.853262 640.608913
522 A A 5.099803 5.003983 28.000000 175.623608 641.018797
523 A A 5.404055 5.277220 28.000000 185.325416 637.784861
524 A A 5.186021 5.003168 29.000000 183.171895 663.502702
525 A A 5.003143 5.104668 28.000000 175.691229 640.996257
526 B A 5.285874 5.192631 29.000000 197.613977 565.160153
527 A A 5.000846 5.000940 28.000000 173.910013 641.589996
528 A A 5.100440 5.119701 28.000000 177.578356 640.367215
529 A A 5.001086 5.002013 28.000000 173.932069 641.582644
530 A A 5.176546 5.176403 28.000000 179.809550 639.623483
531 A A 5.097955 5.000005 28.000000 175.525737 641.051421
532 A A 5.106464 5.295315 28.000000 180.629889 639.350037
533 A A 5.278212 5.103993 29.000000 186.530366 662.383211
534 A A 5.002992 5.101848 28.000000 175.641312 641.012896
535 A A 5.000399 5.200921 28.000000 177.262169 640.472610
536 A A 5.176943 5.101964 28.000000 178.565639 640.038120
537 A A 5.099207 5.001850 28.000000 175.577756 641.034081
538 A A 5.195112 5.391402 28.000000 183.733425 638.315525
539 A A 5.110863 5.000212 29.000000 181.812702 663.955766
540 A A 5.294013 5.204345 28.000000 182.252399 638.809200
541 A A 5.003280 5.110587 28.000000 175.792977 640.962341
542 A A 5.000057 5.270321 28.000000 178.422356 640.085881
543 A A 5.479694 5.000146 28.000000 181.941311 638.912896
544 A A 5.101943 5.111894 28.000000 177.472456 640.402515
545 A A 5.196083 5.182742 29.000000 186.471559 662.402814
546 A A 5.118736 5.136479 28.000000 178.167624 640.170792
547 A A 5.101388 5.097421 28.000000 177.219995 640.486668
548 A A 5.240107 5.315817 28.000000 183.219527 638.486824
549 B A 5.094814 5.001351 28.000000 184.903571 551.175839
550 A E 5.330069 5.096304 28.000000 187.511063 575.326856
551 A A 5.195392 5.227495 29.000000 187.238229 662.147257
552 A A 5.095272 5.000742 28.000000 175.493024 641.062325
553 A A 5.090809 5.186817 28.000000 178.544102 640.045299
554 A A 5.004232 5.099334 28.000000 175.619908 641.020031
555 A A 5.193736 5.100279 28.000000 178.819449 639.953517
556 A A 5.004133 5.278059 29.000000 184.790134 662.963289
557 A A 5.186100 5.183223 28.000000 180.084625 639.531792
558 A A 5.001691 5.092124 28.000000 175.456095 641.074635
559 A A 5.000354 5.098941 29.000000 181.607747 664.024084
560 A A 5.369573 5.206915 28.000000 183.565000 638.371667
561 A A 5.098164 5.412869 28.000000 182.465344 638.738219
562 A A 5.246874 5.087773 28.000000 179.502068 639.725977
563 A A 5.094427 5.002363 28.000000 175.506076 641.057975
564 A A 5.192181 5.288582 28.000000 181.956817 638.907728
565 A A 5.099934 5.002822 28.000000 175.606296 641.024568
566 A A 5.281794 5.184757 28.000000 181.718061 638.987313
567 A A 5.098796 5.100022 29.000000 183.339433 663.446856
568 A A 5.196189 5.001598 28.000000 177.202826 640.492391
569 A A 5.101503 5.103181 28.000000 177.318683 640.453772
570 A A 5.085774 5.171143 28.000000 178.196203 640.161266
571 A E 5.169102 5.336250 28.000000 188.837918 574.398058
572 A A 5.004999 5.004515 28.000000 174.039839 641.546720
573 B A 5.338398 5.102429 29.000000 196.958394 565.728325
574 A A 5.000311 5.002865 28.000000 173.933353 641.582216
575 A A 5.003328 5.214703 28.000000 177.542925 640.379025
576 A A 5.189550 5.002703 28.000000 177.109846 640.523385
577 A A 5.002881 5.185296 28.000000 177.041384 640.546205
578 A A 5.111443 5.123995 28.000000 177.835361 640.281546
579 A A 5.000701 5.093390 29.000000 181.517194 664.054269
580 A A 5.291483 5.283328 28.000000 183.536828 638.381057
581 A A 5.001917 5.093556 28.000000 175.483956 641.065348
582 A A 5.170598 5.001184 28.000000 176.765939 640.638020
583 A A 5.104043 5.204092 29.000000 185.241544 662.812819
584 A A 5.254659 5.000998 28.000000 178.175028 640.168324
585 A A 5.000135 5.000176 28.000000 173.885220 641.598260
586 A A 5.117659 5.109134 28.000000 177.690123 640.329959
587 A A 5.000142 5.191390 28.000000 177.097740 640.527420
588 A A 5.177400 5.095858 28.000000 178.470747 640.069751
589 A A 5.099503 5.383139 29.000000 188.277968 661.800677
590 A A 5.396827 5.287677 28.000000 185.379659 637.766780
591 A A 5.000811 5.097616 28.000000 175.533584 641.048805
592 A A 5.231024 5.002281 28.000000 177.799516 640.293495
593 A A 5.102436 5.178690 28.000000 178.602913 640.025696
594 A A 5.118626 5.098061 28.000000 177.520343 640.386552
595 B A 5.274987 5.270400 29.000000 198.777719 564.151577
596 A E 5.101618 5.096109 28.000000 183.669802 578.015739
597 A A 5.181411 5.194145 28.000000 180.189333 639.496889
598 A A 5.099929 5.090562 28.000000 177.080248 640.533251
599 A A 5.557335 5.001603 28.000000 183.270162 638.469946
600 A A 5.002439 5.001077 28.000000 173.939063 641.580312
601 A A 5.000250 5.184657 29.000000 183.097377 663.527541
602 A A 5.186485 5.096969 28.000000 178.642031 640.012656
603 A A 5.001905 5.001997 29.000000 179.947894 664.577369
604 A A 5.266585 5.274502 28.000000 182.970253 638.569916
605 A A 5.096880 5.000264 28.000000 175.512020 641.055993
606 A A 5.101312 5.179807 28.000000 178.602786 640.025738
607 A A 5.189586 5.503749 28.000000 185.528031 637.717323
608 A A 5.373256 5.116244 28.000000 182.103592 638.858803
609 A A 5.091960 5.001303 28.000000 175.446822 641.077726
610 A A 5.092832 5.383053 28.000000 181.874857 638.935048
611 A A 5.192161 5.207698 28.000000 180.597620 639.360793
612 A A 5.005363 5.110694 29.000000 181.899391 663.926870
613 A A 5.280497 5.103080 28.000000 180.324090 639.451970
614 A A 5.092956 5.250304 28.000000 179.646775 639.677742
615 A A 5.178628 5.001539 28.000000 176.906801 640.591066
616 A A 5.001064 5.176633 28.000000 176.865301 640.604900
617 A A 5.097397 5.090730 29.000000 183.153411 663.508863
618 B E 5.191318 5.332290 28.000000 198.258619 483.729696
619 A A 5.003868 5.084903 28.000000 175.371342 641.102886
620 A A 5.288876 5.200691 28.000000 182.104730 638.858423
621 A A 5.092929 5.002513 28.000000 175.483417 641.065528
622 A A 5.178678 5.099059 28.000000 178.545993 640.044669
623 A A 5.003606 5.100899 29.000000 181.698400 663.993867
624 A A 5.094182 5.285512 28.000000 180.258847 639.473718
625 A A 5.099774 5.175435 28.000000 178.503515 640.058828
626 A A 5.393948 5.084666 29.000000 188.207869 661.824044
627 A A 5.228529 5.192339 28.000000 180.950573 639.243142
628 A A 5.088883 5.005106 28.000000 175.459020 641.073660
629 A A 5.195312 5.090394 28.000000 178.679847 640.000051
630 A A 5.000519 5.255333 28.000000 178.178317 640.167228
631 A A 5.003504 5.003281 28.000000 173.993983 641.562006
632 A A 5.003304 5.097400 28.000000 175.571828 641.036057
633 A A 5.296944 5.169122 29.000000 187.989548 661.896817
634 A B 5.166979 5.002641 28.000000 178.787629 620.799917
635 A A 5.090532 5.172567 28.000000 178.300062 640.126646
636 A A 5.096355 5.362003 28.000000 181.580423 639.033192
637 A A 5.159643 5.088013 28.000000 178.040620 640.213127
638 A A 5.458939 5.087543 29.000000 189.388782 661.430406
639 A A 5.275811 5.265094 28.000000 182.967197 638.570934
640 A A 5.099164 5.003175 28.000000 175.599303 641.026899
641 A A 5.002009 5.002914 28.000000 173.962702 641.572433
642 B A 5.171647 5.162387 28.000000 188.899779 547.712458
643 A E 5.089865 5.087575 28.000000 183.328976 578.254317
644 A A 5.007404 5.186667 29.000000 183.256849 663.474384
645 A A 5.234573 5.267803 28.000000 182.319913 638.786696
646 A A 5.001922 5.001890 28.000000 173.944054 641.578649
647 A A 5.002272 5.003267 28.000000 173.973049 641.568984
648 A A 5.000489 5.093040 28.000000 175.451281 641.076240
649 A A 5.163189 5.422978 29.000000 190.079294 661.200235
650 A A 5.000901 5.156121 28.000000 176.517984 640.720672
651 A A 5.342016 5.096364 28.000000 181.244780 639.145073
652 A A 5.103946 5.255023 28.000000 179.910687 639.589771
653 A A 5.206234 5.004484 28.000000 177.420062 640.419979
654 A A 5.101932 5.003050 28.000000 175.643699 641.012100
655 A A 5.100559 5.185249 28.000000 178.681580 639.999473
656 A A 5.280525 5.002062 29.000000 184.797022 662.960993
657 A B 5.177755 5.094527 28.000000 180.512346 620.023794
658 A A 5.096464 5.000560 28.000000 175.510004 641.056665
659 A A 5.096737 5.335282 28.000000 181.137920 639.180693
660 A A 5.249426 5.166626 28.000000 180.869677 639.270108
661 A A 5.006159 5.099392 29.000000 181.716590 663.987803
662 A A 5.173757 5.185214 28.000000 179.910718 639.589761
663 A A 5.091436 5.097903 28.000000 177.060893 640.539702
664 A A 5.179633 5.092707 28.000000 178.455319 640.074894
665 B A 5.087073 5.297184 28.000000 189.743523 546.981213
666 A A 5.367610 5.187989 29.000000 189.547414 661.377529
667 A E 5.004729 5.104307 28.000000 182.179796 579.058743
668 A A 5.004334 5.003205 28.000000 174.006644 641.557785
669 A A 5.001209 5.250005 28.000000 178.100391 640.193203
670 A A 5.272280 5.004015 28.000000 178.521763 640.052746
671 A A 5.160963 5.092376 28.000000 178.136095 640.181302
672 A A 5.092770 5.003031 28.000000 175.489454 641.063515
673 E A 5.086548 5.181795 29.000000 221.299183 295.972390
674 A A 5.195188 5.093405 28.000000 178.728362 639.983879
675 A A 5.095090 5.251307 28.000000 179.699460 639.660180
676 A A 5.000768 5.090291 28.000000 175.409790 641.090070
677 A A 5.267392 5.183049 28.000000 181.447408 639.077531
678 A A 5.156780 5.361030 28.000000 182.579213 638.700262
679 A C 5.004782 5.004970 29.000000 183.871688 626.978921
680 A A 5.108645 5.001204 28.000000 175.725466 640.984845
681 A A 5.000608 5.110200 28.000000 175.741581 640.979473
682 C B 5.243957 5.174010 28.000000 200.599839 445.610584
683 A A 5.095440 5.501094 28.000000 183.901773 638.259409
684 A A 5.000427 5.083109 28.000000 175.283410 641.132197
685 A A 5.000491 5.254184 28.000000 178.158546 640.173818
686 A A 5.184849 5.086383 29.000000 184.599445 663.026852
687 A A 5.359199 5.000380 28.000000 179.920927 639.586358
688 A A 5.000654 5.176078 28.000000 176.849090 640.610303
689 A A 5.482653 5.001450 28.000000 182.012929 638.889024
690 A A 5.167329 5.336194 29.000000 188.641290 661.679570
691 A A 5.100593 5.093776 28.000000 177.145406 640.511531
692 A E 5.239700 5.165929 28.000000 187.162562 575.570807
693 A A 5.103089 5.264170 28.000000 180.049953 639.543349
694 B A 5.096017 5.001958 29.000000 190.992770 570.898533
695 A A 5.329086 5.109098 28.000000 181.241482 639.146173
696 A A 5.166729 5.096129 28.000000 178.296013 640.127996
697 A A 5.004125 5.185471 29.000000 183.178970 663.500343
698 E A 5.095052 5.094271 28.000000 213.810634 289.069718
699 A A 5.224729 5.266316 28.000000 182.129550 638.850150
700 A A 5.090646 5.000023 28.000000 175.403236 641.092255
701 A A 5.181998 5.182988 28.000000 180.011768 639.556077
702 A A 5.091513 5.081789 28.000000 176.791465 640.629512
703 A A 5.281665 5.410175 28.000000 185.502912 637.725696
704 A A 5.099655 5.099235 28.000000 177.221347 640.486218
705 A C 5.184305 5.000539 28.000000 180.807379 603.664291
706 A A 5.004227 5.210889 28.000000 177.493958 640.395347
707 C B 5.097473 5.177054 29.000000 204.354763 465.165943
708 A A 5.189000 5.092650 28.000000 178.611719 640.022760
709 A A 5.002754 5.002219 28.000000 173.963559 641.572147
710 A A 5.002657 5.002606 28.000000 173.968414 641.570529
711 A A 5.331576 5.101518 28.000000 181.155976 639.174675
712 A A 5.093551 5.318684 28.000000 180.805542 639.291486
713 A A 5.251265 5.003142 28.000000 178.154042 640.175319
714 A A 5.085660 5.174102 29.000000 184.399860 663.093380
715 A A 5.167728 5.000072 28.000000 176.699029 640.660324
716 B A 5.089425 5.249805 28.000000 188.987057 547.636817
717 A A 5.004364 5.091523 28.000000 175.490910 641.063030
718 A E 5.003371 5.169281 29.000000 189.352160 599.038088
719 A D 5.424259 5.001600 28.000000 186.326421 586.929867
720 A A 5.182658 5.092000 28.000000 178.494259 640.061914
721 A A 5.264007 5.310156 28.000000 183.525952 638.384683
722 A A 5.083701 5.170322 28.000000 178.147580 640.177473
723 A A 5.001826 5.093924 28.000000 175.488604 641.063799
724 E A 5.000597 5.242885 29.000000 220.866589 297.017826
725 A A 5.172592 5.092628 28.000000 178.335680 640.114773
726 A A 5.098374 5.167119 28.000000 178.340279 640.113240
727 A A 5.179714 5.094061 28.000000 178.479425 640.066858
728 A A 5.265107 5.004266 28.000000 178.405483 640.091506
729 A A 5.094347 5.251566 29.000000 185.898885 662.593705
730 A C 5.000543 5.410543 28.000000 184.608255 601.573810
731 A A 5.181843 5.079158 28.000000 178.264811 640.138396
732 C A 5.092808 5.158597 28.000000 196.625603 460.979599
733 A A 5.354176 5.089160 28.000000 181.328044 639.117319
734 A B 5.004714 5.002002 28.000000 176.050836 622.031474
735 A A 5.002849 5.000501 29.000000 179.938282 664.580573
736 A A 5.172498 5.186742 28.000000 179.915218 639.588261
737 A A 5.093660 5.278912 28.000000 180.139211 639.513596
738 A A 5.242268 5.000183 28.000000 177.953181 640.242273
739 A A 5.086510 5.097029 28.000000 176.963453 640.572182
740 A A 5.163379 5.176066 28.000000 179.582669 639.699110
741 B A 5.003888 5.337080 29.000000 195.220843 567.234203
742 A A 5.307594 5.094023 28.000000 180.627162 639.350946
743 A A 5.001597 5.183210 28.000000 176.984763 640.565079
744 A E 5.105391 5.090639 28.000000 183.641312 578.035682
745 A D 5.171833 5.001912 29.000000 188.195170 610.746326
746 A A 5.091445 5.251526 28.000000 179.641914 639.679362
747 A A 5.252887 5.000668 28.000000 178.139736 640.180088
748 A A 5.086245 5.148848 28.000000 177.829568 640.283477
749 E A 6.182828 5.094324 28.000000 232.086158 244.903868
750 A A 5.174539 5.094157 28.000000 178.394082 640.095306
751 A A 5.638583 5.000132 29.000000 190.993645 660.895452
752 A A 5.002475 6.333905 28.000000 196.331185 634.116272
753 A A 5.359404 5.244874 28.000000 184.031875 638.216042
754 A A 5.002877 5.187579 28.000000 177.079665 640.533445
755 A A 5.095889 5.001450 28.000000 175.515297 641.054901
756 A A 5.258058 5.087557 28.000000 179.686333 639.664556
757 C C 5.164563 5.360125 29.000000 209.883575 446.823729
758 A A 5.092867 5.000746 28.000000 175.452695 641.075768
759 A A 5.174977 5.168516 28.000000 179.650685 639.676438
760 A A 5.000345 5.099415 28.000000 175.555967 641.041344
761 A B 5.000174 5.228288 28.000000 179.776176 620.355071
762 A A 5.000617 5.891876 29.000000 195.409378 659.423541
763 A A 5.267182 5.091706 28.000000 179.909326 639.590225
764 A A 5.439784 5.154007 28.000000 183.855683 638.274772
765 A A 5.107675 5.000424 28.000000 175.696064 640.994645
766 B A 5.171682 5.481576 28.000000 194.262733 543.064565
767 A A 5.104971 5.272042 28.000000 180.213803 639.488732
768 A A 5.087539 5.091371 29.000000 182.993033 663.562322
769 A E 5.240178 5.095976 28.000000 185.995389 576.387828
770 A A 5.167693 5.001339 28.000000 176.719742 640.653419
771 A A 5.095857 5.184046 28.000000 178.582380 640.032540
772 E D 5.317336 5.313967 28.000000 226.233899 221.825073
773 A A 5.092823 5.177098 28.000000 178.414672 640.088443
774 A A 5.092219 5.001915 29.000000 181.517938 664.054021
775 A A 5.212582 5.098287 28.000000 179.102602 639.859133
776 A A 5.001016 5.093598 28.000000 175.469508 641.070164
777 A A 5.093266 5.241760 28.000000 179.508436 639.723855
778 A A 5.179408 5.093704 28.000000 178.468268 640.070577
779 A A 5.002242 5.179593 29.000000 183.043927 663.545358
780 A A 5.274848 5.092972 28.000000 180.059388 639.540204
781 A A 5.095611 5.005028 28.000000 175.570749 641.036417
782 C A 5.000810 5.328775 28.000000 197.939033 459.162688
783 A C 5.184374 5.187639 28.000000 183.951815 601.934852
784 A A 5.001090 5.084453 28.000000 175.317127 641.120958
785 A A 5.094940 5.002363 29.000000 181.573080 664.035640
786 A B 5.341988 5.001010 28.000000 181.700374 619.489182
787 A A 5.153893 5.248899 28.000000 180.646905 639.344365
788 A A 5.228731 5.164076 28.000000 180.479152 639.400283
789 A A 5.089344 5.002152 29.000000 181.472022 664.069326
790 A A 5.003434 5.096794 28.000000 175.563835 641.038722
791 B A 5.181415 7.341768 28.000000 225.677474 515.838456
792 A A 5.002682 5.168413 28.000000 176.754384 640.641872
793 A A 5.109719 5.419429 28.000000 182.769683 638.636772
794 A A 5.276473 5.087065 29.000000 186.205558 662.491481
795 A E 5.086920 5.001442 28.000000 181.832484 579.301861
796 A A 5.171688 5.236764 28.000000 180.741988 639.312671
797 A D 5.434538 5.092351 28.000000 188.023724 585.854908
798 A A 5.089275 5.326301 28.000000 180.861686 639.272771
799 A A 5.094258 5.167636 28.000000 178.279821 640.133393
800 A A 5.000662 5.094289 28.000000 175.475181 641.068273
801 E A 5.258053 5.257879 29.000000 225.607228 285.561283
802 A A 5.204125 5.094320 28.000000 178.893868 639.928711
803 A A 5.091408 5.001671 28.000000 175.443735 641.078755
804 A A 5.165246 5.193251 28.000000 179.902750 639.592417
805 A A 5.004170 5.003289 29.000000 180.009790 664.556737
806 A A 5.003609 5.000767 28.000000 173.953526 641.575491
807 A A 5.001198 5.100728 28.000000 175.592361 641.029213
808 C A 5.000401 5.000679 32.000000 216.422742 533.593556
809 A C 5.345607 5.166940 28.000000 186.312785 600.636318
810 A A 5.168318 5.287392 28.000000 181.535938 639.048021
811 A A 5.092548 5.167588 28.000000 178.250284 640.143239
812 A A 5.241662 5.089693 28.000000 179.446767 639.744411
813 A B 5.102581 5.002102 29.000000 183.759485 643.562582
814 A A 5.169971 5.166146 28.000000 179.526772 639.717743
815 A A 5.096641 5.087367 28.000000 176.971338 640.569554
816 B A 7.636058 5.269626 28.000000 232.103482 510.269249
817 A A 5.000645 5.092977 28.000000 175.452858 641.075714
818 D A 5.251020 5.665912 29.000000 223.176621 367.944380
819 A A 5.345983 5.091552 28.000000 181.230596 639.149801
820 A A 5.100938 5.000062 28.000000 175.576792 641.034403
821 A A 5.179146 5.357142 28.000000 182.889642 638.596786
822 A E 5.000827 5.573387 28.000000 189.994788 573.588248
823 A D 5.506387 5.000958 28.000000 187.695402 586.062846
824 A A 5.099085 5.197743 28.000000 178.866710 639.937763
825 E A 5.097853 5.164186 29.000000 221.189478 296.237512
826 A A 5.229475 5.107845 28.000000 179.546970 639.711010
827 A A 5.096757 5.254121 28.000000 179.774741 639.635086
828 A A 5.170161 5.101391 28.000000 178.442077 640.079308
829 A A 5.002352 5.157046 28.000000 176.557901 640.707366
830 A A 5.301959 5.002369 29.000000 185.175304 662.834899
831 A A 5.001150 5.091608 28.000000 175.438331 641.080556
832 A A 5.002674 5.422980 28.000000 181.030980 639.216340
833 C A 5.186419 5.242638 28.000000 199.610149 456.850977
834 A A 5.097095 5.001681 29.000000 181.598713 664.027096
835 A A 5.093210 5.164745 28.000000 178.213635 640.155455
836 A A 5.259778 5.094513 28.000000 179.832094 639.615969
837 A A 5.169199 5.249953 28.000000 180.921750 639.252750
838 A A 5.106413 5.091520 28.000000 177.205276 640.491575
839 A C 5.390259 5.350683 28.000000 190.149829 598.525944
840 A B 5.004445 7.961380 29.000000 233.543346 621.159844
841 A A 5.001943 5.088361 28.000000 175.397119 641.094294
842 A A 5.178509 5.180855 28.000000 179.917323 639.587559
843 D A 5.096252 5.080654 28.000000 204.194021 378.694943
844 B A 5.261309 5.183296 28.000000 190.757356 546.102558
845 A A 5.090613 5.083811 28.000000 176.810321 640.623226
846 A A 5.178459 5.006885 29.000000 183.104975 663.525008
847 A A 6.545342 5.003534 28.000000 199.901124 632.926292
848 A D 5.099444 5.281231 28.000000 185.567331 587.410624
849 A A 5.290014 5.001408 28.000000 178.775904 639.968032
850 E A 5.077793 6.177291 29.000000 238.468468 254.479952
851 A E 5.001184 5.001435 28.000000 180.392010 580.310193
852 A A 5.002647 5.166129 28.000000 176.715431 640.654856
853 A A 5.169504 7.505735 28.000000 218.824011 626.618663
854 A A 5.092590 5.000699 28.000000 175.447264 641.077579
855 A A 5.237792 5.171047 28.000000 180.748496 639.310501
856 A A 5.003002 5.096850 29.000000 181.617429 664.020857
857 A A 5.092143 5.235466 28.000000 179.383824 639.765392
858 A A 5.368088 5.341244 28.000000 185.796772 637.627743
859 A A 5.206684 5.091161 28.000000 178.883793 639.932069
860 C A 5.002007 5.180075 28.000000 195.460986 462.590653
861 A A 5.159843 5.089051 28.000000 178.061419 640.206194
862 A A 5.001003 5.095313 29.000000 181.555900 664.041367
863 A B 7.755677 5.220401 28.000000 225.936123 599.583095
864 A A 5.104748 6.478481 28.000000 200.478250 632.733917
865 A A 5.178705 5.086932 28.000000 178.342703 640.112432
866 A A 5.090900 5.278115 28.000000 180.079458 639.533514
867 A A 5.001690 5.164054 28.000000 176.664491 640.671836
868 B C 5.245461 5.093015 30.000000 204.614553 553.095070
869 A A 5.093263 5.088943 29.000000 183.050389 663.543204
870 D A 5.331740 5.191379 28.000000 210.010392 367.740779
871 A A 5.163733 5.004524 28.000000 176.706721 640.657760
872 A A 5.000051 5.000033 28.000000 173.881408 641.599531
873 A A 5.000686 5.003924 28.000000 173.957458 641.574181
874 A E 5.095936 5.322448 28.000000 187.376844 575.420809
875 A A 5.246903 5.169784 29.000000 187.130351 662.183216
876 A A 5.084698 5.455771 28.000000 182.959879 638.573374
877 E D 5.170342 5.095484 28.000000 220.093879 238.403126
878 A A 5.088067 5.087633 34.000000 213.464282 778.405239
879 A A 5.312370 5.235531 28.000000 183.084730 638.531757
880 A A 5.170942 5.000272 28.000000 176.756390 640.641203
881 A A 5.003818 7.763698 28.000000 220.374259 626.101914
882 A A 5.091021 5.174694 28.000000 178.344012 640.111996
883 A A 5.178764 5.083560 29.000000 184.444426 663.078525
884 A A 5.440495 5.087416 28.000000 182.748907 638.643698
885 A A 6.049661 5.002347 28.000000 191.553733 635.708756
886 C A 5.107355 5.004027 28.000000 194.273232 464.233712
887 A A 5.001012 5.266102 28.000000 178.367523 640.104159
888 A A 5.217823 5.789714 28.000000 190.806626 635.957791
889 A C 5.091031 5.002634 29.000000 185.331756 626.175884
890 A A 5.311193 5.176683 28.000000 182.076317 638.867894
891 A B 5.089344 5.361505 28.000000 183.512277 618.673825
892 A A 6.322962 5.003456 28.000000 196.163826 634.172058
893 A A 5.001277 5.158517 28.000000 176.564544 640.705152
894 A A 5.188850 6.793029 29.000000 214.364699 653.105100
895 A A 5.003839 5.002149 28.000000 173.980597 641.566468
896 D A 5.091223 5.095765 28.000000 204.363396 378.375954
897 B A 5.002603 5.244741 28.000000 187.443373 548.974677
898 A A 6.736777 5.000448 28.000000 203.065388 631.871537
899 A A 5.241169 5.155742 28.000000 180.548105 639.377298
900 A A 5.177991 5.098048 29.000000 184.683092 662.998969
901 A E 5.000648 5.167832 28.000000 183.178467 578.359673
902 A A 5.570980 5.002842 28.000000 183.520199 638.386600
903 E D 5.795853 5.304847 29.000000 240.780180 207.550113
904 A A 5.105523 5.094880 28.000000 177.246763 640.477746
905 A A 5.002126 5.241285 28.000000 177.969307 640.236898
906 A A 5.257208 5.097223 33.000000 210.897720 754.260760
907 A A 5.156276 5.096819 28.000000 178.131987 640.182671
908 A A 5.100320 6.976252 28.000000 208.766408 629.971197
909 A A 5.357563 5.169289 28.000000 182.731126 638.649625
910 A A 5.002318 6.598478 29.000000 207.733856 655.315381
911 A A 5.001441 5.003982 28.000000 173.971098 641.569634
912 C A 7.504592 5.004004 28.000000 234.546415 408.522476
913 A A 5.173031 5.000401 28.000000 176.793664 640.628779
914 A C 7.334503 5.000592 28.000000 216.931592 583.795974
915 A A 5.091146 5.251372 28.000000 179.634295 639.681902
916 A A 5.267667 5.414498 29.000000 191.749664 660.643445
917 A A 5.092451 5.158924 28.000000 178.103092 640.192303
918 A A 5.175449 5.102524 28.000000 178.549946 640.043351
919 A A 5.002710 5.000028 28.000000 173.926002 641.584666
920 A B 5.001740 5.156163 28.000000 178.590777 620.888500
921 D A 5.090679 5.256860 29.000000 213.269164 386.603424
922 A A 5.173533 5.094223 32.000000 203.020901 731.886366
923 A A 5.092450 5.092036 28.000000 176.979368 640.566877
924 B A 5.259272 5.327065 28.000000 193.138463 544.038932
925 A A 5.084015 5.000683 28.000000 175.302928 641.125691
926 A A 5.000069 5.183527 28.000000 176.964419 640.571860
927 A D 8.083587 5.000803 28.000000 230.989753 558.643090
928 E A 5.174473 5.164791 28.000000 216.329630 282.982143
929 A E 5.396937 5.091604 28.000000 188.555482 574.595763
930 A A 5.001572 5.000027 28.000000 173.906874 641.591042
931 A A 5.089050 5.216338 28.000000 179.010518 639.889827
932 A A 5.288023 5.098683 29.000000 186.608680 662.357107
933 A A 5.000725 6.017085 28.000000 190.979210 635.900263
934 A A 6.975811 5.094005 28.000000 208.652907 630.009031
935 A A 5.174435 5.263249 28.000000 181.233101 639.148966
936 A A 5.112918 5.093710 29.000000 183.475317 663.401561
937 A A 5.252881 5.180671 28.000000 181.163680 639.172107
938 A A 5.000192 5.350449 28.000000 179.770775 639.636408
939 C A 5.099806 5.002026 28.000000 194.112770 464.455685
940 A A 5.165679 5.174871 28.000000 179.601241 639.692920
941 A C 5.092595 5.099984 28.000000 180.937334 603.592816
942 A A 5.244149 5.088442 28.000000 179.467530 639.737490
943 A A 5.091506 5.002842 29.000000 181.521643 664.052786
944 A B 5.175940 5.250088 28.000000 183.095275 618.861476
945 A A 5.002751 5.094462 28.000000 175.513182 641.055606
946 A A 5.329629 5.177037 28.000000 182.391979 638.762674
947 D A 5.093185 5.096453 29.000000 210.521708 391.777801
948 A A 5.003853 5.254158 28.000000 178.214586 640.155138
949 A A 5.000449 5.498527 28.000000 182.262805 638.805732
950 B A 5.195580 5.166427 28.000000 189.369726 547.305171
951 A A 5.093756 5.002225 28.000000 175.492491 641.062503
952 A A 5.169163 5.003203 29.000000 182.879161 663.600280
953 A D 5.091850 5.094137 28.000000 182.296572 589.482104
954 A A 5.260414 5.399288 28.000000 184.962989 637.905670
955 E E 5.000779 5.088442 28.000000 218.302911 235.442013
956 A A 5.475007 5.301764 29.000000 193.395810 660.094730
957 A A 5.169984 5.180333 28.000000 179.765328 639.638224
958 A A 5.000157 5.110585 28.000000 175.740471 640.979843
959 A A 5.354267 5.005388 28.000000 179.922201 639.585933
960 A A 5.093467 5.236845 28.000000 179.429241 639.750253
961 A A 5.096123 5.092565 28.000000 177.049965 640.543345
962 A A 5.250603 5.174926 28.000000 181.028881 639.217040
963 A A 5.166528 5.076904 28.000000 177.969648 640.236784
964 A A 7.177611 5.000171 29.000000 217.773417 651.968861
965 C A 5.000479 5.170697 28.000000 195.277748 462.844131
966 A A 5.159101 5.004032 28.000000 176.620649 640.686450
967 A A 5.088852 5.000207 28.000000 175.376179 641.101274
968 A C 5.236216 5.347133 28.000000 187.502255 599.982110
969 A A 5.108156 5.252464 30.000000 192.371153 685.436282
970 A A 5.335131 5.001928 28.000000 179.542586 639.712471
971 A B 5.003341 5.097498 29.000000 183.692595 643.592682
972 A A 5.100593 5.180712 28.000000 178.605928 640.024691
973 D A 5.090862 5.000318 28.000000 202.753830 381.407304
974 A A 5.002485 5.096143 29.000000 181.596116 664.027961
975 A A 5.202791 5.175285 28.000000 180.231684 639.482772
976 B A 5.083877 5.091256 28.000000 186.230238 550.026060
977 A A 5.001613 5.283945 28.000000 178.677365 640.000878
978 A A 5.177610 5.167962 28.000000 179.685603 639.664799
979 A D 5.277110 5.085079 31.000000 203.908723 650.794408
980 A A 8.590801 5.083646 28.000000 235.610712 621.023096
981 E A 5.095258 5.215797 28.000000 215.855718 284.127432
982 A E 5.161103 5.087373 29.000000 190.671477 598.114566
983 A A 5.235685 5.310073 28.000000 183.048723 638.543759
984 A A 5.097957 5.162284 28.000000 178.252055 640.142648
985 A A 5.003813 5.106722 29.000000 181.803310 663.958897
986 A A 5.000095 5.231758 28.000000 177.775134 640.301622
987 A A 5.425866 5.003688 28.000000 181.096507 639.194498
988 A A 5.090817 5.090112 28.000000 176.919611 640.586796
989 A A 5.000069 5.084908 28.000000 175.307598 641.124134
990 A A 5.187930 5.187083 28.000000 180.180214 639.499929
991 C A 5.300090 5.003979 28.000000 197.510363 459.755681
992 A A 5.172612 5.000496 29.000000 182.892088 663.595971
993 A C 5.097576 5.001193 28.000000 179.361320 604.459624
994 A A 5.001323 8.659840 28.000000 235.387544 621.097485
995 A A 5.096189 5.333168 28.000000 181.093211 639.195596
996 A B 5.229489 5.176877 28.000000 182.764949 619.010123
997 A A 5.001299 5.000464 28.000000 173.909622 641.590126
998 A A 5.167782 5.254554 33.000000 212.242254 753.812582
999 D A 8.430933 5.109359 28.000000 260.698900 272.277422
1000 A A 5.089753 8.260544 29.000000 238.175177 645.168274
1001 A A 5.000104 5.093283 28.000000 175.448916 641.077028
1002 B A 5.310068 6.263944 28.000000 209.731405 529.658383
1003 A A 5.163489 5.000312 28.000000 176.631849 640.682717
1004 A A 5.089565 5.426735 28.000000 182.553828 638.708724
1005 A D 5.094922 5.000523 28.000000 180.775470 590.445469
1006 A A 5.242224 5.200861 28.000000 181.323833 639.118722
1007 E A 5.095939 5.155852 29.000000 221.011163 296.668439
1008 A A 5.164205 5.093628 28.000000 178.211595 640.156135
1009 A A 5.002429 5.000716 28.000000 173.932840 641.582387
1010 A E 5.082990 5.275107 28.000000 186.364027 576.129781
1011 A A 5.248228 5.088314 29.000000 185.735817 662.648061
1012 A A 5.330984 5.161543 28.000000 182.154460 638.841847
1013 A A 5.175740 5.001938 28.000000 176.864997 640.605001
1014 A A 5.113468 5.247854 28.000000 179.950224 639.576592
1015 A A 5.002507 7.666169 28.000000 218.713760 626.655413
1016 A A 5.093092 7.103971 28.000000 210.790655 629.296448
1017 C A 5.002342 5.570459 29.000000 208.368746 469.734918
1018 A A 5.001658 5.097503 28.000000 175.545894 641.044702
1019 A C 5.177175 5.160035 28.000000 183.367135 602.256426
1020 A A 5.385440 5.346822 28.000000 186.181990 637.499337
1021 A A 5.243076 5.000192 29.000000 184.112852 663.189049
1022 A B 5.000801 5.092502 28.000000 177.505499 621.376876
1023 A A 5.091304 5.195379 28.000000 178.696273 639.994576
1024 A A 5.177051 9.365102 28.000000 250.188171 616.163943
1025 A A 7.939383 5.087532 28.000000 224.732166 624.649278
1026 D A 5.090230 5.094917 28.000000 204.332475 378.434188
1027 A A 5.727319 5.234871 29.000000 196.622114 659.019295
1028 B A 5.002248 8.084128 28.000000 235.139125 507.638358
1029 A A 5.274311 5.090643 28.000000 180.011230 639.556257
1030 A A 5.169332 5.156078 35.000000 222.713612 800.322129
1031 A A 5.083163 5.289211 28.000000 180.135881 639.514706
1032 A E 5.885466 5.079294 28.000000 196.555976 568.995416
1033 A A 5.096940 5.004315 28.000000 175.581078 641.032974
1034 E A 5.002210 5.173529 28.000000 213.582417 289.621242
1035 A D 5.175755 5.091841 28.000000 183.667601 588.613786
1036 A A 5.325486 5.351398 28.000000 185.251648 637.809451
1037 A A 5.089203 5.189693 29.000000 184.732792 662.982403
1038 A A 5.230791 5.000631 28.000000 177.767895 640.304035
1039 A A 5.093373 7.208411 28.000000 212.549959 628.710014
1040 A A 5.001390 5.097395 29.000000 181.598865 664.027045
1041 A A 5.167566 5.249634 28.000000 180.888963 639.263679
1042 A A 5.000846 5.000496 28.000000 173.902552 641.592483
1043 A A 5.000445 7.887273 28.000000 222.393663 625.428779
1044 C A 5.420855 5.089704 29.000000 207.285718 471.233106
1045 A C 5.165696 5.170525 28.000000 183.350527 602.265560
1046 A A 5.254533 5.004830 28.000000 178.237293 640.147569
1047 A A 5.085346 5.087481 28.000000 176.783496 640.632168
1048 A A 5.086042 5.250276 28.000000 179.530144 639.716619
1049 A B 5.091448 5.429291 29.000000 190.998859 640.304863
1050 A A 5.001819 5.000286 28.000000 173.915367 641.588211
1051 A A 5.001274 5.001688 28.000000 173.929765 641.583412
1052 A A 5.178349 5.154152 34.000000 216.663011 777.338996
1053 D A 5.000270 5.089526 28.000000 202.730579 381.451092
1054 A A 5.293933 5.151607 28.000000 181.365060 639.104980
1055 B A 5.153881 5.250631 28.000000 190.083800 546.686307
1056 A A 8.303658 5.094502 28.000000 230.969086 622.570305
1057 A A 5.093529 5.003651 28.000000 175.512626 641.055791
1058 A D 5.000343 5.168099 29.000000 188.102892 610.804769
1059 A A 5.247292 5.328003 30.000000 196.235307 684.148231
1060 E A 5.163703 5.080732 28.000000 214.736499 286.832212
1061 A E 5.089339 5.174561 31.000000 203.256551 639.305014
1062 A A 5.000610 5.001220 28.000000 173.910754 641.589749
1063 A A 5.189725 5.094104 28.000000 178.648315 640.010562
1064 A A 5.324727 5.004666 28.000000 179.413807 639.755398
1065 A A 5.546685 5.220688 29.000000 193.232286 660.149238
1066 A A 5.101666 5.001804 28.000000 175.618294 641.020569
1067 A A 5.094773 5.095949 28.000000 177.084118 640.531961
1068 A A 5.241447 5.248140 28.000000 182.105066 638.858311
1069 A A 5.086330 5.003230 28.000000 175.384612 641.098463
1070 A A 5.178001 5.169225 29.000000 185.921736 662.586088
1071 C A 5.085460 5.090721 28.000000 195.361837 462.727809
1072 A A 5.393310 5.001587 28.000000 180.514264 639.388579
1073 A C 5.178310 5.318560 28.000000 186.049421 600.781168
1074 A A 5.088901 5.167177 28.000000 178.182103 640.165966
1075 A B 5.005370 5.093567 28.000000 177.600127 621.334293
1076 A A 5.225088 5.177258 28.000000 180.639425 639.346858
1077 A A 5.087637 5.094746 29.000000 183.053450 663.542183
1078 D A 5.001556 5.390651 28.000000 207.811078 371.882820
1079 A A 5.000987 5.003427 28.000000 173.954156 641.575281
1080 A A 5.000850 5.001174 28.000000 173.914010 641.588663
1081 A A 5.168189 5.251966 28.000000 180.938603 639.247132
1082 A A 5.002135 5.089347 28.000000 175.416905 641.087698
1083 A A 5.333983 5.144729 28.000000 181.922361 638.919213
1084 A A 5.175418 5.256495 32.000000 206.172717 730.835761
1085 B A 5.000961 5.004540 28.000000 183.380425 552.495898
1086 A D 5.093696 5.091989 29.000000 188.402919 610.614751
1087 A E 5.225578 5.172014 28.000000 187.027546 575.665318
1088 A A 5.089465 5.096794 35.000000 219.791443 801.296186
1089 A A 5.157178 5.085773 28.000000 177.961583 640.239472
1090 E A 5.002008 5.239970 29.000000 220.840426 297.081053
1091 A A 5.288679 5.168558 28.000000 181.561584 639.039472
1092 A A 5.097018 5.003735 28.000000 175.572646 641.035785
1093 A A 6.212147 5.335873 28.000000 199.886737 632.931088
1094 A A 5.088720 5.084993 28.000000 176.798380 640.627207
1095 A A 5.251089 5.002021 28.000000 178.132259 640.182580
1096 A A 5.002047 5.168718 29.000000 182.851314 663.609562
1097 C A 5.167113 5.095564 28.000000 196.814970 460.717641
1098 A A 5.093608 5.233535 28.000000 179.375997 639.768001
1099 A A 5.156113 5.090752 28.000000 178.027336 640.217555
1100 A C 5.260571 5.467134 28.000000 189.927448 598.648254
1101 A A 5.098823 5.002098 28.000000 175.575483 641.034839
1102 A A 5.000048 5.163902 28.000000 176.634354 640.681882
1103 A B 5.343022 5.313832 28.000000 186.973149 617.116433
1104 A A 5.090924 5.000550 29.000000 181.471650 664.069450
1105 D A 9.153280 6.690918 28.000000 299.404525 199.381827
1106 A A 8.980381 6.404767 28.000000 264.350481 611.443173
1107 A A 5.166887 5.086812 29.000000 184.294379 663.128540
1108 B A 5.090808 5.000683 28.000000 184.825044 551.243895
1109 A A 5.237760 5.003049 28.000000 177.925590 640.251470
1110 A A 5.001437 5.183646 28.000000 176.989388 640.563537
1111 A D 5.449714 5.002158 28.000000 186.763453 586.653080
1112 A A 5.171946 5.169290 28.000000 179.612763 639.689079
1113 A E 5.092067 5.097725 28.000000 183.536503 578.109048
1114 E A 5.004437 5.276062 29.000000 221.510687 295.461256
1115 A A 5.002503 5.099502 29.000000 181.654901 664.008366
1116 A A 7.067049 5.000455 28.000000 208.614071 630.021976
1117 A A 5.169743 5.242453 28.000000 180.804884 639.291705
1118 A A 5.257523 5.163912 28.000000 180.960116 639.239961
1119 A A 5.094930 5.000134 28.000000 175.477066 641.067645
1120 A A 5.086966 5.096780 28.000000 176.966928 640.571024
1121 A A 5.320869 5.377050 28.000000 185.605045 637.691652
1122 A A 5.000119 5.170476 28.000000 176.746003 640.644666
1123 C A 5.171191 5.082820 28.000000 196.669393 460.919023
1124 A A 5.096621 5.238903 34.000000 216.724691 777.318436
1125 A A 8.729035 5.094467 28.000000 238.114843 620.188386
1126 A C 5.228849 5.094375 29.000000 189.326099 623.978995
1127 A A 5.103523 5.173183 28.000000 178.528660 640.050447
1128 A A 6.611246 5.295795 28.000000 205.918296 630.920568
1129 A B 5.090602 5.001021 30.000000 189.587226 665.940098
1130 A A 5.175624 5.091341 40.000000 252.287172 915.464276
1131 D A 6.858121 5.181066 28.000000 235.480337 319.772382
1132 A A 5.086949 5.088123 28.000000 176.821214 640.619595
1133 A A 5.398583 5.001255 28.000000 180.597292 639.360903
1134 B A 5.005858 5.240310 29.000000 193.571317 568.663792
1135 A A 5.003206 5.086817 28.000000 175.392376 641.095875
1136 A A 5.240845 5.004067 28.000000 177.994521 640.228493
1137 A D 5.170192 6.123227 28.000000 200.901433 577.699026
1138 A A 5.002551 5.171029 28.000000 176.796141 640.627953
1139 E E 5.002111 5.001275 28.000000 216.860890 239.431603
1140 A A 5.318427 5.361539 29.000000 191.711420 660.656193
1141 A A 5.162601 5.001892 28.000000 176.643492 640.678836
1142 A A 5.088234 5.163110 28.000000 178.102583 640.192472
1143 A A 5.985412 7.381759 28.000000 230.448479 622.743840
1144 A A 5.157243 5.000274 28.000000 176.526292 640.717903
1145 A A 5.001676 5.251489 29.000000 184.285075 663.131642
1146 A A 5.245646 5.098870 28.000000 179.667864 639.670712
1147 A A 5.090322 5.101166 28.000000 177.096996 640.527668
1148 A A 5.083692 5.177332 28.000000 178.265205 640.138265
1149 A A 5.239698 5.091771 28.000000 179.448680 639.743773
1150 C C 5.095530 9.502773 28.000000 272.005485 327.605498
1151 A A 5.168352 5.268806 28.000000 181.224246 639.151918
1152 A A 5.091948 5.001774 29.000000 181.510771 664.056410
1153 A A 5.001050 5.182216 28.000000 176.958865 640.573712
1154 A B 5.343628 5.103767 29.000000 189.722681 640.879143
1155 A A 5.003228 5.339833 28.000000 179.643425 639.678858
1156 A A 5.171809 5.094513 28.000000 178.354209 640.108597
1157 D A 5.249057 5.189523 28.000000 208.590136 370.415593
1158 A A 6.454156 5.099192 28.000000 199.976257 632.901248
1159 A A 5.090159 5.002739 28.000000 175.440689 641.079770
1160 B A 5.095511 5.247257 28.000000 189.046512 547.585289
1161 A A 5.170212 5.093491 29.000000 184.468422 663.070526
1162 A A 5.004313 5.443575 28.000000 181.404526 639.091825
1163 A D 5.002441 8.894516 28.000000 244.640883 549.997374
1164 A A 5.000231 5.173490 39.000000 243.945068 893.244977
1165 A E 7.260017 5.107036 33.000000 257.215652 651.533643
1166 E A 5.000575 5.088155 28.000000 212.120665 293.153810
1167 A A 5.263883 5.282508 29.000000 189.387197 661.430934
1168 A A 5.489512 5.174306 28.000000 185.032141 637.882620
1169 A A 5.163785 5.944026 28.000000 192.491214 635.396262
1170 A A 5.096179 5.006793 28.000000 175.609935 641.023355
1171 A A 5.348989 5.739687 28.000000 192.169757 635.503414
1172 A A 5.184193 5.083799 28.000000 178.382270 640.099243
1173 A A 5.118926 5.226111 29.000000 185.883644 662.598785
1174 A A 5.086634 5.090689 36.000000 225.710189 824.323270
1175 A A 5.218960 5.540385 28.000000 186.636997 637.347668
1176 C C 5.000223 5.000298 28.000000 194.762760 444.756964
1177 A A 5.093188 5.162654 28.000000 178.178159 640.167280
1178 A A 5.287662 5.001816 28.000000 178.743232 639.978923
1179 A A 5.167192 5.334640 28.000000 182.310787 638.789738
1180 A B 5.094379 5.090866 29.000000 185.161247 642.931789
1181 A A 5.098440 5.171878 38.000000 240.043246 869.545585
1182 A A 5.209800 5.089430 28.000000 178.907063 639.924312
1183 D A 5.003678 5.252895 28.000000 205.532430 376.174274
1184 A A 5.094814 5.000758 28.000000 175.485613 641.064796
1185 A A 5.253104 5.002390 28.000000 178.172292 640.169236
1186 B A 5.089441 5.003286 29.000000 190.901444 570.977682
1187 A A 5.171544 5.169704 28.000000 179.612977 639.689008
1188 A A 5.003794 5.090602 28.000000 175.465854 641.071382
1189 A D 5.001731 5.234211 28.000000 183.135831 588.950574
1190 A A 5.390818 5.091686 28.000000 181.986069 638.897977
1191 A A 5.152040 5.153572 29.000000 185.197665 662.827445
1192 E A 5.000717 5.351834 28.000000 216.552853 282.442688
1193 A E 5.285245 5.002040 28.000000 185.174398 576.962521
1194 A A 5.095342 5.000918 28.000000 175.497179 641.060940
1195 A A 5.171801 5.173498 32.000000 204.509743 731.390086
1196 A A 5.088723 5.001651 28.000000 175.398282 641.093906
1197 A A 5.001742 5.094176 28.000000 175.491424 641.062859
1198 A A 5.185603 5.273940 29.000000 187.876040 661.934653
1199 A A 9.648501 5.167117 28.000000 254.782379 614.632540
1200 A A 5.092070 5.088946 28.000000 176.921079 640.586307
1201 A A 5.280137 5.220224 28.000000 182.286073 638.797976
1202 C C 5.000091 5.002256 28.000000 194.793436 444.710438
1203 A A 5.168301 5.103400 29.000000 184.607588 663.024137
1204 A A 5.090513 5.298039 28.000000 180.407680 639.424107
1205 A A 5.002070 5.416691 28.000000 180.915178 639.254941
1206 A B 5.244917 5.090978 28.000000 181.581033 619.542885
1207 A A 8.175231 5.186299 28.000000 230.353696 622.775435
1208 D A 5.095993 5.094340 28.000000 204.419595 378.270113
1209 A A 5.000072 5.090796 28.000000 175.406569 641.091144
1210 A A 5.161065 5.231072 29.000000 186.703177 662.325608
1211 A A 5.349260 5.163565 28.000000 182.495459 638.728180
1212 A A 5.102870 5.092720 28.000000 177.165915 640.504695
1213 B A 7.798292 5.083879 28.000000 231.708479 510.611585
1214 A A 5.206540 5.285961 29.000000 188.449514 661.743495
1215 A D 5.091771 5.000587 28.000000 180.723614 590.478311
1216 A A 5.002706 5.196586 28.000000 177.228104 640.483965
1217 A A 5.619579 5.004380 28.000000 184.362513 638.105829
1218 E A 5.223002 5.157401 28.000000 217.020771 281.311887
1219 A A 5.000247 5.081379 28.000000 175.251312 641.142896
1220 A A 5.096224 5.344376 28.000000 181.282083 639.132639
1221 A E 5.000183 5.088657 29.000000 187.893820 600.058926
1222 A A 5.306300 5.003019 28.000000 179.076565 639.867812
1223 A A 5.157587 5.176809 28.000000 179.497858 639.727381
1224 A A 5.099863 6.872893 28.000000 207.022310 630.552563
1225 A A 5.172871 5.272882 28.000000 181.368647 639.103784
1226 C A 5.440941 5.001889 29.000000 206.107229 472.863349
1227 A A 5.001000 7.555479 28.000000 216.828845 627.283718
1228 A A 5.251004 5.162829 28.000000 180.832385 639.282538
1229 A C 5.157222 8.535329 28.000000 239.736862 571.253076
1230 A A 5.092721 5.000887 28.000000 175.452609 641.075797
1231 A A 5.001026 5.152587 29.000000 182.552871 663.709043
1232 A B 5.106589 5.003429 28.000000 177.786311 621.250510
1233 A A 5.235421 5.107025 28.000000 179.633091 639.682303
1234 D A 5.089754 5.000084 28.000000 202.731276 381.449779
1235 A A 5.188927 5.238233 28.000000 181.056292 639.207903
1236 A A 5.363792 5.001121 28.000000 180.010537 639.556488
1237 A A 5.086685 5.094168 28.000000 176.918325 640.587225
1238 B A 5.085921 5.169308 29.000000 193.728988 568.527143
1239 A A 5.277606 5.100965 28.000000 180.240005 639.479998
1240 A A 5.170061 5.398543 28.000000 183.432544 638.415819
1241 A D 5.079804 5.275629 28.000000 185.143282 587.679188
1242 A A 5.080885 5.087001 28.000000 176.700494 640.659835
1243 A A 5.179139 5.213075 28.000000 180.469202 639.403599
1244 E A 5.083015 5.002988 28.000000 212.074864 293.264496
1245 A E 5.320454 5.091066 28.000000 187.261548 575.501516
1246 A A 9.302099 5.162849 29.000000 257.570097 638.703301
1247 A A 5.179922 5.096506 28.000000 178.523983 640.052006
1248 A A 5.084163 9.740970 29.000000 263.837308 636.614231
1249 A A 5.000935 5.002023 31.000000 191.935010 710.581663
1250 A A 5.212326 5.307950 28.000000 182.620642 638.686453
