1 A A 5.182761 6.956561 31.000000 231.671398 697.336201
2 A A 9.312666 7.598657 32.000000 330.577411 689.367530
3 A A 9.271375 5.356767 34.000000 304.294099 748.128634
4 A A 9.513538 5.800116 35.000000 327.466742 765.404419
5 A A 6.282789 6.151028 39.000000 296.831312 875.616229
6 A B 5.415521 7.736801 35.000000 284.136765 748.392806
7 A B 5.847273 9.701395 35.000000 334.460030 725.747336
8 A B 7.472969 7.198650 39.000000 351.253873 818.190107
9 A C 5.339900 5.937061 29.000000 205.921124 614.851732
10 A C 7.349827 6.160689 29.000000 244.784974 593.476614
11 A C 5.277681 8.717726 31.000000 270.016569 629.599237
12 A C 8.327633 8.985781 32.000000 342.119560 614.942592
13 A C 7.165973 6.205252 34.000000 282.474983 697.747110
14 A C 8.723542 6.045990 35.000000 319.862170 702.184157
15 A C 8.762734 9.171795 36.000000 397.087825 684.710046
16 A C 8.221212 6.260283 37.000000 331.191192 745.953194
17 A C 6.618222 9.012255 38.000000 366.076885 751.766063
18 A C 8.613970 6.894864 38.000000 363.303429 753.291464
19 A C 5.676873 9.566213 39.000000 366.390233 776.593722
20 A C 6.202807 8.076428 39.000000 343.836116 788.998486
21 A D 7.784725 8.840349 28.000000 290.473242 520.970213
22 A D 9.761818 6.014851 28.000000 276.220037 529.997243
23 A D 6.493881 7.221932 29.000000 249.827136 571.712747
24 A D 9.819593 6.780190 29.000000 300.008217 539.931396
25 A D 7.502997 5.866547 30.000000 251.823803 595.448191
26 A D 6.685373 5.995860 31.000000 247.042932 623.476076
27 A D 8.477520 6.131455 32.000000 291.664324 620.215861
28 A D 5.511972 9.938798 33.000000 317.097242 629.108347
29 A D 5.940028 9.765836 38.000000 369.265688 721.068331
30 A D 9.436577 8.513963 40.000000 441.984952 725.012797
31 A E 5.804912 6.567026 31.000000 242.466035 611.858376
32 A E 8.205494 8.801153 33.000000 349.079617 587.228868
33 B A 9.037182 7.760989 29.000000 307.576169 469.859587
34 B A 8.707662 6.422104 31.000000 296.701653 529.284167
35 B A 6.794619 9.258575 32.000000 323.509329 531.050848
36 B A 6.229439 5.444531 38.000000 281.454525 717.498345
37 B B 5.119875 6.341443 28.000000 209.602143 512.209195
38 B B 6.373192 9.054708 28.000000 276.240719 447.791905
39 B B 7.226634 9.212136 29.000000 303.086590 446.840897
40 B B 6.005215 5.056413 31.000000 222.798284 574.452925
41 B B 7.404380 7.287251 31.000000 290.316325 509.185486
42 B B 8.023647 6.066486 31.000000 279.128470 520.000412
43 B B 9.718225 5.247380 31.000000 295.412246 504.259429
44 B B 8.353056 8.274602 33.000000 346.279615 505.087639
45 B B 6.907288 8.941469 34.000000 340.366654 535.803502
46 B B 5.253788 6.620623 35.000000 266.414638 632.290450
47 B B 6.929902 7.703282 36.000000 333.128767 592.800125
48 B B 9.743141 5.439114 37.000000 354.098066 597.529803
49 B B 6.261633 9.861535 38.000000 384.660236 592.986372
50 B B 8.394947 7.847894 38.000000 387.388777 590.348783
51 B B 5.835345 9.819121 39.000000 383.366504 619.236980
52 B B 9.214582 6.676960 39.000000 388.914088 613.874315
53 B C 6.354417 9.556479 28.000000 285.825047 417.824051
54 B C 7.617796 9.314171 28.000000 302.979049 399.812348
55 B C 9.122288 9.892115 28.000000 337.963957 363.078196
56 B C 5.761029 5.135319 30.000000 214.656257 542.551281
57 B C 7.671009 9.466480 32.000000 347.561790 453.000470
58 B C 8.191136 5.033607 32.000000 272.437070 531.881427
59 B C 9.595190 6.286905 32.000000 323.458240 478.309198
60 B C 5.993488 7.678077 33.000000 289.218978 539.260423
61 B C 7.318218 5.696978 33.000000 276.222879 552.906327
62 B C 6.197848 5.374860 34.000000 254.605254 600.604833
63 B C 9.960214 5.949378 35.000000 352.623430 522.685748
64 B C 8.874655 9.981604 36.000000 425.817203 470.832287
65 B C 8.274473 8.400052 37.000000 388.696469 534.809058
66 B C 6.420670 7.798734 39.000000 351.256066 624.121481
67 B C 8.677027 9.858300 40.000000 463.369857 531.402001
68 B D 7.750872 8.359762 29.000000 300.317041 405.954287
69 B D 8.134245 8.150178 29.000000 303.340956 402.527183
70 B D 6.557767 8.969659 30.000000 299.485666 431.896512
71 B D 9.825187 7.340088 30.000000 328.966949 398.484391
72 B D 8.080809 8.566449 31.000000 329.630992 422.731809
73 B D 5.280082 8.895615 32.000000 292.165376 490.192840
74 B D 7.943707 8.649215 32.000000 338.576100 437.594020
75 B D 8.824883 9.362731 32.000000 369.194173 402.893537
76 B D 8.408996 8.525969 33.000000 355.304319 443.635372
77 B D 7.935591 6.382786 34.000000 312.086887 517.615129
78 B D 8.178676 5.514968 34.000000 299.342339 532.058949
79 B D 7.075569 6.832640 36.000000 320.409307 558.183052
80 B D 7.533597 6.603121 36.000000 325.345105 552.589147
81 B D 5.637227 8.455006 37.000000 332.839570 569.095421
82 B D 7.293421 6.419400 38.000000 332.644306 594.316719
83 B D 8.902419 8.002176 38.000000 405.416781 511.841248
84 B D 7.845571 5.857345 39.000000 340.640236 610.254666
85 B E 5.027214 9.670432 29.000000 277.201056 412.683065
86 B E 6.596249 7.898419 30.000000 282.366030 431.399014
87 B E 5.342026 9.341766 31.000000 294.580525 441.538045
88 B E 8.571233 5.154532 31.000000 276.761234 463.218182
89 B E 8.622801 5.563707 33.000000 302.354858 482.079273
90 B E 8.993593 9.114214 33.000000 379.996586 387.615170
91 B E 9.153607 7.453548 33.000000 350.283674 423.765880
92 B E 8.509174 9.039242 36.000000 400.507791 437.659871
93 B E 6.833334 9.450848 37.000000 382.970848 483.996485
94 B E 6.063242 8.774038 40.000000 377.556721 565.583673
95 C A 9.220615 7.044314 29.000000 307.411772 332.725398
96 C A 7.421588 9.529553 31.000000 339.693225 338.069389
97 C A 7.988669 5.497262 32.000000 283.331880 441.035916
98 C A 5.148751 7.839036 34.000000 289.352855 482.706901
99 C A 5.902472 5.187673 35.000000 257.295043 552.053540
100 C A 9.253706 7.957108 35.000000 385.829096 374.248101
101 C A 5.078927 5.215475 36.000000 246.761067 591.625540
102 C A 6.116360 7.969318 37.000000 337.104035 491.651102
103 C A 8.891064 5.095079 37.000000 334.894369 494.707807
104 C A 5.056165 6.591708 39.000000 296.962226 597.180604
105 C B 5.688997 9.422676 29.000000 288.521103 343.124751
106 C B 8.107753 6.979215 29.000000 288.091246 343.748043
107 C B 8.693060 8.740098 30.000000 339.374842 294.386829
108 C B 8.845308 8.686300 30.000000 341.146941 291.817286
109 C B 8.019327 7.547970 32.000000 324.470095 365.998713
110 C B 9.359653 7.615970 33.000000 361.695325 337.022129
111 C B 5.878131 5.914274 34.000000 266.143065 500.572906
112 C B 7.040681 7.275176 34.000000 317.621484 425.929198
113 C B 7.896486 5.104148 34.000000 290.790932 464.833498
114 C B 7.553880 7.908107 35.000000 350.279737 403.574731
115 C B 9.724306 5.319651 36.000000 350.527471 428.215517
116 C B 5.365404 6.033090 37.000000 278.624564 557.474732
117 C B 9.194721 7.699465 37.000000 400.628926 380.568407
118 C B 8.923789 9.491817 38.000000 445.453828 340.572300
119 C B 5.975024 6.490046 39.000000 317.260640 551.452422
120 C B 7.492749 6.868641 40.000000 370.251367 499.615868
121 C C 6.172228 8.293908 29.000000 278.464781 342.808898
122 C C 5.587795 7.361488 30.000000 259.841094 396.054824
123 C C 9.004831 5.764555 31.000000 301.464584 357.925864
124 C C 6.774940 9.966006 32.000000 348.180152 312.073920
125 C C 8.055668 7.981790 33.000000 344.295680 342.965369
126 C C 9.858526 8.673545 33.000000 393.689005 268.052159
127 C C 9.861113 7.485195 34.000000 380.618686 312.875477
128 C C 7.245575 9.292203 35.000000 374.047357 347.841992
129 C C 8.071524 8.219559 35.000000 368.866738 355.699263
130 C C 5.491953 5.384798 36.000000 261.691820 543.247889
131 C C 7.277104 7.503679 36.000000 346.018917 415.351792
132 C C 5.899031 9.322023 37.000000 364.661398 412.077362
133 C C 6.415423 6.559632 37.000000 314.800230 487.700135
134 C C 5.520262 8.603321 39.000000 357.245827 473.324312
135 C C 8.549822 5.075138 40.000000 353.753040 503.621707
136 C D 7.007759 9.626368 30.000000 327.638274 270.741161
137 C D 9.995893 5.276267 30.000000 303.122881 309.965790
138 C D 6.256559 8.186062 33.000000 314.187895 367.261769
139 C D 6.973753 6.761373 33.000000 300.179506 389.675191
140 C D 5.749570 7.930104 34.000000 307.289359 403.299425
141 C D 5.712043 5.329361 36.000000 266.718313 518.213099
142 C D 6.529939 5.400933 36.000000 285.930820 487.473089
143 C D 9.417640 8.335375 37.000000 422.340918 294.216931
144 C D 9.555027 8.580152 37.000000 430.824969 280.642450
145 C D 9.167683 6.223478 38.000000 379.142460 388.334464
146 C D 6.147109 5.476491 39.000000 300.216245 539.616408
147 C D 5.120328 7.087407 40.000000 321.209625 531.027000
148 C D 7.823115 9.755179 40.000000 450.103071 324.797486
149 C E 8.585358 7.405302 28.000000 298.337083 247.834393
150 C E 6.996062 7.470174 32.000000 307.445733 332.501500
151 C E 6.311172 8.125544 33.000000 315.540975 343.874509
152 C E 6.759945 6.938801 34.000000 309.148419 379.635312
153 C E 9.381302 8.231829 34.000000 389.001881 245.215317
154 C E 7.912328 5.726714 35.000000 316.113871 392.910133
155 C E 8.253288 5.583057 37.000000 336.860840 407.986069
156 C E 9.647637 5.281480 38.000000 370.077871 377.070733
157 D A 5.011087 5.616635 29.000000 218.144363 377.421799
158 D A 7.181546 8.929337 29.000000 313.551373 197.738598
159 D A 6.942287 7.426908 32.000000 309.110549 281.102150
160 D A 9.884106 6.440945 32.000000 346.662975 210.378414
161 D A 7.132045 5.679577 35.000000 302.266052 368.992618
162 D A 7.449429 6.846299 35.000000 333.432290 310.296204
163 D A 8.430274 8.084253 35.000000 380.027066 222.542709
164 D A 7.707332 7.530505 36.000000 362.359269 280.817059
165 D A 7.626246 9.914433 37.000000 422.625074 192.316461
166 D A 6.055862 9.598793 39.000000 399.540924 285.791609
167 D A 9.943174 9.144429 39.000000 479.871927 134.501555
168 D B 7.568712 8.310243 29.000000 311.279813 178.057521
169 D B 5.220975 9.274212 30.000000 295.899371 233.562064
170 D B 9.362718 7.303588 30.000000 334.979496 156.053149
171 D B 5.306815 7.203598 34.000000 290.198409 344.868973
172 D B 6.636346 6.104315 34.000000 294.895485 335.553104
173 D B 6.858993 5.963986 34.000000 296.574790 332.222483
174 D B 5.795315 6.740073 35.000000 298.229148 353.941339
175 D B 6.652803 5.556899 35.000000 291.389735 367.506175
176 D B 9.600324 6.525918 35.000000 373.637067 204.382300
177 D B 7.035682 5.220912 36.000000 299.728443 375.967739
178 D B 5.388180 8.901502 37.000000 352.216955 296.865523
179 D B 9.295730 7.122825 37.000000 399.477920 203.131274
180 D B 5.085443 5.755808 38.000000 282.166515 460.798896
181 D B 8.370127 8.054868 38.000000 409.475882 208.301983
182 D B 9.464615 6.705244 38.000000 403.658791 219.839214
183 D B 9.079562 8.636294 39.000000 449.537037 153.847360
184 D B 9.922869 7.874517 40.000000 462.123260 153.884684
185 D C 9.456448 9.502954 28.000000 354.973944 43.073583
186 D C 9.781234 7.107958 29.000000 330.327936 119.008665
187 D C 6.710884 7.818049 31.000000 306.694159 217.851805
188 D C 9.693982 6.479601 32.000000 346.988798 159.576217
189 D C 7.092942 6.728986 33.000000 310.130165 260.750725
190 D C 8.456718 7.626033 33.000000 354.894476 168.237817
191 D C 5.441575 6.094229 36.000000 285.629360 386.385724
192 D C 5.726979 8.547219 36.000000 344.778670 264.143815
193 D C 6.862065 9.093781 38.000000 400.249283 199.504549
194 D C 8.531515 9.185473 38.000000 440.403324 116.519531
195 D C 9.637396 6.986827 38.000000 415.488278 168.010625
196 D C 6.890343 7.147559 39.000000 364.942916 297.471039
197 D C 7.801877 8.245965 39.000000 411.975494 200.270378
198 D C 9.112780 6.334317 39.000000 397.918070 229.322388
199 D D 6.674138 9.951507 28.000000 317.530839 96.551515
200 D D 8.151654 8.833978 29.000000 333.769995 86.366678
201 D D 8.792950 9.394780 29.000000 354.686505 41.047572
202 D D 9.571301 8.387553 29.000000 350.704056 49.676213
203 D D 6.133543 5.011655 30.000000 238.833563 317.062280
204 D D 7.364694 8.486668 30.000000 323.544505 133.521906
205 D D 8.749618 7.164698 30.000000 324.677695 131.066661
206 D D 9.673249 9.402126 31.000000 393.021985 7.987366
207 D D 9.331738 6.516829 34.000000 361.530765 151.218342
208 D D 9.089216 5.638389 36.000000 356.336265 212.473092
209 D D 5.217976 6.814453 37.000000 305.339912 347.965190
210 D D 8.311720 9.133502 37.000000 425.503932 87.609815
211 D D 5.546794 9.220465 39.000000 383.773867 228.024956
212 D E 7.737974 8.879785 30.000000 338.809661 79.037012
213 D E 6.441639 9.656726 33.000000 358.437637 109.874066
214 D E 7.694178 7.383767 33.000000 338.233303 155.333818
215 D E 9.489637 7.246727 34.000000 381.111816 83.857163
216 D E 9.532417 9.827116 35.000000 446.240196 0.000000
217 D E 7.768534 8.025831 36.000000 380.848302 134.450070
218 D E 6.327646 7.039628 38.000000 344.463858 266.315069
219 D E 7.147356 6.379937 39.000000 356.228667 264.844250
220 E A 6.500113 5.899281 32.000000 280.698362 227.424375
221 E A 8.498220 7.578808 38.000000 409.186236 66.912013
222 E B 5.422162 5.701389 30.000000 244.029912 255.827536
223 E B 7.975923 7.074943 30.000000 314.721595 80.276522
224 E B 8.652554 9.784922 30.000000 375.680561 0.000000
225 E B 6.396548 9.735533 32.000000 353.541950 33.872642
226 E B 8.281246 7.016321 33.000000 346.697843 75.868841
227 E B 7.646838 5.833561 34.000000 318.806128 170.133266
228 E B 8.966898 6.656790 35.000000 371.903441 63.274938
229 E B 7.875060 5.161437 36.000000 325.394333 203.772556
230 E B 6.817602 8.117562 39.000000 393.288825 110.167902
231 E B 7.218760 6.196684 40.000000 365.776672 203.489747
232 E C 5.605924 8.367625 29.000000 288.415739 104.370336
233 E C 7.321267 9.605809 29.000000 339.807122 0.000000
234 E C 6.463508 8.433185 31.000000 322.354487 67.260883
235 E C 5.170889 6.309861 36.000000 293.260200 266.936221
236 E C 5.659959 6.904127 37.000000 324.198714 212.527367
237 E C 6.732603 5.793704 37.000000 323.360032 214.679985
238 E C 7.597243 8.464168 38.000000 411.476162 13.515252
239 E D 8.802482 7.334567 30.000000 338.094884 0.000000
240 E D 5.473103 9.073612 31.000000 318.196905 48.524956
241 E D 6.097022 8.727233 31.000000 323.359140 34.586923
242 E D 7.398760 6.252241 31.000000 301.536628 93.507704
243 E D 6.571852 5.646875 32.000000 282.227554 170.642203
244 E D 9.911164 6.680197 32.000000 366.182121 0.000000
245 E D 5.929975 5.528196 33.000000 274.499790 216.507168
246 E D 6.034244 7.754586 35.000000 337.193418 97.234372
247 E D 7.111957 8.793391 35.000000 381.640314 0.000000
248 E E 8.947268 9.698724 31.000000 395.619445 0.000000
249 E E 9.049724 8.173058 39.000000 451.817091 0.000000
250 E E 5.572831 7.647284 40.000000 366.086773 126.573329
251 A A 5.300362 5.011583 28.000000 179.120683 639.853106
252 A A 5.842204 5.002172 28.000000 188.065517 636.871494
253 A A 5.851415 5.002942 28.000000 188.233192 636.815603
254 A A 5.005465 5.019727 28.000000 174.303218 641.458927
255 A A 5.827682 5.035564 28.000000 188.382540 636.765820
256 A A 5.009121 5.009079 28.000000 174.185770 641.498077
257 A A 5.876669 5.026081 28.000000 189.046211 636.544596
258 A A 5.009326 5.003373 28.000000 174.093340 641.528887
259 A A 5.000840 5.014064 28.000000 174.130402 641.516533
260 A A 5.030181 5.005518 28.000000 174.479749 641.400084
261 A A 5.028934 5.035549 28.000000 174.963328 641.238891
262 A A 5.004152 5.023823 28.000000 174.349984 641.443339
263 A A 5.014889 5.037932 28.000000 174.767382 641.304206
264 A A 5.007918 5.033922 28.000000 174.582915 641.365695
265 A A 5.044803 5.015182 28.000000 174.887754 641.264082
266 A A 5.003064 5.018591 28.000000 174.243807 641.478731
267 A A 5.027018 5.042362 28.000000 175.045582 641.211473
268 A A 5.002372 5.013167 28.000000 174.141055 641.512982
269 A A 5.021763 5.004636 28.000000 174.323511 641.452163
270 A A 5.008242 5.016118 28.000000 174.289247 641.463584
271 A A 5.009953 5.001093 28.000000 174.065564 641.538145
272 A A 5.002042 5.001637 28.000000 173.941819 641.579394
273 A A 5.007868 5.002606 28.000000 174.055972 641.541343
274 A A 5.034627 5.005975 28.000000 174.562112 641.372629
275 A A 5.001521 5.017548 28.000000 174.200358 641.493214
276 A A 5.012561 5.007190 28.000000 174.211817 641.489394
277 A A 5.008008 5.004810 28.000000 174.095336 641.528221
278 A A 5.000957 5.129477 28.000000 176.071291 640.869570
279 A A 5.026253 5.129854 28.000000 176.502608 640.725797
280 A A 5.008237 5.128377 28.000000 176.175125 640.834958
281 A A 5.010413 5.143637 28.000000 176.468053 640.737316
282 A A 5.000974 5.161098 28.000000 176.602798 640.692401
283 A A 5.136759 5.112667 28.000000 178.070346 640.203218
284 A A 5.104323 5.234390 28.000000 179.570368 639.703211
285 A A 5.005107 5.136057 28.000000 176.251550 640.809483
286 A A 5.196741 5.105210 28.000000 178.952774 639.909075
287 A A 5.107561 5.237319 28.000000 179.673993 639.668669
288 A A 5.006412 5.095621 28.000000 175.594151 641.028616
289 A A 5.145856 5.104201 28.000000 178.080954 640.199682
290 A A 5.251426 5.016795 28.000000 178.386115 640.097962
291 A A 5.092272 5.283545 28.000000 180.193728 639.495424
292 A A 5.019707 5.198620 28.000000 177.547889 640.377370
293 A A 5.190072 5.079056 28.000000 178.401350 640.092883
294 A A 5.006211 5.002297 28.000000 174.022923 641.552359
295 A A 5.117329 5.005765 28.000000 175.947975 640.910675
296 A A 5.143581 5.029671 28.000000 176.790639 640.629787
297 A A 5.108758 5.002935 28.000000 175.756456 640.974515
298 A A 5.245669 5.001519 28.000000 178.032755 640.215748
299 A A 5.105598 5.223570 28.000000 179.410023 639.756659
300 A A 5.089233 5.333963 28.000000 180.989705 639.230098
301 A A 5.227907 5.104731 28.000000 179.468328 639.737224
302 A A 5.076380 5.002233 28.000000 175.200702 641.159766
303 A A 5.004926 5.224268 28.000000 177.730455 640.316515
304 A A 5.298371 5.106689 28.000000 180.685008 639.331664
305 A A 5.191538 5.188551 28.000000 180.265499 639.471500
306 A A 5.005804 5.082456 28.000000 175.362760 641.105747
307 A A 5.107161 5.006523 28.000000 175.789896 640.963368
308 A A 5.185197 5.301965 28.000000 182.064325 638.871892
309 A A 5.086782 5.166496 28.000000 178.135076 640.181641
310 A A 5.009128 5.077760 28.000000 175.339710 641.113430
311 A A 5.311059 5.003495 28.000000 179.164511 639.838496
312 A A 5.194565 5.225366 28.000000 180.934827 639.248391
313 A A 5.001652 5.102150 28.000000 175.623881 641.018706
314 A A 5.102478 5.002190 28.000000 175.638432 641.013856
315 A A 5.095559 5.379476 28.000000 181.860580 638.939807
316 A A 5.213165 5.185573 29.000000 186.818049 662.287317
317 A A 5.097490 5.100991 28.000000 177.214488 640.488504
318 A A 5.003125 5.281268 28.000000 178.657808 640.007397
319 A A 5.339589 5.001949 28.000000 179.617835 639.687388
320 A A 5.177552 5.181072 28.000000 179.904893 639.591702
321 A A 5.091572 5.097611 28.000000 177.058271 640.540576
322 A A 5.271847 5.092339 29.000000 186.216837 662.487721
323 A A 5.000610 5.203013 28.000000 177.300858 640.459714
324 A A 5.148425 5.002872 28.000000 176.421792 640.752736
325 A A 5.002223 5.118543 28.000000 175.908859 640.923714
326 A A 5.205727 5.307229 28.000000 182.497655 638.727448
327 A A 5.104694 5.000404 28.000000 175.645648 641.011451
328 A A 5.089697 5.188844 29.000000 184.726630 662.984457
329 A A 5.249255 5.096309 28.000000 179.685474 639.664842
330 A A 5.091776 5.104855 28.000000 177.183402 640.498866
331 A A 5.002996 5.252468 29.000000 184.325073 663.118309
332 A A 5.173270 5.097704 28.000000 178.432371 640.082543
333 A A 5.352857 5.203455 28.000000 183.226042 638.484653
334 A A 5.087327 5.081708 28.000000 176.719778 640.653407
335 A A 5.173949 5.397787 28.000000 183.485164 638.398279
336 A A 5.001728 5.004545 28.000000 173.985374 641.564875
337 A A 5.271921 5.003048 28.000000 178.499482 640.060173
338 A A 5.095019 5.174986 29.000000 184.578089 663.033970
339 A A 5.167953 5.296271 28.000000 181.678962 639.000346
340 A A 5.005020 5.001711 28.000000 173.993092 641.562303
341 A A 5.006362 5.000188 28.000000 173.990031 641.563323
342 A A 5.174791 5.001694 28.000000 176.844949 640.611684
343 A A 5.000084 5.171029 28.000000 176.754700 640.641767
344 A A 5.004472 5.148533 29.000000 182.542287 663.712571
345 A A 5.223806 5.003142 28.000000 177.692721 640.329093
346 A A 5.095169 5.263511 28.000000 179.905825 639.591392
347 A A 5.358969 5.105082 28.000000 181.676065 639.001312
348 A A 5.000324 5.174071 28.000000 176.809837 640.623388
349 A A 5.150567 5.091525 28.000000 177.947154 640.244282
350 A A 5.279501 5.001988 28.000000 178.609009 640.023664
351 A A 5.106165 5.240865 29.000000 185.918314 662.587229
352 A A 5.157982 5.102529 28.000000 178.256589 640.141137
353 A A 5.078612 5.329587 28.000000 180.737744 639.314085
354 A A 5.220887 5.097146 29.000000 185.413772 662.755409
355 A A 5.084528 5.181255 28.000000 178.345157 640.111614
356 A A 5.014957 5.007799 28.000000 174.262297 641.472568
357 A A 5.002937 5.097349 28.000000 175.564790 641.038403
358 A A 5.000424 5.002404 28.000000 173.927510 641.584163
359 A A 5.189670 5.193156 28.000000 180.311473 639.456176
360 A A 5.282993 5.091163 28.000000 180.165820 639.504727
361 A A 5.127237 5.007126 29.000000 182.217913 663.820696
362 A A 5.002864 5.437502 28.000000 181.278154 639.133949
363 A A 5.129360 5.255532 28.000000 180.346185 639.444605
364 A A 5.237138 5.160468 29.000000 186.798345 662.293885
365 A A 5.005539 5.001720 28.000000 174.001942 641.559353
366 A A 5.119756 5.109022 28.000000 177.723480 640.318840
367 A A 5.103529 5.010016 28.000000 175.787561 640.964146
368 A A 5.388898 5.335816 28.000000 186.055186 637.541605
369 A A 5.004708 5.187160 29.000000 183.218494 663.487169
370 A A 5.199544 5.098458 28.000000 178.886437 639.931188
371 A A 5.000377 5.003544 28.000000 173.945863 641.578046
372 A A 5.113981 5.003928 28.000000 175.860872 640.939709
373 A A 5.298511 5.228914 28.000000 182.740740 638.646420
374 A A 5.001152 5.147580 28.000000 176.378689 640.767104
375 A A 5.176544 5.106999 28.000000 178.643525 640.012158
376 A A 5.099507 5.257379 29.000000 186.089814 662.530062
377 A A 5.002166 5.005800 28.000000 174.013837 641.555388
378 A A 5.228736 5.007366 28.000000 177.846520 640.277827
379 A A 5.002566 5.157236 28.000000 176.564682 640.705106
380 A A 5.110960 5.104327 28.000000 177.496813 640.394396
381 A A 5.189325 5.332798 28.000000 182.651676 638.676108
382 A A 5.090578 5.003618 29.000000 181.519016 664.053661
383 A A 5.267967 5.193455 28.000000 181.631887 639.016038
384 A A 5.000168 5.000367 28.000000 173.888988 641.597004
385 A A 5.000460 5.104216 28.000000 175.638549 641.013817
386 A A 5.150550 5.002736 28.000000 176.455216 640.741595
387 A A 5.361987 5.223913 28.000000 183.723124 638.318959
388 A A 5.095718 5.107825 28.000000 177.299525 640.460158
389 A A 5.003072 5.107495 28.000000 175.737519 640.980827
390 A A 5.176455 5.270278 28.000000 181.385114 639.098295
391 A A 5.108549 5.176663 29.000000 184.842691 662.945770
392 A A 5.280453 5.098374 28.000000 180.244298 639.478567
393 A A 5.092783 5.379671 28.000000 181.817236 638.954255
394 A A 5.000143 5.002357 29.000000 179.923491 664.585503
395 A A 5.183304 5.086513 28.000000 178.412929 640.089024
396 A A 5.125534 5.178210 28.000000 178.982902 639.899033
397 A A 5.247979 5.001808 28.000000 178.076419 640.201194
398 A A 5.091818 5.264097 28.000000 179.859377 639.606874
399 A A 5.077162 5.111607 29.000000 183.164577 663.505141
400 A A 5.000312 5.005566 28.000000 173.978756 641.567081
401 A A 5.000929 5.159424 28.000000 176.573919 640.702027
402 A A 5.204181 5.006434 28.000000 177.418335 640.420555
403 A A 5.409975 5.001670 28.000000 180.795629 639.294790
404 A A 5.163104 5.192015 29.000000 186.059068 662.540311
405 A A 5.093684 5.108014 28.000000 177.268528 640.470491
406 A A 5.306636 5.300728 28.000000 184.083723 638.198759
407 A A 5.087872 5.097664 28.000000 176.996991 640.561003
408 A A 5.003804 5.002834 28.000000 173.991526 641.562825
409 A A 5.003956 5.201167 28.000000 177.326070 640.451310
410 A A 5.227471 5.124968 29.000000 186.012445 662.555852
411 A A 5.161196 5.091036 28.000000 178.117503 640.187499
412 A A 5.090904 5.268574 28.000000 179.919226 639.586925
413 A A 5.002651 5.445361 28.000000 181.406593 639.091136
414 A A 5.000020 5.004810 28.000000 173.961148 641.572951
415 A A 5.165845 5.001598 28.000000 176.693047 640.662318
416 A A 5.303359 5.185331 29.000000 188.383203 661.765599
417 A A 5.094644 5.086587 28.000000 176.924671 640.585110
418 A A 5.204114 5.105038 28.000000 179.073768 639.868744
419 A A 5.001295 5.212319 28.000000 177.468726 640.403758
420 A A 5.110656 5.320019 28.000000 181.115349 639.188217
421 A A 5.237750 5.004173 29.000000 184.089471 663.196843
422 A A 5.092184 5.085756 28.000000 176.869389 640.603537
423 A A 5.001380 5.001760 28.000000 173.932746 641.582418
424 A A 5.141232 5.001620 28.000000 176.279914 640.800029
425 A A 5.090777 5.192419 28.000000 178.637695 640.014102
426 A A 5.309840 5.113566 28.000000 180.993232 639.228923
427 A A 5.001441 5.196294 29.000000 183.320588 663.453137
428 A A 5.187044 5.093521 28.000000 178.593492 640.028836
429 A A 5.001950 5.315442 28.000000 179.212187 639.822604
430 A A 5.169639 5.001020 28.000000 176.747065 640.644312
431 A A 5.419097 5.105130 29.000000 189.001557 661.559481
432 A A 5.099124 5.193640 28.000000 178.798433 639.960522
433 A A 5.240985 5.001736 28.000000 177.957720 640.240760
434 A A 5.001461 5.099500 28.000000 175.576150 641.034617
435 A A 5.089553 5.252178 28.000000 179.621081 639.686306
436 A A 5.170665 5.099261 28.000000 178.414762 640.088413
437 A A 5.003075 5.367271 29.000000 186.324019 662.451994
438 A A 5.099575 5.000743 28.000000 175.565347 641.038218
439 A A 5.344151 5.175424 28.000000 182.608861 638.690380
440 A A 5.224827 5.099852 28.000000 179.334604 639.781799
441 A A 5.103990 5.248638 29.000000 186.015731 662.554756
442 A A 5.089586 5.000148 28.000000 175.387519 641.097494
443 A A 5.005497 5.160402 28.000000 176.667114 640.670962
444 A A 5.247915 5.092710 28.000000 179.602487 639.692504
445 A A 5.183765 5.003863 28.000000 177.032152 640.549283
446 A A 5.003469 5.165338 28.000000 176.715949 640.654684
447 A A 5.098798 5.094727 28.000000 177.131228 640.516257
448 A A 5.165544 5.270027 28.000000 181.197594 639.160802
449 A A 5.002622 5.111836 28.000000 175.802905 640.959032
450 A A 5.335433 5.006295 29.000000 185.826068 662.617977
451 A A 5.100226 5.001272 28.000000 175.585156 641.031615
452 A A 5.185732 5.204764 28.000000 180.440339 639.413220
453 A A 5.094127 5.093725 28.000000 177.035914 640.548029
454 A A 5.259516 5.409077 29.000000 191.513515 660.722162
455 A A 5.002214 5.178264 28.000000 176.912037 640.589321
456 A A 5.103603 5.089161 28.000000 177.118431 640.520523
457 A A 5.094857 5.305622 28.000000 180.608050 639.357317
458 A A 5.186639 5.092300 28.000000 178.566181 640.037940
459 A A 5.006764 5.001294 28.000000 174.015384 641.554872
460 A A 5.302931 5.190106 28.000000 182.163025 638.838992
461 A A 5.105744 5.091609 29.000000 183.313949 663.455350
462 A A 5.001783 5.270950 28.000000 178.461906 640.072698
463 A A 5.184757 5.003010 28.000000 177.034499 640.548500
464 A A 5.080803 5.171843 28.000000 178.124460 640.185180
465 A A 5.180797 5.000507 29.000000 183.034694 663.548435
466 A A 5.004148 5.091685 28.000000 175.489988 641.063337
467 A A 5.447020 5.185388 28.000000 184.504466 638.058511
468 A A 5.002587 5.100917 28.000000 175.618863 641.020379
469 A A 5.275345 5.002097 29.000000 184.707498 662.990834
470 A A 5.101747 5.372397 28.000000 181.845616 638.944795
471 A A 5.166451 5.235113 28.000000 180.626267 639.351244
472 A A 5.002609 5.097758 28.000000 175.566180 641.037940
473 A A 5.113017 5.172423 28.000000 178.675396 640.001535
474 A A 5.252985 5.003206 28.000000 178.184023 640.165326
475 A A 5.124116 5.282319 28.000000 180.708096 639.323968
476 A A 5.001667 5.106430 29.000000 181.760890 663.973037
477 A A 5.346132 5.099981 28.000000 181.374698 639.101767
478 A A 5.102265 5.182669 28.000000 178.666889 640.004370
479 A A 5.223584 5.084944 28.000000 179.063272 639.872243
480 A A 5.090184 5.004802 29.000000 181.532747 664.049084
481 A A 5.001808 5.261116 28.000000 178.297125 640.127625
482 A A 5.156830 5.001931 28.000000 176.547198 640.710934
483 A A 5.097083 5.173283 28.000000 178.422148 640.085951
484 A A 5.221666 5.001709 28.000000 177.632708 640.349097
485 A A 5.094005 5.105398 28.000000 177.229975 640.483342
486 A A 5.271715 5.349681 28.000000 184.319462 638.120179
487 A A 5.002785 5.176973 28.000000 176.899935 640.593355
488 A A 5.179362 5.089933 29.000000 184.565727 663.038091
489 A A 5.085386 5.244925 28.000000 179.429217 639.750261
490 A A 5.001768 5.479585 28.000000 181.966730 638.904423
491 A A 5.179223 5.088780 28.000000 178.382454 640.099182
492 A A 5.345662 5.166913 28.000000 182.491261 638.729580
493 A A 5.091057 5.079364 28.000000 176.743084 640.645639
494 A A 5.097915 5.087167 29.000000 183.100421 663.526526
495 A A 5.233579 5.000887 28.000000 177.819040 640.286987
496 A A 5.086458 5.291677 28.000000 180.232659 639.482447
497 A A 5.008433 5.002011 28.000000 174.055456 641.541515
498 A A 5.005432 5.000539 29.000000 179.983910 664.565363
499 A A 5.176212 5.178407 28.000000 179.837597 639.614134
500 A A 5.175303 5.168367 28.000000 179.653655 639.675448
501 A A 5.004918 5.095169 28.000000 175.561457 641.039514
502 A A 5.000140 5.001723 28.000000 173.911303 641.589566
503 A A 5.442411 5.255172 28.000000 185.599393 637.693536
504 A A 5.288529 5.087773 29.000000 186.427667 662.417444
505 A A 5.090844 5.002664 28.000000 175.450933 641.076356
506 A A 5.164214 5.161321 28.000000 179.348990 639.777003
507 A A 5.002877 5.341349 28.000000 179.662996 639.672335
508 A A 5.089216 5.093289 28.000000 176.946083 640.577972
509 A A 5.001042 5.002601 28.000000 173.941205 641.579598
510 A A 5.261308 5.000320 29.000000 184.432327 663.082558
511 A A 5.170383 5.217260 28.000000 180.392396 639.429201
512 A A 5.097590 5.000884 28.000000 175.534367 641.048544
513 A A 5.095386 5.144797 28.000000 177.915078 640.254974
514 A A 5.358331 5.243255 28.000000 183.986645 638.231118
515 A A 5.003483 5.000436 29.000000 179.948194 664.577269
516 A A 5.205153 5.100728 28.000000 179.018798 639.887067
517 A A 5.094831 5.156389 28.000000 178.100499 640.193167
518 A A 5.000750 5.096244 28.000000 175.509509 641.056830
519 A A 5.249499 5.389338 28.000000 184.612470 638.022510
520 A A 5.150877 5.249168 28.000000 180.600760 639.359747
521 A A 5.083283 5.111836 28.000000 177.158000 640.507333
522 A A 5.172636 5.004572 29.000000 182.963419 663.572194
523 A A 5.001395 5.189358 28.000000 177.084660 640.531780
524 A A 5.093182 5.001044 28.000000 175.462985 641.072338
525 B A 5.280055 5.095667 28.000000 189.600129 547.105488
526 A A 5.173399 5.173050 28.000000 179.700348 639.659884
527 A A 5.000722 5.308734 29.000000 185.264529 662.805157
528 A A 5.087202 5.097581 28.000000 176.984346 640.565218
529 A A 5.368455 5.098029 28.000000 181.716927 638.987691
530 A A 5.001218 5.229266 28.000000 177.752138 640.309287
531 A A 5.180098 5.089287 28.000000 178.405682 640.091439
532 A A 5.099514 5.002127 28.000000 175.587554 641.030815
533 A A 5.221497 5.179804 29.000000 186.862637 662.272454
534 A A 5.088829 5.001465 28.000000 175.396938 641.094354
535 A A 5.281256 5.091261 28.000000 180.138284 639.513905
536 A A 5.003389 5.245978 28.000000 178.069373 640.203542
537 A A 5.163322 5.000245 28.000000 176.627914 640.684029
538 A A 5.100228 5.173457 29.000000 184.642130 663.012623
539 A A 5.091522 5.336992 28.000000 181.079040 639.200320
540 A A 5.246844 5.096046 28.000000 179.640545 639.679818
541 A A 5.000020 5.094056 28.000000 175.460467 641.073178
542 A A 5.168179 5.180246 28.000000 179.733539 639.648820
543 A A 5.000683 5.104159 28.000000 175.641333 641.012889
544 A A 5.093378 5.279756 29.000000 186.372537 662.435821
545 A A 5.379858 5.002869 28.000000 180.309810 639.456730
546 A A 5.165423 5.450811 28.000000 184.232729 638.149090
547 A A 5.080310 5.001471 28.000000 175.253920 641.142027
548 A A 5.271941 5.167770 28.000000 181.267129 639.137624
549 A A 5.092922 5.097522 29.000000 183.193713 663.495429
550 A E 5.004290 5.001624 28.000000 180.447349 580.271456
551 A A 5.195442 5.249718 28.000000 181.358688 639.107104
552 A A 5.078086 5.158531 28.000000 177.855165 640.274945
553 A A 5.155961 5.072963 28.000000 177.725927 640.318024
554 A A 5.502171 5.002612 28.000000 182.360357 638.773214
555 B A 5.004800 5.180503 28.000000 186.401093 549.877986
556 A A 5.295308 5.096359 29.000000 186.695005 662.328332
557 A A 5.004105 5.303347 28.000000 179.045185 639.878272
558 A A 5.173174 5.103496 28.000000 178.528056 640.050648
559 A A 5.095497 5.224209 28.000000 179.251054 639.809649
560 A A 5.234498 5.072381 28.000000 179.035569 639.881477
561 A A 5.095604 5.002564 29.000000 181.588115 664.030628
562 A A 5.004698 5.368525 28.000000 180.150150 639.509950
563 A A 5.176036 5.176421 28.000000 179.801281 639.626240
564 A A 5.094138 5.080280 28.000000 176.810221 640.623260
565 A A 5.352726 5.160012 28.000000 182.493992 638.728669
566 A A 5.091359 5.088299 28.000000 176.898241 640.593920
567 A A 5.212863 5.254380 29.000000 188.010035 661.889988
568 A A 5.092536 5.100687 28.000000 177.126152 640.517949
569 A A 5.000537 5.001617 28.000000 173.916180 641.587940
570 A A 5.265601 5.002385 29.000000 184.542956 663.045681
571 B A 5.087831 5.184095 28.000000 187.856349 548.616764
572 A A 5.005996 5.001741 28.000000 174.009977 641.556674
573 A E 5.190169 5.000266 28.000000 183.547305 578.101486
574 A A 5.002751 5.000328 28.000000 173.931722 641.582759
575 A A 5.164733 5.161878 28.000000 179.367065 639.770978
576 A A 5.004083 5.272216 28.000000 178.521825 640.052725
577 A A 5.002875 5.090660 28.000000 175.451396 641.076201
578 A A 5.098595 5.100374 29.000000 183.342068 663.445977
579 A A 5.350649 5.001921 28.000000 179.803169 639.625610
580 A A 5.179269 5.215287 28.000000 180.508546 639.390485
581 A A 5.098745 5.089576 28.000000 177.043790 640.545403
582 A A 5.281643 5.367178 28.000000 184.780187 637.966604
583 A A 5.111855 5.002873 28.000000 175.807425 640.957525
584 A A 5.005924 5.168811 29.000000 182.920395 663.586535
585 A A 5.175119 5.093800 28.000000 178.397839 640.094054
586 A A 5.095358 5.002243 28.000000 175.519696 641.053435
587 A A 5.223866 5.250238 28.000000 181.844949 638.945017
588 A A 5.004039 5.156767 28.000000 176.581545 640.699485
589 A A 5.445129 5.001289 28.000000 181.379822 639.100059
590 A A 5.097860 5.097785 28.000000 177.166826 640.504391
591 A A 5.000049 5.301931 29.000000 185.134445 662.848518
592 A A 5.286210 5.168407 28.000000 181.517567 639.054144
593 A A 5.166394 5.093726 28.000000 178.250007 640.143331
594 A A 5.003758 5.002784 28.000000 173.989903 641.563366
595 A A 5.003790 5.219774 29.000000 183.770013 663.303329
596 B A 5.092498 5.001088 28.000000 184.860254 551.213380
597 A E 5.169938 5.000355 28.000000 183.208910 578.338363
598 A A 5.097955 5.102896 28.000000 177.254292 640.475236
599 A A 5.261718 5.156272 28.000000 180.902238 639.259254
600 A A 5.083631 5.335762 28.000000 180.925796 639.251401
601 A A 5.000185 5.089871 28.000000 175.392935 641.095688
602 A A 5.173891 5.000446 29.000000 182.913461 663.588846
603 A A 5.003948 5.471511 28.000000 181.867704 638.937432
604 A A 5.333414 5.257702 28.000000 183.810746 638.289751
605 A A 5.000239 5.169736 29.000000 182.837553 663.614149
606 A A 5.158699 5.101633 28.000000 178.253565 640.142145
607 A A 5.237387 5.086598 28.000000 179.322949 639.785684
608 A A 5.098127 5.224217 28.000000 179.295383 639.794872
609 A A 5.089932 5.167433 28.000000 178.203741 640.158753
610 A A 5.173895 5.088940 28.000000 178.295621 640.128126
611 A A 5.086516 5.001739 28.000000 175.362687 641.105771
612 A A 5.001888 5.085305 28.000000 175.344830 641.111723
613 A A 5.000794 5.266312 29.000000 184.527641 663.050786
614 A A 5.242971 5.098350 28.000000 179.614189 639.688604
615 A A 5.164793 5.393458 28.000000 183.258631 638.473790
616 A A 5.357455 5.190779 28.000000 183.090339 638.529887
617 A A 5.096978 5.081532 29.000000 182.986074 663.564642
618 A A 5.091107 5.002580 28.000000 175.453928 641.075357
619 B E 5.259189 5.183079 28.000000 196.892104 485.392290
620 A A 5.157106 5.002328 28.000000 176.558480 640.707173
621 A A 5.090471 5.161747 28.000000 178.117272 640.187576
622 A A 5.005226 5.313871 29.000000 185.432274 662.749242
623 A A 5.219641 5.091927 28.000000 179.114346 639.855218
624 A A 5.001674 5.231131 28.000000 177.791115 640.296295
625 A A 5.095785 5.096418 28.000000 177.109018 640.523661
626 A A 5.174350 5.080366 28.000000 178.159223 640.173592
627 A A 5.000153 5.002496 28.000000 173.924511 641.585163
628 A A 5.096322 5.000870 29.000000 181.571146 664.036285
629 A A 5.317752 5.177860 28.000000 182.206287 638.824571
630 A A 5.422145 5.298444 28.000000 185.985899 637.564700
631 A A 5.000367 5.095520 28.000000 175.490906 641.063031
632 A A 5.179059 5.175473 28.000000 179.836131 639.614623
633 A A 5.092514 5.094165 28.000000 177.016204 640.554599
634 A A 5.237980 5.001511 29.000000 184.047142 663.210953
635 A A 5.092009 5.000961 28.000000 175.441904 641.079365
636 A A 5.002244 5.244470 28.000000 178.024797 640.218401
637 A A 5.172420 5.163485 28.000000 179.523189 639.718937
638 A A 5.000766 5.084596 28.000000 175.314090 641.121970
639 A A 5.096474 5.416074 28.000000 182.490794 638.729735
640 B A 5.250753 5.005394 29.000000 193.744947 568.513313
641 A A 5.000246 5.002580 28.000000 173.927477 641.584174
642 A E 5.158301 5.165184 28.000000 185.782533 576.536827
643 A A 5.093304 5.257579 28.000000 179.774849 639.635050
644 A A 5.084787 5.117803 28.000000 177.283498 640.465501
645 A A 5.235827 5.110230 28.000000 179.693764 639.662079
646 A A 5.084838 5.329373 29.000000 187.087269 662.197577
647 A A 5.355911 5.094549 28.000000 181.447736 639.077421
648 A A 5.001165 5.005389 28.000000 173.990101 641.563300
649 A A 5.001463 5.230918 28.000000 177.783995 640.298668
650 A A 5.167893 5.539123 28.000000 185.757876 637.640708
651 A A 5.157910 5.088257 29.000000 184.163295 663.172235
652 A A 5.301967 5.004631 28.000000 179.030854 639.883049
653 A A 5.091452 5.174580 28.000000 178.349336 640.110221
654 A A 5.094650 5.000583 28.000000 175.479906 641.066698
655 A A 5.514129 5.177540 28.000000 185.500052 637.726649
656 A A 5.003957 5.075362 29.000000 181.260149 664.139950
657 A A 5.250443 5.003209 28.000000 178.141356 640.179548
658 A A 5.180072 5.000454 28.000000 176.912835 640.589055
659 A C 5.087925 5.244779 28.000000 183.291418 602.298070
660 A A 5.002010 5.145300 28.000000 176.354797 640.775068
661 A A 5.146501 5.310553 29.000000 187.832754 661.949082
662 A A 5.005791 5.104367 28.000000 175.730658 640.983114
663 A A 5.243385 5.002195 28.000000 178.005736 640.224755
664 B A 5.094637 5.171945 28.000000 187.766576 548.694568
665 A A 5.171795 5.092516 28.000000 178.320424 640.119859
666 E A 5.000637 5.238606 28.000000 214.649281 287.042987
667 A E 5.000403 5.111851 28.000000 182.233866 579.020893
668 A A 5.303780 5.088730 28.000000 180.474173 639.401942
669 A A 5.094437 5.390789 29.000000 188.322928 661.785691
670 A A 5.180612 5.001358 28.000000 176.937096 640.580968
671 A A 5.103156 5.183009 28.000000 178.687576 639.997475
672 A A 5.002151 5.088376 28.000000 175.400848 641.093051
673 A A 5.421960 5.232284 28.000000 184.871296 637.936235
674 A A 5.220349 5.000096 29.000000 183.715738 663.321421
675 A A 5.002088 5.093438 28.000000 175.484844 641.065052
676 A A 5.096910 5.001606 28.000000 175.535060 641.048313
677 A A 5.168098 5.328165 28.000000 182.217228 638.820924
678 A B 5.000679 5.166020 28.000000 178.738544 620.822005
679 A A 5.290171 5.094271 28.000000 180.338630 639.447123
680 A A 5.091900 5.219014 29.000000 185.289904 662.796699
681 A A 5.149028 5.083428 28.000000 177.785261 640.298246
682 A A 5.088832 5.165092 28.000000 178.145924 640.178025
683 A A 5.225204 5.089399 28.000000 179.165326 639.838225
684 A C 5.002424 5.278613 28.000000 182.423412 602.775473
685 C A 5.094268 5.002402 28.000000 194.026056 464.575639
686 A A 5.351347 5.186137 29.000000 189.232234 661.482589
687 A A 5.175922 6.016370 28.000000 193.910503 634.923166
688 E A 5.086078 5.088495 28.000000 213.562824 289.668591
689 A A 5.255089 5.166224 28.000000 180.958061 639.240646
690 B A 5.001266 5.002323 28.000000 183.348292 552.523747
691 A A 5.001740 5.298325 29.000000 185.101122 662.859626
692 A E 5.161388 5.001474 28.000000 183.084082 578.425742
693 A A 5.082313 5.090383 28.000000 176.781292 640.632903
694 A A 5.186224 5.167514 28.000000 179.822784 639.619072
695 A A 5.102482 5.001342 28.000000 175.624251 641.018583
696 A D 5.000708 5.090829 29.000000 186.764736 611.652267
697 A A 5.325924 5.252730 28.000000 183.601380 638.359540
698 A A 5.090950 5.416768 28.000000 182.409673 638.756776
699 A A 5.222969 5.091554 28.000000 179.163997 639.838668
700 A A 5.099941 5.184992 28.000000 178.666865 640.004378
701 A A 5.000310 5.115559 28.000000 175.826605 640.951132
702 A A 5.173853 5.001244 29.000000 182.926680 663.584440
703 A B 5.096309 5.261521 28.000000 181.949537 619.377058
704 A A 5.271579 5.085669 28.000000 179.881772 639.599409
705 A A 5.180251 5.003094 28.000000 176.960205 640.573265
706 A A 5.002275 5.000566 28.000000 173.927731 641.584090
707 A A 5.100968 5.171140 28.000000 178.451426 640.076191
708 C A 5.410362 5.344612 28.000000 205.085575 449.276638
709 A A 5.088622 5.170659 29.000000 184.391488 663.096171
710 A A 5.246783 5.093653 28.000000 179.599325 639.693558
711 A C 5.084070 5.086075 28.000000 180.560434 603.800111
712 A A 5.195750 5.004240 28.000000 177.239834 640.480055
713 A A 5.007329 5.247126 29.000000 184.307526 663.124158
714 B A 5.156585 5.159205 28.000000 188.593262 547.978107
715 A A 5.084772 5.000563 28.000000 175.313626 641.122125
716 E A 5.260124 5.118985 28.000000 216.999031 281.364424
717 A A 5.091694 5.238337 28.000000 179.424529 639.751824
718 A E 5.003259 5.002794 29.000000 186.453322 601.067275
719 A A 5.162110 5.095976 28.000000 178.215853 640.154716
720 A A 5.005650 5.000728 28.000000 173.987157 641.564281
721 A D 5.000873 5.182511 28.000000 182.252861 589.509788
722 A A 5.325269 5.338301 28.000000 185.027975 637.884008
723 A A 5.160610 5.084172 29.000000 184.139214 663.180262
724 A A 5.092480 5.175187 28.000000 178.376815 640.101062
725 A A 5.001842 5.001264 28.000000 173.932179 641.582607
726 A A 5.177953 5.096972 28.000000 178.498746 640.060418
727 A A 5.094712 5.282635 28.000000 180.219434 639.486855
728 A A 5.255939 5.091279 28.000000 179.713259 639.655580
729 A B 5.002601 5.185078 28.000000 179.091007 620.663397
730 A A 5.096144 5.004605 29.000000 181.633040 664.015653
731 A A 5.003026 5.465449 28.000000 181.750368 638.976544
732 C A 5.001630 5.002756 28.000000 192.475681 466.720325
733 A A 5.184451 5.093610 28.000000 178.551430 640.042857
734 A A 5.308181 5.214982 28.000000 182.669141 638.670286
735 A A 5.103731 5.090553 29.000000 183.260543 663.473152
736 A A 5.164125 5.002921 28.000000 176.686364 640.664545
737 A C 5.002185 5.001067 28.000000 177.756629 605.342204
738 E A 5.390925 5.160658 28.000000 219.896592 274.361987
739 A A 5.097220 5.276991 28.000000 180.166757 639.504414
740 A A 5.226813 5.099283 28.000000 179.358417 639.773861
741 B A 5.002173 5.184953 29.000000 192.543987 569.554145
742 A A 6.261086 5.363853 28.000000 201.178976 632.500341
743 A A 5.101985 6.142703 28.000000 194.790760 634.629747
744 A A 5.001233 5.082308 28.000000 175.283488 641.132171
745 A A 5.179489 5.225700 28.000000 180.687178 639.330941
746 A E 5.593695 5.002097 28.000000 190.357304 573.334487
747 A A 5.255695 5.142616 28.000000 180.571622 639.369459
748 A A 5.127988 5.001211 29.000000 182.128067 663.850644
749 A D 5.085145 5.115236 28.000000 182.538398 589.328948
750 A A 5.096144 5.265711 28.000000 179.959150 639.573617
751 A A 5.323755 5.093266 28.000000 180.885957 639.264681
752 A A 5.001141 5.153841 28.000000 176.483696 640.732101
753 A A 5.202945 5.000788 28.000000 177.302723 640.459092
754 A A 5.000100 5.089821 29.000000 181.444627 664.078458
755 A B 5.100491 5.234504 28.000000 181.565919 619.549687
756 A A 5.190625 5.089325 28.000000 178.583166 640.032278
757 C A 5.162701 5.185086 28.000000 198.244821 458.739682
758 A A 5.085244 5.355929 28.000000 181.291703 639.129432
759 A A 5.269196 5.088566 28.000000 179.890394 639.596535
760 A A 5.003272 5.089944 29.000000 181.501962 664.059346
761 A A 5.000936 5.188474 28.000000 177.062092 640.539303
762 A C 5.099423 5.291354 28.000000 184.267050 601.761473
763 A A 5.176194 5.080277 29.000000 184.342581 663.112473
764 E A 5.093543 5.171308 28.000000 215.079487 286.003322
765 A A 5.459336 5.000835 28.000000 181.610877 639.023041
766 B A 5.266271 5.098445 28.000000 189.415230 547.265734
767 A A 5.099469 5.228533 29.000000 185.587240 662.697587
768 A A 5.176883 5.000928 28.000000 176.867216 640.604261
769 A A 5.365874 5.159428 28.000000 182.705071 638.658310
770 A A 5.124321 5.088196 28.000000 177.450284 640.409905
771 A E 5.004550 5.006760 28.000000 180.538014 580.207990
772 A A 5.237990 5.339995 28.000000 183.590145 638.363285
773 A A 5.118782 5.005443 28.000000 175.966980 640.904340
774 A A 5.002310 5.167235 29.000000 182.830083 663.616639
775 A D 5.098403 5.087803 28.000000 182.300273 589.479760
776 A A 5.227713 5.002845 28.000000 177.753358 640.308881
777 A A 5.000511 5.264422 28.000000 178.330875 640.116375
778 A A 5.091767 5.172493 28.000000 178.319578 640.120141
779 A A 5.322653 5.095631 28.000000 180.907165 639.257612
780 A A 5.190936 5.002038 28.000000 177.121957 640.519348
781 A A 5.002573 5.001292 29.000000 179.947243 664.577586
782 A A 5.001849 5.000203 28.000000 173.914477 641.588508
783 C B 5.106082 5.252990 28.000000 199.610411 447.045253
784 A A 5.175463 5.425910 28.000000 183.983068 638.232311
785 A A 5.084024 5.154627 28.000000 177.889347 640.263551
786 A A 5.090547 5.101937 29.000000 183.229209 663.483597
787 A A 5.243931 5.000119 28.000000 177.980031 640.233323
788 E C 5.089258 5.164286 28.000000 217.535533 261.296199
789 A A 5.003390 5.539298 28.000000 182.997149 638.560950
790 A A 5.173538 5.098029 28.000000 178.442329 640.079224
791 A A 5.287710 5.287657 28.000000 183.546157 638.377948
792 A A 5.001642 5.001899 29.000000 179.941621 664.579460
793 B A 5.090180 5.211663 28.000000 188.358954 548.181173
794 A A 5.171808 5.095890 28.000000 178.377336 640.100888
795 A A 5.001787 5.091642 28.000000 175.449599 641.076800
796 A A 5.361645 5.185301 29.000000 189.396868 661.427711
797 A E 5.169150 5.087793 28.000000 184.664640 577.319352
798 A A 5.000005 5.261275 28.000000 178.269503 640.136832
799 A A 5.107472 5.090400 28.000000 177.204245 640.491918
800 A A 5.239964 5.158343 28.000000 180.571566 639.369478
801 A A 5.086530 5.329822 28.000000 180.874723 639.268426
802 A A 5.085898 5.003703 28.000000 175.385305 641.098232
803 A D 5.001817 5.000683 28.000000 179.214003 591.434398
804 A A 5.187392 5.177217 28.000000 180.005431 639.558190
805 A A 5.309319 5.096196 29.000000 186.935953 662.248016
806 A A 5.095414 5.245613 28.000000 179.609255 639.690248
807 C A 5.194395 5.001099 29.000000 201.803607 478.816694
808 A A 5.086669 5.088129 28.000000 176.816603 640.621132
809 A B 5.001858 5.002177 28.000000 176.005773 622.051752
810 A A 5.188650 5.176052 28.000000 180.006980 639.557673
811 A A 5.086566 5.001429 28.000000 175.358325 641.107225
812 A A 5.255081 5.100549 28.000000 179.854595 639.608468
813 A A 5.438275 5.233833 29.000000 191.574682 660.701773
814 E A 5.159139 5.147321 28.000000 215.778521 284.313991
815 A C 5.000497 5.092361 28.000000 179.262012 604.514244
816 A A 5.088199 5.342282 28.000000 181.112076 639.189308
817 B A 5.003732 5.100652 28.000000 185.041642 551.056177
818 A A 5.000948 5.001089 28.000000 173.914220 641.588593
819 A A 5.167118 5.209811 28.000000 180.212407 639.489198
820 A A 5.275985 5.097375 29.000000 186.376465 662.434512
821 A A 5.097299 5.003199 28.000000 175.568357 641.037214
822 A A 5.157834 5.404083 28.000000 183.320197 638.453268
823 A E 5.001967 5.000395 28.000000 180.387678 580.313225
824 A A 5.094272 5.171773 28.000000 178.349567 640.110144
825 D A 5.368837 5.275764 28.000000 212.051290 363.897087
826 A D 5.000061 5.101050 29.000000 186.931335 611.546755
827 A A 5.249034 5.181208 28.000000 181.108075 639.190642
828 A A 5.103821 5.086992 28.000000 177.085654 640.531449
829 A A 5.177251 5.001819 28.000000 176.888379 640.597207
830 A A 5.088199 5.274273 28.000000 179.969528 639.570157
831 A A 5.000235 5.176805 28.000000 176.854261 640.608580
832 A A 5.241565 5.089453 29.000000 185.639712 662.680096
833 C A 5.519540 5.085729 28.000000 202.570527 452.755787
834 A A 5.000070 5.186052 28.000000 177.006855 640.557715
835 A B 5.150227 5.096566 28.000000 180.084113 620.216499
836 A A 5.100811 5.908064 28.000000 190.829096 635.950301
837 A A 5.316063 5.353097 29.000000 191.523391 660.718870
838 A A 5.170113 5.094328 28.000000 178.322601 640.119133
839 A A 5.087502 5.240764 28.000000 179.394863 639.761712
840 A C 5.082002 5.005385 28.000000 179.170105 604.564792
841 E A 5.241691 5.185428 29.000000 224.061867 289.295905
842 A A 5.086580 5.085049 28.000000 176.763365 640.638878
843 A A 5.177453 5.092642 28.000000 178.417592 640.087469
844 B A 5.085135 5.261157 28.000000 189.105704 547.533990
845 A A 5.323315 5.005476 28.000000 179.403687 639.758771
846 A A 5.182492 6.598990 28.000000 203.808898 631.623701
847 A A 7.463273 5.158958 28.000000 217.933488 626.915504
848 A A 5.081063 5.087270 28.000000 176.707985 640.657338
849 A E 5.001178 5.164690 28.000000 183.134583 578.390392
850 A A 5.252818 5.004339 29.000000 184.354535 663.108488
851 D A 5.084570 5.002452 28.000000 202.683967 381.538878
852 A A 5.155153 5.001547 29.000000 182.606577 663.691141
853 A A 5.001077 5.313237 28.000000 179.160469 639.839844
854 A D 5.174970 5.175229 28.000000 185.055349 587.734879
855 A A 5.087077 5.497077 28.000000 183.693792 638.328736
856 A A 5.000177 5.002518 28.000000 173.925288 641.584904
857 A A 5.002890 5.091257 28.000000 175.461673 641.072776
858 A A 5.003092 5.219875 28.000000 177.625846 640.351385
859 A A 5.415211 5.089888 28.000000 182.365662 638.771446
860 A A 5.002097 5.002419 29.000000 179.958568 664.573811
861 A A 5.978652 5.155977 28.000000 192.941758 635.246081
862 C B 5.247667 5.390432 28.000000 204.298066 440.248154
863 A A 5.726360 5.255100 28.000000 190.368520 636.103827
864 A A 5.164477 7.719542 28.000000 222.331513 625.449496
865 A A 5.093887 5.096861 28.000000 177.084555 640.531815
866 E A 5.327270 5.177389 31.000000 238.016656 305.571832
867 A A 5.164131 5.003525 29.000000 182.797210 663.627597
868 A C 5.091937 5.089294 28.000000 180.746675 603.697679
869 B A 5.234721 5.257548 28.000000 191.558119 545.408564
870 A A 5.099220 5.100345 29.000000 183.352434 663.442522
871 A A 5.086866 5.004202 28.000000 175.409950 641.090017
872 A A 5.001425 5.163546 28.000000 176.651507 640.676164
873 A A 5.001586 5.094810 28.000000 175.499449 641.060184
874 A A 5.192971 5.314469 28.000000 182.404991 638.758336
875 A A 5.153062 5.001324 28.000000 176.473697 640.735434
876 A E 5.283732 5.174226 28.000000 188.041697 574.955412
877 D A 5.086379 5.090152 29.000000 210.293643 392.207323
878 A D 5.004777 5.002635 28.000000 179.296525 591.382134
879 A A 5.003121 5.252274 28.000000 178.170640 640.169787
880 A A 5.181082 5.001003 28.000000 176.939036 640.580321
881 A A 5.107735 5.176714 32.000000 203.341431 731.779523
882 A A 5.000784 5.112890 29.000000 181.857930 663.940690
883 A A 6.583382 5.080179 28.000000 201.827825 632.284058
884 A A 5.250798 5.235511 28.000000 182.049996 638.876668
885 A A 5.155619 5.653339 28.000000 187.470493 637.069836
886 C B 5.338672 5.385179 28.000000 205.738698 438.159238
887 A A 5.097473 5.092334 28.000000 177.068767 640.537078
888 A A 5.000327 6.914194 29.000000 213.192664 653.495779
889 A A 5.095213 6.381720 28.000000 198.692478 633.329174
890 A A 5.199970 5.178448 28.000000 180.237433 639.480856
891 A A 5.082590 5.003379 28.000000 175.324282 641.118573
892 E C 5.001177 5.001453 28.000000 213.320188 272.115585
893 A A 5.228083 5.158392 28.000000 180.372778 639.435741
894 A A 5.096368 5.306216 28.000000 180.643404 639.345532
895 A A 5.401284 5.001654 30.000000 193.132881 685.182373
896 A A 5.164312 5.091072 29.000000 184.323690 663.118770
897 A A 5.094625 5.165280 28.000000 178.246400 640.144533
898 B A 5.281888 5.109971 28.000000 189.871222 546.870541
899 A A 5.089495 5.219576 28.000000 179.072388 639.869204
900 A A 5.184979 5.094099 28.000000 178.568514 640.037162
901 A A 5.003776 5.090191 28.000000 175.458645 641.073785
902 A A 5.000462 5.285176 29.000000 184.850111 662.943296
903 D D 5.002067 5.086458 28.000000 207.707227 334.502674
904 A E 5.173200 5.188965 28.000000 186.432372 576.081940
905 A A 5.297059 5.084988 28.000000 180.298392 639.460536
906 A A 5.095613 5.001244 29.000000 181.565312 664.038229
907 A A 5.001148 5.432641 28.000000 181.167662 639.170779
908 A A 5.170915 5.001232 28.000000 176.772067 640.635978
909 A A 5.252361 5.233743 28.000000 182.046549 638.877817
910 A A 5.098779 5.000890 28.000000 175.554428 641.041857
911 A A 5.094698 5.153760 28.000000 178.054092 640.208636
912 C A 5.161805 5.101806 29.000000 202.988842 477.177119
913 A A 5.089975 5.333553 28.000000 180.995278 639.228241
914 A B 5.000215 5.171456 28.000000 178.822081 620.784414
915 A A 5.244760 5.003359 28.000000 178.048403 640.210532
916 A A 6.391555 5.096820 28.000000 198.884702 633.265099
917 A A 5.087938 5.225680 29.000000 185.336942 662.781019
918 E C 5.391917 5.095848 28.000000 221.470441 251.196601
919 A A 5.194889 5.003599 28.000000 177.214599 640.488467
920 A A 6.181481 5.001918 28.000000 193.761098 634.972967
921 A A 5.001366 5.174325 28.000000 176.831602 640.616133
922 A A 5.090988 5.288034 28.000000 180.247578 639.477474
923 A A 5.001481 5.093603 28.000000 175.477396 641.067535
924 B A 5.189327 5.000924 29.000000 192.598372 569.507011
925 A A 5.315959 5.156643 28.000000 181.819713 638.953429
926 A A 5.101160 5.225345 28.000000 179.365269 639.771577
927 A A 7.243593 5.094727 28.000000 213.163782 628.505406
928 A A 5.157021 5.091697 28.000000 178.058476 640.207175
929 D D 8.060698 5.330305 29.000000 271.223467 221.884155
930 A A 5.085607 5.194031 28.000000 178.577929 640.034024
931 A A 6.928145 5.002278 28.000000 206.311102 630.789633
932 A E 5.276969 5.100226 28.000000 186.684866 575.905194
933 A A 5.090898 5.238500 29.000000 185.611523 662.689492
934 A A 5.003524 5.001093 28.000000 173.957579 641.574140
935 A A 5.001032 5.100922 28.000000 175.592825 641.029058
936 A A 5.176934 5.169815 28.000000 179.705388 639.658204
937 A A 5.091021 5.106194 28.000000 177.193221 640.495593
938 C B 5.001286 5.085177 28.000000 195.030589 453.685996
939 A A 5.510649 5.228062 29.000000 192.733578 660.315474
940 A A 5.226866 5.343728 28.000000 183.465977 638.404674
941 A A 5.001510 5.100687 28.000000 175.596902 641.027699
942 A A 5.158750 5.000569 33.000000 207.034528 755.548491
943 A A 5.090887 5.166388 28.000000 178.202221 640.159260
944 E A 5.358466 5.001569 28.000000 216.678585 282.138835
945 A C 5.001103 5.002643 28.000000 177.764931 605.337638
946 A A 5.175576 5.256908 29.000000 187.405229 662.091590
947 B A 5.271303 5.095252 28.000000 189.446114 547.238968
948 A A 5.089892 5.485973 28.000000 183.554537 638.375154
949 A A 5.000863 5.173760 28.000000 176.813660 640.622113
950 A A 5.162322 5.096785 28.000000 178.233000 640.149000
951 A A 5.231125 5.285985 29.000000 188.877711 661.600763
952 A A 5.109882 5.002058 28.000000 175.760581 640.973140
953 A A 5.001858 5.000126 28.000000 173.913326 641.588891
954 A E 8.695237 5.174746 28.000000 245.363721 534.829995
955 D A 5.090867 5.086267 28.000000 204.197856 378.687722
956 A A 5.095668 5.089722 32.000000 201.439497 732.413501
957 A D 5.000279 5.003212 28.000000 179.230645 591.423858
958 A A 5.215006 5.181689 28.000000 180.544478 639.378507
959 A A 5.001470 5.000677 28.000000 173.916073 641.587976
960 A A 5.359944 5.261449 28.000000 184.319402 638.120199
961 A A 5.162647 9.014896 29.000000 252.569238 640.370254
962 A A 5.093805 5.363733 28.000000 181.566643 639.037786
963 A A 5.248957 5.794883 28.000000 191.416508 635.754497
964 A A 5.089884 5.092336 28.000000 176.941298 640.579567
965 A B 5.165550 6.753064 34.000000 251.077726 738.269373
966 A A 5.000450 5.154908 28.000000 176.490016 640.729995
967 C A 5.098244 5.085192 29.000000 201.593776 479.106960
968 A A 5.290633 5.004257 28.000000 178.834151 639.948616
969 A A 5.163227 5.000859 28.000000 176.636642 640.681119
970 A A 5.091922 5.212034 28.000000 178.986472 639.897843
971 E C 5.000002 5.101954 29.000000 221.050039 277.275633
972 A A 5.204697 5.001727 28.000000 177.347930 640.444023
973 A A 5.091177 7.562252 28.000000 218.457611 626.740796
974 A A 5.091207 5.186166 30.000000 190.872717 685.935761
975 A A 5.000250 5.096764 28.000000 175.509832 641.056723
976 A A 5.322151 5.238614 28.000000 183.300847 638.459718
977 A A 5.002057 5.389503 28.000000 180.458212 639.407263
978 B A 5.178435 5.091778 29.000000 193.989690 568.301202
979 A A 5.160216 5.001991 28.000000 176.605067 640.691644
980 A A 5.258472 5.171618 28.000000 181.105498 639.191501
981 D E 5.453491 5.150759 28.000000 217.841400 301.215600
982 A A 9.233796 5.290386 28.000000 249.886249 616.264584
983 A A 5.091560 7.244256 28.000000 213.121703 628.519432
984 A D 5.082079 5.092097 29.000000 188.202657 610.741584
985 A A 5.000706 6.276291 28.000000 195.333550 634.448817
986 A A 5.234873 7.941368 28.000000 227.240845 623.813052
987 A A 5.162909 5.001846 31.000000 194.944446 709.578518
988 A A 5.091256 5.167428 28.000000 178.225889 640.151370
989 A A 5.001375 5.101335 28.000000 175.605512 641.024829
990 C A 5.000803 5.000648 28.000000 192.426367 466.788543
991 A A 5.163433 5.276569 29.000000 187.536046 662.047985
992 A A 5.303604 5.095445 28.000000 180.584022 639.365326
993 A B 5.095737 5.179277 28.000000 180.558239 620.003142
994 A A 6.705752 5.003382 28.000000 202.593453 632.028849
995 A A 5.093335 5.089885 28.000000 176.958094 640.573969
996 A A 5.221713 5.238501 29.000000 187.887735 661.930755
997 E A 5.088730 5.087635 28.000000 213.592938 289.595817
998 A C 5.174646 5.332866 28.000000 186.228214 600.682832
999 A A 5.377589 5.168600 28.000000 183.055987 638.541338
1000 A A 5.618295 5.083035 28.000000 185.662338 637.672554
1001 B A 5.088130 5.001991 28.000000 184.802045 551.263827
1002 A A 5.258272 5.168880 29.000000 187.312438 662.122521
1003 A A 5.003817 5.002647 28.000000 173.988580 641.563807
1004 A A 5.095002 5.244190 28.000000 179.578433 639.700522
1005 A A 5.002712 5.078990 28.000000 175.252593 641.142469
1006 A A 5.175063 5.001361 28.000000 176.843926 640.612025
1007 D E 5.001187 5.159924 28.000000 210.396659 317.966266
1008 A A 5.165988 5.460183 29.000000 190.775380 660.968207
1009 A A 5.001443 5.099610 28.000000 175.577691 641.034103
1010 A D 5.090121 5.249228 28.000000 184.873067 587.850324
1011 A A 8.276385 5.001693 28.000000 228.951719 623.242760
1012 A A 5.283755 5.091032 28.000000 180.176418 639.501194
1013 A A 5.001340 5.336721 29.000000 185.762266 662.639245
1014 A A 5.001427 5.001589 28.000000 173.930669 641.583110
1015 A A 5.165299 5.166627 28.000000 179.456359 639.741214
1016 A A 5.092617 5.090704 28.000000 176.959796 640.573401
1017 C B 7.882116 5.232601 28.000000 245.905240 379.917752
1018 A A 5.091816 5.097591 29.000000 183.175681 663.501440
1019 A A 5.236093 5.003673 28.000000 177.908060 640.257313
1020 A A 5.182508 5.166977 28.000000 179.751333 639.642889
1021 A A 5.419673 5.001406 40.000000 255.985885 914.231372
1022 A A 5.094922 5.180774 28.000000 178.511689 640.056104
1023 A A 5.318913 5.090812 28.000000 180.763385 639.305538
1024 A C 5.090420 7.385810 28.000000 219.302666 582.491884
1025 A A 5.180165 5.305212 29.000000 188.325553 661.784816
1026 E A 5.004612 5.101892 28.000000 212.419279 292.432159
1027 B A 5.001304 5.224740 28.000000 187.085532 549.284806
1028 A A 5.001209 5.000285 28.000000 173.905107 641.591631
1029 A A 5.000477 5.166475 28.000000 176.684799 640.665067
1030 A A 5.233626 5.002935 28.000000 177.854223 640.275259
1031 A A 5.154273 5.098193 29.000000 184.272906 663.135698
1032 A A 5.115118 5.090928 28.000000 177.341573 640.446142
1033 A A 5.088833 5.407292 28.000000 182.214903 638.821699
1034 A E 5.245555 5.257080 28.000000 188.792258 574.430019
1035 D A 5.094592 5.163770 28.000000 205.562472 376.117694
1036 A A 5.328083 5.565233 28.000000 188.887703 636.597432
1037 A D 8.187152 5.080370 29.000000 242.026886 576.652906
1038 A A 5.172746 5.003662 28.000000 176.843645 640.612118
1039 A A 5.001757 5.001257 31.000000 191.936057 710.581314
1040 A A 5.088902 5.001748 28.000000 175.402918 641.092361
1041 A A 5.160925 5.161708 28.000000 179.300240 639.793253
1042 A A 5.096552 5.000350 29.000000 181.566103 664.037966
1043 C B 5.221501 5.297450 28.000000 202.296391 443.150583
1044 A A 5.087683 5.169231 28.000000 178.196156 640.161281
1045 A A 5.002198 5.144655 28.000000 176.347138 640.777621
1046 A A 5.000425 5.101890 28.000000 175.598901 641.027033
1047 A A 5.257255 5.267250 29.000000 189.006384 661.557872
1048 A A 5.154075 5.085775 28.000000 177.909480 640.256840
1049 E A 7.095544 5.087595 28.000000 247.306740 208.120794
1050 A A 5.083369 5.234038 28.000000 179.212432 639.822523
1051 A C 5.359890 5.090698 28.000000 185.271889 601.208811
1052 A A 5.165016 5.370199 28.000000 182.871604 638.602799
1053 A A 5.085872 5.002455 28.000000 175.363883 641.105372
1054 B A 5.244993 5.181995 29.000000 196.717599 565.937014
1055 A A 5.000053 5.087144 28.000000 175.344909 641.111697
1056 A A 5.097643 5.182343 28.000000 178.583763 640.032079
1057 A A 5.159183 5.003577 28.000000 176.614379 640.688540
1058 A A 5.270859 5.090702 34.000000 217.255847 777.141384
1059 A A 5.002507 5.256707 29.000000 184.390336 663.096555
1060 A E 5.090367 5.002359 28.000000 181.905791 579.250546
1061 D A 5.001951 5.167575 28.000000 204.070049 378.928425
1062 A A 5.178341 5.314216 28.000000 182.154957 638.841681
1063 A D 5.000759 5.079367 28.000000 180.518121 590.608457
1064 A A 5.468832 8.546472 28.000000 241.337116 619.114295
1065 A A 5.173786 5.093692 29.000000 184.534129 663.048624
1066 A A 5.331346 5.197302 28.000000 182.761287 638.639571
1067 A A 5.081282 5.000978 28.000000 175.261952 641.139349
1068 A A 5.090974 5.092351 28.000000 176.959859 640.573380
1069 A A 5.000157 5.001316 28.000000 173.904755 641.591748
1070 C A 5.187138 5.175234 28.000000 198.489849 458.400725
1071 A B 8.446184 5.267100 29.000000 246.549150 615.307232
1072 A A 5.091092 6.020882 28.000000 192.561165 635.372945
1073 A A 5.256932 5.089728 28.000000 179.703893 639.658702
1074 A A 5.102146 5.171195 28.000000 178.472127 640.069291
1075 E A 5.003151 5.410008 28.000000 217.571061 279.982019
1076 A C 5.002665 7.846096 28.000000 225.561187 579.049697
1077 A A 6.489533 5.096709 29.000000 207.480617 655.399794
1078 A A 6.093716 8.266003 28.000000 247.123282 617.185573
1079 B A 5.166244 5.087990 28.000000 187.559140 548.874345
1080 A A 5.001449 5.222351 28.000000 177.639834 640.346722
1081 A A 5.232092 5.003364 28.000000 177.835664 640.281445
1082 A A 5.095810 5.001674 28.000000 175.517732 641.054089
1083 A A 5.160735 5.322459 28.000000 181.997654 638.894115
1084 A A 5.346681 5.154676 28.000000 182.302794 638.792402
1085 A A 5.084186 5.094489 29.000000 182.988945 663.563685
1086 A A 5.247152 5.002936 28.000000 178.081476 640.199508
1087 D A 5.093795 5.001445 35.000000 245.222033 476.425521
1088 A E 5.001161 5.244598 28.000000 184.476753 577.450873
1089 A D 5.164593 5.165103 29.000000 190.908719 609.027745
1090 A A 5.172922 5.097329 28.000000 178.420218 640.086594
1091 A A 5.002145 5.084582 28.000000 175.337010 641.114330
1092 A A 5.090529 5.171340 28.000000 178.279414 640.133529
1093 A A 5.261609 5.334947 36.000000 234.765614 821.304795
1094 A A 5.093486 5.092727 28.000000 177.008375 640.557208
1095 C A 5.001950 5.242208 29.000000 202.650343 477.645375
1096 A B 5.001170 5.084399 28.000000 177.375553 621.435351
1097 A A 5.166570 5.190288 28.000000 179.875213 639.601596
1098 A A 5.406353 5.000655 28.000000 180.717732 639.320756
1099 A A 5.264900 5.082651 28.000000 179.718853 639.653716
1100 A A 6.835497 5.000764 28.000000 204.729193 631.316936
1101 E A 5.100068 5.002643 29.000000 218.417180 302.937232
1102 A C 5.093205 5.175490 28.000000 182.216073 602.889510
1103 A A 5.176635 5.251837 28.000000 181.078320 639.200560
1104 A A 5.091826 5.090041 28.000000 176.935368 640.581544
1105 A A 5.327490 9.271147 28.000000 251.137104 615.847632
1106 A A 5.171759 5.175830 29.000000 185.928039 662.583987
1107 B A 5.078916 5.093456 28.000000 186.183848 550.066265
1108 A A 5.226723 5.300397 30.000000 195.368158 684.437281
1109 A A 5.000143 5.449809 33.000000 212.789038 753.630321
1110 A A 5.000840 5.002792 28.000000 173.941018 641.579661
1111 A A 7.334354 5.090379 28.000000 214.615516 628.021495
1112 A E 5.092485 5.165795 28.000000 184.687113 577.303621
1113 D A 5.000131 5.002637 28.000000 201.268501 384.204673
1114 A D 5.166890 5.003436 28.000000 182.033474 589.648733
1115 A A 5.299804 5.172500 28.000000 181.814711 638.955096
1116 A A 5.002425 5.092429 29.000000 181.530456 664.049848
1117 A A 5.001629 5.268782 28.000000 178.422911 640.085696
1118 A A 5.107976 5.094683 28.000000 177.284675 640.465108
1119 A A 5.225120 8.115502 28.000000 230.002454 622.892515
1120 A A 5.094957 5.160190 28.000000 178.166485 640.171172
1121 A A 5.000221 6.501114 28.000000 199.102417 633.192528
1122 C A 5.166606 5.002889 28.000000 195.249513 462.883190
1123 A B 5.096056 5.383543 28.000000 183.995257 618.456484
1124 A A 5.237598 5.214778 29.000000 187.751344 661.976219
1125 A A 5.089965 5.091179 28.000000 176.923215 640.585595
1126 A A 5.349258 5.086012 29.000000 187.453706 662.075431
1127 A A 5.174563 5.227618 28.000000 180.636637 639.347788
1128 E A 5.533942 5.000182 28.000000 219.603294 275.070789
1129 A C 5.089065 5.100904 28.000000 180.893469 603.616942
1130 A A 5.091831 5.328957 28.000000 180.949237 639.243588
1131 A A 5.002604 5.004026 29.000000 179.995369 664.561544
1132 A A 6.326410 5.166737 28.000000 198.964871 633.238376
1133 B A 5.201224 7.055064 28.000000 221.193625 519.724459
1134 A A 5.273235 8.658054 28.000000 239.925661 619.584780
1135 A A 7.593788 9.483000 28.000000 292.770023 601.969992
1136 A A 8.849561 5.165127 28.000000 241.326751 619.117750
1137 A A 5.001064 5.090309 28.000000 175.415074 641.088309
1138 A E 5.168205 5.252051 29.000000 193.660453 596.022283
1139 D A 5.089927 5.086639 28.000000 204.188315 378.705691
1140 A D 5.089333 5.085956 28.000000 182.116860 589.595922
1141 A A 5.002287 5.001512 28.000000 173.943821 641.578726
1142 A A 5.000506 8.887907 28.000000 239.205339 619.824887
1143 A A 5.197178 5.163544 28.000000 179.940130 639.579957
1144 A A 5.356220 5.236684 28.000000 183.840795 638.279735
1145 A A 5.166208 5.003115 29.000000 182.826216 663.617928
1146 A A 5.095684 5.001472 28.000000 175.512215 641.055928
1147 A A 5.094916 5.088117 28.000000 176.954953 640.575016
1148 C B 5.250878 5.326909 35.000000 247.711519 552.298647
1149 A A 5.083622 5.163209 29.000000 184.174862 663.168379
1150 A A 5.002311 5.090290 28.000000 175.435701 641.081433
1151 A A 5.001497 5.171912 28.000000 176.793273 640.628909
1152 A A 5.169977 5.001259 28.000000 176.756775 640.641075
1153 A A 5.301445 5.084934 28.000000 180.371162 639.436279
1154 E A 5.001849 5.248449 28.000000 214.834997 286.594175
1155 A A 5.166922 5.089273 29.000000 184.337788 663.114071
1156 A A 5.089465 5.000178 28.000000 175.386005 641.097998
1157 A C 5.441751 5.000697 28.000000 185.135122 601.284033
1158 B A 5.260867 5.170200 28.000000 190.529920 546.299669
1159 A A 5.001744 5.264405 28.000000 178.351308 640.109564
1160 A A 5.772660 5.088869 28.000000 188.353693 636.775436
1161 A A 5.176851 5.163140 29.000000 185.795843 662.628052
1162 A A 8.592093 5.000548 28.000000 234.236370 621.481210
1163 A A 5.098810 5.330900 28.000000 181.099120 639.193627
1164 A A 5.092055 5.163090 28.000000 178.166437 640.171188
1165 D E 5.001407 5.004515 32.000000 231.803707 369.800410
1166 A A 5.235405 5.003275 37.000000 233.178687 846.833771
1167 A A 5.152197 5.093946 33.000000 208.753635 754.975455
1168 A D 5.001661 5.238985 28.000000 183.214852 588.900527
1169 A A 5.096383 5.417010 28.000000 182.504993 638.725002
1170 A A 5.170456 5.092968 28.000000 178.305520 640.124827
1171 A A 5.307508 5.180841 29.000000 188.377262 661.767579
1172 A A 5.000531 5.083804 28.000000 175.296828 641.127724
1173 A A 5.095884 5.162265 28.000000 178.216903 640.154366
1174 A A 5.241759 5.089430 28.000000 179.443980 639.745340
1175 C B 5.000019 5.710662 28.000000 205.517440 438.480061
1176 A A 7.008985 9.842147 28.000000 288.979017 603.233661
1177 A A 5.160522 5.229934 29.000000 186.673941 662.335353
1178 A A 5.092441 5.005086 28.000000 175.518453 641.053849
1179 A A 5.087976 5.331727 28.000000 180.931007 639.249664
1180 A A 5.406926 6.830426 31.000000 233.494755 696.728415
1181 A C 5.216651 5.001572 28.000000 181.368154 603.355865
1182 E A 5.105755 5.157217 28.000000 215.047927 286.079593
1183 A A 5.091762 5.558896 28.000000 184.811055 637.956315
1184 B A 5.319520 5.001123 29.000000 194.867184 567.540707
1185 A A 5.002020 5.001644 28.000000 173.941551 641.579483
1186 A A 5.177439 5.106037 29.000000 184.812479 662.955840
1187 A A 5.082804 5.252389 28.000000 179.511240 639.722920
1188 A A 5.003133 5.094715 28.000000 175.523848 641.052051
1189 A A 5.236797 5.173663 28.000000 180.775737 639.301421
1190 A A 5.000578 5.089992 28.000000 175.401591 641.092803
1191 A E 5.158372 5.086612 28.000000 184.463738 577.459983
1192 D A 5.000220 5.000740 28.000000 201.238113 384.261904
1193 A D 5.161580 5.250243 29.000000 192.337731 608.122704
1194 A A 5.096403 5.002752 28.000000 175.545800 641.044733
1195 A A 5.261207 5.163790 28.000000 181.019936 639.220021
1196 A A 5.001632 5.001666 28.000000 173.935408 641.581531
1197 A A 5.090389 5.354004 28.000000 181.345807 639.111398
1198 A A 5.169087 7.469800 28.000000 218.213288 626.822237
1199 A A 5.106179 5.161729 29.000000 184.541594 663.046135
1200 C A 5.002378 5.101054 28.000000 194.139654 464.418496
1201 A B 5.000073 5.001784 28.000000 175.969182 622.068218
1202 A A 5.306335 5.260483 34.000000 221.443088 775.745637
1203 A A 5.893717 5.092520 28.000000 190.448777 636.077074
1204 A A 7.769094 5.169252 28.000000 223.244217 625.145261
1205 A A 5.172446 5.001096 38.000000 237.836755 870.281082
1206 A A 5.093826 6.130045 29.000000 201.175347 657.501551
1207 A A 5.000692 5.102217 28.000000 175.608877 641.023708
1208 E C 5.228911 5.242069 28.000000 221.188468 251.920331
1209 A A 5.095894 5.872525 28.000000 190.149429 636.176857
1210 A A 5.416931 5.096643 29.000000 188.816190 661.621270
1211 B A 5.197474 5.001622 28.000000 186.632806 549.677168
1212 A A 5.084717 5.162711 28.000000 178.036793 640.214402
1213 A A 5.342004 5.444398 28.000000 187.091549 637.196150
1214 A A 5.091836 5.000502 28.000000 175.431277 641.082908
1215 A A 5.000703 5.304367 28.000000 179.005165 639.891612
1216 A A 5.235603 5.100168 28.000000 179.520961 639.719680
1217 A E 5.161469 5.189653 28.000000 186.246853 576.211803
1218 A A 5.090286 5.089243 29.000000 183.003799 663.558734
1219 A D 5.090451 5.243347 28.000000 184.779819 587.909382
1220 D A 8.977056 5.091572 28.000000 269.574950 255.560860
1221 A A 5.001955 5.003944 28.000000 173.979094 641.566969
1222 A A 5.257612 8.400811 28.000000 235.341514 621.112829
1223 A A 5.172112 5.170856 28.000000 179.641854 639.679382
1224 A A 5.090318 5.093744 29.000000 183.082686 663.532438
1225 A A 5.000454 5.314914 28.000000 179.178172 639.833943
1226 A A 5.189776 5.161627 28.000000 179.783565 639.632145
1227 C A 5.093905 5.087506 28.000000 195.449705 462.606258
1228 A B 5.306495 5.227362 29.000000 191.227116 640.202148
1229 A A 5.161298 5.000588 36.000000 225.376748 824.434417
1230 A A 5.088843 5.089347 28.000000 176.873583 640.602139
1231 A A 5.095584 5.184024 28.000000 178.577414 640.034195
1232 A A 5.251382 5.089595 28.000000 179.608404 639.690532
1233 A C 5.168932 5.296312 28.000000 185.518094 601.073398
1234 E A 5.084143 5.094690 28.000000 213.634398 289.495622
1235 A A 5.000382 5.002651 29.000000 179.932782 664.582406
1236 A A 5.342351 5.004185 32.000000 204.533486 731.382171
1237 B A 5.167348 5.200109 28.000000 189.461265 547.225837
1238 A A 5.089080 5.361926 28.000000 181.456900 639.074367
1239 A A 5.000881 5.003185 28.000000 173.948301 641.577233
1240 A A 5.233193 5.155784 28.000000 180.414808 639.421731
1241 A A 5.001023 6.214997 28.000000 194.309132 634.790289
1242 A A 5.091360 5.097341 29.000000 183.163396 663.505535
1243 A A 5.002118 5.000449 30.000000 185.926207 687.584598
1244 A D 5.177214 5.217644 28.000000 185.805618 587.259708
1245 D E 5.088604 9.958741 28.000000 292.485404 133.266591
1246 A A 5.510471 5.085850 28.000000 183.898208 638.260597
1247 A A 5.268438 5.162365 28.000000 181.117502 639.187499
1248 A A 5.180229 5.091885 29.000000 184.614788 663.021737
1249 A A 5.001485 5.305278 28.000000 179.033621 639.882126
1250 A A 5.152770 5.003070 28.000000 176.498107 640.727298
