1 A A 6.936037 7.898417 31.000000 281.800859 680.626380
2 A A 7.450271 7.116920 31.000000 276.829734 682.283422
3 A A 7.587565 8.009705 31.000000 295.989230 675.896923
4 A A 9.172349 6.863368 32.000000 313.765762 694.971413
5 A A 7.307219 9.161583 35.000000 351.724845 757.318385
6 A A 7.228070 9.902248 38.000000 396.451254 817.409582
7 A B 9.699923 9.339915 29.000000 339.231180 573.600319
8 A B 8.341735 5.121711 32.000000 266.436159 681.358079
9 A B 8.587851 6.973827 32.000000 306.722226 663.229348
10 A B 6.888298 6.143698 33.000000 265.971519 706.567166
11 A B 8.231377 6.206946 33.000000 293.816788 694.036795
12 A B 5.105584 7.860572 34.000000 272.447571 728.652943
13 A B 7.710656 9.351233 34.000000 356.000528 691.054113
14 A B 9.716888 8.382658 34.000000 377.168738 681.528418
15 A B 8.515310 5.451892 35.000000 301.249243 740.692191
16 A C 7.912838 5.878273 28.000000 241.392667 570.342383
17 A C 9.825920 5.110540 30.000000 278.558280 599.901296
18 A C 6.388153 5.292238 36.000000 261.998453 759.009201
19 A C 7.538779 6.138351 37.000000 313.334288 755.774492
20 A C 5.507753 7.804812 38.000000 313.228481 780.832685
21 A C 6.247594 9.801056 38.000000 375.611222 746.522178
22 A C 7.089574 5.590089 39.000000 306.406130 809.584978
23 A D 8.123111 5.215942 28.000000 235.268080 555.933483
24 A D 8.762418 6.596527 31.000000 296.848378 591.932627
25 A D 5.808909 5.843401 32.000000 234.896351 656.168911
26 A D 8.204815 7.851031 39.000000 386.878808 734.913355
27 A D 6.050064 6.177574 40.000000 304.635326 812.000893
28 A E 7.037052 8.120674 30.000000 285.187065 556.953655
29 A E 5.480064 6.941449 33.000000 258.293942 650.778840
30 A E 7.845354 6.055274 34.000000 295.920812 649.440032
31 A E 7.830839 6.550720 35.000000 314.360744 661.532079
32 B A 5.227779 7.646212 28.000000 231.571055 510.730685
33 B A 6.603984 6.791624 33.000000 280.521038 593.307367
34 B A 6.910897 6.337431 33.000000 277.604904 595.834683
35 B A 9.891991 8.185735 33.000000 373.226976 512.962221
36 B A 9.353054 8.581248 35.000000 391.908356 546.771691
37 B A 6.572512 7.171861 36.000000 312.166449 640.881344
38 B A 5.054183 6.612211 37.000000 274.281956 698.714571
39 B A 7.254549 5.906017 38.000000 315.348922 688.123201
40 B A 8.935484 8.609079 38.000000 415.304040 601.495432
41 B B 8.577320 9.105020 28.000000 314.115312 411.179798
42 B B 6.483046 8.108604 29.000000 270.946705 477.909451
43 B B 6.529334 7.257331 29.000000 256.939975 491.449291
44 B B 8.793017 9.968958 29.000000 343.510366 407.764579
45 B B 6.300832 7.671180 30.000000 268.548222 505.227985
46 B B 6.463725 7.782632 31.000000 282.034245 517.191497
47 B B 9.026866 7.457668 31.000000 323.664339 476.949073
48 B B 5.005654 7.966234 32.000000 266.112245 557.582763
49 B B 5.764074 5.534267 32.000000 233.980157 588.643782
50 B B 6.941214 8.372675 34.000000 329.455351 546.351094
51 B B 8.245531 6.669534 34.000000 321.319327 554.215917
52 B B 5.547942 9.829106 37.000000 358.422451 593.349564
53 B B 5.260261 7.728109 38.000000 313.186830 662.077331
54 B B 5.921884 6.896559 38.000000 309.312495 665.822522
55 B C 6.872523 7.608730 29.000000 270.495805 458.919755
56 B C 8.460476 5.377379 30.000000 267.603397 486.956783
57 B C 9.218613 8.038998 31.000000 339.513560 436.451112
58 B C 5.623427 5.760835 32.000000 237.099833 568.985525
59 B C 5.022195 5.027376 33.000000 217.503499 614.561676
60 B C 6.167308 9.530690 33.000000 329.342358 497.130874
61 B C 5.155528 9.923729 34.000000 326.138837 525.494571
62 B C 7.150284 6.804156 35.000000 311.565242 565.796846
63 B C 9.414442 9.880909 35.000000 423.724388 448.029743
64 B C 5.971261 6.077914 36.000000 278.784170 625.216972
65 B C 9.923587 6.506413 37.000000 383.267988 540.508963
66 B C 5.422860 5.512571 38.000000 267.849838 686.698020
67 B C 8.288110 7.354263 39.000000 384.553524 589.159149
68 B C 8.389361 6.522754 40.000000 376.412748 622.706965
69 B D 8.362693 5.430925 28.000000 251.724773 436.025524
70 B D 8.172229 6.650679 29.000000 277.910615 431.348237
71 B D 8.820363 5.741836 29.000000 273.374263 436.489435
72 B D 9.115571 8.923106 29.000000 333.864972 367.933298
73 B D 9.151448 8.748018 31.000000 352.922078 396.335244
74 B D 6.404652 9.643358 33.000000 337.742610 463.538642
75 B D 5.646899 7.621569 34.000000 290.668741 541.889027
76 B D 5.859978 8.266366 34.000000 308.169420 522.054924
77 B D 7.642613 6.993486 35.000000 327.350091 525.316830
78 B D 6.080277 8.456027 36.000000 333.976167 542.807277
79 B D 8.553037 5.184023 36.000000 316.712492 562.372776
80 B D 8.427021 6.579367 38.000000 362.137632 560.890950
81 B D 5.243916 5.707641 39.000000 276.258432 683.220710
82 B D 5.583169 6.278947 39.000000 297.565509 659.072689
83 B D 6.039170 8.074010 39.000000 350.240406 599.374473
84 B D 7.814492 7.574064 39.000000 380.084196 565.551511
85 B D 8.010005 8.200633 39.000000 399.320922 543.749888
86 B D 8.055703 8.941132 39.000000 417.717936 522.899939
87 B D 8.738851 7.072652 39.000000 389.981162 554.334950
88 B D 9.975851 8.467540 39.000000 451.567339 484.537283
89 B D 7.274334 9.074227 40.000000 412.357464 553.975140
90 B E 8.403341 5.308670 32.000000 284.732600 478.519686
91 B E 9.455693 9.733321 32.000000 389.891058 350.576896
92 B E 9.949814 9.228179 35.000000 424.199866 383.834513
93 B E 9.339166 9.298636 36.000000 424.038522 409.030815
94 B E 9.598754 9.266627 36.000000 428.954225 403.050043
95 C A 5.880980 7.472225 28.000000 248.735848 388.893760
96 C A 8.689546 7.497664 31.000000 325.484111 357.725330
97 C A 6.777478 6.624956 38.000000 329.977509 526.509463
98 C B 5.452529 9.050591 29.000000 277.932290 358.478530
99 C B 6.142937 6.427134 29.000000 244.297243 407.249347
100 C B 7.749766 6.925532 29.000000 280.928184 354.134483
101 C B 9.475538 8.162454 29.000000 332.479060 279.385713
102 C B 9.641256 6.393583 29.000000 304.584205 319.833253
103 C B 5.913297 9.462704 31.000000 311.571611 359.701514
104 C B 5.941239 8.692126 34.000000 324.098649 416.537308
105 C B 6.621785 5.655947 34.000000 276.043749 486.216915
106 C B 6.066125 8.734273 35.000000 336.386352 423.720139
107 C B 7.949515 7.509642 35.000000 350.220295 403.660923
108 C B 8.447436 5.624196 35.000000 321.082290 445.911029
109 C B 9.315160 8.985334 36.000000 420.868682 326.220762
110 C B 7.553396 8.500036 37.000000 381.964194 407.632268
111 C B 8.667192 5.814523 39.000000 364.450130 483.027661
112 C B 9.253756 6.441558 39.000000 392.848355 441.850235
113 C B 9.278434 8.816023 39.000000 448.988298 360.447318
114 C C 7.389165 6.016587 29.000000 260.014076 370.792468
115 C C 7.930975 6.300649 29.000000 274.384260 348.997689
116 C C 5.311896 9.639586 30.000000 295.880671 341.394800
117 C C 8.536961 7.375399 30.000000 313.176476 315.162828
118 C C 6.266770 6.769465 31.000000 269.227966 406.818067
119 C C 7.375748 9.096258 32.000000 343.016517 319.905432
120 C C 5.171202 8.655530 33.000000 300.523304 409.353473
121 C C 8.810788 5.673057 33.000000 313.534139 389.620372
122 C C 5.743263 8.231830 35.000000 320.230950 429.463542
123 C C 7.002733 9.613875 35.000000 375.702759 345.331298
124 C C 9.993722 5.785757 35.000000 358.123071 371.993826
125 C C 6.012953 7.956431 36.000000 328.492691 441.933235
126 C C 6.511514 9.552864 36.000000 373.744574 373.301212
127 C C 7.175045 8.247613 37.000000 369.136995 405.289374
128 C C 9.538742 7.938706 37.000000 414.753342 336.104582
129 C C 6.834011 5.941155 38.000000 318.027784 507.805011
130 C C 7.630436 8.770439 38.000000 400.693935 382.428015
131 C C 5.686938 5.002637 39.000000 276.890071 595.197208
132 C C 6.127613 9.797432 40.000000 408.955101 419.898581
133 C C 9.555407 9.417665 40.000000 482.107726 308.950432
134 C D 7.104116 8.356342 28.000000 287.959701 284.226879
135 C D 5.383578 5.041464 29.000000 209.619740 434.570817
136 C D 8.154516 8.304347 30.000000 324.483536 275.788742
137 C D 9.050576 9.491874 30.000000 361.988103 215.781435
138 C D 8.652152 8.424140 31.000000 345.843038 266.613540
139 C D 9.783623 6.184776 31.000000 325.236207 299.584469
140 C D 7.127253 5.966948 32.000000 279.632654 397.550153
141 C D 9.099064 7.285593 32.000000 342.809402 296.467356
142 C D 9.620983 5.893467 32.000000 326.101451 323.200078
143 C D 6.722811 5.324666 33.000000 266.764045 443.139928
144 C D 9.234218 5.353271 34.000000 325.808774 373.668361
145 C D 6.653115 6.757671 35.000000 309.850516 424.201575
146 C D 6.980708 6.296931 35.000000 307.054427 428.675316
147 C D 7.209915 5.383109 37.000000 307.789139 477.499778
148 C D 9.396259 6.822174 40.000000 417.466383 377.016187
149 C E 6.359473 9.571033 29.000000 306.884795 258.445745
150 C E 8.919216 8.409133 30.000000 341.604283 225.001274
151 C E 6.552902 9.201894 31.000000 322.733194 281.767607
152 C E 9.360080 8.660051 33.000000 386.492599 224.439275
153 C E 6.750459 9.599528 34.000000 363.233736 288.591694
154 C E 9.735695 7.829455 37.000000 419.640341 268.640576
155 C E 6.792459 6.703400 38.000000 337.399576 432.079196
156 C E 6.112354 8.884868 40.000000 389.627329 394.162479
157 D A 9.607342 5.166962 28.000000 281.430309 233.233267
158 D A 8.743960 7.035721 29.000000 307.788464 208.592076
159 D A 9.079451 8.550567 30.000000 350.562320 153.034648
160 D A 9.491454 5.995467 33.000000 339.863044 248.184951
161 D A 5.205642 9.746130 35.000000 347.209197 284.349695
162 D A 8.195640 5.731862 37.000000 342.412546 343.383388
163 D A 7.484671 9.666665 39.000000 434.563276 219.832847
164 D A 8.713880 7.228868 39.000000 406.282290 273.095371
165 D B 6.421357 6.401020 29.000000 258.095362 283.540015
166 D B 7.897242 5.463026 30.000000 275.470820 274.078690
167 D B 8.612628 9.708334 32.000000 386.748477 103.378004
168 D B 8.029535 7.906996 34.000000 360.091244 206.248182
169 D B 9.500901 9.384217 34.000000 420.242393 86.948405
170 D B 6.363784 7.082698 36.000000 325.429997 324.992989
171 D B 9.752529 8.960797 36.000000 439.193836 99.361374
172 D B 5.862924 7.386316 37.000000 329.119122 342.676224
173 D B 7.976842 8.155661 37.000000 393.127574 215.726128
174 D B 7.605927 8.046564 38.000000 391.862790 243.234617
175 D B 8.109971 7.536109 38.000000 391.716621 243.524518
176 D B 9.561045 7.271752 38.000000 418.773779 189.861155
177 D B 5.734908 6.859705 40.000000 337.256696 401.536704
178 D C 5.562398 9.766025 29.000000 303.170558 175.133914
179 D C 5.538682 9.158689 30.000000 301.008680 204.601795
180 D C 7.693073 8.331607 30.000000 324.900224 155.225938
181 D C 7.996711 9.022675 30.000000 342.804948 118.222840
182 D C 7.057996 7.543491 32.000000 316.804562 221.956973
183 D C 5.672288 5.077156 33.000000 249.294991 386.476751
184 D C 7.077658 8.903835 33.000000 352.889552 172.381325
185 D C 5.138568 8.825679 34.000000 321.326637 262.611351
186 D C 7.564212 8.794562 34.000000 370.174987 161.658094
187 D C 8.987634 9.510598 35.000000 424.918868 73.520739
188 D C 5.405881 8.632220 36.000000 339.678965 274.683207
189 D C 6.851286 6.345708 36.000000 321.511069 312.230190
190 D C 7.475161 6.495607 36.000000 338.224576 277.688943
191 D C 7.295304 5.220912 37.000000 314.315997 352.100005
192 D C 8.486968 9.362354 37.000000 432.710941 107.417123
193 D C 9.840801 5.600593 37.000000 379.254952 217.892832
194 D C 5.607149 9.305516 38.000000 376.464758 248.659234
195 D C 8.968826 5.838306 38.000000 374.058603 253.631955
196 D D 8.089839 5.410429 28.000000 265.024510 210.315228
197 D D 5.708236 7.000993 32.000000 282.237199 273.021069
198 D D 7.344216 7.317697 32.000000 319.728735 191.789407
199 D D 7.676689 6.105861 33.000000 311.114502 235.453579
200 D D 8.951705 9.120980 33.000000 396.059165 51.406810
201 D D 5.339342 9.984416 34.000000 350.824659 174.414905
202 D D 6.185785 7.335323 34.000000 314.050600 254.092034
203 D D 9.867310 5.926383 35.000000 369.887561 158.111952
204 D D 5.837148 5.569934 36.000000 284.612969 367.873567
205 D D 8.632049 9.958882 36.000000 439.784104 31.669442
206 D D 9.663664 6.021835 36.000000 377.026775 167.643655
207 D D 7.402675 8.564362 37.000000 392.688215 158.710535
208 D D 9.438715 9.449798 37.000000 457.545007 18.187486
209 D E 6.226807 7.422561 29.000000 277.189001 192.683498
210 D E 5.076868 7.211318 30.000000 260.877360 254.384690
211 D E 6.698119 6.910332 32.000000 300.972265 214.171153
212 D E 7.181225 9.438767 33.000000 368.765827 86.635639
213 D E 9.912790 6.223585 35.000000 378.553881 114.612517
214 D E 6.329074 7.773734 36.000000 344.310644 216.659801
215 D E 5.280028 8.854049 37.000000 353.466514 221.059094
216 D E 6.201490 6.248354 37.000000 316.076544 305.186527
217 D E 7.798353 9.187805 37.000000 416.782715 78.597641
218 D E 5.377008 9.855379 39.000000 396.127863 175.071058
219 D E 6.700687 7.158728 39.000000 364.000314 247.358042
220 E A 6.586029 8.528890 36.000000 369.112257 113.757463
221 E A 9.133403 8.082042 37.000000 424.812886 4.147610
222 E A 8.309083 7.404686 38.000000 400.903940 86.927562
223 E A 9.013755 7.588080 38.000000 421.151847 37.995119
224 E A 5.785954 6.469491 40.000000 336.760682 291.940435
225 E A 9.810301 8.299223 40.000000 477.258569 0.000000
226 E B 5.985220 5.080128 28.000000 229.703850 241.403922
227 E B 5.096926 7.181484 30.000000 264.817388 204.205302
228 E B 8.064203 7.709594 30.000000 327.734348 47.961520
229 E B 7.428536 5.242934 31.000000 279.495338 192.755061
230 E B 7.726659 9.249594 31.000000 359.564307 0.000000
231 E B 9.777683 9.017495 31.000000 393.396310 0.000000
232 E B 9.194076 6.692249 33.000000 358.355234 46.919652
233 E B 7.861954 6.376724 34.000000 334.275044 131.718792
234 E B 5.194040 5.483196 36.000000 274.434307 330.323289
235 E C 5.467094 8.496390 30.000000 296.618707 108.316051
236 E C 6.459672 5.157722 30.000000 254.389104 216.705366
237 E C 7.339818 7.750174 32.000000 335.003860 59.794160
238 E C 6.291427 6.737346 35.000000 318.880224 176.178158
239 E D 6.664941 8.711057 30.000000 324.395967 6.787490
240 E D 8.321005 7.053582 30.000000 324.370575 6.856048
241 E D 7.503471 6.082664 31.000000 300.330117 96.765284
242 E D 8.264624 5.680184 31.000000 307.001416 78.752776
243 E D 8.844894 9.864795 31.000000 395.628205 0.000000
244 E D 7.776735 5.267260 32.000000 298.072704 127.860299
245 E D 9.298589 7.128224 32.000000 363.022826 0.000000
246 E D 8.891887 5.543585 38.000000 376.756771 65.413319
247 E D 6.978465 7.983630 40.000000 406.718295 34.517202
248 E E 5.354137 7.691610 32.000000 299.282351 111.398897
249 E E 6.818679 9.697817 34.000000 385.740511 0.000000
250 E E 8.872256 8.871337 39.000000 464.004097 0.000000
251 A B 5.097985 5.021891 28.000000 177.951918 621.175987
252 A B 5.065653 5.010409 28.000000 177.215839 621.507222
253 A B 5.018406 5.016737 28.000000 176.528387 621.816576
254 A B 5.088383 5.017540 28.000000 177.717515 621.281468
255 A B 5.016087 5.005332 28.000000 176.297833 621.920325
256 A B 5.076858 5.026349 28.000000 177.671881 621.302004
257 A B 5.007843 5.096629 28.000000 177.693120 621.292446
258 A B 5.005464 5.025294 28.000000 176.454734 621.849720
259 A B 5.010125 5.044313 28.000000 176.852558 621.670699
260 A B 5.012934 5.022420 28.000000 176.531950 621.814972
261 A B 5.008041 5.027028 28.000000 176.527162 621.817127
262 A B 5.027672 5.035753 28.000000 177.003525 621.602764
263 A B 5.061218 5.019364 28.000000 177.291764 621.473056
264 A B 5.017210 5.003447 28.000000 176.285031 621.926086
265 A B 5.004239 5.025848 28.000000 176.443459 621.854794
266 A B 5.033337 5.007094 28.000000 176.617230 621.776597
267 A B 5.012698 5.011685 28.000000 176.347642 621.897911
268 A B 5.008057 5.008839 28.000000 176.221840 621.954522
269 A B 5.025856 5.009563 28.000000 176.533036 621.814484
270 A B 5.002073 5.001047 28.000000 175.990413 622.058664
271 A B 5.004824 5.009189 28.000000 176.173412 621.976315
272 A B 5.002265 5.002804 28.000000 176.023158 622.043929
273 A B 5.002826 5.005677 28.000000 176.080848 622.017968
274 A B 5.010623 5.006531 28.000000 176.226185 621.952567
275 A B 5.000412 5.006873 28.000000 176.060402 622.027169
276 A B 5.001603 5.006493 28.000000 176.074008 622.021046
277 A B 5.023791 5.004337 28.000000 176.410550 621.869602
278 A B 5.005850 5.136610 28.000000 178.331321 621.005256
279 A B 5.002956 5.118240 28.000000 177.974090 621.166010
280 A B 5.023525 5.004262 28.000000 176.404827 621.872178
281 A B 5.190756 5.003298 28.000000 179.198105 620.615203
282 A B 5.116384 5.180733 28.000000 180.929565 619.836046
283 A B 5.005708 5.002486 28.000000 176.075649 622.020308
284 A B 5.001532 5.102692 28.000000 177.688955 621.294320
285 A B 5.225445 5.212964 28.000000 183.303261 618.767882
286 A B 5.165552 5.005063 28.000000 178.804325 620.792404
287 A B 5.100419 5.131241 28.000000 179.829882 620.330903
288 A B 5.002720 5.002271 28.000000 176.021862 622.044512
289 A B 5.002251 5.255366 28.000000 180.265961 620.134668
290 A B 5.261091 5.129922 28.000000 182.507027 619.126188
291 A B 5.150937 5.006235 28.000000 178.578480 620.894034
292 A B 5.004188 5.135770 28.000000 178.289302 621.024164
293 A B 5.160572 5.224999 28.000000 182.415589 619.167335
294 A B 5.106987 5.098284 28.000000 179.386555 620.530400
295 A B 5.004746 5.000949 28.000000 176.033680 622.039194
296 A B 5.236001 5.291997 28.000000 184.808363 618.090586
297 A B 5.003688 5.109336 28.000000 177.836797 621.227792
298 A B 5.163439 5.001773 28.000000 178.713562 620.833247
299 A B 5.000318 5.180464 28.000000 178.975141 620.715537
300 A B 5.227394 5.117235 28.000000 181.727762 619.476857
301 A B 5.117371 5.205462 28.000000 181.361598 619.641631
302 A B 5.271461 5.089142 28.000000 181.996133 619.356090
303 A B 5.104747 5.005356 28.000000 177.787725 621.249874
304 A B 5.095816 5.326306 28.000000 183.029643 618.891010
305 A B 5.003555 5.190635 28.000000 179.200378 620.614180
306 A B 5.170811 5.088166 28.000000 180.288807 620.124387
307 A B 5.282288 5.094153 28.000000 182.262220 619.236351
308 A B 5.002002 5.003428 28.000000 176.029229 622.041197
309 A B 5.152491 5.247027 28.000000 182.649907 619.061892
310 A B 5.095453 5.005820 28.000000 177.639380 621.316629
311 A B 5.012597 5.161115 29.000000 184.960591 643.022084
312 A B 5.194444 5.001472 28.000000 179.229391 620.601124
313 A B 5.102423 5.122759 28.000000 179.721059 620.379874
314 A B 5.289688 5.270978 29.000000 191.693600 639.992230
315 A B 5.005839 5.107275 28.000000 177.838308 621.227111
316 A B 5.182225 5.001064 28.000000 179.017269 620.696579
317 A B 5.003633 5.196772 28.000000 179.304804 620.567188
318 A B 5.111946 5.343638 29.000000 189.865173 640.815022
319 A B 5.101144 5.096151 28.000000 179.252557 620.590700
320 A B 5.231249 5.188637 28.000000 182.992084 618.907912
321 A B 5.083737 5.001321 28.000000 177.366961 621.439218
322 A B 5.177364 5.106337 28.000000 180.704175 619.937471
323 A B 5.004746 5.003698 28.000000 176.079852 622.018416
324 A B 5.316738 5.201230 28.000000 184.639862 618.166412
325 A B 5.005830 5.002432 29.000000 182.081768 644.317555
326 A B 5.115576 5.102777 28.000000 179.606316 620.431508
327 A B 5.188391 5.303964 28.000000 184.209560 618.360048
328 A B 5.003856 5.165045 28.000000 178.775539 620.805357
329 A B 5.108785 5.004026 28.000000 177.833214 621.229404
330 A B 5.241725 5.119870 28.000000 182.012806 619.348587
331 A B 5.000780 5.245546 29.000000 186.224061 642.453523
332 A B 5.122745 5.094492 28.000000 179.587588 620.439935
333 A B 5.323136 5.096478 28.000000 182.987519 618.909967
334 A B 5.092508 5.006025 28.000000 177.593362 621.337337
335 A B 5.219479 5.203366 29.000000 189.295507 641.071372
336 A B 5.100783 5.354367 28.000000 183.584515 618.641318
337 A B 5.000604 5.100248 28.000000 177.632320 621.319806
338 A B 5.199398 5.003010 28.000000 179.338450 620.552047
339 A B 5.089333 5.198888 28.000000 180.780125 619.903294
340 A B 5.001333 5.125301 28.000000 178.065435 621.124904
341 A B 5.169111 5.290286 28.000000 183.655857 618.609215
342 A B 5.095772 5.002381 29.000000 183.645860 643.613713
343 A B 5.307898 5.171948 28.000000 183.999421 618.454610
344 A B 5.181166 5.094892 28.000000 180.575773 619.995252
345 A B 5.090999 5.003487 28.000000 177.525356 621.367940
346 A B 5.001786 5.265108 28.000000 180.421818 620.064532
347 A B 5.248547 5.089097 28.000000 181.610427 619.529658
348 A B 5.408662 5.167489 28.000000 185.617348 617.726544
349 A B 5.085666 5.001591 29.000000 183.456271 643.699028
350 A B 5.004210 5.096115 28.000000 177.623451 621.323797
351 A B 5.168100 5.398393 28.000000 185.455077 617.799565
352 A B 5.093995 5.214856 28.000000 181.126692 619.747338
353 A B 5.003859 5.082502 28.000000 177.388869 621.429359
354 A B 5.251332 5.172406 28.000000 183.056797 618.878791
355 A B 5.159129 5.106663 28.000000 180.403309 620.072861
356 A B 5.093558 5.000240 29.000000 183.570095 643.647807
357 A B 5.311569 5.270559 28.000000 185.717755 617.681360
358 A B 5.083420 5.002248 28.000000 177.377219 621.434601
359 A B 5.003029 5.161077 28.000000 178.694984 620.841607
360 A B 5.200733 5.101892 29.000000 187.203667 642.012700
361 A B 5.156721 5.277299 28.000000 183.229540 618.801057
362 A B 5.002264 5.000978 28.000000 175.992476 622.057736
363 A B 5.112999 5.092411 28.000000 179.388900 620.529345
364 A B 5.223376 5.180071 29.000000 188.957978 641.223260
365 A B 5.000059 5.000553 28.000000 175.948277 622.077625
366 A B 5.095279 5.101723 28.000000 179.247631 620.592916
367 A B 5.000354 5.214470 28.000000 179.547046 620.458180
368 A B 5.166110 5.097497 28.000000 180.366601 620.089379
369 A B 5.366200 5.407535 29.000000 195.401001 638.323899
370 A B 5.098440 5.307371 28.000000 182.755626 619.014318
371 A B 5.260310 5.000817 28.000000 180.324935 620.108129
372 A B 5.079450 5.184137 28.000000 180.366262 620.089532
373 A B 5.003108 5.080582 28.000000 177.343995 621.449552
374 A B 5.179566 5.089720 29.000000 186.623570 642.273743
375 A B 5.095069 5.003443 28.000000 177.593004 621.337498
376 A B 5.003879 5.183339 28.000000 179.083275 620.666876
377 A B 5.269563 5.001333 28.000000 180.489041 620.034282
378 A B 5.158050 5.213725 28.000000 182.183814 619.271634
379 A B 5.001629 5.097302 28.000000 177.600040 621.334332
380 A B 5.102991 5.306206 29.000000 189.058025 641.178239
381 A B 5.207048 5.091214 28.000000 180.948818 619.827382
382 A B 5.004300 5.193094 28.000000 179.254226 620.589949
383 A B 5.110923 5.006625 28.000000 177.912808 621.193586
384 A B 5.387134 5.105702 28.000000 184.217643 618.356411
385 A B 5.292045 5.187053 29.000000 190.274303 640.630914
386 A B 5.156208 5.006085 28.000000 178.664517 620.855317
387 A B 5.000031 5.275121 28.000000 180.560557 620.002099
388 A B 5.083214 5.094826 28.000000 178.929065 620.736271
389 A B 5.192439 5.156035 28.000000 181.792357 619.447789
390 A B 5.088206 5.357945 28.000000 183.433338 618.709348
391 A B 5.002722 5.090854 28.000000 177.510078 621.374815
392 A B 5.256052 5.089963 29.000000 187.958664 641.672951
393 A B 5.156522 5.007356 28.000000 178.691147 620.843334
394 A B 5.098945 5.245448 28.000000 181.723801 619.478640
395 A B 5.007212 5.001336 28.000000 176.081600 622.017630
396 A B 5.204978 5.158646 28.000000 182.046888 619.333251
397 A B 5.095587 5.000570 29.000000 183.611128 643.629342
398 A B 5.003148 5.144507 28.000000 178.418604 620.965978
399 A B 5.351310 5.092585 28.000000 183.395439 618.726402
400 A B 5.000280 5.242492 28.000000 180.016563 620.246897
401 A B 5.163376 5.099032 28.000000 180.346460 620.098443
402 A B 5.271189 5.186292 28.000000 183.623680 618.623694
403 A B 5.096531 5.010737 29.000000 183.804449 643.542348
404 A B 5.104855 5.002167 28.000000 177.735975 621.273161
405 A B 5.451106 5.344426 28.000000 189.302947 616.068024
406 A B 5.202893 5.165931 28.000000 182.134249 619.293938
407 A B 5.091295 5.079468 28.000000 178.806817 620.791282
408 A B 5.005008 5.005086 29.000000 182.113628 644.303217
409 A B 5.002404 5.253771 28.000000 180.241748 620.145563
410 A B 5.183300 5.000422 28.000000 179.024526 620.693313
411 A B 5.290774 5.163110 28.000000 183.563246 618.650889
412 A B 5.102023 5.122113 28.000000 179.703482 620.387783
413 A B 5.094379 5.444519 29.000000 191.314817 640.162682
414 A B 5.000964 5.266196 28.000000 180.426293 620.062518
415 A B 5.199687 5.001256 28.000000 179.313841 620.563121
416 A B 5.098136 5.101237 28.000000 179.287471 620.574988
417 A B 5.276924 5.180669 29.000000 189.900114 640.799299
418 A B 5.166449 5.094857 28.000000 180.327932 620.106780
419 A B 5.000359 5.000080 28.000000 175.945368 622.078934
420 A B 5.100757 5.098184 28.000000 179.280212 620.578254
421 A B 5.187598 5.253657 28.000000 183.351073 618.746367
422 A B 5.096170 5.165974 28.000000 180.342033 620.100435
423 A B 5.367418 5.087847 28.000000 183.586459 618.640443
424 A B 5.003138 5.002751 28.000000 176.036937 622.037729
425 A B 5.099369 5.205973 28.000000 181.067741 619.773867
426 A B 5.243923 5.004662 28.000000 180.114239 620.202942
427 A B 5.000782 5.357412 29.000000 188.170567 641.577595
428 A B 5.155531 5.093407 28.000000 180.120164 620.200276
429 A B 5.077690 5.004573 28.000000 177.320022 621.460340
430 A B 5.006976 5.155451 28.000000 178.666765 620.854306
431 A B 5.317787 5.282966 28.000000 186.030641 617.540561
432 A B 5.000493 5.086344 29.000000 183.448971 643.702313
433 A B 5.191360 5.182274 28.000000 182.215043 619.257581
434 A B 5.090567 5.091801 28.000000 179.001792 620.703544
435 A B 5.002461 5.002811 29.000000 182.029729 644.340972
436 A B 5.186872 5.223058 28.000000 182.824833 618.983175
437 A B 5.103076 5.090678 28.000000 179.193080 620.617464
438 A B 5.269265 5.310238 28.000000 185.673651 617.701207
439 A B 5.101254 5.100568 28.000000 179.328612 620.556475
440 A B 5.000914 5.168155 28.000000 178.778365 620.804086
441 A B 5.212445 5.007705 28.000000 179.636518 620.417917
442 A B 5.157052 5.000966 29.000000 184.687512 643.144970
443 A B 5.095073 5.000564 28.000000 177.544697 621.359236
444 A B 5.340906 5.183318 28.000000 184.744963 618.119117
445 A B 5.002208 5.101342 28.000000 177.677646 621.299409
446 A B 5.000344 5.001251 28.000000 175.964789 622.070195
447 A B 5.183441 5.239348 29.000000 189.294532 641.071811
448 A B 5.089359 5.104963 28.000000 179.202614 620.613174
449 A B 5.468474 5.372824 29.000000 196.576589 637.794885
450 A B 5.245368 5.160425 28.000000 182.755325 619.014454
451 A B 5.095901 5.091341 28.000000 179.083670 620.666698
452 A B 5.099007 5.285380 28.000000 182.395696 619.176287
453 A B 5.004137 5.097883 28.000000 177.651932 621.310980
454 A B 5.186055 5.000453 28.000000 179.071335 620.672249
455 A B 5.289684 5.194323 28.000000 184.069323 618.423155
456 A B 5.094385 5.006029 28.000000 177.624962 621.323117
457 A B 5.000633 5.000927 29.000000 181.965133 644.370040
458 A B 5.171161 5.165333 28.000000 181.591107 619.538352
459 A B 5.000482 5.097295 28.000000 177.580650 621.343058
460 A B 5.157247 5.455380 28.000000 186.230146 617.450784
461 A B 5.104126 5.254771 28.000000 181.967481 619.368983
462 A B 5.234170 5.000738 29.000000 186.025405 642.542918
463 A B 5.001789 5.102239 28.000000 177.685669 621.295799
464 A B 5.088683 5.192605 28.000000 180.663632 619.955716
465 A B 5.386029 5.096332 28.000000 184.041665 618.435601
466 A B 5.158547 5.335962 28.000000 184.245754 618.343761
467 A B 5.290819 5.004558 29.000000 187.077559 642.069449
468 A B 5.092474 5.163606 28.000000 180.240130 620.146292
469 A B 5.086846 5.094717 28.000000 178.988268 620.709629
470 A B 5.227437 5.246005 28.000000 183.891822 618.503030
471 A B 5.082225 5.093142 28.000000 178.884168 620.756474
472 A B 5.181107 5.170512 29.000000 188.056163 641.629077
473 A B 5.006062 5.093513 28.000000 177.610866 621.329460
474 A B 5.086036 5.236248 28.000000 181.352364 619.645786
475 A B 5.178922 5.087110 28.000000 180.407347 620.071044
476 A B 5.307241 5.004667 28.000000 181.178051 619.724227
477 A B 5.000566 5.328822 28.000000 181.471717 619.592077
478 A B 5.001952 5.007702 28.000000 176.100188 622.009265
479 A B 5.168027 5.001760 28.000000 178.790424 620.798659
480 A A 5.088580 5.183555 29.000000 184.615158 663.021614
481 A B 5.245490 5.086480 28.000000 181.515091 619.572559
482 A B 5.005071 5.003709 28.000000 176.085499 622.015875
483 A B 5.000039 5.002334 28.000000 175.977861 622.064312
484 A B 5.100202 5.000772 28.000000 177.634355 621.318890
485 A B 5.159528 5.174733 28.000000 181.553585 619.555237
486 A B 5.005883 5.287466 28.000000 180.866259 619.864534
487 A B 5.004072 5.108742 29.000000 183.900973 643.498912
488 A B 5.106174 5.159471 28.000000 180.400847 620.073969
489 A B 5.001593 5.090729 28.000000 177.489011 621.384295
490 A B 5.259349 5.213825 28.000000 183.887315 618.505058
491 A B 5.404818 5.001023 28.000000 182.756134 619.014090
492 A B 5.171124 5.117131 29.000000 186.953651 642.125207
493 A B 5.001163 5.378274 28.000000 182.312542 619.213706
494 A B 5.094130 5.000407 28.000000 177.526224 621.367549
495 A B 5.166110 5.220193 28.000000 182.427889 619.161800
496 A B 5.318183 5.100987 28.000000 182.980060 618.913323
497 A B 5.000300 5.258049 29.000000 186.433275 642.359376
498 A B 5.119296 5.001256 28.000000 177.963284 621.170872
499 A B 5.238139 5.102786 28.000000 181.665539 619.504857
500 A B 5.099107 5.148113 28.000000 180.091289 620.213270
501 A A 5.092236 5.001948 28.000000 175.462300 641.072567
502 A A 5.191454 5.000928 28.000000 177.112025 640.522658
503 A A 5.087547 5.175641 28.000000 178.301553 640.126149
504 A B 5.115002 5.099493 28.000000 179.541520 620.460666
505 A A 5.233356 5.286491 29.000000 188.925344 661.584885
506 A B 5.093231 5.117262 28.000000 179.474284 620.490922
507 A A 5.309489 5.091114 28.000000 180.610143 639.356619
508 A A 5.004289 5.001937 28.000000 173.984587 641.565138
509 A A 5.171217 5.216599 29.000000 186.627994 662.350669
510 A A 5.092121 5.105672 28.000000 177.202917 640.492361
511 A A 5.518002 5.000277 28.000000 182.587090 638.697637
512 A A 5.089043 5.199280 28.000000 178.723821 639.985393
513 A A 5.008075 5.335331 29.000000 185.855273 662.608242
514 A A 5.200702 5.085439 28.000000 178.687169 639.997610
515 A A 5.005460 5.423965 28.000000 181.094346 639.195218
516 A A 5.156823 5.187035 28.000000 179.656815 639.674395
517 A A 5.000713 5.088863 28.000000 175.384874 641.098375
518 A A 5.339235 5.103243 28.000000 181.313634 639.122122
519 A A 5.087277 5.002193 29.000000 181.436777 664.081074
520 A A 5.237475 5.265964 28.000000 182.337767 638.780744
521 A A 5.098395 5.088830 28.000000 177.025384 640.551539
522 A A 5.155107 5.179762 28.000000 179.505802 639.724733
523 A A 5.003558 5.086547 28.000000 175.393760 641.095413
524 A A 5.084319 5.296012 28.000000 180.269547 639.470151
525 A A 5.234006 5.170528 28.000000 180.676171 639.334610
526 B A 5.091151 5.099714 28.000000 186.494521 549.797015
527 A A 5.005927 5.232504 28.000000 177.885643 640.264786
528 A A 5.002402 5.085501 29.000000 181.409521 664.090160
529 A A 5.004865 5.005292 28.000000 174.050634 641.543122
530 A A 5.165405 5.177627 28.000000 179.642934 639.679022
531 A A 5.266357 5.004397 28.000000 178.428668 640.083777
532 A A 5.093830 5.000430 28.000000 175.463570 641.072143
533 A A 5.414563 5.403219 28.000000 187.618743 637.020419
534 A A 5.182799 5.095129 29.000000 184.715945 662.988018
535 A A 5.327824 5.286181 28.000000 184.195277 638.161574
536 A A 5.158557 5.097749 28.000000 178.185933 640.164689
537 A A 5.001741 5.172240 28.000000 176.802883 640.625706
538 A A 5.109585 5.002297 29.000000 181.826742 663.951086
539 A A 5.001582 5.108569 28.000000 175.730544 640.983152
540 A A 5.244961 5.258208 28.000000 182.333233 638.782256
541 A A 5.115842 5.170415 28.000000 178.689127 639.996958
542 A A 5.001917 5.098003 28.000000 175.558669 641.040444
543 A A 5.101734 5.483077 28.000000 183.704825 638.325058
544 A A 5.242821 5.289247 28.000000 182.818755 638.620415
545 A A 5.000220 5.369922 28.000000 180.098376 639.527208
546 A A 5.177697 5.183798 29.000000 186.170015 662.503328
547 A A 5.337453 5.101347 28.000000 181.251847 639.142718
548 A A 5.092885 5.103081 28.000000 177.172225 640.502592
549 B A 5.107972 5.247017 29.000000 195.464818 567.022758
550 A A 5.219873 5.165723 28.000000 180.358024 639.440659
551 A A 5.092943 5.094320 28.000000 177.026023 640.551326
552 A A 5.162939 5.328215 28.000000 182.131384 638.849539
553 A A 5.103151 5.093793 28.000000 177.188650 640.497117
554 A A 5.280126 5.202111 29.000000 188.270932 661.803023
555 A A 5.088042 5.081081 28.000000 176.721265 640.652912
556 A A 5.394843 5.002234 28.000000 180.550886 639.376371
557 A A 5.000292 5.000208 28.000000 173.888391 641.597203
558 A A 5.003580 5.180439 28.000000 176.971530 640.569490
559 A A 5.199447 5.098124 28.000000 178.879196 639.933601
560 A A 5.085576 5.245709 29.000000 185.644355 662.678548
561 A A 5.000949 5.521485 28.000000 182.656886 638.674371
562 A A 5.177000 5.091676 28.000000 178.393769 640.095410
563 A A 5.003838 5.349086 28.000000 179.809124 639.623625
564 A A 5.263376 5.183029 28.000000 181.379603 639.100132
565 A A 5.102399 5.001749 28.000000 175.629677 641.016774
566 A A 5.168975 5.001667 29.000000 182.849183 663.610272
567 A A 5.490777 5.101433 28.000000 183.829126 638.283625
568 A A 5.322100 5.252962 28.000000 183.541038 638.379654
569 A A 5.103704 5.000224 28.000000 175.625992 641.018003
570 A A 5.256300 5.166482 28.000000 180.982742 639.232419
571 A A 5.388817 5.104058 28.000000 182.160289 638.839904
572 B A 5.163602 5.085751 28.000000 187.477130 548.945421
573 A A 5.100308 5.231168 29.000000 185.647677 662.677441
574 A A 5.167107 5.083579 28.000000 178.091525 640.196158
575 A A 5.255439 5.170036 28.000000 181.027987 639.217338
576 A A 5.095413 5.000395 28.000000 175.489589 641.063470
577 A A 5.352616 5.004530 28.000000 179.880044 639.599985
578 A A 5.094022 5.405620 28.000000 182.273988 638.802004
579 A A 5.225018 5.002078 28.000000 177.695219 640.328260
580 A A 5.106426 5.273946 29.000000 186.498471 662.393843
581 A A 5.165617 5.157300 28.000000 179.305002 639.791666
582 A A 5.295159 5.092337 28.000000 180.389923 639.430026
583 A A 5.078768 5.091069 28.000000 176.733270 640.648910
584 A A 5.181980 5.206610 29.000000 186.641455 662.346182
585 A A 5.002650 5.003300 28.000000 173.979965 641.566678
586 A A 5.105654 5.324742 28.000000 181.110650 639.189783
587 A A 5.095766 5.092036 28.000000 177.035066 640.548311
588 A A 5.002925 5.171771 28.000000 176.814887 640.621704
589 A A 5.251105 5.006460 28.000000 178.207102 640.157633
590 A A 5.173328 5.160069 29.000000 185.681109 662.666297
591 A A 5.438181 5.095130 28.000000 182.839613 638.613462
592 A A 5.095919 5.003741 28.000000 175.554294 641.041902
593 A A 5.334854 5.237971 28.000000 183.503459 638.392180
594 A A 5.248073 5.095321 28.000000 179.649013 639.676996
595 A A 5.089763 5.004979 28.000000 175.471679 641.069440
596 B A 5.209818 5.323501 28.000000 192.247749 544.810884
597 A A 5.347615 5.002964 28.000000 179.769732 639.636756
598 A A 5.107505 5.171521 29.000000 184.735066 662.981645
599 A A 5.161234 5.082987 28.000000 177.982920 640.232360
600 A A 5.096995 5.251647 28.000000 179.737189 639.647604
601 A A 5.227375 5.091249 29.000000 185.424051 662.751983
602 A A 5.093499 5.168100 28.000000 178.274867 640.135044
603 A A 5.276973 5.087065 28.000000 179.995837 639.561388
604 A A 5.433606 5.186356 28.000000 184.295360 638.128213
605 A A 5.084828 5.001272 28.000000 175.326480 641.117840
606 A A 5.532727 5.003593 28.000000 182.890178 638.596607
607 A A 5.178715 5.287315 28.000000 181.709309 638.990230
608 A A 5.295743 5.089969 29.000000 186.591397 662.362868
609 A A 5.098110 5.413647 28.000000 182.477523 638.734159
610 A A 5.186173 5.165648 28.000000 179.790591 639.629803
611 A A 5.089642 5.081791 28.000000 176.760081 640.639973
612 A A 5.356036 5.259107 28.000000 184.214402 638.155199
613 A A 5.002661 5.008165 29.000000 180.068362 664.537213
614 A A 5.182587 5.001550 28.000000 176.973495 640.568835
615 A A 5.115992 5.164901 28.000000 178.598993 640.027002
616 A A 5.001341 5.093122 28.000000 175.466981 641.071006
617 A A 5.255907 5.350049 28.000000 184.060051 638.206650
618 A A 5.000740 5.239317 28.000000 177.912948 640.255684
619 B A 5.098192 5.155160 29.000000 193.696331 568.555447
620 A A 5.192089 5.093552 28.000000 178.678773 640.000409
621 A A 5.089051 5.233697 28.000000 179.302163 639.792612
622 A A 5.256717 5.097121 28.000000 179.824488 639.618504
623 A A 5.087495 5.001566 28.000000 175.376228 641.101257
624 A A 5.362342 5.160689 28.000000 182.666915 638.671028
625 A A 5.170425 5.324682 28.000000 182.197792 638.827403
626 A A 5.298413 5.004252 28.000000 178.964770 639.905077
627 A A 5.093733 5.112483 29.000000 183.468162 663.403946
628 A A 5.091852 5.000483 28.000000 175.431234 641.082922
629 A A 5.417355 5.002445 28.000000 180.932654 639.249115
630 A A 5.235531 5.455135 28.000000 185.483185 637.732272
631 A A 5.174171 5.191149 29.000000 186.236568 662.481144
632 A A 5.281292 5.092149 28.000000 180.153810 639.508730
633 A A 5.098172 5.256817 28.000000 179.843831 639.612056
634 A A 5.187762 5.089819 28.000000 178.543368 640.045544
635 A A 5.091588 5.002520 28.000000 175.461016 641.072995
636 A A 5.341474 5.180876 28.000000 182.655477 638.674841
637 A A 5.171313 5.323726 28.000000 182.196656 638.827781
638 A A 5.277469 5.102276 29.000000 186.487563 662.397479
639 A A 5.436405 5.171455 28.000000 184.092038 638.195987
640 A A 5.094488 5.096322 28.000000 177.085617 640.531461
641 A A 5.172504 5.246271 28.000000 180.915408 639.254864
642 A A 5.098424 5.003372 28.000000 175.590165 641.029945
643 A A 5.325483 5.001579 29.000000 185.570884 662.703039
644 B A 5.579736 5.096517 28.000000 194.649051 542.729756
645 A A 5.238793 5.164907 28.000000 180.662162 639.339279
646 A A 5.100436 5.090666 28.000000 177.090514 640.529829
647 A A 5.195818 5.000559 28.000000 177.179140 640.500287
648 A A 5.111876 5.371179 28.000000 181.995322 638.894893
649 A A 5.343825 5.235590 29.000000 189.961821 661.239393
650 A A 5.233110 5.001430 28.000000 177.820275 640.286575
651 A A 5.101417 5.146571 28.000000 178.046208 640.211264
652 A A 5.098865 5.091932 28.000000 177.085391 640.531536
653 A A 5.170242 5.257415 28.000000 181.064647 639.205118
654 A A 5.283586 5.090311 28.000000 180.161476 639.506175
655 A A 5.003551 5.171637 29.000000 182.928262 663.583913
656 A A 5.084508 5.558578 28.000000 184.683846 637.998718
657 A A 5.194457 5.001404 28.000000 177.170454 640.503182
658 A A 5.423383 5.002961 28.000000 181.042587 639.212471
659 A A 5.099957 5.316200 28.000000 180.871444 639.269519
660 A A 5.233826 5.195926 28.000000 181.099820 639.193393
661 A A 5.093391 5.120871 28.000000 177.479599 640.400134
662 A A 5.076041 5.093481 29.000000 182.829683 663.616772
663 A A 5.171036 5.246929 28.000000 180.901808 639.259397
664 E A 5.081046 5.082518 28.000000 213.377882 290.115534
665 A A 5.327758 5.166419 29.000000 188.478673 661.733776
666 A A 5.002313 5.088456 28.000000 175.404924 641.091692
667 B A 5.001923 5.352197 28.000000 189.237227 547.420003
668 A A 5.246623 5.446826 28.000000 185.529953 637.716682
669 A A 5.178020 5.246467 28.000000 181.011382 639.222873
670 A A 5.086231 5.149228 28.000000 177.835699 640.281434
671 A A 5.001907 5.089631 29.000000 181.472770 664.069077
672 A A 5.000093 5.250417 28.000000 178.088566 640.197145
673 A A 5.173106 5.090415 28.000000 178.307159 640.124280
674 A A 5.281184 5.186249 28.000000 181.732867 638.982378
675 A A 5.142115 6.575890 28.000000 202.742478 631.979174
676 A A 5.368694 5.081481 28.000000 181.442945 639.079018
677 A A 5.091371 5.002387 29.000000 181.511383 664.056206
678 A A 5.474171 5.000436 28.000000 181.853402 638.942199
679 A A 5.190999 5.340335 28.000000 182.806417 638.624528
680 A A 5.001525 5.000606 28.000000 173.915785 641.588072
681 A A 5.254504 5.168276 28.000000 180.982707 639.232431
682 A A 5.101752 5.174079 29.000000 184.679454 663.000182
683 C A 5.000244 5.284123 28.000000 197.179370 460.213555
684 A A 5.172899 5.103421 28.000000 178.522174 640.052609
685 A A 5.098547 5.104133 28.000000 177.285024 640.464992
686 A A 5.296905 5.220108 28.000000 182.565811 638.704730
687 A A 5.175053 5.004661 28.000000 176.899203 640.593599
688 A A 5.000263 5.085987 28.000000 175.329007 641.116998
689 E A 5.086745 5.390312 29.000000 224.930784 287.196023
690 A A 5.210855 5.281337 28.000000 182.148816 638.843728
691 A A 5.085615 5.162900 28.000000 178.055051 640.208316
692 A A 5.001625 5.095477 28.000000 175.511321 641.056226
693 A A 5.281285 5.474617 28.000000 186.579157 637.366948
694 A A 5.160477 5.314513 28.000000 181.859821 638.940060
695 B A 5.001612 5.226293 29.000000 193.253556 568.939185
696 A A 5.384712 5.155453 28.000000 182.954775 638.575075
697 A A 5.080079 5.088402 28.000000 176.710493 640.656502
698 A A 5.163408 5.272887 29.000000 187.471527 662.069491
699 A A 5.255057 5.179092 28.000000 181.173716 639.168761
700 A A 5.090235 5.088659 28.000000 176.885421 640.598193
701 A A 5.000697 5.372609 28.000000 180.151530 639.509490
702 A A 5.194719 5.188025 28.000000 180.310108 639.456631
703 A A 5.085375 5.105276 28.000000 177.082938 640.532354
704 A A 5.366787 5.001871 28.000000 180.073456 639.535515
705 A A 5.161661 5.239823 28.000000 180.624928 639.351691
706 A A 5.082893 5.098820 28.000000 176.932778 640.582407
707 C A 5.250302 5.098955 29.000000 204.479077 475.115627
708 A A 5.093360 5.208202 28.000000 178.946252 639.911249
709 A A 5.518932 5.314576 28.000000 187.882928 636.932357
710 A A 5.005528 5.087033 29.000000 181.490567 664.063144
711 A A 5.169343 5.004049 28.000000 176.792985 640.629005
712 A A 5.311501 5.170619 28.000000 181.979613 638.900129
713 E A 5.165986 5.088616 28.000000 214.907316 286.419402
714 A A 5.002456 5.001468 28.000000 173.945913 641.578029
715 A A 5.098204 5.001817 28.000000 175.560346 641.039885
716 A A 5.250996 5.102461 28.000000 179.818075 639.620642
717 A A 5.073722 5.002767 28.000000 175.165008 641.171664
718 A A 5.005434 5.195664 29.000000 183.379100 663.433633
719 B E 5.086900 5.004191 28.000000 190.992338 492.570339
720 A A 5.193110 5.094508 28.000000 178.711969 639.989344
721 A A 5.004739 5.250882 29.000000 184.327806 663.117398
722 A A 5.083153 5.165477 28.000000 178.056980 640.207673
723 A A 5.309595 5.000281 28.000000 179.085919 639.864694
724 A A 5.176207 5.090499 28.000000 178.360660 640.106447
725 A A 5.085937 5.003302 28.000000 175.379223 641.100259
726 A A 5.232815 5.183624 28.000000 180.876187 639.267938
727 A A 5.085500 5.276451 28.000000 179.960783 639.573072
728 A A 5.000925 5.420103 28.000000 180.953283 639.242239
729 A A 5.161999 5.001678 29.000000 182.727981 663.650673
730 A A 5.003784 5.111381 28.000000 175.814770 640.955077
731 A A 5.158855 5.170671 28.000000 179.416046 639.754651
732 C A 5.000304 5.088905 29.000000 199.954232 481.374996
733 A A 5.367056 6.167846 28.000000 199.666354 633.004549
734 A A 5.261644 5.001467 28.000000 178.300263 640.126579
735 A A 5.082917 5.336653 28.000000 180.928770 639.250410
736 A A 5.001535 5.233790 28.000000 177.833462 640.282179
737 A A 5.170245 5.080258 28.000000 178.088457 640.197181
738 E A 5.095318 5.166272 28.000000 215.024703 286.135717
739 A A 5.430078 5.086485 29.000000 188.868193 661.603936
740 A A 5.240967 5.002031 28.000000 177.962360 640.239213
741 A E 5.100911 5.225306 28.000000 185.828452 576.504684
742 A A 5.173565 5.092670 28.000000 178.352755 640.109082
743 A A 5.322634 5.167284 28.000000 182.110630 638.856457
744 A A 5.649220 5.307977 29.000000 196.535219 659.048260
745 B A 5.080337 5.088340 28.000000 186.121775 550.120061
746 A A 5.236856 5.181419 28.000000 180.907029 639.257657
747 A A 5.080524 5.083601 28.000000 176.637300 640.680900
748 A A 5.169580 5.581902 28.000000 186.504897 637.391701
749 A A 5.001912 5.001310 28.000000 173.934128 641.581957
750 A A 5.002030 5.248016 28.000000 178.080784 640.199739
751 A A 5.084451 5.003798 29.000000 181.415528 664.088157
752 A A 5.078413 5.157192 28.000000 177.838167 640.280611
753 A A 5.001694 5.367838 28.000000 180.088136 639.530621
754 A A 5.000462 5.106080 28.000000 175.669909 641.003364
755 A A 5.157580 5.092184 28.000000 178.076033 640.201322
756 A A 5.003473 5.258654 28.000000 178.283729 640.132090
757 A A 5.237630 5.004020 28.000000 177.939726 640.246758
758 C A 6.938908 5.193137 29.000000 235.499582 432.203929
759 A A 5.000130 5.077997 28.000000 175.192546 641.162485
760 A A 5.155897 5.078915 28.000000 177.824842 640.285053
761 A A 5.298959 5.001466 29.000000 185.107404 662.857532
762 A A 5.000113 5.173715 28.000000 176.800310 640.626563
763 A A 5.155482 5.791764 28.000000 189.793741 636.295420
764 E A 5.097758 5.287533 28.000000 217.102883 281.113450
765 A E 5.234632 5.003857 28.000000 184.354616 577.536369
766 A A 5.001668 5.173561 28.000000 176.823855 640.618715
767 A A 5.156831 5.000867 28.000000 176.529325 640.716892
768 A A 5.089362 5.089087 28.000000 176.877933 640.600689
769 B A 5.278139 5.165114 29.000000 197.000599 565.691748
770 A A 5.086478 5.460817 28.000000 183.074555 638.535148
771 A A 5.172058 5.091844 28.000000 178.313547 640.122151
772 A A 5.415701 5.276980 28.000000 185.517048 637.720984
773 A A 5.087360 5.093578 29.000000 183.028322 663.550559
774 A A 5.233264 5.181295 28.000000 180.844586 639.278471
775 A A 5.000465 5.087907 28.000000 175.364655 641.105115
776 A A 5.086059 5.401503 28.000000 182.071042 638.869653
777 A A 5.077912 5.322996 28.000000 180.615256 639.354915
778 A A 5.001294 5.238597 28.000000 177.910156 640.256615
779 A A 5.001111 5.153320 29.000000 182.567094 663.704302
780 A A 5.171380 5.240106 28.000000 180.792972 639.295676
781 A A 5.005581 5.097937 28.000000 175.619114 641.020295
782 A A 5.177012 5.087163 28.000000 178.318128 640.120624
783 C A 5.102650 5.173576 28.000000 197.042601 460.402753
784 A A 5.324525 5.323107 29.000000 191.148812 660.843729
785 A A 5.001475 5.002891 28.000000 173.953348 641.575551
786 A A 5.000729 5.083102 28.000000 175.288357 641.130548
787 A A 5.080989 5.003379 28.000000 175.297377 641.127541
788 A E 5.006023 5.176962 28.000000 183.422150 578.189095
789 E A 5.172759 5.091517 28.000000 215.069843 286.026631
790 A A 5.090724 5.253269 29.000000 185.865476 662.604841
791 A A 5.089846 5.088515 28.000000 176.876459 640.601180
792 A A 5.229136 5.000898 28.000000 177.744567 640.311811
793 A A 6.035137 5.176524 28.000000 194.235914 634.814695
794 A A 5.085266 5.352022 29.000000 187.488824 662.063725
795 B A 5.008694 5.000402 28.000000 183.440825 552.443552
796 A A 5.004408 5.225207 28.000000 177.737517 640.314161
797 A A 5.155854 5.083116 28.000000 177.894696 640.261768
798 A A 5.224497 5.000342 28.000000 177.657302 640.340899
799 A A 5.148055 6.928304 28.000000 208.762835 629.972388
800 A A 5.002712 5.165121 28.000000 176.699599 640.660134
801 A A 5.281078 5.000565 28.000000 178.611613 640.022796
802 A A 6.527186 5.102127 29.000000 208.230038 655.149987
803 A A 5.003234 5.294553 28.000000 178.882834 639.932389
804 A A 5.162330 5.172621 28.000000 179.507176 639.724275
805 A A 5.000865 5.104010 28.000000 175.641911 641.012696
806 A A 5.101700 5.000437 28.000000 175.595916 641.028028
807 A A 5.176315 5.252854 28.000000 181.090041 639.196653
808 C A 5.366585 5.104258 28.000000 200.312162 455.879859
809 A C 5.087153 5.385102 29.000000 191.919240 622.552768
810 A A 5.243595 5.161745 28.000000 180.689712 639.330096
811 A A 5.089102 5.095184 28.000000 176.975999 640.568000
812 A E 5.155946 5.000109 29.000000 189.063369 599.240242
813 A A 5.000559 5.238849 28.000000 177.902067 640.259311
814 E A 5.000596 5.089337 28.000000 212.140876 293.104967
815 A A 5.255750 5.188498 28.000000 181.343358 639.112214
816 A A 5.102211 5.082430 28.000000 176.981961 640.566013
817 A A 5.166865 5.302474 28.000000 181.764891 638.971703
818 A A 5.002225 5.159089 28.000000 176.590075 640.696642
819 A A 5.351152 5.454132 29.000000 193.891931 659.929356
820 B A 5.098674 5.074715 28.000000 186.200934 550.051458
821 A A 5.240134 5.002292 28.000000 177.952749 640.242417
822 A A 5.002196 5.220888 29.000000 183.761666 663.306111
823 A A 7.243245 5.096475 28.000000 213.187288 628.497571
824 A A 5.154536 5.169091 28.000000 179.316936 639.787688
825 D A 5.082619 5.087118 28.000000 204.073575 378.921783
826 A A 5.000998 5.278042 28.000000 178.567857 640.037381
827 A A 5.236975 5.002024 28.000000 177.895178 640.261607
828 A A 5.467111 5.164902 29.000000 190.877012 660.934329
829 A A 5.163626 5.093195 28.000000 178.194594 640.161802
830 A A 5.328634 5.254665 28.000000 183.679421 638.333526
831 A A 5.099435 5.371221 28.000000 181.787018 638.964327
832 A A 5.084830 5.084690 28.000000 176.727924 640.650692
833 A A 5.225813 5.004757 28.000000 177.753566 640.308811
834 A C 5.092037 5.165826 28.000000 182.034104 602.989593
835 C A 5.170225 5.092049 29.000000 202.965552 477.209337
836 A E 5.302862 5.001113 28.000000 185.454765 576.766265
837 A A 5.110602 5.222247 28.000000 179.471860 639.736047
838 A A 5.801262 5.692846 28.000000 198.981015 633.232995
839 A A 5.088775 5.162486 31.000000 196.553458 709.042181
840 E D 5.001084 5.326431 28.000000 221.130241 235.604950
841 A A 5.203465 5.086441 28.000000 178.750432 639.976523
842 A A 5.170999 5.173176 29.000000 185.868637 662.603788
843 A A 5.084414 5.089318 28.000000 176.798709 640.627097
844 A A 5.003863 5.002756 28.000000 173.991188 641.562937
845 A A 5.288610 5.006307 28.000000 178.834597 639.948468
846 B A 5.087219 5.002420 28.000000 184.793937 551.270855
847 A A 5.214704 5.079285 28.000000 178.819010 639.953663
848 A A 5.383787 5.227020 28.000000 184.141568 638.179477
849 A A 5.085773 5.092147 29.000000 182.975810 663.568063
850 A A 5.004144 5.006069 28.000000 174.051584 641.542805
851 D A 5.003387 5.172155 28.000000 204.171107 378.738099
852 A A 5.087126 5.002121 28.000000 175.379347 641.100218
853 A A 5.154427 7.894783 28.000000 225.106728 624.524424
854 A A 5.079797 5.163859 29.000000 184.119603 663.186799
855 A A 5.004863 5.000495 28.000000 173.970014 641.569995
856 A A 5.076826 5.089362 28.000000 176.671950 640.669350
857 A A 5.001841 5.520376 28.000000 182.653249 638.675584
858 A A 5.005543 5.255132 29.000000 184.415739 663.088087
859 A C 5.171778 5.080550 28.000000 181.941100 603.040745
860 A A 5.002869 5.169174 28.000000 176.770323 640.636559
861 A E 5.007505 5.001391 28.000000 180.497450 580.236385
862 C A 5.005096 5.004264 28.000000 192.559251 466.604720
863 A A 5.182420 5.001820 28.000000 176.975244 640.568252
864 A A 5.001259 5.275735 29.000000 184.699701 662.993433
865 A D 5.162222 5.000174 28.000000 181.900259 589.733102
866 A A 5.096923 5.153558 28.000000 178.088070 640.197310
867 E A 5.241814 5.151394 28.000000 217.235886 280.792026
868 A A 5.084785 5.339206 28.000000 181.003054 639.225649
869 A A 5.000973 5.096354 28.000000 175.515088 641.054971
870 A A 5.161908 5.000618 29.000000 182.707962 663.657346
871 A A 5.273552 5.232829 28.000000 182.387195 638.764268
872 A A 5.001262 5.169603 28.000000 176.750531 640.643156
873 B A 5.166379 5.097476 28.000000 187.720775 548.734262
874 A A 5.099504 5.292830 28.000000 180.471213 639.402929
875 A A 5.245201 5.911605 29.000000 200.008423 657.890526
876 A A 6.383284 5.000470 28.000000 197.127060 633.850980
877 A A 5.001264 5.095595 28.000000 175.507237 641.057588
878 D A 5.096071 5.215626 28.000000 206.458502 374.430171
879 A A 5.164698 5.401127 28.000000 183.385858 638.431381
880 A A 5.092091 5.000737 28.000000 175.439518 641.080161
881 A A 5.303167 5.094186 29.000000 186.793942 662.295353
882 A A 5.091787 5.169571 28.000000 178.270804 640.136399
883 A C 5.216368 5.000621 28.000000 181.347403 603.367278
884 A A 5.005766 5.241835 28.000000 178.039691 640.213436
885 A A 8.469422 5.100484 28.000000 233.854411 621.608530
886 A E 5.150565 5.098121 28.000000 184.525931 577.416448
887 C A 5.088141 5.163294 29.000000 202.776974 477.470203
888 A A 5.003858 5.091995 28.000000 175.490331 641.063223
889 A A 5.001352 5.297777 28.000000 178.905371 639.924876
890 A D 5.246666 5.221777 29.000000 193.322897 607.498765
891 A A 5.329524 5.000062 28.000000 179.417034 639.754322
892 A A 5.170947 5.094882 28.000000 178.345925 640.111358
893 E A 5.002253 5.151493 28.000000 213.212936 290.514155
894 A A 5.143720 5.001267 28.000000 176.315777 640.788074
895 A A 5.094244 5.362468 28.000000 181.552758 639.042414
896 A A 5.448778 5.213999 28.000000 185.014656 637.888448
897 A A 5.922765 5.092115 28.000000 190.929993 635.916669
898 A A 5.227149 5.089960 28.000000 179.207436 639.824188
899 B A 5.098152 7.640783 29.000000 236.945471 531.072859
900 A A 5.002178 5.001337 28.000000 173.939052 641.580316
901 A A 5.122230 5.242021 28.000000 179.999419 639.560194
902 A A 5.083585 5.162319 28.000000 178.011194 640.222935
903 D A 5.084659 5.001928 29.000000 208.728623 395.154777
904 A A 5.000473 5.151478 28.000000 176.432779 640.749074
905 A A 5.192351 6.649207 28.000000 204.818166 631.287278
906 A A 5.090957 5.096590 33.000000 207.593426 755.362191
907 A A 5.005109 5.296985 28.000000 178.955188 639.908271
908 A A 5.004137 5.423705 28.000000 181.067758 639.204081
909 A A 5.236104 5.000636 29.000000 183.999282 663.226906
910 A A 5.172718 5.171456 28.000000 179.662123 639.672626
911 A E 5.331203 5.083283 28.000000 187.311376 575.466637
912 A A 5.096626 5.256673 28.000000 179.815418 639.621527
913 C A 5.004992 6.311703 28.000000 214.522478 436.222256
914 A C 6.179655 5.001404 28.000000 197.543792 594.459264
915 A A 5.168428 5.091356 28.000000 178.244363 640.145212
916 A A 5.096819 8.189251 28.000000 229.085990 623.198003
917 A D 5.270224 5.169030 29.000000 192.815017 607.820422
918 A A 5.001006 5.000531 28.000000 173.905808 641.591397
919 A A 5.004033 5.083513 28.000000 175.350774 641.109742
920 A A 8.220517 5.088008 28.000000 229.463226 623.072258
921 A A 5.164531 5.078432 29.000000 184.107566 663.190811
922 E A 5.101364 5.187880 28.000000 215.489302 285.012936
923 A A 5.003674 5.093349 28.000000 175.509983 641.056672
924 A A 5.239695 5.004223 28.000000 177.977811 640.234063
925 A A 5.168345 5.222203 28.000000 180.441213 639.412929
926 A A 5.002066 5.093404 29.000000 181.541192 664.046269
927 B A 7.089234 5.176369 28.000000 221.350128 519.588822
928 A A 5.353564 6.783819 28.000000 209.788021 629.630660
929 A A 5.001250 5.005927 28.000000 174.000564 641.559812
930 D A 5.000449 5.001970 28.000000 201.262633 384.215724
931 A A 5.102925 5.003679 28.000000 175.670938 641.003021
932 A A 5.168588 5.003162 30.000000 188.971497 686.569501
933 A A 5.570580 5.089930 28.000000 184.976567 637.901144
934 A C 7.574037 5.157179 28.000000 223.586431 580.135813
935 A A 5.102174 5.005405 28.000000 175.687338 640.997554
936 A A 5.281593 5.087004 28.000000 180.072433 639.535856
937 A A 5.207047 5.002962 29.000000 183.534157 663.381948
938 A E 5.000771 5.289733 28.000000 185.228477 576.924666
939 A A 5.095691 6.058530 28.000000 193.270912 635.136363
940 A D 5.100220 5.167967 28.000000 183.677538 588.607493
941 A A 5.244850 5.085845 29.000000 185.634090 662.681970
942 C A 5.167502 5.001603 28.000000 195.242968 462.892245
943 A A 5.386057 5.241116 28.000000 184.416506 638.087831
944 A A 5.089339 5.000213 34.000000 211.706853 778.991049
945 A A 5.085817 5.166826 29.000000 184.275996 663.134668
946 A A 5.189834 5.094068 28.000000 178.649556 640.010148
947 E A 5.002296 5.170214 28.000000 213.528162 289.752358
948 A A 5.302254 5.327327 28.000000 184.456970 638.074343
949 A A 5.091323 5.002353 28.000000 175.453760 641.075413
950 A A 5.177005 5.115408 28.000000 178.792545 639.962485
951 A A 5.001737 5.248743 28.000000 178.088061 640.197313
952 A A 5.089008 5.095660 28.000000 176.982428 640.565857
953 B A 5.244683 5.177132 28.000000 190.374508 546.434360
954 A A 5.167674 6.481382 29.000000 208.573577 655.035474
955 A A 5.082723 5.003659 32.000000 199.538533 733.047156
956 A A 5.086765 5.097542 28.000000 176.976354 640.567882
957 A A 5.002945 5.002867 28.000000 173.977635 641.567455
958 D A 5.094203 5.356012 28.000000 208.785608 370.047455
959 A A 5.005113 5.206853 29.000000 183.568206 663.370598
960 A C 5.179997 5.101780 28.000000 182.435852 602.768631
961 A A 5.000013 5.248167 28.000000 178.049435 640.210188
962 A E 5.086048 5.001355 28.000000 181.816362 579.313147
963 A A 7.856063 5.105378 28.000000 223.632202 625.015933
964 A A 5.000352 5.165547 29.000000 182.766645 663.637785
965 A D 6.835013 5.094340 28.000000 211.585132 570.932683
966 A A 5.182837 5.272511 28.000000 181.529844 639.050052
967 C A 5.288538 5.515408 28.000000 205.908286 448.138554
968 A A 5.097940 5.086726 28.000000 176.982401 640.565866
969 A A 5.175661 5.001708 29.000000 182.966215 663.571262
970 A A 5.003515 7.494518 28.000000 215.846942 627.611019
971 A A 5.088173 5.176193 28.000000 178.321364 640.119545
972 A A 5.252003 5.083813 31.000000 198.126182 708.517939
973 A A 5.085243 5.000085 28.000000 175.313518 641.122161
974 E A 5.000952 5.338155 28.000000 216.327000 282.988501
975 A A 5.173345 5.167042 29.000000 185.802743 662.625752
976 A A 5.001903 5.237553 28.000000 177.902870 640.259043
977 A A 5.350337 5.001235 28.000000 179.786399 639.631200
978 A A 5.004016 5.094539 28.000000 175.535726 641.048091
979 A A 5.158450 5.171819 28.000000 179.428524 639.750492
980 B A 5.260109 5.001928 28.000000 187.690233 548.760732
981 A A 5.089922 5.087020 28.000000 176.852627 640.609124
982 D A 5.002000 5.245178 29.000000 211.522893 389.892235
983 A A 5.167356 5.434705 28.000000 183.994626 638.228458
984 A A 5.094467 5.093333 28.000000 177.035043 640.548319
985 A A 5.002503 8.013543 35.000000 279.216963 781.487679
986 A C 5.224788 5.166729 28.000000 184.279491 601.754630
987 A E 5.468849 5.317241 28.000000 193.554308 571.096585
988 A A 5.162325 5.000404 28.000000 176.613851 640.688716
989 A A 5.098707 5.170352 29.000000 184.561623 663.039459
990 A D 5.336179 5.089700 28.000000 186.326767 586.929648
991 A A 5.094370 5.001952 28.000000 175.498214 641.060595
992 C A 5.242990 5.242915 28.000000 200.565203 455.529819
993 A A 5.093782 5.097360 29.000000 183.205879 663.491374
994 A A 5.000428 5.164845 28.000000 176.656575 640.674475
995 A A 5.172885 5.001017 28.000000 176.801548 640.626151
996 A A 5.091003 5.092299 28.000000 176.959477 640.573508
997 A A 5.004214 5.292915 28.000000 178.871775 639.936075
998 E A 5.266537 5.095095 33.000000 247.790328 331.952125
999 A A 6.603568 5.182367 28.000000 203.883723 631.598759
1000 A A 5.158521 5.093182 29.000000 184.259627 663.140124
1001 A A 5.000753 5.262839 28.000000 178.308346 640.123885
1002 A A 5.392471 5.092743 28.000000 182.031600 638.882800
1003 A A 5.161023 5.385598 28.000000 183.063235 638.538922
1004 A A 5.101381 5.182935 28.000000 178.656507 640.007831
1005 A A 5.003176 5.084216 29.000000 181.400607 664.093131
1006 A A 5.231819 5.169739 28.000000 180.626175 639.351275
1007 D A 5.119114 5.085281 28.000000 204.655838 377.825188
1008 B A 5.302192 5.232366 28.000000 192.268585 544.792827
1009 A A 5.100726 7.278655 28.000000 213.853601 628.275466
1010 A A 5.002731 5.074878 28.000000 175.183836 641.165388
1011 A C 5.082330 5.001185 28.000000 179.105045 604.600575
1012 A A 5.087658 5.367747 28.000000 181.530811 639.049730
1013 A E 5.004853 5.276911 28.000000 185.081628 577.027460
1014 A A 5.004112 5.186155 29.000000 183.190641 663.496453
1015 A D 5.196801 5.167288 28.000000 185.288705 587.587087
1016 A A 5.166736 5.091681 28.000000 178.221414 640.152862
1017 A A 5.000772 5.318704 28.000000 179.247183 639.810939
1018 A A 5.108472 5.223409 29.000000 185.654726 662.675091
1019 C A 5.001665 5.080305 28.000000 193.779087 464.917279
1020 A A 5.212336 5.005350 28.000000 177.537123 640.380959
1021 A A 6.293565 5.151948 28.000000 198.164621 633.505126
1022 A A 5.089543 5.001261 28.000000 175.405517 641.091494
1023 A A 5.097653 5.434567 29.000000 189.140630 661.513123
1024 A A 5.244171 5.000931 28.000000 177.997717 640.227428
1025 A A 5.002100 5.230603 28.000000 177.789407 640.296864
1026 A A 5.164538 5.094369 28.000000 178.229631 640.150123
1027 A A 5.003601 5.630303 28.000000 184.529582 638.050139
1028 A A 5.090273 5.088347 28.000000 176.880813 640.599729
1029 A A 5.308729 5.169211 28.000000 181.909389 638.923537
1030 A A 5.000781 5.277911 28.000000 178.562018 640.039327
1031 E A 5.164963 5.160879 29.000000 222.299651 293.554595
1032 B A 5.096867 5.003865 28.000000 184.980300 551.109340
1033 A A 5.223406 5.083376 29.000000 185.218013 662.820662
1034 A A 5.002198 5.002058 28.000000 173.951509 641.576164
1035 D A 5.167549 5.005767 28.000000 204.133696 378.808556
1036 A C 5.000295 5.100072 28.000000 179.388167 604.444858
1037 A A 5.382210 5.005462 40.000000 255.184118 914.498627
1038 A A 5.089884 5.156506 28.000000 178.019354 640.220215
1039 A E 5.254950 5.003618 29.000000 190.847089 597.991638
1040 A D 5.001327 5.003535 28.000000 179.253684 591.409267
1041 A A 5.161564 5.000119 28.000000 176.596275 640.694575
1042 A A 5.081347 5.161044 28.000000 177.952172 640.242609
1043 A A 5.001209 5.274268 28.000000 178.508014 640.057329
1044 A A 5.179306 5.109486 28.000000 178.731694 639.982769
1045 C A 5.095137 8.379626 28.000000 250.778023 386.068752
1046 A A 5.290641 5.100269 29.000000 186.681828 662.332724
1047 A A 5.097559 5.238113 28.000000 179.519294 639.720235
1048 A A 5.000069 7.106762 35.000000 260.123444 787.852185
1049 A A 5.173421 5.092040 28.000000 178.339744 640.113419
1050 A A 5.092702 5.160377 28.000000 178.131718 640.182761
1051 A A 5.239316 5.340103 29.000000 189.961892 661.239369
1052 A A 5.095185 5.001056 28.000000 175.496837 641.061054
1053 E A 5.336399 5.001444 28.000000 216.305764 283.039821
1054 A A 5.170931 5.182959 30.000000 192.250013 685.476662
1055 A A 5.001408 5.087332 28.000000 175.370840 641.103053
1056 A A 5.087495 5.225022 28.000000 179.130282 639.849906
1057 A A 5.214755 5.086409 28.000000 178.939552 639.913483
1058 B A 5.088215 5.000762 28.000000 184.782810 551.280498
1059 A A 5.470217 5.167197 29.000000 190.971020 660.902993
1060 D A 5.158226 5.092331 28.000000 205.431356 376.364630
1061 A A 5.283810 5.001181 28.000000 178.667848 640.004051
1062 A C 5.732032 7.763000 28.000000 236.418536 573.078155
1063 A A 8.757795 5.307788 28.000000 242.181793 618.832736
1064 A D 5.092122 5.225249 28.000000 184.503834 588.084172
1065 A A 5.005249 5.088058 29.000000 181.503543 664.058819
1066 A A 5.177406 5.167768 28.000000 179.678919 639.667027
1067 A E 5.095635 5.098835 28.000000 183.615102 578.054029
1068 A A 5.230772 5.216727 28.000000 181.397977 639.094008
1069 A A 5.104759 5.002443 28.000000 175.680996 640.999668
1070 A A 5.000835 5.389795 28.000000 180.442594 639.412469
1071 C A 5.092608 5.103846 28.000000 195.702432 462.256653
1072 A A 5.347072 5.089976 32.000000 206.271320 730.802893
1073 A A 5.002283 5.001841 29.000000 179.951757 664.576081
1074 A A 5.239523 5.281439 28.000000 182.632147 638.682618
1075 A A 5.174225 5.166423 28.000000 179.602885 639.692372
1076 A A 5.086295 5.087397 28.000000 176.798020 640.627327
1077 E A 5.166689 5.179904 28.000000 216.452756 282.684590
1078 A A 5.000870 5.497671 34.000000 220.050236 776.209921
1079 A A 5.000935 5.083449 29.000000 181.348280 664.110573
1080 A A 5.258939 5.001332 28.000000 178.252550 640.142483
1081 A A 5.096341 5.253802 28.000000 179.762409 639.639197
1082 A A 6.722148 5.157098 28.000000 205.451331 631.076223
1083 A A 5.001838 5.089009 28.000000 175.406223 641.091259
1084 B A 5.387361 5.001464 29.000000 196.053560 566.512514
1085 A C 7.366469 5.339026 28.000000 223.154312 580.373478
1086 D A 5.151868 5.233046 28.000000 207.688568 372.113547
1087 A A 5.001564 5.001884 28.000000 173.937922 641.580693
1088 A E 5.166928 5.090678 28.000000 184.675778 577.311556
1089 A A 5.091896 5.000847 29.000000 181.493731 664.062090
1090 A A 5.293680 5.000668 28.000000 178.825054 639.951649
1091 A D 5.000354 5.174347 28.000000 182.106970 589.602186
1092 A A 5.189198 5.000743 28.000000 177.071002 640.536333
1093 A A 5.092771 5.095932 28.000000 177.050201 640.543266
1094 A A 5.094240 5.095090 31.000000 195.401546 709.426151
1095 A A 5.001833 5.178895 28.000000 176.916220 640.587927
1096 A A 5.250730 5.093825 29.000000 185.875262 662.601579
1097 A A 5.176633 5.154909 28.000000 179.449896 639.743368
1098 A A 5.093716 5.000856 33.000000 205.752536 755.975821
1099 A A 5.297131 5.001967 28.000000 178.904854 639.925049
1100 C A 5.159065 5.000925 28.000000 195.089833 463.104081
1101 A A 5.000825 5.219305 28.000000 177.578176 640.367275
1102 A A 5.093620 5.155521 29.000000 184.215057 663.154981
1103 A A 5.217998 5.305183 28.000000 182.669440 638.670187
1104 A A 5.102607 5.089156 28.000000 177.101617 640.526128
1105 A A 5.000143 5.000615 28.000000 173.892723 641.595759
1106 E A 5.157374 5.089027 28.000000 214.769525 286.752398
1107 A A 5.347979 5.083606 28.000000 181.130622 639.183126
1108 A A 5.105935 5.002393 28.000000 175.699923 640.993359
1109 A A 5.085534 5.002181 28.000000 175.353603 641.108799
1110 B A 5.201627 5.150903 29.000000 195.422037 567.059834
1111 A A 8.011052 5.003703 28.000000 224.527873 624.717376
1112 A C 5.084614 5.001785 28.000000 179.153508 604.573921
1113 D A 5.000703 5.172895 28.000000 204.138443 378.799616
1114 A A 5.256347 5.097647 29.000000 186.039510 662.546830
1115 A A 5.477979 5.001071 28.000000 181.928041 638.917320
1116 A D 5.001330 8.613380 28.000000 239.899116 553.000493
1117 A E 5.002236 5.244024 28.000000 184.485166 577.444984
1118 A A 8.589144 5.154083 29.000000 245.012137 642.889288
1119 A A 6.090819 5.094719 28.000000 193.797039 634.960987
1120 A A 7.717955 5.846871 28.000000 233.769070 621.636977
1121 A A 5.175122 5.239974 28.000000 180.853619 639.275460
1122 A A 5.001031 5.001933 28.000000 173.929789 641.583404
1123 C A 5.003312 5.096741 28.000000 194.082898 464.497007
1124 A A 5.099570 5.169911 28.000000 178.407276 640.090908
1125 A A 5.001768 5.103715 28.000000 175.652111 641.009296
1126 A A 5.101276 5.298618 29.000000 186.838146 662.280618
1127 A A 5.161256 5.093178 28.000000 178.154486 640.175171
1128 A A 5.088007 5.230574 28.000000 179.232164 639.815945
1129 A A 5.239420 5.093540 28.000000 179.473741 639.735420
1130 A A 5.082493 5.002764 28.000000 175.312331 641.122556
1131 E A 5.003487 5.188002 28.000000 213.847018 288.981790
1132 A A 5.001063 5.000335 28.000000 173.903490 641.592170
1133 A A 5.079540 5.365267 29.000000 187.619633 662.020122
1134 A A 8.326342 9.297954 28.000000 301.968177 598.903941
1135 A C 5.090077 5.089890 30.000000 192.941405 646.990578
1136 B A 5.179576 5.174052 28.000000 189.228949 547.427177
1137 A A 5.003579 5.001558 28.000000 173.966295 641.571235
1138 A A 5.098078 5.099407 29.000000 183.316233 663.454589
1139 D E 5.004906 5.253110 28.000000 212.024682 314.303215
1140 A A 5.087725 5.002083 28.000000 175.388771 641.097076
1141 A D 5.009811 5.158863 28.000000 182.005718 589.666312
1142 A A 5.175654 9.063989 28.000000 245.106017 617.857994
1143 A A 5.163875 5.089932 28.000000 178.143947 640.178684
1144 A A 5.081863 5.001600 36.000000 223.682805 824.999065
1145 A A 5.000140 5.001235 29.000000 179.903932 664.592023
1146 A A 5.082569 5.231252 28.000000 179.152177 639.842608
1147 A A 5.176949 5.162295 28.000000 179.579291 639.700236
1148 A A 9.993773 5.357245 28.000000 263.777112 611.634296
1149 A A 5.083609 5.090792 28.000000 176.809935 640.623355
1150 C A 5.002250 5.092400 28.000000 193.992134 464.622564
1151 A A 5.264547 5.268018 29.000000 189.146631 661.511123
1152 A A 5.007462 5.168111 28.000000 176.829622 640.616793
1153 A A 5.163060 5.112697 28.000000 178.512719 640.055760
1154 A A 5.085636 5.089488 28.000000 176.822088 640.619304
1155 A A 5.003576 5.000545 29.000000 179.951701 664.576100
1156 E A 5.242696 5.219153 28.000000 218.389069 278.005167
1157 A A 5.006207 5.105088 28.000000 175.749766 640.976745
1158 A A 5.005491 7.392258 39.000000 295.987331 875.897556
1159 A A 6.439761 5.332647 28.000000 203.656449 631.674517
1160 A C 5.003101 6.839268 28.000000 208.653798 588.348761
1161 A A 5.171810 5.179036 28.000000 179.774213 639.635262
1162 A A 5.000433 5.089631 28.000000 175.393070 641.095643
1163 A A 5.158315 5.002156 29.000000 182.672197 663.669268
1164 D A 5.307694 5.221786 28.000000 210.117271 367.539490
1165 B D 5.002696 6.374948 28.000000 211.136423 482.025654
1166 A E 5.157514 5.002023 28.000000 183.028219 578.464847
1167 A A 5.000420 5.422300 29.000000 187.235330 662.148223
1168 A A 5.098058 5.092964 28.000000 177.089161 640.530280
1169 A A 5.256080 5.000533 28.000000 178.191101 640.162966
1170 A A 5.153323 5.160344 28.000000 179.149603 639.843466
1171 A A 5.001346 5.308553 28.000000 179.086304 639.864565
1172 A A 7.459155 5.002163 28.000000 215.230132 627.816623
1173 A A 5.100826 7.005258 28.000000 209.262215 629.805928
1174 A A 5.000819 5.167246 29.000000 182.804334 663.625222
1175 A A 5.223496 5.103868 28.000000 179.379718 639.766761
1176 C A 7.198664 5.001663 28.000000 229.367482 415.686667
1177 A A 5.382069 5.262614 28.000000 184.710663 637.989779
1178 A A 5.101191 5.088631 28.000000 177.069001 640.537000
1179 A A 9.261328 5.181855 28.000000 248.525468 616.718177
1180 A A 9.063618 5.991409 29.000000 267.837465 635.280845
1181 A A 5.183082 5.080424 28.000000 178.306895 640.124368
1182 E A 5.099735 5.170949 32.000000 239.827127 326.196526
1183 A A 5.002150 5.001171 28.000000 173.935793 641.581402
1184 A A 5.000093 5.005077 28.000000 173.966858 641.571047
1185 A A 5.276529 5.070802 28.000000 179.715162 639.654946
1186 A A 5.100828 5.089537 28.000000 177.078124 640.533959
1187 A C 5.170766 5.101039 29.000000 188.431396 624.471082
1188 A A 5.094415 5.003516 28.000000 175.525235 641.051588
1189 A A 5.223540 5.083948 28.000000 179.045792 639.878069
1190 B E 5.093248 5.002878 28.000000 191.076905 492.467449
1191 A A 5.173960 5.181860 29.000000 186.071264 662.536245
1192 D D 5.000648 5.003847 28.000000 206.295509 337.561397
1193 A A 5.309004 5.087257 28.000000 180.537176 639.380941
1194 A A 5.092626 5.180096 38.000000 240.098049 869.527317
1195 A A 5.626688 5.002591 28.000000 184.451886 638.076038
1196 A A 5.000336 5.001486 28.000000 173.910612 641.589796
1197 A A 5.175128 5.087353 28.000000 178.289674 640.130109
1198 A A 5.102743 5.239931 29.000000 185.842537 662.612488
1199 A A 6.974685 5.002810 28.000000 207.101906 630.526031
1200 A A 5.096793 5.155866 28.000000 178.124666 640.185111
1201 A A 5.241136 5.003479 28.000000 177.989537 640.230154
1202 A A 5.092932 6.153835 28.000000 194.825672 634.618109
1203 A A 5.002997 5.001797 29.000000 179.963419 664.572194
1204 C A 8.107769 5.003094 28.000000 244.664506 394.525784
1205 A A 5.867161 5.191059 28.000000 191.658101 635.673966
1206 A A 5.301747 5.000599 28.000000 178.959427 639.906858
1207 A A 5.156315 5.272406 28.000000 181.082517 639.199161
1208 A A 5.091723 5.001667 29.000000 181.504980 664.058340
1209 E A 5.402071 5.148457 28.000000 219.878873 274.404807
1210 A A 5.001560 5.105560 28.000000 175.679614 641.000129
1211 A A 5.215819 5.001333 28.000000 177.528149 640.383950
1212 A A 5.161897 5.165713 28.000000 179.383852 639.765383
1213 A C 5.089476 5.266458 28.000000 183.681686 602.083422
1214 A A 5.236465 5.094454 28.000000 179.439431 639.746856
1215 A A 5.001509 5.105791 29.000000 181.747019 663.977660
1216 A E 5.093597 5.166959 28.000000 184.725343 577.276860
1217 B D 5.339851 5.096244 31.000000 214.103360 553.663125
1218 D A 5.088767 5.253937 28.000000 206.979414 373.449120
1219 A A 5.178796 5.092186 28.000000 178.432504 640.082499
1220 A A 5.002129 5.177053 28.000000 176.890262 640.596579
1221 A A 5.000853 5.336544 28.000000 179.548279 639.710574
1222 A A 5.167777 8.481396 29.000000 243.375606 643.434798
1223 A A 5.098612 5.002004 28.000000 175.570342 641.036553
1224 A A 5.262688 5.086063 28.000000 179.739024 639.646992
1225 A A 5.097655 5.090538 28.000000 177.041638 640.546121
1226 A A 5.171688 5.223287 28.000000 180.515573 639.388142
1227 A A 5.089322 5.091484 35.000000 219.676937 801.334354
1228 A A 5.227721 5.167990 28.000000 180.527955 639.384015
1229 C A 5.001598 5.000799 29.000000 198.443716 483.464543
1230 A A 5.095065 5.246099 37.000000 235.453841 846.075386
1231 A A 5.361708 5.089593 28.000000 181.461865 639.072712
1232 A A 5.005036 9.913298 28.000000 256.508019 614.057327
1233 A A 5.175398 5.395547 28.000000 183.471874 638.402709
1234 A A 5.091028 5.000707 29.000000 181.476174 664.067942
1235 E A 5.002202 5.171567 28.000000 213.549322 289.701221
1236 A A 9.684081 5.093666 28.000000 254.146155 614.844615
1237 A A 5.264542 5.262912 28.000000 182.741240 638.646253
1238 A C 5.164302 5.100887 28.000000 182.157174 602.921904
1239 A A 5.001192 5.169970 29.000000 182.858208 663.607264
1240 A E 9.448780 5.087343 28.000000 256.554859 526.996198
1241 B A 5.082559 8.749883 28.000000 247.673015 496.775654
1242 A A 5.170132 5.083975 34.000000 215.063785 777.872072
1243 A A 5.000017 5.002348 28.000000 173.919721 641.586760
1244 D D 5.160633 5.001788 29.000000 215.046138 343.601701
1245 A A 5.268174 5.001662 28.000000 178.413240 640.088920
1246 A A 5.092654 5.315304 28.000000 180.733704 639.315432
1247 A A 5.100518 5.001859 28.000000 175.599925 641.026692
1248 A A 5.003671 5.185140 28.000000 177.052034 640.542655
1249 A A 5.316945 5.167448 28.000000 182.017800 638.887400
1250 A A 5.214434 7.858670 28.000000 225.508155 624.390615
