1 A A 7.247163 5.000051 33.000000 248.374833 741.768389
2 A A 5.347090 6.979843 35.000000 264.745590 786.311470
3 A A 6.174614 7.667867 38.000000 321.488585 842.397138
4 A B 7.563625 9.320559 28.000000 291.592281 570.037824
5 A B 8.491799 9.029069 29.000000 312.801100 585.493855
6 A B 7.639301 6.272422 32.000000 275.043091 677.484959
7 A B 9.315580 6.589068 32.000000 313.307240 660.266092
8 A B 5.978162 9.575147 33.000000 315.893514 684.102269
9 A B 5.029591 6.758064 34.000000 248.406169 739.471574
10 A B 6.235466 8.102398 34.000000 300.430419 716.060661
11 A B 6.095818 7.270383 37.000000 304.667675 789.153896
12 A B 8.014846 6.993531 39.000000 359.134034 814.644035
13 A B 9.935864 5.984760 39.000000 380.480598 805.038081
14 A C 7.650035 7.517416 29.000000 273.615647 577.619744
15 A C 9.663874 7.111633 31.000000 321.726435 601.158811
16 A C 7.129044 8.242396 32.000000 304.833664 635.449835
17 A C 8.562238 6.825529 32.000000 305.147125 635.277431
18 A C 6.543648 9.714511 34.000000 341.368441 665.355708
19 A C 8.051086 9.449357 34.000000 366.711035 651.417281
20 A D 6.718123 6.492546 29.000000 241.037642 577.279427
21 A D 5.856458 9.281341 30.000000 283.652375 575.290096
22 A D 5.048399 7.329504 34.000000 263.681229 687.938488
23 A D 6.119575 7.730824 35.000000 302.030379 688.650693
24 A D 8.735759 8.622907 35.000000 375.703987 641.990741
25 A D 8.903793 8.653733 36.000000 390.414576 657.674035
26 A D 9.203588 7.711428 37.000000 386.685367 685.035868
27 A D 5.129011 8.291015 38.000000 317.148596 754.075822
28 A E 5.095363 8.319471 29.000000 245.766118 559.548318
29 A E 7.417995 7.311607 30.000000 277.480843 562.348010
30 A E 7.766850 7.861784 31.000000 303.040593 569.456185
31 A E 7.493870 7.482166 32.000000 299.887907 596.663065
32 B A 6.946084 5.179570 30.000000 233.549779 559.015792
33 B A 7.318765 9.795760 32.000000 343.886873 513.390310
34 B A 6.578981 9.723507 33.000000 338.077268 543.425301
35 B A 5.606513 6.197035 34.000000 256.080377 639.489273
36 B A 5.780067 8.191357 34.000000 300.305050 601.161223
37 B A 8.931969 5.489538 35.000000 318.139649 610.704571
38 B A 8.080794 6.470657 39.000000 355.791957 678.072571
39 B A 9.385710 9.110432 39.000000 448.097722 598.074241
40 B B 9.556273 7.997788 28.000000 311.960216 413.263058
41 B B 5.303961 5.879035 29.000000 211.636127 535.243010
42 B B 7.758373 5.227727 29.000000 243.010146 504.914792
43 B B 5.452917 8.678148 30.000000 271.411177 502.460462
44 B B 9.860167 7.237735 30.000000 324.814235 450.837506
45 B B 6.317503 9.308050 31.000000 307.687292 492.393551
46 B B 5.700636 7.809954 32.000000 276.455333 547.584445
47 B B 8.352010 8.491889 32.000000 340.454864 485.718232
48 B B 9.407116 6.105428 32.000000 314.892843 510.428185
49 B B 7.517611 9.934891 33.000000 362.611542 489.300110
50 B B 9.887452 7.901685 33.000000 369.276909 482.856921
51 B B 5.221390 8.935431 35.000000 314.345235 585.957539
52 B B 5.560707 7.966058 35.000000 301.114066 598.747669
53 B B 8.291127 6.613689 35.000000 330.053146 570.773226
54 B B 8.553067 7.376065 38.000000 380.236218 597.262923
55 B B 8.434021 6.169396 39.000000 358.771963 643.011702
56 B C 7.026137 5.524700 28.000000 229.376071 477.095475
57 B C 7.929337 8.015240 29.000000 295.957638 432.184830
58 B C 8.626127 7.354406 29.000000 296.583270 431.527917
59 B C 7.054984 8.888715 30.000000 305.508575 447.156346
60 B C 8.581019 6.443084 30.000000 288.955850 464.536707
61 B C 6.344270 9.487958 32.000000 322.500784 479.314527
62 B C 7.218682 6.813054 33.000000 296.350384 531.772447
63 B C 5.648229 6.369501 34.000000 263.683691 591.072474
64 B C 7.006742 7.792435 34.000000 320.425209 531.493881
65 B C 5.758080 7.447425 36.000000 303.760911 598.991393
66 B C 6.203321 5.579727 36.000000 273.035843 631.252715
67 B C 7.793806 9.984572 36.000000 402.534958 495.278644
68 B C 7.430283 9.135426 38.000000 396.220176 551.909165
69 B C 6.285354 9.371726 39.000000 384.897676 588.797791
70 B C 8.967741 7.929818 39.000000 413.924887 558.319218
71 B C 9.480697 5.111280 39.000000 359.974251 614.967386
72 B D 5.877089 5.406753 29.000000 216.330861 501.138624
73 B D 8.705544 5.888497 29.000000 273.928311 435.861514
74 B D 9.124175 7.521135 32.000000 339.581963 436.454042
75 B D 6.516236 8.036403 33.000000 308.134256 497.094776
76 B D 9.617425 5.928863 33.000000 327.808508 474.797291
77 B D 5.175389 9.420455 37.000000 344.019739 556.424563
78 B D 8.108064 6.336255 37.000000 340.655899 560.236915
79 B D 6.360282 8.749198 38.000000 364.488141 558.227040
80 B D 7.847101 5.768527 38.000000 330.428319 596.828172
81 B D 8.195851 5.296546 38.000000 327.618650 600.012463
82 B D 8.211972 7.164261 38.000000 370.570110 551.334142
83 B D 6.678045 5.823744 39.000000 312.533865 642.108552
84 B D 9.023375 9.475208 40.000000 463.957985 495.494550
85 B E 6.794719 6.341498 29.000000 250.032175 445.738537
86 B E 7.608493 7.824118 29.000000 289.989428 397.123880
87 B E 9.176513 8.451158 29.000000 328.183479 350.654450
88 B E 7.994148 6.294546 30.000000 278.658486 435.909858
89 B E 9.835296 6.694042 33.000000 348.742906 425.640482
90 B E 9.086040 6.316824 34.000000 335.680440 466.533148
91 B E 5.286258 9.536977 35.000000 332.749936 495.098595
92 B E 7.671482 8.955000 36.000000 380.594018 461.888295
93 B E 8.458379 7.555370 36.000000 367.358980 477.990924
94 B E 7.224631 6.414514 38.000000 332.434499 570.482376
95 C A 7.951637 8.131892 28.000000 294.605273 325.441055
96 C A 8.741662 5.723637 28.000000 267.419020 363.048706
97 C A 8.319080 6.799784 31.000000 305.612870 385.213880
98 C A 6.259961 6.380272 32.000000 267.094470 463.497666
99 C A 7.830198 7.436109 34.000000 335.834666 418.407063
100 C A 7.878273 5.745959 39.000000 343.209031 533.205857
101 C B 9.060869 5.649664 28.000000 272.714945 341.043680
102 C B 5.985718 9.963514 30.000000 312.664177 333.117293
103 C B 8.276873 7.643034 30.000000 312.136340 333.882657
104 C B 8.371323 8.873029 30.000000 335.976336 299.314663
105 C B 8.667348 9.391892 31.000000 361.479859 287.334554
106 C B 5.279051 6.240253 33.000000 253.660222 493.673028
107 C B 9.804563 6.145369 33.000000 341.386659 366.469695
108 C B 7.350631 8.706181 34.000000 353.136953 374.431769
109 C B 9.567748 8.541097 35.000000 405.863732 322.977939
110 C B 5.211173 9.828512 36.000000 350.435181 428.349337
111 C B 7.283643 8.813094 36.000000 373.267522 395.242442
112 C B 6.726021 8.589867 37.000000 365.590700 431.373835
113 C B 7.816772 9.903974 37.000000 418.978574 353.961418
114 C B 6.893109 5.136969 38.000000 299.863766 551.677889
115 C B 8.463117 7.216198 38.000000 383.066393 431.034081
116 C C 6.646415 9.773998 28.000000 302.616924 281.178149
117 C C 5.152849 7.074711 29.000000 239.513546 401.884939
118 C C 9.261639 5.948879 29.000000 291.417015 323.164677
119 C C 8.150775 8.216045 30.000000 321.356749 302.756081
120 C C 7.710846 8.045523 31.000000 319.822456 330.083092
121 C C 6.189398 5.464799 32.000000 250.514588 460.200025
122 C C 9.183501 7.399108 33.000000 355.089665 326.594491
123 C C 9.634637 9.408633 34.000000 415.236698 260.371491
124 C C 5.725801 5.902725 35.000000 270.953043 504.201702
125 C C 6.528605 6.081864 35.000000 291.573845 472.926818
126 C C 7.587150 6.916745 35.000000 331.335795 412.621195
127 C C 8.982141 8.094822 35.000000 385.370224 330.668978
128 C C 9.340873 5.343396 35.000000 335.123662 406.876263
129 C C 9.714935 8.423497 36.000000 418.544118 305.355237
130 C C 5.698321 5.847978 38.000000 290.009622 550.299223
131 C C 6.334806 7.616729 39.000000 353.219931 479.430254
132 C C 6.079129 7.898586 40.000000 362.219159 490.781426
133 C D 9.650428 6.934310 28.000000 306.847597 254.006245
134 C D 5.634750 9.214586 29.000000 286.602438 311.398499
135 C D 6.988410 6.074327 29.000000 255.515629 361.137394
136 C D 5.537702 8.332998 30.000000 277.896612 350.327820
137 C D 6.478521 5.790239 31.000000 256.422934 409.685705
138 C D 8.656658 5.081808 31.000000 283.759452 365.947276
139 C D 5.585151 9.557257 32.000000 318.958230 334.629232
140 C D 9.006381 5.270847 32.000000 302.346783 361.207547
141 C D 6.922916 7.026712 33.000000 304.426631 382.879790
142 C D 5.517669 5.041118 34.000000 243.623263 505.165180
143 C D 7.106268 6.719581 36.000000 326.862334 421.982666
144 C D 9.148425 5.378598 37.000000 350.723913 408.804139
145 C D 8.524944 7.959799 38.000000 404.076152 348.440557
146 C D 7.557871 5.190731 39.000000 326.541303 497.496316
147 C D 9.369285 9.256745 39.000000 464.073080 277.445472
148 C D 9.771567 6.848805 39.000000 417.140686 352.537302
149 C D 8.899009 9.754311 40.000000 475.903699 283.516481
150 C E 7.723766 8.794210 30.000000 327.017568 249.555578
151 C E 8.802668 6.630877 30.000000 307.497803 282.413848
152 C E 9.503383 5.686014 31.000000 312.216789 299.470222
153 C E 7.335342 7.591000 32.000000 316.279768 317.630874
154 C E 9.598490 5.243390 32.000000 314.658101 320.360680
155 C E 6.772007 8.916838 36.000000 368.573059 329.603835
156 C E 8.163740 8.169036 40.000000 421.680623 340.206101
157 D A 8.390143 5.974427 30.000000 291.784257 263.733332
158 D A 9.999141 6.722597 30.000000 334.213289 183.825322
159 D A 9.730957 9.162810 32.000000 395.982309 117.493668
160 D A 8.063065 5.807096 36.000000 332.817477 336.454101
161 D A 8.121250 5.456760 36.000000 326.506998 348.338837
162 D A 5.374439 9.077125 37.000000 354.046726 321.472350
163 D A 7.377805 5.667016 37.000000 322.817029 380.288279
164 D A 6.154418 9.845939 38.000000 398.030140 263.636919
165 D A 6.634103 8.605311 39.000000 389.824285 304.091280
166 D B 6.445592 7.086981 29.000000 270.452778 259.031140
167 D B 5.189928 5.065472 31.000000 225.736443 397.718538
168 D B 9.919664 7.757726 31.000000 363.785448 123.921344
169 D B 6.609537 8.562528 33.000000 335.392875 230.233282
170 D B 6.810693 7.768386 33.000000 323.651770 253.519805
171 D B 6.853481 7.015995 33.000000 309.601616 281.385946
172 D B 7.453788 5.715751 33.000000 295.742870 308.872457
173 D B 6.136339 9.223177 34.000000 348.320125 229.594235
174 D B 8.696509 9.044354 34.000000 396.899625 133.244894
175 D B 7.973641 6.559243 36.000000 348.896290 278.451509
176 D B 7.476253 6.520683 37.000000 345.717994 309.755129
177 D B 9.244368 5.633208 38.000000 374.194724 278.276281
178 D B 9.957021 8.777281 38.000000 462.128082 103.875120
179 D B 8.412147 9.009840 39.000000 442.660493 167.485839
180 D B 8.830663 9.635462 40.000000 478.173002 122.052697
181 D C 9.294442 6.048311 29.000000 303.419909 174.618588
182 D C 5.898315 9.873496 31.000000 329.811668 170.075620
183 D C 5.945747 9.800809 31.000000 329.341938 171.046395
184 D C 6.753024 7.257332 31.000000 297.048617 237.785926
185 D C 7.532589 6.509967 31.000000 297.647538 236.548155
186 D C 8.029941 6.039956 31.000000 298.156074 235.497180
187 D C 7.177885 5.305523 34.000000 291.117525 325.043515
188 D C 5.061720 5.213326 35.000000 252.231950 430.407036
189 D C 6.404793 7.129885 35.000000 320.684246 288.938959
190 D C 6.273936 5.035267 37.000000 287.520304 407.477772
191 D C 7.142111 6.233575 37.000000 333.396231 312.667522
192 D C 7.691409 7.568036 37.000000 375.215680 226.240662
193 D C 8.339068 5.516374 37.000000 344.046813 290.656320
194 D C 5.111557 9.676294 38.000000 373.619016 254.540433
195 D C 8.841556 9.268625 39.000000 460.234237 100.535644
196 D C 8.860199 5.427577 39.000000 370.789954 285.387161
197 D C 5.406547 6.567282 40.000000 323.827896 407.442081
198 D D 6.036644 8.973153 28.000000 290.384588 155.368392
199 D D 5.337715 5.582064 31.000000 241.327904 336.657874
200 D D 7.279896 8.848771 31.000000 338.213213 126.739706
201 D D 7.394965 8.983716 32.000000 352.690668 120.371885
202 D D 9.978169 6.652257 32.000000 357.524175 109.899288
203 D D 8.515998 7.408047 34.000000 363.070504 147.882242
204 D D 5.424758 5.329163 36.000000 270.504701 398.441480
205 D D 5.910069 6.776032 36.000000 312.239777 308.015483
206 D D 6.010046 8.687551 36.000000 355.688098 213.877454
207 D D 9.469825 9.506961 37.000000 459.504642 13.941609
208 D D 9.749576 6.133040 37.000000 390.814084 162.771151
209 D D 6.058188 9.649090 38.000000 396.345930 175.785485
210 D D 8.240607 7.846849 38.000000 405.013991 157.004687
211 D D 5.250020 7.475309 40.000000 343.627883 340.007920
212 D D 9.100052 9.156869 40.000000 476.386118 52.365078
213 D E 9.433964 8.831932 29.000000 357.516581 11.946443
214 D E 6.681174 6.672560 31.000000 288.069464 218.202456
215 D E 8.949540 9.081921 31.000000 375.075168 22.439622
216 D E 6.599942 9.949311 36.000000 397.153870 97.762543
217 D E 8.234995 9.340918 40.000000 461.511921 52.956927
218 D E 9.856017 9.699277 40.000000 509.017049 0.000000
219 E A 5.934300 7.192876 30.000000 278.919159 181.724115
220 E A 8.617862 7.680170 33.000000 365.331043 47.895395
221 E A 5.769715 8.734414 35.000000 347.216714 141.671692
222 E A 5.382015 8.387984 38.000000 356.585962 194.029341
223 E A 7.075414 6.201621 39.000000 353.312631 226.939891
224 E B 5.004317 6.010626 28.000000 228.857035 243.506848
225 E B 7.888791 6.943710 30.000000 310.791027 90.037434
226 E B 9.693040 8.072330 32.000000 384.901106 0.000000
227 E B 6.380103 7.157601 33.000000 311.852523 162.401385
228 E B 5.804278 9.589046 35.000000 367.065803 75.288405
229 E B 6.966075 5.557928 37.000000 321.838868 237.601960
230 E B 9.797907 9.606217 39.000000 497.862505 0.000000
231 E C 9.236504 8.379292 30.000000 362.360327 0.000000
232 E C 5.488648 8.416075 33.000000 320.589511 121.790987
233 E C 8.771330 6.877667 34.000000 364.515522 34.047560
234 E C 5.546031 7.281665 35.000000 314.657622 187.016170
235 E C 7.189787 8.513806 36.000000 384.473611 32.821798
236 E C 6.902965 8.220049 37.000000 381.006911 66.719661
237 E D 9.323056 7.627511 29.000000 342.567872 0.000000
238 E D 5.822197 5.601519 30.000000 253.254889 198.868400
239 E D 5.664028 7.041784 31.000000 283.956105 140.975118
240 E D 7.086136 5.143591 33.000000 289.776593 175.259799
241 E D 8.796358 8.464742 35.000000 410.111114 0.000000
242 E D 9.532918 8.359436 36.000000 434.102858 0.000000
243 E D 6.870422 6.438536 37.000000 343.086859 131.322081
244 E D 7.907443 8.530312 37.000000 412.546176 0.000000
245 E D 9.059667 6.883315 40.000000 430.259569 0.000000
246 E E 6.430901 8.159694 34.000000 346.452132 30.895835
247 E E 6.835970 5.386365 35.000000 305.473028 169.271357
248 E E 9.444782 9.890635 36.000000 466.449023 0.000000
249 E E 5.465260 8.277937 37.000000 353.902966 85.281861
250 E E 6.495138 9.183759 38.000000 406.282855 0.000000
251 A C 6.900187 9.135426 38.000000 375.313978 746.685662
252 E A 8.867705 8.379292 31.000000 363.424149 2.503723
253 B D 7.671482 8.955000 36.000000 379.124018 491.639713
254 C B 6.976295 8.597746 30.000000 305.910754 342.909757
255 C E 8.680217 6.047341 29.000000 285.953500 293.680091
256 E C 6.854146 5.966097 37.000000 329.885400 197.931540
257 D E 5.152849 7.214233 29.000000 254.877224 242.884996
258 C E 6.459719 5.333985 35.000000 277.361771 458.142836
259 C C 7.532589 6.464467 31.000000 287.099234 379.713311
260 A A 5.095363 8.288335 29.000000 238.756344 644.974552
261 C B 8.866956 5.775193 29.000000 280.351386 354.970840
262 C A 6.189398 5.464799 33.000000 255.155106 505.013786
263 E D 7.090010 5.386365 35.000000 309.631867 171.650558
264 C E 9.385710 9.343777 39.000000 467.963984 237.295777
265 E B 6.545058 7.120282 33.000000 314.379736 156.125473
266 B D 6.556404 6.243916 38.000000 311.839284 617.895745
267 C A 8.121250 6.055247 38.000000 347.626122 502.095548
268 A A 8.978449 5.180840 28.000000 243.756067 618.307978
269 E D 7.781829 7.555236 29.000000 314.492928 8.525693
270 C D 6.010046 8.409734 36.000000 339.691259 401.456385
271 C C 7.253346 6.508544 38.000000 340.525083 473.684107
272 A A 6.578981 8.812607 37.000000 347.573267 808.702244
273 B C 7.949462 8.707809 34.000000 358.330331 491.693502
274 E A 7.695429 7.952871 31.000000 333.688381 74.365162
275 B E 6.495138 9.183759 38.000000 378.940855 513.899643
276 D C 5.378476 9.387690 37.000000 364.264877 248.872320
277 B E 7.727553 7.026675 30.000000 287.038110 425.714650
278 E A 6.932289 8.431363 36.000000 374.484885 100.773611
279 A C 9.302631 8.960811 29.000000 327.485879 547.991116
280 A D 6.421069 7.333596 35.000000 300.019976 689.923948
281 C C 5.945747 9.248104 31.000000 309.359623 345.951722
282 B D 9.241314 8.762104 38.000000 430.469927 483.447683
283 B B 5.560707 8.187310 35.000000 305.760347 594.256264
284 D E 9.349671 7.552272 32.000000 364.207300 71.892325
285 B A 5.584897 6.197035 35.000000 262.708556 658.744852
286 A E 7.307202 5.125994 34.000000 265.985201 670.394959
287 C C 7.774135 8.045523 32.000000 330.491423 338.901825
288 E E 6.832096 5.143591 33.000000 285.922601 173.360871
289 B B 8.547944 9.428651 40.000000 448.490287 581.283990
290 D B 5.634094 9.761854 36.000000 367.538470 241.477850
291 E B 9.797907 9.580486 40.000000 508.887431 0.000000
292 B E 6.910920 7.856137 30.000000 287.269022 425.433706
293 A D 9.178125 9.710517 34.000000 396.500282 603.819755
294 A E 6.558499 6.087630 29.000000 232.390643 568.911150
295 B B 8.247978 7.650292 30.000000 303.220850 471.711112
296 B B 6.818750 9.723986 33.000000 344.598169 506.713036
297 A A 5.824325 6.865014 39.000000 302.810534 873.623155
298 D B 7.225507 5.018316 33.000000 277.413698 345.225316
299 C B 6.148244 8.687551 36.000000 346.031158 434.735172
300 D C 5.046642 9.792629 36.000000 356.984251 238.918948
301 D D 7.230332 7.382860 32.000000 318.793292 193.816202
302 D C 9.238501 6.706119 34.000000 361.726255 179.118806
303 E E 7.695429 7.952871 31.000000 339.862381 0.000000
304 A B 6.378690 8.245959 36.000000 323.830429 755.530657
305 E E 8.674877 8.910177 34.000000 407.539094 0.000000
306 E E 5.312974 8.602911 38.000000 366.086196 76.574926
307 D B 9.298209 8.975517 31.000000 374.877307 101.922490
308 B B 5.890066 9.580486 34.000000 332.651271 543.261704
309 B B 5.221161 8.513963 33.000000 289.007466 560.450716
310 D D 9.926707 8.776278 35.000000 430.982690 25.739173
311 E D 6.545058 7.120282 33.000000 318.201736 98.511913
312 E D 8.841556 9.315260 39.000000 472.497506 0.000000
313 D A 8.915452 8.373356 30.000000 344.420543 164.601660
314 A E 6.357381 9.340918 40.000000 389.107182 734.209573
315 E C 9.797907 9.606217 39.000000 499.332505 0.000000
316 A E 7.888791 6.708149 37.000000 336.400067 696.104553
317 A B 9.532918 8.359436 36.000000 394.412858 723.768564
318 D E 6.036644 8.973153 28.000000 291.854588 134.685926
319 D E 7.185182 8.846250 31.000000 337.874651 106.140786
320 A D 7.907443 8.530312 38.000000 385.952829 710.499808
321 A E 9.656742 9.163957 33.000000 384.997827 562.086121
322 D D 9.749576 5.820022 37.000000 383.865071 177.827347
323 E B 8.900772 9.303124 40.000000 480.699507 0.000000
324 E B 7.116080 7.492044 37.000000 368.106334 122.704420
325 D D 9.398424 8.442813 29.000000 348.657524 54.110364
326 E C 8.588817 8.851111 34.000000 401.050527 0.000000
327 E A 6.922999 8.357113 37.000000 381.848503 107.978200
328 E E 9.693040 8.685088 32.000000 401.664057 0.000000
329 E E 6.430901 9.502767 34.000000 373.850826 0.000000
330 E B 9.809101 6.913017 29.000000 334.770856 5.487524
331 E C 6.495138 9.224556 37.000000 394.253204 32.720843
332 C E 8.949540 7.448813 31.000000 334.703368 261.617814
333 E A 9.948433 8.734414 40.000000 491.018325 0.000000
334 E B 9.919664 7.782796 31.000000 373.071766 0.000000
335 E B 8.820671 8.443500 38.000000 437.429100 0.000000
336 D B 8.240607 7.747415 37.000000 389.920085 222.087648
337 B C 5.664028 6.995116 31.000000 253.982088 526.259157
338 E A 8.617862 7.686106 33.000000 365.448579 47.611351
339 D B 8.257717 7.260121 33.000000 342.239186 216.654764
340 D A 9.995858 6.572803 32.000000 351.340293 201.569465
341 D B 6.599942 9.949311 29.000000 322.943006 154.925521
342 C D 7.189787 8.513806 36.000000 367.421611 357.087822
343 E D 9.957203 9.890635 36.000000 476.341306 0.000000
344 C D 9.069574 9.034166 40.000000 462.713766 304.620375
345 B C 6.759595 8.430216 37.000000 355.735800 569.417760
346 D D 9.856017 9.699277 40.000000 507.547049 0.000000
347 D B 8.867705 8.330877 31.000000 354.879626 141.584559
348 C A 6.655969 6.501728 29.000000 253.345926 407.516485
349 D E 9.469825 9.506961 37.000000 460.974642 0.000000
350 D D 9.972481 9.227873 40.000000 499.028486 3.306614
351 A A 9.799274 9.692755 39.000000 461.993487 820.562171
352 D E 8.961748 7.386278 29.000000 324.145643 87.031053
353 D E 6.430901 8.502638 34.000000 344.334192 166.606819
354 C B 9.962372 9.890635 36.000000 454.402951 277.596071
355 A D 9.693040 9.095748 32.000000 371.916719 569.389344
356 D A 9.972481 9.430007 39.000000 487.240232 120.624580
357 E D 8.619230 7.505958 33.000000 366.906734 0.000000
358 E E 5.375340 9.307392 34.000000 348.331731 25.695610
359 E D 9.470395 8.329758 36.000000 432.111321 0.000000
360 C C 8.436185 8.263467 30.000000 327.347724 293.669769
361 A E 9.797907 9.618473 39.000000 466.691285 654.900701
362 D B 7.457101 7.703775 36.000000 362.460921 251.548324
363 E C 8.900772 9.303124 40.000000 482.169507 0.000000
364 D D 8.771330 6.857850 34.000000 357.055263 160.915264
365 E D 7.888791 6.832479 30.000000 312.610855 38.607291
366 D C 9.349671 7.552272 32.000000 360.973300 130.674914
367 A A 8.236274 7.952871 31.000000 306.998091 672.227303
368 E A 8.820671 8.493633 38.000000 437.396132 0.000000
369 E D 7.695429 7.952871 31.000000 338.686381 0.000000
370 E B 9.386673 8.557686 29.000000 356.037859 0.000000
371 E A 6.461607 8.528850 34.000000 348.435320 113.726727
372 C C 5.185761 8.244749 33.000000 292.678102 421.252028
373 D E 9.614198 9.886515 40.000000 507.707117 0.000000
374 C C 9.971770 6.846089 29.000000 319.384751 280.746944
375 E E 9.221540 9.506961 37.000000 464.576707 0.000000
376 E A 9.932150 8.942281 35.000000 438.993058 0.000000
377 E B 9.310848 9.081921 31.000000 385.911500 0.000000
378 B C 5.227716 9.589046 35.000000 329.674001 546.782649
379 E B 6.824607 8.145079 37.000000 376.133020 102.771485
380 E B 9.081607 8.191439 40.000000 458.359117 0.000000
381 C D 9.948433 8.242704 39.000000 453.896609 293.727825
382 D E 9.853963 9.688760 40.000000 508.715357 0.000000
383 E D 8.980207 8.861779 37.000000 443.720090 0.000000
384 C E 9.532348 9.536635 37.000000 453.025428 212.442346
385 D C 8.944062 8.851111 34.000000 399.477509 101.099547
386 E E 6.994609 9.183759 37.000000 407.963775 0.000000
387 E B 9.816653 8.502271 31.000000 384.537992 0.000000
388 A A 7.781829 7.693437 29.000000 275.149624 632.843459
389 E C 9.087506 7.118323 40.000000 434.215883 5.149968
390 D C 6.495138 8.778041 37.000000 375.520570 225.610556
391 B E 9.304100 8.442813 29.000000 330.258286 348.130101
392 E B 7.694151 9.340918 40.000000 452.647651 0.000000
393 C B 9.006323 9.689629 39.000000 463.063283 340.038590
394 A A 9.803817 9.580486 40.000000 471.103265 842.525578
395 E E 8.772931 8.834259 32.000000 386.862054 0.000000
396 B E 7.876737 9.504229 37.000000 407.319457 454.372344
397 C A 8.726286 7.817803 37.000000 391.680782 416.153268
398 C D 9.444782 9.979659 36.000000 447.791940 228.495295
399 A A 9.058033 8.324842 35.000000 370.920376 750.919875
400 A C 8.028840 8.340953 31.000000 314.180151 605.309267
401 E E 8.896382 8.699123 29.000000 354.965789 0.000000
402 E D 7.781829 9.912493 35.000000 419.208748 0.000000
403 E E 9.883906 9.643566 38.000000 494.030361 0.000000
404 E C 9.310848 9.081921 31.000000 387.381500 0.000000
405 E B 8.835572 8.357526 37.000000 425.492773 0.000000
406 B D 8.910849 9.277701 40.000000 456.517215 503.927423
407 E B 9.773001 7.473393 40.000000 457.719461 0.000000
408 E E 9.693040 8.685088 31.000000 390.637180 0.000000
409 E C 9.116967 9.954260 37.000000 468.657230 0.000000
410 E D 9.507130 9.506961 36.000000 458.332356 0.000000
411 E E 8.844118 8.402429 35.000000 410.981486 0.000000
412 E D 8.367805 7.952871 31.000000 351.192577 0.000000
413 E B 8.863022 9.302555 31.000000 381.685738 0.000000
414 E E 8.765099 8.834259 36.000000 428.950128 0.000000
415 E C 9.654540 9.626464 36.000000 461.745704 0.000000
416 E B 8.854182 8.858211 40.000000 468.903426 0.000000
417 D E 9.953284 9.415805 40.000000 504.548142 0.000000
418 D A 9.797612 9.746083 40.000000 502.270692 117.317214
419 E D 9.665625 9.507311 37.000000 473.267196 0.000000
420 C A 9.260588 8.379292 34.000000 384.255549 351.424840
421 D A 8.957894 9.460621 37.000000 442.113030 155.614143
422 C B 6.994609 9.339501 37.000000 388.195229 398.597267
423 E D 9.972481 9.227873 40.000000 508.436486 0.000000
424 E C 8.810634 8.899946 40.000000 470.329929 0.000000
425 E B 9.319644 6.892871 40.000000 432.906359 36.784359
426 D E 9.888439 8.502271 31.000000 381.757212 7.405024
427 C C 9.957203 7.513868 29.000000 330.750629 263.508696
428 D A 8.789441 8.538806 40.000000 449.099945 217.455454
429 C A 8.867705 9.204227 31.000000 360.539936 309.231439
430 D B 9.397910 8.306041 36.000000 417.391339 142.602994
431 A D 9.789591 9.738563 40.000000 479.847710 701.033051
432 C D 9.073668 7.830465 28.000000 312.213448 245.420883
433 E D 9.323056 6.820793 29.000000 328.530970 0.000000
434 A B 9.614198 9.784972 40.000000 473.518078 788.171215
435 A A 9.470395 8.162957 37.000000 397.340419 792.113194
436 E D 6.495138 9.352728 38.000000 408.959340 0.000000
437 E E 9.410315 8.570663 29.000000 361.673022 0.000000
438 E C 9.998490 7.783364 40.000000 472.040510 0.000000
439 C E 9.475822 9.892278 31.000000 389.940674 168.635015
440 E D 7.941115 8.510058 39.000000 432.585455 0.000000
441 A C 8.576192 9.308160 35.000000 385.273382 666.207990
442 A A 8.619230 7.403114 33.000000 323.122428 716.852524
443 C D 9.856312 9.606217 39.000000 483.647185 246.126904
444 B B 9.770223 9.580135 40.000000 481.460601 549.412686
445 E E 9.953542 8.942281 30.000000 388.928825 0.000000
446 E D 6.453211 8.861779 33.000000 350.864798 10.321644
447 C E 7.573399 9.163796 40.000000 431.386668 323.867592
448 D C 7.001107 7.887698 31.000000 313.387761 204.018361
449 E E 8.674877 7.128553 34.000000 371.193968 0.000000
450 B A 9.693040 8.062774 32.000000 356.199630 502.719254
451 D B 9.964550 8.942281 36.000000 443.373555 91.071600
452 E C 9.386673 9.289323 29.000000 370.238330 0.000000
453 B E 9.044736 9.146170 38.000000 436.214655 444.216520
454 C B 8.755581 9.081921 31.000000 357.355536 293.314823
455 E A 9.654540 9.626464 36.000000 459.099704 0.000000
456 C B 8.850979 8.510058 39.000000 431.826267 385.332262
457 E D 8.741938 9.143752 36.000000 433.958897 0.000000
458 E E 9.862406 8.126441 36.000000 437.363104 0.000000
459 E B 7.724788 9.502767 34.000000 395.248138 0.000000
460 E D 9.692785 8.680357 31.000000 389.368451 0.000000
461 E C 8.861819 9.480291 36.000000 441.465573 0.000000
462 E C 9.323056 6.084833 30.000000 322.617993 41.584552
463 A C 8.588817 9.431582 34.000000 377.318143 645.583372
464 E E 7.548730 7.802904 31.000000 334.344398 0.000000
465 E B 9.762743 7.482639 40.000000 457.695162 0.000000
466 E B 9.718671 7.994334 31.000000 373.267886 0.000000
467 E C 9.386224 7.627511 29.000000 341.314992 0.000000
468 C E 8.864216 8.811073 36.000000 411.480236 257.376752
469 E B 9.232358 9.814209 38.000000 478.067713 0.000000
470 E A 9.231151 9.028101 37.000000 447.985404 0.000000
471 E D 6.342455 8.570663 29.000000 307.116252 28.442719
472 E D 8.039569 8.072752 40.000000 434.323698 0.000000
473 E B 9.891561 8.784269 32.000000 402.381945 0.000000
474 E C 9.267682 8.834259 30.000000 371.110934 0.000000
475 D E 8.844118 8.405699 34.000000 391.586276 60.289628
476 D D 6.994609 8.531222 35.000000 364.262460 170.299671
477 C E 9.328198 8.834259 34.000000 400.208127 226.351469
478 E D 8.392210 7.339808 31.000000 340.243522 0.000000
479 A D 7.897916 8.503270 38.000000 385.119041 711.027874
480 A D 8.756981 6.859799 33.000000 320.384241 627.026581
481 E B 9.168589 8.362530 37.000000 432.996836 0.000000
482 C B 9.310848 9.379074 31.000000 373.210552 270.325050
483 E E 6.400263 9.438756 40.000000 428.940444 0.000000
484 C C 8.367805 9.817027 37.000000 430.457285 312.286935
485 E C 9.693040 8.511117 31.000000 383.873313 0.000000
486 C D 9.516538 8.850719 37.000000 435.977099 272.399041
487 E B 9.059667 6.977177 40.000000 428.690242 47.254382
488 B C 9.236504 8.379292 31.000000 346.175804 429.455755
489 E A 9.798294 8.502271 31.000000 383.020519 0.000000
490 A E 8.896259 8.941436 34.000000 376.236990 593.218707
491 E B 8.523385 9.448278 31.000000 378.078917 0.000000
492 E D 9.697040 7.520745 31.000000 367.878816 0.000000
493 E D 9.502561 8.699123 29.000000 364.337314 0.000000
494 B E 8.674877 7.239876 34.000000 346.122950 453.828095
495 E D 9.889848 9.028063 35.000000 444.904135 0.000000
496 A C 9.328273 9.352728 37.000000 424.420217 694.677231
497 E D 8.970213 8.671707 37.000000 439.278615 0.000000
498 C A 8.853463 6.916047 36.000000 365.023423 428.029282
499 C A 9.818665 8.942281 35.000000 418.381869 329.216764
500 E E 8.765099 8.834259 40.000000 471.188587 0.000000
501 E A 6.446476 9.534205 29.000000 320.693841 55.768635
502 E C 8.756723 8.834259 36.000000 425.241219 0.000000
503 E D 9.746210 8.705573 32.000000 401.902218 0.000000
504 C B 9.844808 8.611357 33.000000 391.010064 294.515757
505 E E 8.844118 8.413009 29.000000 349.078019 0.000000
506 C B 9.659497 9.091647 31.000000 374.349285 268.673886
507 E E 7.781829 9.848929 35.000000 419.049910 0.000000
508 E C 9.718671 8.001304 31.000000 374.867523 0.000000
509 E C 8.366903 7.938877 31.000000 348.563518 0.000000
510 E D 8.863022 9.302555 31.000000 385.507738 0.000000
511 B D 9.618260 8.347218 31.000000 354.149888 394.943727
512 C D 8.534991 9.448278 32.000000 373.502765 247.357976
513 A E 8.721618 9.449415 32.000000 361.231840 553.722312
514 E E 6.798558 9.205566 37.000000 404.095551 0.000000
515 E B 9.781086 9.608893 32.000000 416.093599 0.000000
516 E C 7.548730 8.006902 30.000000 325.277385 34.758779
517 E C 9.399500 8.906471 31.000000 385.767071 0.000000
518 D E 8.808895 8.693685 28.000000 333.733353 40.458706
519 E C 9.410315 8.369959 28.000000 343.984609 0.000000
520 B B 9.533234 7.627511 30.000000 325.945422 449.744026
521 E B 9.505456 8.329758 36.000000 429.046634 0.000000
522 E C 8.446936 7.525237 30.000000 332.775108 15.514623
523 B B 7.721976 9.502767 34.000000 368.436760 508.669066
524 C C 9.323056 6.820793 38.000000 394.833754 391.315957
525 C E 8.471411 7.505958 33.000000 346.045906 292.524542
526 E B 9.894444 8.719386 31.000000 390.023238 0.000000
527 E E 9.693040 8.545987 31.000000 388.049905 0.000000
528 D E 9.323056 7.667249 37.000000 416.874758 78.390545
529 E E 9.811707 8.685088 31.000000 392.844387 0.000000
530 D D 9.697040 7.571773 32.000000 369.781209 83.342380
531 E D 9.919664 7.775827 31.000000 376.764129 0.000000
532 B D 8.328904 9.134576 34.000000 376.246980 444.900356
533 E B 9.953542 8.942281 30.000000 383.930825 0.000000
534 B C 7.695429 7.952871 31.000000 309.580381 467.880950
535 E C 7.981997 9.112597 37.000000 424.775967 0.000000
536 B B 7.683822 7.952871 31.000000 307.894495 492.193255
537 E E 6.451575 8.488667 40.000000 407.369813 12.356918
538 D D 9.236504 8.379292 30.000000 355.304327 64.708959
539 A E 9.628943 8.712430 29.000000 331.487894 499.543074
540 E B 6.537273 8.075223 34.000000 341.900928 112.781178
541 D C 9.267682 8.834259 29.000000 351.429770 75.398209
542 B C 9.083557 9.202100 29.000000 336.692425 389.413304
543 C E 8.674877 7.141619 34.000000 352.350518 306.911778
544 C A 9.059667 6.883315 40.000000 407.033569 469.915246
545 A D 9.386673 8.557686 29.000000 323.403859 525.114156
546 E E 6.459380 9.183759 38.000000 405.467575 0.000000
547 A A 8.679148 8.724748 34.000000 360.919473 729.253509
548 E B 8.838384 8.495197 38.000000 439.011661 0.000000
549 E D 9.323056 7.067478 29.000000 332.823287 0.000000
550 E D 9.251169 7.610601 29.000000 341.022795 0.000000
551 B D 9.502561 8.616655 32.000000 367.880955 404.381851
552 D D 9.290565 6.340299 31.000000 328.954087 146.801144
553 E B 7.749165 7.994710 30.000000 327.195741 49.299060
554 E B 8.503123 9.100031 31.000000 371.224650 0.000000
555 C D 6.629620 9.502767 34.000000 357.324697 323.242884
556 C C 7.695429 7.952871 31.000000 317.812381 333.131705
557 B C 9.816653 8.302853 34.000000 388.159926 460.372428
558 D A 8.966087 7.782796 28.000000 314.603238 170.757585
559 E B 9.377099 8.877796 31.000000 383.347046 0.000000
560 B E 9.634896 8.691239 35.000000 406.310837 405.599499
561 D E 9.612828 8.490727 31.000000 376.416113 19.422496
562 D E 9.697678 8.080968 32.000000 381.040003 34.018744
563 A A 9.412495 7.217146 29.000000 295.235749 626.148084
564 D D 8.348174 7.952871 31.000000 341.419436 119.792889
565 B E 7.548730 7.802904 29.000000 288.580436 398.838152
566 E D 9.251562 7.573628 29.000000 340.386304 0.000000
567 E E 9.986134 8.942281 31.000000 400.872532 0.000000
568 C C 8.670747 7.987237 32.000000 346.587301 314.489744
569 A A 9.323056 7.627511 29.000000 300.819872 624.286709
570 E A 8.785727 9.499163 33.000000 404.670820 0.000000
571 E C 9.687397 8.643912 31.000000 386.238336 0.000000
572 B D 7.724788 9.502767 31.000000 340.424537 410.499125
573 E E 9.383315 8.794326 29.000000 365.094956 0.000000
574 E C 9.682839 8.685088 31.000000 386.919450 0.000000
575 C E 8.772931 8.698630 29.000000 333.699166 213.308220
576 E D 8.424700 7.342002 29.000000 321.968614 0.000000
577 E D 9.715348 7.952495 29.000000 355.048465 0.000000
578 E B 9.783715 9.648646 31.000000 405.247914 0.000000
579 A E 8.863022 9.302555 31.000000 350.227738 536.425183
580 E C 8.982954 9.501317 30.000000 377.992872 0.000000
581 E B 8.588817 8.496293 31.000000 361.589057 0.000000
582 D B 9.509587 8.821528 31.000000 375.944742 99.805411
583 E E 9.820831 7.634186 34.000000 404.886341 0.000000
584 E E 8.732759 7.178630 31.000000 344.755837 0.000000
585 E B 9.046534 8.428258 31.000000 368.837128 0.000000
586 E E 9.410315 8.700269 29.000000 363.928158 0.000000
587 C C 9.463109 8.756804 31.000000 365.644383 260.586502
588 E A 9.210186 8.834259 29.000000 356.603341 0.000000
589 D E 8.896382 8.780607 31.000000 368.481984 37.274287
590 A D 9.696648 7.392548 31.000000 329.031041 571.550274
591 A B 8.366903 7.938877 30.000000 301.442050 615.605427
592 C D 9.700797 8.719386 31.000000 370.839396 226.619367
593 C B 9.718671 9.105751 34.000000 409.596197 292.565864
594 E C 9.748111 8.072330 32.000000 387.428473 0.000000
595 E A 9.890379 7.350181 31.000000 363.304421 2.793066
596 E B 9.316491 8.274339 32.000000 381.549931 0.000000
597 E B 9.697463 9.366068 34.000000 432.702023 0.000000
598 B B 9.113614 8.413009 30.000000 332.531217 443.377757
599 E D 9.158894 8.379292 30.000000 363.315355 0.000000
600 E D 9.922537 7.775827 31.000000 376.817569 0.000000
601 B D 8.622318 8.063533 33.000000 350.371848 449.225505
602 E C 9.410315 8.081062 29.000000 349.625967 0.000000
603 A A 9.798294 8.432835 31.000000 344.978996 659.567001
604 E C 8.548687 7.953157 29.000000 332.408087 0.000000
605 E B 9.395061 8.788047 29.000000 360.192063 0.000000
606 E E 8.835450 8.464987 31.000000 370.592127 0.000000
607 E E 6.624704 9.525784 34.000000 378.273947 0.000000
608 E C 8.982954 7.344525 30.000000 339.170624 0.000000
609 E E 9.816653 9.009979 31.000000 398.979360 0.000000
610 E D 9.796168 7.513712 31.000000 369.591776 0.000000
611 E C 8.346932 8.379292 30.000000 346.348026 0.000000
612 E A 8.856924 8.507601 31.000000 365.610154 0.000000
613 A D 9.921834 8.699123 31.000000 357.521804 553.506124
614 C E 9.986962 7.491743 31.000000 354.797903 227.792013
615 E B 8.355977 7.950381 32.000000 356.888064 25.563124
616 B D 8.588817 8.594165 31.000000 339.595466 411.438739
617 E B 9.328861 7.570935 29.000000 337.862448 0.000000
618 D A 9.919664 7.727333 31.000000 361.456140 157.517953
619 D C 9.386673 8.956981 30.000000 366.641773 68.960069
620 E D 9.714164 8.422087 32.000000 395.844023 0.000000
621 E D 9.946612 8.160865 29.000000 362.698105 0.000000
622 E C 8.459387 7.615221 28.000000 315.329417 10.291897
623 E E 8.732759 7.178630 32.000000 354.302670 0.000000
624 E A 8.396877 7.064556 33.000000 348.766367 87.926696
625 E C 9.210186 8.834259 28.000000 348.422674 0.000000
626 E B 9.953542 8.591101 32.000000 399.863152 0.000000
627 E E 9.236504 8.379292 30.000000 365.888327 0.000000
628 E E 9.706925 8.007584 31.000000 378.293856 0.000000
629 E C 9.410315 8.427797 29.000000 355.659144 0.000000
630 E E 8.881489 8.676107 29.000000 354.306164 0.000000
631 E D 8.159280 9.305474 29.000000 351.514715 0.000000
632 E B 8.622216 9.100031 31.000000 373.439788 0.000000
633 E C 9.323056 7.074511 29.000000 330.593667 0.000000
634 E B 9.386915 7.938877 31.000000 366.065734 0.000000
635 E B 9.487320 8.920580 31.000000 386.192940 0.000000
636 C B 9.382703 8.947298 29.000000 344.520018 261.926324
637 E C 7.382659 7.765754 31.000000 327.036472 55.243789
638 E D 9.704789 8.083924 31.000000 378.498059 0.000000
639 E B 9.112977 6.619463 29.000000 317.550461 48.251506
640 E D 8.530312 9.448278 30.000000 371.242609 0.000000
641 D A 9.251562 7.829052 29.000000 330.424678 165.960541
642 A D 7.548730 8.106714 31.000000 302.363266 588.439865
643 C B 9.386673 8.557686 29.000000 337.809859 271.656055
644 E C 8.370984 7.056208 31.000000 332.221762 41.934877
645 A B 9.358096 7.627511 30.000000 313.678929 610.098832
646 C D 9.267682 8.834259 30.000000 354.058934 228.468105
647 C D 9.389576 7.617891 29.000000 324.153914 251.316138
648 E D 9.502497 8.977714 30.000000 380.271792 0.000000
649 E C 8.403211 7.188251 31.000000 335.277197 34.092594
650 E C 9.502561 8.699123 29.000000 361.985314 0.000000
651 E C 8.389189 7.371923 29.000000 319.519357 24.537717
652 E E 8.346932 9.336028 29.000000 356.487503 0.000000
653 D E 9.152694 8.465994 29.000000 346.255165 37.284629
654 B D 8.165925 7.952871 29.000000 300.459046 405.793348
655 E D 9.323243 7.864621 30.000000 357.009546 0.000000
656 C C 8.833907 8.081062 29.000000 321.074473 278.184200
657 A E 9.061668 8.834259 29.000000 323.737138 504.968603
658 E C 8.652089 8.401798 29.000000 342.013643 0.000000
659 E D 9.251169 7.549047 29.000000 339.951752 0.000000
660 B D 8.588817 8.496293 29.000000 317.272924 386.737619
661 E D 8.724160 7.174868 31.000000 343.349905 0.000000
662 C D 9.054629 8.379784 32.000000 362.964721 264.218846
663 E C 9.665047 8.699123 29.000000 364.812571 0.000000
664 E A 9.514762 8.274075 31.000000 373.502378 0.000000
665 D E 8.449796 9.147606 29.000000 345.884800 38.117949
666 E D 7.598024 7.698742 31.000000 332.147852 10.857401
667 E A 9.385145 7.460380 29.000000 335.742130 19.401937
668 E C 8.893230 7.505958 34.000000 379.819446 0.000000
669 E B 9.410315 8.427797 29.000000 354.189144 0.000000
670 C B 9.409187 7.344525 29.000000 317.092592 301.696092
671 E B 8.881489 8.856649 29.000000 352.449593 0.000000
672 E C 9.333011 6.371852 29.000000 318.540610 27.049835
673 D E 9.236504 8.197831 30.000000 353.508027 45.965690
674 B D 8.162300 9.378389 31.000000 346.248815 403.898276
675 E B 9.439907 8.465351 28.000000 344.614345 0.000000
676 E D 8.733130 7.182089 32.000000 353.200205 0.000000
677 B D 8.770267 7.012443 31.000000 313.550414 440.956464
678 D D 9.903058 7.513712 31.000000 362.171933 74.829145
679 E E 9.420526 8.463143 28.000000 349.249634 0.000000
680 B A 8.835450 8.475742 31.000000 337.276167 494.119589
681 A B 9.395061 8.805381 30.000000 335.545947 600.258674
682 D B 9.386915 7.839221 32.000000 365.727821 145.068972
683 E B 9.328861 7.570935 31.000000 358.142203 0.000000
684 A E 9.422481 8.596102 30.000000 336.682485 520.906860
685 A C 9.143835 7.071240 30.000000 301.573358 587.243003
686 A B 9.697040 8.419868 31.000000 344.912488 621.043730
687 C D 9.502561 8.699123 29.000000 344.933314 218.069097
688 E E 8.621897 8.507643 31.000000 367.413448 0.000000
689 A D 9.328324 8.490995 29.000000 321.228163 526.492097
690 E E 9.946612 8.160865 29.000000 363.874105 0.000000
691 E C 9.839959 7.523845 28.000000 336.987904 0.000000
692 E D 9.210186 8.766581 28.000000 349.637687 0.000000
693 C A 9.386673 8.805134 28.000000 330.024363 276.444647
694 E C 8.481442 7.418155 29.000000 321.928982 18.353013
695 D B 8.327379 7.944547 31.000000 337.643820 175.768908
696 E E 9.323056 7.100823 29.000000 334.579494 0.000000
697 A C 7.805129 7.952871 31.000000 302.800809 611.567905
698 E B 9.543088 7.799057 29.000000 345.559325 0.000000
699 E B 9.406824 8.427797 29.000000 354.128401 0.000000
700 E D 9.569515 8.794326 29.000000 367.158838 0.000000
701 D E 8.982153 8.643984 30.000000 356.960477 38.197677
702 E B 8.732759 6.493902 32.000000 336.157882 77.043075
703 E E 8.580677 7.144692 31.000000 341.295864 0.000000
704 E C 9.389125 8.494617 29.000000 356.453106 0.000000
705 C C 8.736832 8.427797 29.000000 325.418530 271.595713
706 E C 9.323640 7.549047 30.000000 348.984359 0.000000
707 C B 8.982954 7.237844 30.000000 317.552354 326.029436
708 E D 8.609797 8.519048 29.000000 345.669891 0.000000
709 C B 9.565245 8.405376 31.000000 359.831549 289.724604
710 A A 9.001939 8.834259 29.000000 316.229844 619.150052
711 B C 8.733130 7.378086 32.000000 327.857362 473.690119
712 E E 9.883265 7.787061 30.000000 366.869867 0.000000
713 E C 8.398744 8.551844 30.000000 350.386591 0.000000
714 E C 9.073469 8.547644 28.000000 341.310701 0.000000
715 E D 9.410315 8.570663 29.000000 360.497022 0.000000
716 E E 8.481551 7.523845 28.000000 317.694649 0.000000
717 E D 8.400203 7.312669 31.000000 339.887424 0.000000
718 D B 9.297200 7.864621 30.000000 343.898775 138.363246
719 C C 9.251439 8.308414 28.000000 321.759529 252.145198
720 D C 7.695429 7.952871 31.000000 327.514381 174.823345
721 D D 8.606596 7.945858 30.000000 336.164169 106.179301
722 E C 9.208117 7.953157 29.000000 343.882168 0.000000
723 B B 8.341682 7.667209 29.000000 295.606711 454.071446
724 A B 9.416526 8.105948 29.000000 312.829056 585.481275
725 A E 9.328861 7.570935 32.000000 336.824080 570.807744
726 D B 8.740899 8.808965 31.000000 361.413475 128.625758
727 E D 8.180470 9.332141 29.000000 352.347441 0.000000
728 E B 9.413983 7.144932 29.000000 331.931114 12.539551
729 C B 9.250585 6.776658 29.000000 304.452021 320.024920
730 E C 8.881489 9.354769 29.000000 362.586889 0.000000
731 E E 9.733852 7.935178 28.000000 345.643709 0.000000
732 D D 8.367805 7.975292 29.000000 322.589883 110.590254
733 D A 9.449156 7.844002 28.000000 323.747048 153.536743
734 E D 8.872005 7.359926 32.000000 359.281063 0.000000
735 C B 7.449746 8.745502 31.000000 326.809609 337.606417
736 E B 9.424456 8.124078 29.000000 349.150489 0.000000
737 B D 9.468415 8.376557 28.000000 319.787530 358.887733
738 A E 9.704476 9.336028 29.000000 343.652774 491.027659
739 E A 7.840439 7.886276 29.000000 316.274841 66.447884
740 C D 8.750202 7.174868 31.000000 324.430301 300.873918
741 E C 8.779330 7.100778 29.000000 321.589883 19.223368
742 C C 9.386224 6.854327 29.000000 309.339584 295.982114
743 E A 9.500466 8.848588 29.000000 361.903548 0.000000
744 E C 9.479108 8.314336 29.000000 354.881933 0.000000
745 E B 9.456419 9.063819 28.000000 354.945994 0.000000
746 E C 9.328305 8.339594 30.000000 363.298192 0.000000
747 D E 9.323002 7.563968 29.000000 333.523277 65.931376
748 E A 9.864532 7.521389 29.000000 345.145035 0.000000
749 C C 9.178511 7.107790 29.000000 310.135636 294.774769
750 C C 9.328861 7.554274 31.000000 340.780320 298.296999
751 A C 9.417596 7.210005 29.000000 299.022256 563.646109
752 E C 9.328861 7.570935 29.000000 339.332448 0.000000
753 B A 9.692443 8.558324 28.000000 321.900891 432.444828
754 E B 8.424700 8.060391 29.000000 330.646577 15.729485
755 B E 8.878193 8.207556 31.000000 339.256925 387.181758
756 D D 9.323056 7.176929 29.000000 325.319737 104.675569
757 C E 9.389256 7.934933 31.000000 351.923907 232.629906
758 E D 9.247322 7.621142 31.000000 361.381422 0.000000
759 A E 8.376616 8.413009 29.000000 304.487487 518.443359
760 E C 9.188424 8.068043 29.000000 345.538533 0.000000
761 E E 8.180470 9.332141 29.000000 353.523441 0.000000
762 E E 9.444962 8.856649 31.000000 389.213952 0.000000
763 C B 9.251169 7.552628 29.000000 317.964078 300.432437
764 E C 9.414937 7.062865 28.000000 322.103075 0.000000
765 E D 9.591935 7.451000 31.000000 364.626580 0.000000
766 E C 9.290144 8.420792 32.000000 385.325976 0.000000
767 E C 8.651453 8.577125 29.000000 345.053254 0.000000
768 E C 8.580677 6.405235 29.000000 306.030875 59.158153
769 E A 9.733852 7.638530 28.000000 334.486014 0.000000
770 E C 9.323056 7.922576 29.000000 345.350002 0.000000
771 D D 8.611627 8.524352 29.000000 336.386034 80.698593
772 E B 9.156785 9.661956 32.000000 405.125828 0.000000
773 E B 8.405704 6.572757 28.000000 295.444144 78.148859
774 C D 9.426540 8.601131 28.000000 331.088874 215.220201
775 E B 8.481551 7.515116 29.000000 322.147999 36.834285
776 E C 9.756570 7.985784 29.000000 353.992963 0.000000
777 A D 8.982954 7.344525 30.000000 305.066624 561.727738
778 A B 9.927101 7.521389 29.000000 311.541726 586.060573
779 E D 9.410315 7.362674 29.000000 339.478005 0.000000
780 E C 7.716102 8.131124 28.000000 311.509389 20.096636
781 D A 8.732759 6.822494 31.000000 322.549706 230.791736
782 E B 8.317963 6.910178 30.000000 317.912536 72.352353
783 E E 7.410021 7.792363 29.000000 313.325491 0.000000
784 E E 8.911811 8.427797 29.000000 350.513172 0.000000
785 A B 9.424456 8.124078 29.000000 313.282489 585.277230
786 A B 9.383330 8.427797 29.000000 317.851602 583.221129
787 E C 8.340860 8.379292 29.000000 336.206642 0.000000
788 E E 7.695429 7.949289 31.000000 339.795757 0.000000
789 E C 9.839959 8.825265 28.000000 358.851764 0.000000
790 E D 8.369807 7.337103 30.000000 330.352389 0.000000
791 E C 8.432240 7.549047 30.000000 332.939153 15.093575
792 A C 9.323692 7.238779 29.000000 297.888991 564.269405
793 A A 8.521630 9.613703 31.000000 343.197205 660.160932
794 E D 9.323056 7.924160 28.000000 337.381226 0.000000
795 E D 8.367805 6.933237 31.000000 332.227377 10.642681
796 E D 8.442732 7.274432 33.000000 358.827852 0.000000
797 E B 8.732759 7.178630 30.000000 330.211004 41.811158
798 E D 9.073469 8.547644 32.000000 385.953373 0.000000
799 A E 8.718146 6.956146 31.000000 303.889822 568.861724
800 C B 9.504519 8.128376 29.000000 332.390375 279.514307
801 C A 9.184101 7.964028 29.000000 322.779445 311.466784
802 D B 9.541402 7.658959 29.000000 334.272279 132.455797
803 C B 8.732759 7.178630 33.000000 340.623504 367.576269
804 B C 9.390295 7.943157 29.000000 320.124065 406.810082
805 B B 9.369119 8.124078 29.000000 321.433618 429.105436
806 D E 9.733852 7.953191 28.000000 336.832321 33.486028
807 E D 8.392210 7.339808 28.000000 311.925891 0.000000
808 E E 9.323056 7.922576 30.000000 359.225382 0.000000
809 E C 9.410684 7.387485 29.000000 337.564148 0.000000
810 C C 9.877182 7.511459 29.000000 329.316351 265.684018
811 D C 8.724160 7.174868 31.000000 332.177905 165.185396
812 D D 9.252730 7.548331 28.000000 320.477832 90.166363
813 D E 6.695272 7.854444 29.000000 292.855069 157.434844
814 E E 9.518696 6.996333 28.000000 326.256481 0.000000
815 E E 9.323585 8.309003 29.000000 355.611024 0.000000
816 D D 8.369807 7.337103 30.000000 320.944389 139.155490
817 E C 9.129276 7.571286 29.000000 335.865783 0.000000
818 D B 8.348587 8.254787 30.000000 333.846731 158.299800
819 D C 9.227649 7.824516 30.000000 343.394969 117.003465
820 E C 9.210892 8.811087 28.000000 348.045252 0.000000
821 E D 8.602391 7.996670 30.000000 346.411112 0.000000
822 E C 8.481551 8.585203 28.000000 331.997460 0.000000
823 E C 8.411272 7.312669 31.000000 337.741301 27.768061
824 D D 7.706823 7.949500 31.000000 329.427607 145.775184
825 E E 9.229148 7.364410 29.000000 337.531914 0.000000
826 E C 9.328329 8.059847 28.000000 337.397354 0.000000
827 E B 9.441593 8.455915 29.000000 355.222630 0.000000
828 E C 9.999190 7.074511 29.000000 342.358399 0.000000
829 A E 8.204356 7.116403 29.000000 278.929195 536.334163
830 E D 9.323056 7.100823 29.000000 333.403494 0.000000
831 E C 7.469640 7.934858 30.000000 322.556976 41.741161
832 E A 9.839959 7.523845 30.000000 355.178469 0.000000
833 A C 8.430461 8.498268 29.000000 304.261874 560.764319
834 B E 9.165002 7.602700 29.000000 313.220005 368.860011
835 E A 9.255933 6.877515 29.000000 323.351996 49.344760
836 E C 8.982954 7.250421 31.000000 347.216777 3.447671
837 E C 9.322471 7.509584 30.000000 348.253002 0.000000
838 E D 8.609797 8.489090 29.000000 345.148625 0.000000
839 B D 9.208117 7.926018 30.000000 328.406435 399.119641
840 E D 8.843590 6.552291 29.000000 315.516329 5.762512
841 A D 8.424700 7.467224 30.000000 297.226635 566.693065
842 E D 9.315721 7.823796 29.000000 345.855604 0.000000
843 E C 8.616981 8.163517 30.000000 347.324964 0.000000
844 D D 9.410315 8.369959 28.000000 336.928609 54.523013
845 E B 7.548730 8.186696 32.000000 345.926171 52.785159
846 A E 9.251169 9.200555 29.000000 333.407993 498.199005
847 D A 8.737669 7.515767 29.000000 316.031789 193.067147
848 D D 9.062401 8.611099 28.000000 335.134799 58.409602
849 E C 7.695429 7.674990 31.000000 331.165788 44.645210
850 B D 8.580677 7.144692 31.000000 312.483864 442.165220
851 A C 8.868566 7.448249 30.000000 303.404676 586.235778
852 B B 9.328861 8.069776 29.000000 319.788291 430.695918
853 E E 9.323056 7.111579 30.000000 344.627429 0.000000
854 E A 9.386224 8.031924 29.000000 345.705771 0.000000
855 D B 9.464251 6.996333 28.000000 311.523796 152.573622
856 B E 8.392210 7.339808 28.000000 285.759891 377.269816
857 E A 9.556166 6.715265 29.000000 325.752891 43.542597
858 E C 7.410021 7.487343 29.000000 304.490147 63.112688
859 E C 9.251242 7.574253 29.000000 338.039608 0.000000
860 B D 8.732759 7.178630 31.000000 315.943837 438.243918
861 E D 8.385208 7.431584 31.000000 341.820324 0.000000
862 E E 8.399714 8.630949 28.000000 334.919146 0.000000
863 E B 9.230327 8.277209 31.000000 369.446179 0.000000
864 B D 9.502517 8.255731 29.000000 328.985521 373.463343
865 E C 9.175175 8.537814 29.000000 353.482012 0.000000
866 E B 9.439907 8.748571 28.000000 349.372431 0.000000
867 D D 9.328329 8.059847 28.000000 330.341354 68.795399
868 E C 9.085427 8.375194 29.000000 349.090807 0.000000
869 E A 7.682707 7.781586 30.000000 320.987273 80.059508
870 E E 9.879740 8.535141 29.000000 369.222924 0.000000
871 A A 9.112320 7.624271 29.000000 297.096683 625.527772
872 D A 9.323056 7.810043 29.000000 331.337920 164.240600
873 E B 9.186035 7.719604 29.000000 337.964105 0.000000
874 E E 9.839102 7.062865 29.000000 342.898229 0.000000
875 B C 8.411659 8.270851 31.000000 328.816676 447.682840
876 E D 9.323056 7.626439 30.000000 352.718901 0.000000
877 D D 8.369807 7.490424 30.000000 323.704159 133.175988
878 C D 9.073469 8.608280 28.000000 325.277388 224.518580
879 D E 8.362966 7.520954 28.000000 306.539849 101.644089
880 E D 8.580677 7.144692 31.000000 340.119864 0.000000
881 E D 8.478879 8.029625 29.000000 334.875976 0.000000
882 D E 9.839959 7.541981 28.000000 331.706589 45.018925
883 D C 9.323056 7.922576 29.000000 336.530002 106.191062
884 E D 9.328789 7.607282 29.000000 342.315634 0.000000
885 E A 9.323056 7.100823 29.000000 328.405494 37.132141
886 D C 7.348069 7.752472 31.000000 317.326066 195.879198
887 E B 9.022302 7.250994 31.000000 346.489293 26.386740
888 E D 7.673218 7.952860 29.000000 319.521765 0.000000
889 D C 9.231871 7.344525 31.000000 344.776975 139.147319
890 E D 8.812313 7.113822 29.000000 324.742743 0.000000
891 E E 9.410315 7.888821 28.000000 339.429495 0.000000
892 E C 9.347699 7.563428 28.000000 329.382933 0.000000
893 E E 8.695938 7.597890 29.000000 332.316619 0.000000
894 E E 9.745451 7.674557 28.000000 341.460136 0.000000
895 E A 8.592809 7.521389 30.000000 332.685562 51.788642
896 E D 9.326349 7.367651 29.000000 338.103609 0.000000
897 D D 8.424700 7.342002 29.000000 312.560614 132.320336
898 A E 9.410684 7.387485 28.000000 294.557247 500.394527
899 E C 7.696904 7.312669 31.000000 324.454060 61.871981
900 E B 8.398728 7.993924 31.000000 348.709323 20.873666
901 D D 9.386224 7.667406 30.000000 345.185337 86.633436
902 E A 8.397665 7.339808 28.000000 307.019542 63.814858
903 E B 8.317429 7.588378 30.000000 330.110531 42.060666
904 E A 8.640189 7.803364 28.000000 318.881697 35.147983
905 B E 9.806554 7.004534 28.000000 303.888273 355.213618
906 B E 7.695429 7.952778 31.000000 312.518655 419.713319
907 B D 8.772218 6.927271 31.000000 312.002479 442.710790
908 A C 9.549647 7.563428 29.000000 307.469521 559.000114
909 E A 9.638505 8.058708 28.000000 339.943175 0.000000
910 A D 9.228602 8.112103 31.000000 333.709117 568.587493
911 E B 9.479176 7.957497 30.000000 357.666109 0.000000
912 E C 9.073469 8.461639 28.000000 339.865816 0.000000
913 C C 9.240914 7.571286 29.000000 319.286288 280.896280
914 E C 8.974557 7.068812 28.000000 314.804600 11.638925
915 A E 9.323056 8.258183 29.000000 318.261555 508.801511
916 E C 7.789744 7.070634 29.000000 303.846583 64.764505
917 E D 8.517068 6.810003 29.000000 314.319033 8.995211
918 E E 8.399714 7.567294 31.000000 345.790349 0.000000
919 B D 9.358779 7.545099 31.000000 334.404117 417.322267
920 E E 9.061813 7.067478 29.000000 329.453664 0.000000
921 E E 9.328861 7.570935 29.000000 342.860448 0.000000
922 E B 8.695938 7.597890 29.000000 327.318619 23.993913
923 D E 8.557140 7.648866 28.000000 311.950904 89.469215
924 E E 9.321377 7.903927 28.000000 338.189105 0.000000
925 E E 9.422075 7.574253 30.000000 354.737906 0.000000
926 E B 9.326349 7.367651 29.000000 334.281609 6.702488
927 E D 7.893385 7.952860 29.000000 323.352660 0.000000
928 A D 9.124013 7.967677 29.000000 308.567408 534.510575
929 D E 9.685890 7.194732 31.000000 353.669562 70.602235
930 E E 8.478411 7.515643 28.000000 317.504105 0.000000
931 E D 9.323056 7.924253 28.000000 337.382785 0.000000
932 B D 7.710958 7.540605 31.000000 303.671071 452.153053
933 E E 7.548730 7.791340 31.000000 334.129299 0.000000
934 A B 9.410068 7.306999 29.000000 298.814974 591.787612
935 A E 8.488373 7.953157 29.000000 298.430622 522.683164
936 B E 7.111593 7.806096 29.000000 281.029788 408.024774
937 B B 8.481551 8.585203 28.000000 303.773460 421.176922
938 E E 9.229148 7.699130 29.000000 343.356043 0.000000
939 E B 9.323056 7.350225 30.000000 343.925050 7.754610
940 E B 8.340860 7.074070 30.000000 321.274734 64.002895
941 E D 9.320616 7.869139 31.000000 367.357452 0.000000
942 E D 9.333975 7.235179 29.000000 335.931287 0.000000
943 D D 8.370067 8.688650 28.000000 324.806432 80.787730
944 E D 8.369232 7.040509 29.000000 315.757494 5.111365
945 E D 9.330740 7.573628 29.000000 341.764013 0.000000
946 B C 8.812313 7.113822 29.000000 295.636743 432.521769
947 D D 9.810390 7.302333 31.000000 356.516637 87.082286
948 C D 9.745672 7.524595 29.000000 328.726647 243.999765
949 B C 9.966253 7.521143 28.000000 312.310252 390.014586
950 A B 8.392210 7.971523 31.000000 312.303422 635.717810
951 E C 9.061813 7.067478 29.000000 325.925664 8.094862
952 E E 8.629255 7.848239 29.000000 335.512407 0.000000
953 E C 9.512917 7.387485 29.000000 339.342998 0.000000
954 B C 9.414937 7.062865 28.000000 295.349075 407.823821
955 E B 9.201741 6.820793 29.000000 322.598089 35.716563
956 E C 7.802318 7.952871 31.000000 338.322509 26.276294
957 A C 9.019792 7.571286 29.000000 298.386763 563.995630
958 A C 8.004707 7.880193 29.000000 286.099260 570.753757
959 B B 9.285733 7.074511 29.000000 301.720246 448.161696
960 E D 8.734716 7.339808 30.000000 336.969424 0.000000
961 D C 9.410315 7.888821 28.000000 327.081495 100.717978
962 C C 9.381735 7.563233 30.000000 331.763425 286.972622
963 E E 8.694854 7.944839 28.000000 328.350842 0.000000
964 E B 9.828770 8.549572 28.000000 352.562140 0.000000
965 B B 8.424700 7.545063 29.000000 294.925876 454.729586
966 E D 8.340860 8.379292 29.000000 338.558642 0.000000
967 E D 8.456834 6.916093 31.000000 333.564460 7.032558
968 B D 9.323056 7.363050 28.000000 300.318574 380.952550
969 C E 9.387701 7.160675 28.000000 307.706715 232.062180
970 E E 9.387198 7.676936 31.000000 366.196884 0.000000
971 B E 7.893385 8.008191 30.000000 307.690358 400.587748
972 E C 9.073469 8.590680 30.000000 363.230681 0.000000
973 D B 8.357200 7.567974 30.000000 321.639135 182.511532
974 E B 8.463386 7.566711 28.000000 313.111633 34.274595
975 E A 9.670146 7.638530 28.000000 333.415747 0.024028
976 B E 9.446591 8.059847 28.000000 315.570146 341.000673
977 A C 7.636363 7.597890 29.000000 274.778007 576.980446
978 A D 7.570902 7.327425 30.000000 279.341896 578.020066
979 B E 9.323056 7.103866 29.000000 307.290441 376.074314
980 E C 9.876300 8.064904 28.000000 346.688220 0.000000
981 D D 9.161781 7.371407 29.000000 325.897461 103.423836
982 E E 7.658214 7.831691 32.000000 346.210166 0.000000
983 E C 8.982954 7.417489 30.000000 340.483979 0.000000
984 A E 8.265429 8.107908 28.000000 287.420064 505.390555
985 B D 9.348103 7.235179 28.000000 298.591149 382.910297
986 E B 9.348214 7.571130 29.000000 338.202579 0.000000
987 A C 7.695429 9.011121 31.000000 320.443827 601.864245
988 E A 9.186035 7.849467 29.000000 339.047721 11.413423
989 A E 9.134495 7.362674 28.000000 289.500431 503.934298
990 A C 9.323056 7.100823 29.000000 295.477494 565.595729
991 A A 9.266424 7.327591 28.000000 284.659450 604.673517
992 E B 9.326349 8.226396 29.000000 349.223762 0.000000
993 E D 8.812313 7.877307 29.000000 338.027383 0.000000
994 D B 7.680183 6.996333 28.000000 281.551453 212.018767
995 E D 8.481551 7.523845 28.000000 316.518649 0.000000
996 E E 9.481464 7.364410 28.000000 331.814688 0.000000
997 B D 9.341468 7.340064 29.000000 310.250660 394.696186
998 E A 9.321377 7.903927 29.000000 342.350287 3.432223
999 D B 8.478879 8.161109 29.000000 324.521798 151.794251
1000 E B 7.548730 7.819685 31.000000 329.658511 68.183182
1001 C A 9.158007 7.570935 29.000000 315.485583 321.556627
1002 A D 9.943559 7.952871 31.000000 344.045603 562.041051
1003 A D 8.875280 7.719604 29.000000 299.922971 539.985385
1004 C D 8.627847 7.307335 29.000000 305.496173 281.168523
1005 A E 8.378773 7.407678 28.000000 277.560372 512.292339
1006 E C 9.115571 7.100823 28.000000 317.711422 4.178083
1007 B D 9.323048 7.903927 29.000000 319.741373 383.940044
1008 E C 8.434640 7.523845 28.000000 313.378543 15.299138
1009 B D 9.001046 7.563428 28.000000 298.275171 383.268406
1010 D C 8.481551 6.722476 28.000000 291.883654 173.460182
1011 C D 7.673218 7.952860 29.000000 300.117765 289.773977
1012 E A 8.851813 6.718753 28.000000 304.215503 70.591284
1013 E E 7.702919 7.387485 29.000000 311.377039 2.936924
1014 B D 8.387505 7.946461 29.000000 304.203010 401.550188
1015 B C 8.519518 7.097890 28.000000 280.894466 423.001161
1016 C D 9.333975 6.845572 28.000000 300.040396 264.897766
1017 C E 9.349960 7.158988 29.000000 316.949699 241.503157
1018 B D 8.659690 6.593920 29.000000 285.404822 422.854801
1019 E B 9.234413 7.364410 29.000000 332.625524 10.815099
1020 E A 8.506026 8.030950 28.000000 320.451188 31.355046
1021 E E 9.326349 7.367651 29.000000 339.279609 0.000000
1022 E D 9.315566 7.067478 29.000000 332.692965 0.000000
1023 E C 7.324843 7.879471 29.000000 309.831061 49.404344
1024 D B 8.695938 7.961161 29.000000 324.819526 151.203758
1025 E D 8.694854 7.825070 28.000000 325.162723 0.000000
1026 E B 9.636691 6.996333 28.000000 323.240788 9.120526
1027 E A 7.860335 7.638530 28.000000 303.010925 73.502348
1028 E D 8.734716 7.329176 30.000000 336.778058 0.000000
1029 E E 8.342752 7.880712 28.000000 321.358188 0.000000
1030 A A 9.353530 8.037491 28.000000 298.049161 600.210280
1031 B E 7.548730 8.155664 31.000000 313.563734 418.441807
1032 E B 9.381159 6.679727 28.000000 313.628886 32.990083
1033 C C 9.745242 8.379292 28.000000 331.246179 237.757112
1034 B C 9.129276 8.237269 29.000000 320.699879 406.205477
1035 C B 9.654876 8.198611 28.000000 325.516589 264.481296
1036 E C 9.184484 7.066898 29.000000 328.050058 2.642250
1037 E C 8.399714 8.630949 30.000000 351.827943 0.000000
1038 E E 9.597887 7.689381 31.000000 370.347187 0.000000
1039 E C 9.305358 7.314895 30.000000 344.440554 0.000000
1040 E D 9.323056 7.526777 29.000000 340.815100 0.000000
1041 E C 8.340860 8.304468 29.000000 334.904711 0.000000
1042 D C 9.061813 7.579195 29.000000 326.009541 127.933350
1043 A D 8.478879 8.029625 29.000000 298.419976 540.937282
1044 E E 9.342949 7.571130 29.000000 343.108969 0.000000
1045 E E 8.807160 7.286618 29.000000 328.835738 0.000000
1046 E D 8.688579 7.443784 28.000000 318.651699 0.000000
1047 A C 9.485730 7.924160 30.000000 323.080014 575.414342
1048 C A 8.897492 7.790199 29.000000 314.767813 322.549542
1049 E D 7.857959 7.430734 28.000000 304.478053 10.565857
1050 E A 8.424700 7.342002 29.000000 316.970614 64.766433
1051 A E 8.702031 7.266093 29.000000 290.193346 528.449258
1052 B B 8.694854 7.719437 28.000000 292.812085 431.772918
1053 E B 8.402277 7.748925 28.000000 315.146187 29.222119
1054 C C 8.812313 7.113822 29.000000 303.868743 304.279556
1055 D C 9.841391 7.653053 29.000000 340.859334 97.243777
1056 E D 9.252381 8.394698 28.000000 344.098921 0.000000
1057 B D 7.410021 7.792363 29.000000 284.513491 423.864977
1058 E E 9.401135 6.947871 28.000000 323.467300 0.000000
1059 E A 8.812313 7.880682 29.000000 333.088122 25.815788
1060 C E 7.867777 7.067478 29.000000 289.567430 287.596643
1061 E C 8.618213 7.339808 30.000000 332.520380 16.168423
1062 A C 8.430630 8.330139 29.000000 301.339380 562.371691
1063 D E 9.481464 7.513199 28.000000 325.200345 59.657973
1064 E C 8.478879 8.029625 29.000000 332.523976 0.000000
1065 E E 9.300644 7.202521 28.000000 326.057180 0.000000
1066 A C 9.922294 7.240221 28.000000 298.032250 539.190613
1067 E A 7.690886 8.187992 29.000000 318.922472 60.049443
1068 A E 7.331484 7.791340 32.000000 302.706227 594.690241
1069 E C 9.536420 7.802904 31.000000 367.787426 0.000000
1070 C E 9.129276 7.451269 29.000000 318.195478 239.406095
1071 E B 9.323056 8.048306 29.000000 346.067702 0.000000
1072 E A 9.328861 7.558457 29.000000 336.469345 17.644498
1073 E C 9.392034 7.462392 30.000000 348.655660 0.000000
1074 B C 8.481551 8.585203 28.000000 305.243460 397.434717
1075 E D 9.728653 7.090617 29.000000 340.283298 0.000000
1076 E E 8.418608 7.597890 29.000000 327.491065 0.000000
1077 E E 8.959251 8.004505 29.000000 343.973358 0.000000
1078 B E 8.424561 8.722171 28.000000 309.527108 348.353036
1079 E C 8.502276 7.848239 29.000000 329.774962 0.000000
1080 D C 9.369777 7.389665 28.000000 318.014624 119.456178
1081 D B 9.315566 7.067478 29.000000 320.050965 160.661403
1082 E E 9.463882 7.067478 29.000000 336.449656 0.000000
1083 E D 9.521872 6.988828 29.000000 334.914187 0.000000
1084 D E 8.342752 7.877336 29.000000 321.919528 92.039813
1085 C D 9.087421 7.952860 29.000000 324.724894 250.402570
1086 A E 8.478411 7.515643 28.000000 281.048105 509.850927
1087 D D 8.548687 7.927487 29.000000 324.905418 105.573262
1088 E E 8.629281 7.252665 28.000000 315.620700 0.000000
1089 E D 8.392219 7.924253 30.000000 341.324488 0.000000
1090 E C 8.584520 8.342627 29.000000 339.808347 0.000000
1091 D D 8.284288 7.730701 28.000000 307.271824 118.779382
1092 C C 8.807160 7.286618 29.000000 306.785738 299.855447
1093 E E 7.565688 7.074511 29.000000 303.543471 24.609798
1094 E E 8.688579 7.563802 29.000000 331.595421 0.000000
1095 B E 9.328329 7.667485 28.000000 306.991682 351.437803
1096 D B 9.633179 7.189155 29.000000 327.694607 145.501513
1097 D D 8.615903 7.170320 28.000000 303.428532 127.106513
1098 C C 9.347699 7.563428 28.000000 310.860933 268.674735
1099 E E 8.694854 7.825070 28.000000 326.338723 0.000000
1100 E D 7.673218 7.997883 28.000000 310.902499 0.000000
1101 E E 9.319825 7.100823 29.000000 334.523281 0.000000
1102 D B 8.702040 7.076403 30.000000 318.997980 187.749823
1103 E B 8.677457 7.918244 29.000000 332.571185 10.950041
1104 D C 8.376301 7.523845 28.000000 303.578443 149.290951
1105 E C 8.484445 7.563428 28.000000 314.880281 11.444679
1106 E A 9.396278 7.342002 29.000000 333.876073 23.911573
1107 E E 7.963699 7.825070 29.000000 323.528580 0.000000
1108 B B 7.457262 7.570075 29.000000 278.527661 470.581195
1109 E D 8.342752 7.880712 28.000000 320.182188 0.000000
1110 E C 8.340526 9.149428 29.000000 349.601199 0.000000
1111 E E 9.145862 7.241444 29.000000 333.943132 0.000000
1112 A E 9.016890 7.953157 28.000000 297.444791 498.373247
1113 B D 8.812313 7.736182 29.000000 307.935811 397.319681
1114 D C 8.426101 7.631570 28.000000 306.224872 143.821664
1115 E D 8.384534 6.932905 30.000000 323.341899 9.633474
1116 E E 7.480316 7.791340 31.000000 332.856800 0.000000
1117 E D 7.681438 6.988828 29.000000 302.890628 39.851903
1118 E E 8.466511 7.301448 29.000000 323.166484 0.000000
1119 E B 8.998109 7.656453 28.000000 323.602645 8.221916
1120 E C 8.471841 8.585203 30.000000 352.302785 0.000000
1121 E C 9.184413 7.959414 30.000000 353.864877 0.000000
1122 E C 9.445562 7.070705 28.000000 322.749288 0.000000
1123 E C 9.323056 7.074511 28.000000 320.755126 0.000000
1124 A C 9.733852 7.638530 28.000000 301.558014 537.251442
1125 C D 7.563626 8.519311 29.000000 308.067106 277.055031
1126 E D 8.179364 7.825070 28.000000 316.502488 0.000000
1127 E A 9.463882 8.056150 30.000000 357.990569 0.000000
1128 E B 7.548730 7.802904 31.000000 329.346398 68.958263
1129 E B 9.663113 7.364410 28.000000 329.868389 0.000000
1130 E C 9.330562 7.597890 29.000000 339.831068 0.000000
1131 C D 8.428662 7.100823 29.000000 298.437048 292.463124
1132 A E 7.888551 8.185125 29.000000 292.029956 527.163631
1133 A E 8.404030 7.863601 29.000000 295.404773 524.801259
1134 C E 8.392210 7.619459 28.000000 298.690036 247.240256
1135 C D 9.332902 7.029788 30.000000 322.752434 278.558505
1136 E E 9.518696 7.694409 28.000000 337.984160 0.000000
1137 A A 8.542833 7.631333 29.000000 287.310479 628.789840
1138 E E 9.023665 7.182677 30.000000 340.518155 0.000000
1139 C D 8.901406 6.876093 28.000000 293.285971 275.704847
1140 E C 9.046779 8.451944 29.000000 349.753784 0.000000
1141 D A 9.307493 7.008909 29.000000 317.127388 191.003770
1142 E D 9.591924 7.997883 28.000000 343.136763 0.000000
1143 E C 8.807160 8.690917 28.000000 339.243698 0.000000
1144 B B 8.547822 8.557304 30.000000 324.944276 450.711800
1145 C B 8.379517 7.337103 28.000000 289.617223 316.535376
1146 E C 8.503354 7.571286 29.000000 324.974749 10.535545
1147 A D 8.549317 7.252665 28.000000 276.645298 529.727911
1148 D A 8.478411 7.515643 32.000000 340.307834 222.347262
1149 E D 8.688579 7.182607 28.000000 314.263918 0.000000
1150 E D 9.090578 7.138991 29.000000 330.022486 0.000000
1151 C D 9.423551 7.331854 28.000000 309.714820 249.418689
1152 E E 9.303824 7.639019 28.000000 333.443770 0.000000
1153 E E 8.694854 7.825070 29.000000 336.250677 0.000000
1154 E A 8.371187 7.936447 28.000000 316.598254 40.666303
1155 E D 9.240604 6.713507 29.000000 325.229539 0.000000
1156 B D 7.778008 7.234413 28.000000 272.200673 412.819503
1157 D D 9.215935 6.943521 30.000000 329.090211 121.506210
1158 E D 8.478879 8.014340 29.000000 334.610015 0.000000
1159 D C 8.600186 7.524106 28.000000 307.344112 141.508568
1160 E D 8.694817 7.825070 28.000000 325.162103 0.000000
1161 E B 9.061813 6.990180 29.000000 323.110676 34.443637
1162 E D 8.481551 7.441279 28.000000 315.131544 0.000000
1163 E D 9.330532 7.685546 28.000000 333.498106 0.000000
1164 A D 8.685355 7.113822 29.000000 286.077679 548.754070
1165 D C 8.548687 7.953157 29.000000 323.588087 132.937688
1166 C C 9.451549 7.070878 29.000000 314.244225 288.543409
1167 D C 9.456727 7.563428 28.000000 322.394611 110.404205
1168 E E 7.564998 8.472861 28.000000 318.240026 0.000000
1169 B D 8.528764 6.944544 28.000000 279.943587 404.044202
1170 C E 7.510998 7.315194 31.000000 305.461180 310.842164
1171 E D 9.663113 7.364410 28.000000 333.690389 0.000000
1172 E A 9.300104 8.339692 28.000000 338.978573 0.000000
1173 C E 7.783875 7.822315 32.000000 329.332844 295.658196
1174 D C 8.518214 8.640000 28.000000 324.713998 105.610803
1175 A D 9.503999 7.100823 29.000000 300.095902 539.875862
1176 E D 8.141146 7.780808 28.000000 315.116826 0.000000
1177 E C 8.466511 8.424200 29.000000 339.174369 0.000000
1178 E D 8.369807 7.319604 30.000000 330.037406 0.000000
1179 D D 8.513944 7.784026 30.000000 331.583455 116.104180
1180 E D 8.392405 7.350332 29.000000 321.551622 0.000000
1181 B D 7.925210 8.319971 30.000000 312.405249 417.254317
1182 A C 8.863105 7.301903 28.000000 281.274138 548.407574
1183 E E 9.174957 7.132569 29.000000 332.554957 0.000000
1184 E D 8.534481 7.580186 29.000000 328.023198 0.000000
1185 E E 8.729996 7.601143 28.000000 323.167132 0.000000
1186 E D 8.694854 8.027405 28.000000 328.561946 0.000000
1187 D D 8.695938 7.597890 29.000000 321.732619 112.447659
1188 C E 9.089174 7.182607 28.000000 303.059911 239.884300
1189 A D 9.323056 7.067478 30.000000 306.201608 561.008915
1190 E E 8.418608 7.609957 29.000000 327.701018 0.000000
1191 C D 9.303304 7.360660 28.000000 308.178587 251.876661
1192 C C 7.963699 7.825070 29.000000 301.478580 307.904637
1193 D D 8.710788 7.342002 29.000000 317.538545 121.534818
1194 E C 9.859983 6.858149 29.000000 336.171508 0.000000
1195 E D 8.478411 7.571130 28.000000 317.260286 0.000000
1196 B B 8.342752 7.880712 28.000000 289.606188 434.871951
1197 E D 7.488451 7.122117 28.000000 293.085538 41.325646
1198 E E 9.433604 7.345000 28.000000 330.684545 0.000000
1199 A B 8.630593 7.252431 29.000000 284.302624 598.318169
1200 E D 8.465199 7.171877 28.000000 310.330866 0.000000
1201 E E 9.207013 7.074511 28.000000 322.333599 0.000000
1202 D D 7.876953 7.783014 28.000000 301.307454 131.702183
1203 E B 8.141146 7.767366 28.000000 311.069002 39.347127
1204 A B 9.090578 7.179326 28.000000 281.272379 574.681780
1205 E D 9.412732 7.202521 28.000000 326.764259 0.000000
1206 D E 9.679689 7.562083 28.000000 329.351774 50.317259
1207 E C 8.694817 6.355439 28.000000 298.120302 54.461958
1208 B B 8.179481 7.518433 28.000000 280.776966 443.406866
1209 E E 8.427110 7.338012 29.000000 323.117117 0.000000
1210 E A 8.812134 7.113822 29.000000 319.741631 58.069808
1211 C B 8.694854 7.825070 28.000000 303.112723 296.966902
1212 E E 8.428190 7.653093 28.000000 318.969548 0.000000
1213 A E 8.811538 7.234221 29.000000 291.544200 527.503660
1214 E A 9.240604 6.650928 28.000000 309.607738 57.560049
1215 E D 8.481551 8.120692 28.000000 326.545675 0.000000
1216 B E 8.465659 7.484066 29.000000 298.987205 386.176584
1217 E E 8.410027 7.524356 28.000000 316.501646 0.000000
1218 E E 8.534481 7.580186 29.000000 329.199198 0.000000
1219 E C 8.390126 7.070705 28.000000 305.017952 36.757990
1220 E D 8.683421 7.849135 28.000000 325.374935 0.000000
1221 E D 8.050297 7.767846 32.000000 351.336358 0.000000
1222 E C 9.410708 7.737111 28.000000 333.359360 0.000000
1223 E E 7.153152 7.684616 28.000000 298.078499 14.729554
1224 C D 9.573033 7.085626 28.000000 308.089476 252.019239
1225 A D 7.944091 7.322413 28.000000 267.649267 535.425398
1226 E E 8.801476 7.252665 28.000000 318.513578 0.000000
1227 D E 9.733138 7.074511 29.000000 332.143094 69.036788
1228 E E 8.465199 7.673852 28.000000 319.940046 0.000000
1229 B B 7.673218 7.808811 29.000000 286.439303 462.933273
1230 E E 9.323056 6.820793 29.000000 329.706970 0.000000
1231 A D 9.347699 7.365756 28.000000 291.958028 520.029849
1232 E D 8.478411 7.611530 28.000000 317.938999 0.000000
1233 E E 8.884872 7.880712 28.000000 330.465808 0.000000
1234 E D 7.877704 7.829060 29.000000 320.925691 0.000000
1235 E D 8.652561 7.601143 28.000000 320.690230 0.000000
1236 E E 9.534460 7.189048 29.000000 339.793033 0.000000
1237 E E 8.694854 7.944839 29.000000 338.334658 0.000000
1238 C D 8.694854 8.079802 28.000000 310.038216 248.901255
1239 E A 8.688579 7.443784 29.000000 323.333116 49.390386
1240 E B 7.410021 7.188817 29.000000 297.825786 97.234449
1241 E E 7.565850 7.768091 28.000000 306.414210 0.000000
1242 E D 8.418608 7.597379 30.000000 335.915758 0.000000
1243 E D 8.384809 7.339808 29.000000 321.236326 0.000000
1244 C D 9.447841 7.350332 29.000000 320.512217 257.142853
1245 E D 8.347909 7.268937 28.000000 309.991022 0.000000
1246 A D 9.428452 6.931310 28.000000 286.016009 523.793128
1247 E C 8.337662 7.331959 30.000000 327.329185 29.492493
1248 C D 8.453471 8.307718 28.000000 309.811980 249.263232
1249 E A 8.447935 7.488788 29.000000 319.928987 57.617030
1250 D D 8.445486 7.521036 29.000000 316.037481 124.787124
