1 898177.44925635633990 0
2 845235.77290499978699 0
3 1212255.63654688955285 0
4 275413.07784305693349 0
5 438818.98567070148420 0
6 742771.19105699483771 0
7 1234266.38217436522245 0
8 1231013.15530148940161 0
9 161319.38042356644291 0
10 19887.44068924294697 0
11 1377227.34234924078919 0
12 107067.88008545992489 0
13 348214.14705086732283 0
14 1435301.50061306334101 0
15 231227.41252010522294 0
16 549621.92650944530033 0
17 121751.87292213077308 0
18 799059.68519249185920 0
19 395398.41159757750574 0
20 182881.19522064650664 0
21 443302.19085066550178 0
22 774873.54473600967322 0
23 344890.11368721758481 0
24 858142.66757408983540 0
25 54871.09887627712305 0
26 246919.50793915792019 0
27 134593.19883594720159 0
28 1267828.66263797110878 0
29 693401.97316158353351 0
30 14343.95135196030787 0
31 1198055.92496906523593 0
32 307439.96394747565500 0
33 1257719.81647523608990 0
34 809125.01654823811259 0
35 535413.36908484133892 0
36 488202.37418913573492 0
37 651493.97630261105951 0
38 978839.17755977285560 0
39 734829.29006406676490 0
40 1314895.29738361178897 0
41 259628.83356570347678 0
42 219916.39096135014552 0
43 1000476.95064762793481 0
44 865539.82340004364960 0
45 232101.61279343871865 0
46 1607354.81547183031216 0
47 1270654.11394800222479 0
48 1576969.84528719936498 0
49 438199.34055013983743 0
50 125796.44624153760378 0
51 19115.20720384517335 0
52 278315.43086430727271 0
53 204977.91744706049212 0
54 1471390.19120795349590 0
55 310556.04083990625804 0
56 627947.77283206547145 0
57 912535.07587745471392 0
58 191855.01240889559267 0
59 794575.94408298248891 0
60 467535.52434029075084 0
61 840756.35109929123428 0
62 1731784.39950472745113 0
63 379286.16304244293133 0
64 13849.50051813655409 0
65 394109.46572261315305 0
66 999661.06290892011020 0
67 1377838.15828506369144 0
68 744067.27623775997199 0
69 571224.37662571982946 0
70 217662.52096496432205 0
71 475112.45131956791738 0
72 853964.02586130937561 0
73 575311.44493416021578 0
74 412211.16754296555882 0
75 714795.98185201967135 0
76 323763.41324860736495 0
77 130392.32073075287917 0
78 78394.11035402734706 0
79 51217.69178680660116 0
80 989565.85123234451748 0
81 978596.17963069432881 0
82 678188.83744238305371 0
83 838590.93738097895402 0
84 65333.32947520803282 0
85 490829.69711574964458 0
86 481816.30913275177591 0
87 47962.42621268502262 0
88 97634.05687802851025 0
89 70641.50172992047737 0
90 656773.92645741964225 0
91 623702.70755738392472 0
92 846714.14187326142564 0
93 876461.52988922630902 0
94 167740.57265751282102 0
95 6835.88511226667833 0
96 132640.71988331462489 0
97 46890.47038931887073 0
98 184929.35104979027528 0
99 1066643.33419761294499 0
100 228876.54946271469817 0
101 295688.71894008334493 0
102 910235.03421177552082 0
103 36821.59247579123621 0
104 218056.70487839262933 0
105 888641.30284220492467 0
106 396032.49909832538106 0
107 166630.67223452220787 0
108 117505.90477833802288 0
109 409889.84002171305474 0
110 267213.98223430366488 0
111 466819.53332901583053 0
112 147055.74381194033776 0
113 838736.89399747387506 0
114 352152.75842273054877 0
115 823767.23031455802266 0
116 906436.65570690180175 0
117 318380.86272406973876 0
118 415719.70429541787598 0
119 874306.55169733450748 0
120 896632.38308418705128 0
121 64596.22573036221729 0
122 530177.13625696313102 0
123 888047.32540475169662 0
124 423686.16110482660588 0
125 33992.41032037400146 0
126 791590.72047814261168 0
127 618834.28756267833523 0
128 7765.31473709877628 0
129 1293472.59855015948415 0
130 89261.14480703703885 0
131 534711.89908777165692 0
132 252252.20202117698500 0
133 632276.27452642796561 0
134 571556.34419419767801 0
135 155887.87344454968115 0
136 884564.38933840277605 0
137 813238.30712781031616 0
138 885892.49291724036448 0
139 1103668.98620434594341 0
140 662898.41140263201669 0
141 216702.83383234188659 0
142 1448198.86786361550912 0
143 155224.39597955363570 0
144 811844.72438042378053 0
145 241651.26421822089469 0
146 72838.37987061266904 0
147 1530192.71015842654742 0
148 473603.38601216155803 0
149 5883.12729073763785 0
150 1292941.90872761467472 0
151 555259.68858987733256 0
152 227644.14207248893217 0
153 1332968.88378018629737 0
154 209322.68733724454069 0
155 1641014.38551113824360 0
156 30941.87806100908347 0
157 163783.42161391544505 0
158 535928.09896353352815 0
159 763034.67244461528026 0
160 225803.81775985969580 0
161 1789944.17078299052082 0
162 1342042.42376861232333 0
163 1806419.32878904836252 0
164 90952.61010537628317 0
165 166896.97820722108008 0
166 554386.56855729059316 0
167 243597.62872748213704 0
168 141869.59105662634829 0
169 345559.65391852846369 0
170 38388.94499462294334 0
171 1695101.31305281165987 0
172 236820.01681112326332 0
173 60279.04620284029806 0
174 258248.43688794277841 0
175 249306.37974396764184 0
176 474037.53489517490380 0
177 67867.79119900384103 0
178 1494018.99822661234066 0
179 1228458.70592602016404 0
180 1144528.76877566729672 0
181 585507.73235428717453 0
182 146114.11496670017368 0
183 43846.71564790631237 0
184 1241284.48573538800701 0
185 677306.35553155874368 0
186 1002560.35441181517672 0
187 710299.77099659782834 0
188 9861.88658251386551 0
189 1114748.67544796667062 0
190 1094643.03522382420488 0
191 640864.49399363121483 0
192 31536.46528811799726 0
193 1058179.82947928202339 0
194 286053.39131195173832 0
195 923457.08662593620829 0
196 2127.97089936912698 0
197 947004.27791808894835 0
198 858504.29704988573212 0
199 84331.09890818188433 0
200 521325.79887921200134 0
201 7195.20362180222764 0
202 16041.39805033072480 0
203 7844.99737970377464 0
204 9330.52837039631777 0
205 5352.77563609380559 0
206 14269.76419254965731 0
207 18863.36587917366705 0
208 7162.21957091986587 0
209 16783.05098124637880 0
210 3638.24440389110759 0
211 5249.43785240013040 0
212 1863.44959312120113 0
213 9649.68218768685983 0
214 2603.63320757559404 0
215 12691.65025806307312 0
216 9861.92974340064939 0
217 11053.84234236102566 0
218 5527.53126284023892 0
219 7818.93762086220977 0
220 11169.20646319741718 0
221 8990.92461578775328 0
222 15606.41338551099761 0
223 9265.13475718947848 0
224 2226.72971666738022 0
225 23617.23034491654471 0
226 6515.49987328150473 0
227 8693.65015076627606 0
228 5716.45721452722410 0
229 7961.48934848561385 0
230 15914.96260960599648 0
231 13568.61790575469786 0
232 22347.43567547098064 0
233 15109.27967111019279 0
234 14163.69461584710552 0
235 5077.54575914504767 0
236 17771.04461061715119 0
237 4133.81524784490466 0
238 5547.02330200656797 0
239 8432.32585108023886 0
240 4979.18947698976535 0
241 2716.44183569777624 0
242 4101.27640578199771 0
243 9015.98327173570215 0
244 7868.17776320009762 0
245 18843.41483045889254 0
246 21065.80994133265631 0
247 15921.42525257698981 0
248 19392.49231886988127 0
249 10554.93194834201131 0
250 7343.27310239394228 0
251 7381.48612513585249 0
252 12812.62491526654594 0
253 12079.46722214127112 0
254 2645.52892240350047 0
255 14853.89225818922205 0
256 18415.59290489714112 0
257 16010.42831618528908 0
258 3604.13295229967525 0
259 14106.77263247068004 0
260 12680.89571199165948 0
261 13998.93938273017920 0
262 8394.18970877736501 0
263 10127.61501208071422 0
264 15415.00938890346333 0
265 5278.03339416154176 0
266 6141.53057220624396 0
267 2097.24929191254341 0
268 12821.23376896510308 0
269 5660.89131170150904 0
270 2654.77921214873095 0
271 12787.76508113641103 0
272 19205.13383173716284 0
273 6233.54827029112857 0
274 9195.86136890515627 0
275 12884.22328017148720 0
276 10285.42443798904060 0
277 2813.26526134592177 0
278 10062.99476985877845 0
279 14786.19271227291938 0
280 1343.26293198942631 0
281 16586.72390478798479 0
282 6728.59045157400215 0
283 4877.17867325172756 0
284 5761.10010981387677 0
285 21717.63342018164985 0
286 3130.07906890839467 0
287 6478.54344390264851 0
288 18221.72874696855069 0
289 2004.48645906033198 0
290 3754.22474894032121 0
291 13462.37066520323970 0
292 7490.83911400722809 0
293 6291.75796730848106 0
294 14729.95222229378851 0
295 20562.54343184308891 0
296 5367.09902265490382 0
297 10313.09526206108421 0
298 413.49201723200684 0
299 11107.86947729052190 0
300 7796.18727250696156 0
301 7888.02027632005775 0
302 10110.04267526141120 0
303 10408.50120741184219 0
304 1900.22251660677784 0
305 13338.85048172955612 0
306 13938.96561550661863 0
307 13540.33457788016312 0
308 6404.47469011651719 0
309 1947.63974181646654 0
310 21630.57407364836399 0
311 19574.25017478391965 0
312 10561.96621760398739 0
313 8909.55121357704047 0
314 12080.86341239752801 0
315 16525.32894262793343 0
316 10652.97542844873715 0
317 10826.09901137717497 0
318 5061.21936693337375 0
319 6867.26106996922317 0
320 13991.13945312993928 0
321 12350.82668613607530 0
322 6686.07905853407647 0
323 22136.12399309757529 0
324 18573.45379159467120 0
325 14211.63608703935097 0
326 16946.21603840681564 0
327 3173.60090073692390 0
328 10505.54427836236573 0
329 17292.57074411725262 0
330 20910.99130424664327 0
331 9259.08514631014805 0
332 1680.83978353121188 0
333 13822.98667906505761 0
334 4145.16961147790335 0
335 14007.79138762588627 0
336 20142.71924892371680 0
337 17077.71220719961275 0
338 5505.82667689265600 0
339 18763.18988529811031 0
340 6399.66144506298224 0
341 17693.36310456509818 0
342 7429.92290444193259 0
343 9923.55234272537200 0
344 16214.77095340844062 0
345 12481.33316229963566 0
346 3420.44946305311623 0
347 12862.17369201724432 0
348 17623.28025683822489 0
349 11668.02132325132698 0
350 3000.86829194259280 0
351 1847.38122029293299 0
352 16665.30540258972906 0
353 10535.79835137302325 0
354 19781.10927730774347 0
355 9041.08162609911597 0
356 9462.29243331064390 0
357 12327.47981568473551 0
358 8959.02247605168668 0
359 13526.25812186801886 0
360 10253.87319679857683 0
361 11026.59090470575575 0
362 3632.84721404080892 0
363 1410.79501396636965 0
364 5764.53897363068427 0
365 5397.47028098039027 0
366 18965.80130087817452 0
367 6551.61785766682351 0
368 3520.81880041961676 0
369 5475.24434918176667 0
370 17994.13299097015260 0
371 3629.18760904213286 0
372 7513.76584045497748 0
373 2502.12013767485359 0
374 10481.19153966869453 0
375 9346.56811495461443 0
376 14304.23073582464713 0
377 12498.50785218090641 0
378 20780.11986920165873 0
379 8826.34906312457133 0
380 9769.27811739957542 0
381 12818.67551612550233 0
382 3453.46117259241828 0
383 7614.89986747053990 0
384 4342.09988470247026 0
385 11898.33798402427601 0
386 11598.17473424544733 0
387 25109.43583222990128 0
388 11999.34811813602573 0
389 13299.13433589179294 0
390 8776.76933622603610 0
391 987.25479881311924 0
392 15540.66433285823769 0
393 20489.25510107160153 0
394 14333.91232183826469 0
395 15185.58974006238896 0
396 12200.71757011231057 0
397 8539.78963253682923 0
398 10602.49001989325734 0
399 5638.71359604804820 0
400 13502.76872458385151 0
401 3172.47384542983264 0
402 2196.78575956906434 0
403 2162.52757269169933 0
404 1994.65184779470951 0
405 3922.28467253036615 0
406 2182.87736198101811 0
407 9568.67435771450982 0
408 6531.06263916823991 0
409 3770.06154289566393 0
410 813.94746435025002 0
411 10967.79409726822996 0
412 6840.56342808408499 0
413 2440.38248457908458 0
414 1371.04197043478030 0
415 1776.20424213687102 0
416 4012.64111412154853 0
417 2433.79357967383794 0
418 1215.50854985010074 0
419 1789.25640880894684 0
420 20478.97877314531434 0
421 9978.17967079059781 0
422 5261.21346642352000 0
423 5086.13648989268859 0
424 999.30616931145335 0
425 552.40281059110077 0
426 657.80561597219901 0
427 1066.15280200746292 0
428 2117.86839261215255 0
429 12136.74435924277168 0
430 924.28598048432013 0
431 731.68106598379541 0
432 424.94270824639608 0
433 6226.51250591340795 0
434 35078.25300321604300 0
435 2331.72804371292659 0
436 1075.93991283010223 0
437 672.76175986227793 0
438 536.59969729346483 0
439 851.03837332067269 0
440 1343.54511475339882 0
441 1113.89019814198605 0
442 561.18312369669172 0
443 1286.63298655656058 0
444 674.20015520966103 0
445 6007.10002269445613 0
446 789.98445839593705 0
447 1241.74881218895280 0
448 6341.82405829828440 0
449 6690.25133417916913 0
450 2830325.00000000000000 0
451 1953.29267744507547 0
452 1743.60870029627290 0
453 583.51180736269066 0
454 2578.90685909105650 0
455 1000.04266600651499 0
456 26591.71370387753268 0
457 975736.44360001769383 0
