1 693261.96584716206416 0
2 836964.68351792090107 0
3 17022.85557383093692 0
4 1196407.30561227095313 0
5 194498.78509232102078 0
6 2415927.71887356461957 0
7 711379.87043149303645 0
8 445547.52421121270163 0
9 255631.38240424200194 0
10 849264.50589943933301 0
11 385978.10407027084148 0
12 39179.50018364298012 0
13 22952.06597284959935 0
14 737504.71310459275264 0
15 515057.60440642578760 0
16 11108.29260560466173 0
17 151190.80785648041638 0
18 1088809.79412714974023 0
19 1203223.37268465850502 0
20 1572784.96217304770835 0
21 283783.51810430892510 0
22 581643.49612583930138 0
23 775018.81548036623280 0
24 421290.20474644086789 0
25 195990.39185470953817 0
26 341149.24707712925738 0
27 1004276.28371227439493 0
28 355402.44988635665504 0
29 183955.81563339350396 0
30 1362775.28816564776935 0
31 883743.43325288360938 0
32 165689.76660719519714 0
33 1057660.73271260666661 0
34 1218406.40266673034057 0
35 953712.80020322243217 0
36 745264.79730203736108 0
37 196770.69555941515137 0
38 1099737.54575986415148 0
39 605758.81151355092879 0
40 644639.36294640728738 0
41 787614.04732987098396 0
42 52788.62095299324574 0
43 652343.18602209223900 0
44 416764.22462369938148 0
45 658931.06846236914862 0
46 1035554.63041154725943 0
47 737995.77052110084333 0
48 358397.22671869909391 0
49 1189411.11559648904949 0
50 485559.49432760133641 0
51 277899.78587528795470 0
52 782592.70915163878817 0
53 205751.24742298986530 0
54 373838.44226731156232 0
55 673899.88570202083793 0
56 170604.90440160929575 0
57 229998.85231917016790 0
58 290261.30350731755607 0
59 269345.41736999660498 0
60 214272.05239240539959 0
61 49463.51192444466869 0
62 975555.01261448930018 0
63 368811.27249283605488 0
64 691367.70437923097052 0
65 1199937.81172771169804 0
66 724790.38987975835335 0
67 121121.96098942641402 0
68 3820.12403161870725 0
69 1487561.96800543740392 0
70 112287.20383594119630 0
71 240310.44014218656230 0
72 1181560.47719439910725 0
73 39670.75243437358586 0
74 76733.97483495174674 0
75 1029822.90666956675705 0
76 1280225.76207105768844 0
77 654882.74002782837488 0
78 370529.70387069258140 0
79 347502.31806757464074 0
80 826327.61050929734483 0
81 510392.95394151436631 0
82 1044326.28038687189110 0
83 1063681.91831049998291 0
84 1429722.70288490247913 0
85 1127390.63707258645445 0
86 1138246.23068143450655 0
87 921662.20381510502193 0
88 410261.01600291585783 0
89 262802.87613083451288 0
90 725891.86485573591199 0
91 1003741.77255046926439 0
92 817025.71373638883233 0
93 230838.10752251284430 0
94 35595.86212230035744 0
95 2168654.34572842484340 0
96 930345.62527102429885 0
97 145162.32784357317723 0
98 881579.82559318433050 0
99 862005.98943180544302 0
100 1022116.32958735537250 0
101 50407.94511999915994 0
102 4608.38093154721173 0
103 41823.47005507723952 0
104 155396.02827312744921 0
105 875794.14026329794433 0
106 677656.62104716140311 0
107 427380.91536196315428 0
108 664088.66430599312298 0
109 305247.53342707897536 0
110 1825021.08379130577669 0
111 1873925.59098319895566 0
112 667091.86789815896191 0
113 160018.49141785874963 0
114 69496.84756359149469 0
115 1398918.32425668206997 0
116 918891.37968690972775 0
117 1280559.83958390820771 0
118 164510.37404621831956 0
119 426243.32363150693709 0
120 65227.65275097658014 0
121 621960.65967560547870 0
122 711165.93424142338336 0
123 904037.80520080414135 0
124 182686.97014507715357 0
125 57231.00616928748786 0
126 691782.54618327284697 0
127 108650.95983454804809 0
128 919933.16536130465101 0
129 1559139.15424375585280 0
130 134665.91795486127376 0
131 1522152.67233865312301 0
132 54054.57054505909036 0
133 1216217.82865276467055 0
134 329642.97282610478578 0
135 8588.37728132210032 0
136 846258.13363907590974 0
137 509725.84704745956697 0
138 237876.15379651795956 0
139 10439.45172276515950 0
140 1259679.78374057332985 0
141 273068.45491883339128 0
142 716379.10244498285465 0
143 645998.22321789700072 0
144 681018.75331042811740 0
145 477070.62472815078218 0
146 370182.42989899427630 0
147 55101.56706503310124 0
148 193703.54664381706971 0
149 788679.87331747903954 0
150 974970.01414202630986 0
151 1047470.41234935435932 0
152 827110.77065387251787 0
153 595198.87510542513337 0
154 528738.56500561919529 0
155 185717.85426310618641 0
156 1684950.32730262749828 0
157 270421.90853972686455 0
158 311563.50414577720221 0
159 151851.99343410710571 0
160 843983.14787111349870 0
161 708085.05230810749345 0
162 862309.92136177490465 0
163 387686.18147924303776 0
164 874455.97221832280047 0
165 535467.87084036052693 0
166 110975.61083537009836 0
167 1435314.35429535922594 0
168 584741.37518183980137 0
169 38871.51782341829676 0
170 483430.19778162537841 0
171 734919.02752287941985 0
172 106713.96672960079741 0
173 271588.82884463557275 0
174 63811.87557876557548 0
175 186155.17297347012209 0
176 704085.55092413688544 0
177 812510.19640819064807 0
178 1199060.36631210474297 0
179 18095.50013685617159 0
180 442.74692851696642 0
181 703500.70628665050026 0
182 864051.51264911296312 0
183 649576.41167091741227 0
184 1003629.79911426326726 0
185 501805.85943694884190 0
186 793642.46223379427101 0
187 645409.41455456765834 0
188 574109.11591728951316 0
189 578307.63602797000203 0
190 180984.52998816181207 0
191 721012.19083238451276 0
192 1400209.79307231842540 0
193 909085.10317857726477 0
194 963005.93617214565165 0
195 419845.32759663526667 0
196 854522.24415498191956 0
197 2148066.48155419994146 0
198 147224.33666469712625 0
199 1166755.67487756581977 0
200 512045.26018167455913 0
201 5871.25293281028644 0
202 6140.21286151305230 0
203 17155.55227140113129 0
204 8221.44560970061320 0
205 10570.74251905162782 0
206 9655.45342458608138 0
207 12174.60356667156884 0
208 24278.60867623591184 0
209 8962.45863135280524 0
210 9288.61448939739421 0
211 6141.03840167234557 0
212 10142.32343806325662 0
213 4764.54270671770882 0
214 9733.46381140938684 0
215 7586.85169660954307 0
216 2845.77313919956532 0
217 1626.94447719521122 0
218 15769.56370068028264 0
219 12734.66541972284722 0
220 10689.83933217245612 0
221 6630.98397156351257 0
222 18671.29453871139413 0
223 10747.98798876836008 0
224 10208.91088927303645 0
225 12536.95951102619983 0
226 2227.22652060046357 0
227 5135.58591027557668 0
228 15695.20830746055799 0
229 10124.25554284641839 0
230 6265.46220545489359 0
231 7063.89814311074315 0
232 7750.66981920851322 0
233 19821.78371467702163 0
234 10935.59146005042930 0
235 19287.26454229986120 0
236 17132.43930919564082 0
237 15667.30320459439281 0
238 5688.83182666166795 0
239 10552.18945238747983 0
240 14971.60008009129888 0
241 3952.36730656024065 0
242 4472.23987129659054 0
243 5900.51444279287261 0
244 9049.97362523476113 0
245 5055.38577027722567 0
246 16608.04404835284367 0
247 7766.87083589989379 0
248 6473.69043482136476 0
249 6184.21327009388551 0
250 3106.29177055523451 0
251 9147.19615814401186 0
252 3331.30698670723723 0
253 9286.28877119475328 0
254 10966.30834364799193 0
255 8842.52921947642608 0
256 5837.95599390269581 0
257 8885.67226401859625 0
258 12501.03156391252924 0
259 13347.37962378688826 0
260 5213.92733692654838 0
261 1093.20618932549860 0
262 10317.10698799363126 0
263 11256.56276234588040 0
264 8933.24819916634806 0
265 10504.33389118963532 0
266 16750.02529698001308 0
267 20474.31930002547961 0
268 13783.95134245439294 0
269 11292.57644392234579 0
270 9073.10218043583336 0
271 11468.57294757318414 0
272 14480.97151158646375 0
273 2288.88217064008450 0
274 18573.39865708773141 0
275 8514.18777565543314 0
276 12642.36417748759231 0
277 11901.56018236577620 0
278 6943.87201891443419 0
279 22045.48825293867776 0
280 17436.33483985745625 0
281 7779.08933737994084 0
282 7216.35387164945496 0
283 17126.17290077224243 0
284 8182.17805109028268 0
285 16274.64948325901605 0
286 7963.57736908324296 0
287 5621.20716326665843 0
288 7536.59197163527369 0
289 4541.22466037227423 0
290 16214.18867513651458 0
291 10758.34161594696161 0
292 3979.12542476688759 0
293 9404.96956875001706 0
294 4333.45852891787308 0
295 2774.68109889204652 0
296 8286.01474049666285 0
297 9841.36766796580559 0
298 15164.39248191568367 0
299 12160.10769113017886 0
300 15736.52609473332996 0
301 16137.43383431742586 0
302 14210.81073975456457 0
303 12757.67964503253825 0
304 18148.30139673501253 0
305 13193.22559014147919 0
306 5901.33791526799996 0
307 10388.29609980215719 0
308 5547.46865071821594 0
309 13054.85046620320281 0
310 7996.76105206971079 0
311 5181.22114941967357 0
312 10273.70092869811015 0
313 14653.35234566538929 0
314 7986.75447600975986 0
315 1786.13636251842286 0
316 4851.18428717868755 0
317 15869.78427694202583 0
318 11263.71499233975373 0
319 15880.95344964835203 0
320 3101.76519194010370 0
321 8577.58756226911828 0
322 9741.91160604176730 0
323 8211.44397685900185 0
324 6379.47485877874533 0
325 17763.30412311376858 0
326 4770.45361794826658 0
327 13015.15856092354443 0
328 23484.67960376474730 0
329 10269.12287192461372 0
330 11056.00118676387865 0
331 8382.27545729262056 0
332 4375.82871442910528 0
333 3072.22755379823957 0
334 16506.12726567652135 0
335 1856.46713364337006 0
336 10988.03123363302439 0
337 18511.68192741094390 0
338 8097.80522160357032 0
339 2286.44546588698358 0
340 13746.49837570624368 0
341 2459.26202269571741 0
342 6908.66670950500520 0
343 1213.55204845184289 0
344 5508.19736865396135 0
345 14916.37004981889913 0
346 20448.03492197025116 0
347 5041.82049023239506 0
348 4074.73495734867902 0
349 6229.59257857572720 0
350 15797.92976354996972 0
351 13565.79842385628399 0
352 5905.02677277004386 0
353 16119.38328513869965 0
354 16429.43127799633658 0
355 15101.70992588219269 0
356 4281.65952186529194 0
357 5159.62744212190864 0
358 1879.79347773029372 0
359 7285.53383205710361 0
360 1626.69007210740438 0
361 7734.74941061932986 0
362 10011.81305791146588 0
363 9076.52779328492943 0
364 16676.81502563375034 0
365 5878.28501322754528 0
366 6508.68482427648360 0
367 15844.48286261772773 0
368 15043.44280489863741 0
369 8764.83033165991583 0
370 12696.13090219182413 0
371 12648.07001097866851 0
372 17515.07823787191592 0
373 13029.73593278100998 0
374 11935.68227188719720 0
375 13853.42665832473540 0
376 3509.00314182098282 0
377 14072.57933674763444 0
378 8314.98259391151078 0
379 12764.07246833896170 0
380 3554.68771712898524 0
381 8667.43375518563153 0
382 9645.61813857231027 0
383 2675.16874195333321 0
384 12612.56832946019676 0
385 13417.95332334800878 0
386 1373.79612513494112 0
387 10223.85863039123251 0
388 4414.98119410325216 0
389 14524.72580710842703 0
390 10070.55630891827786 0
391 18139.84027660503125 0
392 7857.53714723872054 0
393 9698.87533172284748 0
394 10403.28228451858377 0
395 2351.97073021104916 0
396 12962.60341675267591 0
397 22119.59585294363933 0
398 5200.95445786632808 0
399 14356.48940212507478 0
400 11947.01302857210976 0
401 1626.27860503774332 0
402 2466.56872122926143 0
403 1197.61241662558746 0
404 1313.18417529319163 0
405 1793.55279337917182 0
406 1106.76709995011788 0
407 1046.31814822148135 0
408 922.69827109618018 0
409 2605.67421798163423 0
410 2528.31091896458929 0
411 1365.65773397486191 0
412 1110.73791143944663 0
413 13887.59787522703482 0
414 2970.58333093041529 0
415 1059.04138538612460 0
416 1881.47542592373816 0
417 1240.80123106597875 0
418 2743.56290193821451 0
419 1853.15212533887825 0
420 2591.22593798834214 0
421 17487.14701241832518 0
422 1411.70053290211786 0
423 3573.06860050745672 0
424 1169.56526685253584 0
425 3185.26800149411247 0
426 2175.22170507910278 0
427 2211.81656610881328 0
428 843.64680889770614 0
429 13122.23369376080700 0
430 3638.34768456547954 0
431 2103.17261883701576 0
432 1359.98746471883146 0
433 1092.27733487112164 0
434 28765.51071509120447 0
435 2385.65555935849761 0
436 1269.03418652314326 0
437 5362.08773042356370 0
438 4224.95214399149336 0
439 1622.25891117891956 0
440 1051.22087135991592 0
441 1664.97666223499186 0
442 568.91107184498401 0
443 830.42565520993412 0
444 2216.09439344490147 0
445 44562.20441878639394 0
446 1122.34762333848266 0
447 868217.09891468856949 0
448 1479.14033929972720 0
449 816.08560421330492 0
450 12718.59448622866876 0
451 1559.01382105348762 0
452 5950.07415595975363 0
453 1127.14804083260356 0
454 595.34603494294572 0
455 1458.78942534437806 0
456 3256.81337297609707 0
457 1883.58134456543485 0
458 614.71127976490493 0
459 1125.20225366389263 0
460 3776.89178550046290 0
461 2143.90102524298663 0
462 12095.04773912842575 0
463 5590.32636838917460 0
464 1723.72703298652550 0
465 3024.27858371004231 0
466 1699.38317000947927 0
467 1765.72103823483985 0
468 13144.72387663290283 0
