1  -0                       -0                       -0.58667393671437562119  -0.86625083845320816067   0.29607739034749247509  -1.5334611408470406602    0.6601335736331175319   -0.15231767542916271885   0                     
2  -0                       -0                       -0.45256719438784775988  -1.5289251001146779707   -0.56828465703003350207   1.8837324658031620039   -1.3599541995381563275    1.0073461159601464487    0                     
3  -0                       -0                        0.21765955279726334481  -1.984392940028528951    -1.1584348796158043804    0.06876099700112581203   0.60108906872728917747   0.02068035674753367081   0                     
4  -0                       -0                        0.47215733312419949641   0.55821730216657483581  -0.53392923212668397248  -0.14213625599613388673   1.3211404375960782431    0.026425766218390042     0                     
5  -0                       -0                        1.1494180556375375168   -1.264674097266737407    -1.9458525832376898368    0.23471304863302133725   1.9008112243731134505    1.2619518831026066419    0                     
6  -0                       -0                        1.5632500035389842452   -1.6530528167146714136    1.169695040571232969    -1.921818162070212388     1.561670872259476095     9.0717196456064499444    0                     
7  -0                        1                       -1.9234190288194032981    0.6409806075907336087   -1.1312671046091666849   -0.83396479323764971525  -0.74784588715709876539  -2.4852182606131862919    0                     
8  -0                        1                       -1.6651841635807911324    0.71951894407548522281  -0.71054148403441375059   0.63115875975156043864  -1.7176547606909242649   -3.778815036062264987     0                     
9  -0                        1                       -1.5067927988561251595   -1.7535399929206145764   -1.7714037512482219139   -1.4984070919323995152   -0.18989135874332996323  -0.56726636597818291818   0                     
10  -0                        1                       -0.87031827668567007805   1.9392644769211049294    1.4458343474713566401    1.4726662067932165812    1.5201142714864706029   -4.3746559440872232472    0                     
11  -0                        1                       -0.83649066096489166355  -0.33883327093946058461  -0.01096785639002839652   1.0386671246744780817   -1.9258750507781390304   -4.391312662998377192     0                     
12  -0                        1                       -0.03179439606885292591   1.197370924696246508     0.60175082838070492741  -1.6615761376022970541    0.19389000032087855274  -5.3973790726636954318    0                     
13  -0                        1                        0.88293493800997957521   0.53451446324791751508   1.6539946461355170548   -0.57810454223194329693   1.812971542189257157    -3.3960761592113244411    0                     
14  -0                        1                        1.0507096676686433767    1.6930612844205934486   -0.73301168381938586194  -1.4428650150321709056   -1.1529339240328586591   -4.2503146331468641961    0                     
15  -0                        1                        1.2898478416908574218    1.881033731487686822    -0.98195964530621648869   1.1948843660273520406    0.93309626731129080568  -4.1916665478307946202    0                     
16  -0                        1                        1.8969458151129279244   -1.8232038788591387046    0.96895373645314020195   1.5595272623706577519    1.945280922452286454    -6.0888403474353669509    0                     
17  -0                        2                       -0.76358237842048248822  -1.344641356195871662     1.589243809868338797     1.2060426800339585363    0.0710805564326357775   -7.1073051250522611966    0                     
18  -0                        2                       -0.71504921598244686187   1.3037376317916096191    0.28251330868665647245  -1.5927119634123845238    1.3016793704695386324   -6.4100997240071997396    0                     
19  -0                        2                       -0.67011552162371335051   0.58583733979415875126  -0.76406169089317166332  -0.08131612357048889628   1.6925925588637107388  -11.546219533880041297     0                     
20  -0                        2                       -0.26970693112909627231   0.17520575414100525435   1.3260337932355383828   -0.68892448273162987249  -0.2448586467531781441  -15.217815762638789323     0                     
21  -0                        2                        0.06052491901787249162  -0.28222725963138795002   1.3162949125074270285   -1.3664486112167906207    0.05037512707233382514 -12.627117769496830846     0                     
22  -0                        2                        0.08002913660769639392  -1.3638759948402088273   -0.26251321485258061195   0.2677067713051615172   -0.61825593832374003966 -15.225976638639254546     0                     
23  -0                        2                        0.69319165393618131787  -0.39243889662128039753  -1.0369617580322658679    1.9742210167293685608   -1.1046301925093340301   -6.9600397356929848414    0                     
24  -0                        2                        1.2353749286306094923   -1.2696636175047488759   -1.8008022674534209795    0.14077254206558853511   0.0227294984832111524   -7.188123707678665042     0                     
25  -0                        2                        1.7332024048366059255    1.7809657586122051853    0.67992453196084223777   1.4612440981339633872   -0.35196786130857593555  -3.284936856200994626     0                     
26  -0                        3                       -1.8885684354290626086   -0.7014684983113474992   -1.0911298549906320865    0.67239436595523605078   0.42415698938102019966 -12.768247538901873028     0                     
27  -0                        3                       -1.8651703140038529138   -1.1428206537610634541    1.5865167830241055924    1.9041632650117104042   -0.35489356235748226176   0.87586435256401262706   0                     
28  -0                        3                       -1.2457402307353975246   -0.6338059451549660217   -0.51663462017850569907   1.0055472204301647565   -0.47959674213870484571 -19.418396309572440117     0                     
29  -0                        3                       -1.2161810775351731273    1.7456281769534904846   -0.22464904033354549107   0.79895211279900024692  -0.37901320283211692441 -14.068150295149017381     0                     
30  -0                        3                       -1.1378083362498405684   -1.8768210903321576044    0.6907324051895287198    0.75387050798153154574  -0.92152384766146910877 -10.889609605657309288     0                     
31  -0                        3                        0.20378491901348505522   0.0636094278804049118   -0.33831766173403909903   1.1340168750797707808   -1.4486023691768963317  -19.35936661177490592      0                     
32  -0                        3                        0.31620667254730028262  -0.1348882486000730907    1.7401371414460826692   -0.06940082458266361165  -1.2173508195805715637  -16.10721581026343685      0                     
33  -0                        3                        0.37684012434305236283   1.2048875243893366616    0.49522426761242988036   1.2201099002567774576   -0.45901902014167239585 -19.510803346389742785     0                     
34  -0                        3                        0.43919725776365226011   0.36940477001167515425   1.7306868530129615458    1.3055559268387195715   -0.96527883110690848589 -12.471246088803885854     0                     
35  -0                        3                        0.95775292402081069199  -0.5244501960327832002   -0.33119365073202833294   0.5756936921269053542    1.746731126457023997   -15.779152612262468125     0                     
36  -0                        3                        1.3319212314447739232    1.163288617647087797    -1.747222292316497283    -1.7187196829339967952    1.4906697959145094323   11.004268163815901005     0                     
37  -0                        3                        1.8358924219401835387    0.46849654741051294238  -1.2260480576840873113    1.0955900884549105712   -1.4260734438225133314   -3.3708417279772220354    0                     
38  -0                        4                       -1.431211419640989746    -1.7943002324072412357    0.90291400791280240767  -0.62855452363245856162  -1.5059842743691951306   -2.8203202425504190209    0                     
39  -0                        4                       -1.1845978309071816259    0.20428796299300877592   1.8863722238398494824    0.97897272275670355057  -0.65897521517282187098 -14.121336324105122628     0                     
40  -0                        4                       -1.0684327171463197104    1.2759056545039419994    1.8751002388342983274   -1.5720107266827112458    1.9984864333348286713   19.033181946287669462     0                     
41  -0                        4                       -1.042991704135233233    -0.58751239856547377016  -1.6471031408653766803   -0.3125919063318833846    1.7049017296656407972  -10.860687645760188857     0                     
42  -0                        4                       -0.94806673432821630954  -0.79285436271656495322  -0.77845004025611053144   0.12016806183253736506   1.9133396487108758066  -16.899569711628220858     0                     
43  -0                        4                       -0.92211461560450769248  -0.73487311648551223442  -0.40042124944349710702   0.51795344408686938564  -0.21546765382761767782 -32.508225341312687817     0                     
44  -0                        4                       -0.68594486860563774755  -0.02819538616832617528  -0.84389018229831647133  -1.7761979775620819755    1.7994028644089392621   -9.6430521243528097841    0                     
45  -0                        4                       -0.35438516412198728389   1.0701627305353302866    0.41958730551471079551   1.0194276650308498056   -1.1209995276696114175  -24.847098270424844202     0                     
46  -0                        4                       -0.32841381845127304295  -1.0341006113016280032   -0.62254404846172395338  -1.698520324995529851    -1.9084897647239078555   -8.3170127794958386147    0                     
47  -0                        4                        0.25328969781995569477  -1.3253117160870688807    1.7015381433040022152    0.82261303085029835458  -1.3430547887526380624  -10.58363700555809217      0                     
48  -0                        4                        0.54167372403505797962  -0.12052034149091572779  -1.1840388252096607502   -0.59317972046696509913   0.38214757232378060436 -31.186392057098526465     0                     
49  -0                        4                        0.64602144476166500908  -1.9491265092192711084    0.52496952608742564195  -1.3827289612298265808    1.2527132212892500007   -6.9619460713143404007    0                     
50  -0                        4                        0.78649467935737282787   0.27783063707157484856  -1.5838514554782292532    0.17837100617217016563   0.37540568763881942971 -26.514795481725467852     0                     
51  -0                        4                        1.0718330862952805127   -1.4353892886095720449   -1.7039216248214594795    0.91163927243428677372   0.98903045761941887903  -5.9492322289390706658    0                     
52  -0                        4                        1.8856361122615452608    1.5505921659237484889    0.53362759590865360693   0.37921954123085566124  -0.31645460989775875404 -14.232562798395592907     0                     
53  -0                        5                       -1.4181139616431002182   -0.99032672645431962799   0.92260969804793679927  -1.3374743135141180517    0.92481074817191499804 -19.16710012229524196      0                     
54  -0                        5                       -0.89862119587837940848   0.29742726000564667643   1.8997141043102772073   -1.7879041702445106488   -0.06390881564625683353 -11.530104559939612585     0                     
55  -0                        5                       -0.18881789108344904093   1.475115560216223809     1.2061599185438534043    0.88073527546084440232  -0.41558213388111808761 -26.802821482550772458     0                     
56  -0                        5                        0.10175737846883237125   1.1158965590852734096   -0.7481834835518312854    0.16538836820708713304  -1.9699838326455587634  -21.354580866970771069     0                     
57  -0                        5                        1.2098116667724578832   -0.6510925217876757376   -0.03219008767928577264  -1.2600278776465048125   -0.5430690273443463667  -31.126668448936872124     0                     
58  -0                        5                        1.4559075419242675231    1.1665963347338061951   -0.91221967831471983956  -0.98040435419759952573   0.45555605092980266946 -21.900595623181260407     0                     
59  -0                        5                        1.8268714062386628427   -0.60445822987144026683   0.23309213163968589555  -1.6422134062772715257   -1.6091994667872917546   -5.4624642917124042185    0                     
60   1                       -0                       -1.7671345688499091597    1.6016657380204799566    0.61419836585740528179   1.3401933095185536438   -0.26932298825139922016   0.62746720898195573746   0                     
61   1                       -0                       -1.3802582809988213075    1.08097029834609204      0.94640440535015901702  -0.05880778418892629311  -0.16693696016607262322  -0.01386239254215444749   0                     
62   1                       -0                       -1.1127475407197151558   -1.7905637034419239484   -0.12118691900639633197   1.8020332492400439328   -0.15707248238778515059   0.06834473617774658449   0                     
63   1                       -0                       -1.0901596760653728957   -0.01718242844168482719  -0.39635858097694121049  -0.40499531849004632988   1.1373937246882541707    0.00341998147429681265   0                     
64   1                       -0                       -0.76839454914904736782   0.97663826565512534827  -0.27556625589492078632   0.94806472348835724162  -1.3829496505138281215   -0.27113676084823812307   0                     
65   1                       -0                       -0.34262864585960550734  -1.5965861939098719979   -0.04042253547357921306  -0.26206777432915062676  -0.85523440054174248992  -0.00495608072907049134   0                     
66   1                       -0                       -0.29881741282968254936   0.85951590545264622278   0.222304070114162311     1.2621243363736884824    1.9282325793449381912   -0.13895327609093854893   0                     
67   1                       -0                        0.02629739604172165457  -0.20891457054306372676  -0.67271039957410039278  -0.54976379220800830616   1.2700980895734619303   -0.00258061379980258554   0                     
68   1                       -0                        0.90048477738774357348  -1.4283735840820379615   -1.3713096523018544204    0.92132713597697879493  -0.83511768031884736629  -1.3571106518150548581    0                     
69   1                       -0                        1.8027311103571181938   -0.88701751643422999116  -0.68004492534990790276   0.318806376813499881    -0.0051240184329672811   -0.00177639047951741067   0                     
70   1                       -0                        1.8449561364747415482    0.37812871852912621762  -1.3456759773667013036    0.15507906622804012997  -0.58402890993841660716   0.08502638809796879416   0                     
71   1                        1                       -1.9869933062016482683    0.33323574638834507766   0.37135533010186261293   1.0798293126600264635   -1.5460722389239320851    8.8817283533324715705    0                     
72   1                        1                       -1.9364935113102281772    1.5202493300076618254   -1.6943937397010078172   -0.4517009373528717564   -0.73743803896948123544  -2.5798263913850192353    0                     
73   1                        1                       -1.8781769220273953902   -0.26466055348025330218   0.1555927471486966418   -1.0798321597131375071    0.46931320698416900683   2.4535228972870299913    0                     
74   1                        1                       -1.5669410238284813275   -1.3340228136195855235   -1.0785288616652235483   -0.65612445517685502594  -0.01462756370135687156   1.3691571540112525973    0                     
75   1                        1                       -1.5302861904616336108   -1.096271675952640301     1.9391429113561420294   -1.1312518633076775743    1.9742835843104065141    1.7756654737786137233    0                     
76   1                        1                       -1.4772965189688531673    1.534879364941540647    -1.8917452417700624245    1.9937370700108472121    0.79324410967637604131  -4.0273036308895502344    0                     
77   1                        1                       -1.4539784324148485872   -1.2065052062288170731   -0.20470363673597469223   0.84515765507825602043  -0.12295221177530679668   0.80386130643840503218   0                     
78   1                        1                       -1.0596822436412587365    0.03431092258543344542   1.5616103024425274093   -1.188769174463028655    -0.76306286892392805044  -4.5334515107829602698    0                     
79   1                        1                       -0.86278413217646088285   0.62255363561072885048   0.80606869620013199551  -1.1148211659585443023    1.7513005478234129342   11.109067266406624341     0                     
80   1                        1                       -0.85134919374248019253  -0.33113977232941227413   1.1321331321529557457   -1.0396162998861671056   -0.89390132048357906491  -4.7248607005983860319    0                     
81   1                        1                       -0.56936270809551214889   1.2323376638916707648    1.2681245487528212124    1.6592199859613332436   -1.9832018799162607348   20.943466978017834634     0                     
82   1                        1                       -0.45767800749158982221  -0.3024828092633276011    1.4013584412092048304   -1.9005768711048058872   -1.0746806200089054073  -10.24019741838228903      0                     
83   1                        1                       -0.01678771095475140029   0.02437947957678865407   0.70616845312605436291  -0.3995481008715939808   -1.4569526133752384034   -2.8935654729553430542    0                     
84   1                        1                       -0.00279451033165556417   1.5710151565592838097   -1.6797461098139248037    1.4371217217422702639    0.82489898000226125063  -8.5575655428606456354    0                     
85   1                        1                        0.11136941792907695259   1.4458010005538688425    0.20927461877548125813   0.73893064062950974957   0.90652738971188995265  -3.024162580154724278     0                     
86   1                        1                        0.14752310984078365053  -1.9967453054277897184   -1.7316096912231717653    0.98854783101672039081  -1.6470409465025475093   10.767986504639399215     0                     
87   1                        1                        0.52020808497049486618   0.39997741781440687703  -1.6604804538703710204    1.6851804163106143264    0.06535749048185879317  -1.2529034300070636121    0                     
88   1                        1                        0.63452185864831900375   0.57699464488638030346   1.7139903657031223538    0.36095401092720758029   1.0076025962275192427   -0.60130027045609091285   0                     
89   1                        1                        0.83689318017296532304   0.11312718676110122829   1.0487664007069996686    0.12958850736420846061   1.941279497832756995    -1.1142148409818029009    0                     
90   1                        1                        0.85917771350639782213  -1.3950549548733111038    1.0935392490659561204   -1.0718483627235961819    0.27651425843844190666   0.34483129606602919148   0                     
91   1                        1                        0.92346290491735016914  -0.0461167263639696845    0.99191302104930922923   1.1473211305252957182    1.3487748467177627099   -7.8485028122297082476    0                     
92   1                        1                        0.9976314684330689353   -0.04073030853261871975   0.73223463851445114159   0.02854110364801476507   0.64019926970829255097  -0.1217277671312055054    0                     
93   1                        1                        1.010772395699265136     0.3266027594426321734   -0.30734843824030289028   1.2760761638561977094   -0.69030938205283165487   4.3934326522888369482    0                     
94   1                        1                        1.1316145145201690347    0.91652864925615551428   1.18236284611602116     -1.045817698925491479    -0.09659092738014152246   0.70246305161279620766   0                     
95   1                        1                        1.2328422779453487301   -0.50578603526911636301   1.0172105392600965246   -0.02966273073797642823  -1.7853310676962574899   -0.81287025329255702122   0                     
96   1                        1                        1.3182153724994609689   -1.4688113430582014907   -1.3077016600259283585   -0.19755675579896525562  -0.41001087577714434573   1.7208567536841330448    0                     
97   1                        1                        1.5172145448219467312    0.94191739998868984074  -1.0986081769134536934    1.8198829039511927874   -1.7513424067924130423   19.905390664936192024     0                     
98   1                        1                        1.5785916862427300522   -1.533237569321900251     0.73067622136041032732  -0.80172419382565496271  -1.1977189702774808655   -7.619683309516473102     0                     
99   1                        1                        1.6149741176949823362    0.65659184519321733831  -0.79927328435953270969   0.41122376471753119276  -0.78527262837416200725   1.3635050437823554859    0                     
100   1                        1                        1.7146214742480361259    1.3510989552609120601    1.5108649851599991187    0.06123056291564665798   0.2941223844053908465    2.0143160752441486849    0                     
101   1                        1                        1.7450064476624342902    0.78307773358991994428   0.43631501094086244663  -1.2966264424298885594   -0.48227075653735740346  -2.412129067240224245     0                     
102   1                        1                        1.9953417948755629574    1.670361769817122255     0.16497460558860232993   1.3829765703210088468    1.0227538048302782236   -6.0189218646310678196    0                     
103   1                        2                       -1.9753869533082373255    1.3215200740860857387   -0.16103649901782479681   1.7577302768794593746   -0.88109731363690335648  14.410620279002436916     0                     
104   1                        2                       -1.2372974353583359175    0.56284586495653066152   1.9715042771359283513   -1.4600991521928956551    1.5537004796600468737   28.019535881171940161     0                     
105   1                        2                       -0.96958758225089458627   0.08068350555657222145  -1.8801010109417908289    1.2331019829530176501   -1.223486681061810355    14.561555347634037361     0                     
106   1                        2                       -0.81830618475856997662   0.54680146733789847246   0.86760008806340138676   0.24439609460102840188   1.5077391872233771863   -2.8790949351008143786    0                     
107   1                        2                       -0.52702908697435635332   1.002052341789219092    -0.5891145254765970396   -1.3069734655649538624    0.20329297869010698463   1.393674593281907681     0                     
108   1                        2                       -0.49029165318475365076  -0.28881233430672725859  -1.6110099418620003053    0.559638762399470302     1.1925651960243852656   -5.8957483965279040561    0                     
109   1                        2                       -0.42595141433517524909  -0.98217899517007345445  -1.5690537917674975965   -0.83605591812611401714   1.6888546890679609902   18.128817217047192401     0                     
110   1                        2                       -0.13328884093001147626   1.9950332174358766935    1.8183036574431339361   -0.92550391738431136979  -1.567642033180404626    -7.9549486678997123335    0                     
111   1                        2                       -0.10666189220689470396   1.6677899017183155372   -0.46174401704861267604  -1.218322278491628996     0.57745314647184731172   5.4372692218923743823    0                     
112   1                        2                       -0.03788216514064446372   0.15270659457722368657   1.686926847647360006    -0.47646744034037769033   0.52651519480046982125   3.0263313016059592009    0                     
113   1                        2                        0.1612665030230124863   -1.3506028027597754004    0.36054895720191293407   0.25628058178463319905  -1.5800821269656322166    3.1073271183261446104    0                     
114   1                        2                        0.42914149418353497722   0.9613820369518251141   -0.64086255099644495736  -0.54213296818530087862   0.0090675252643905857   -1.1817697069626675876    0                     
115   1                        2                        0.46546524307751280247  -0.31684563931802545156   0.71461914435169848758   1.5751654778176837901    0.22318635204947634421  -4.0054535885581525889    0                     
116   1                        2                        0.66225275561199437035  -0.94201720533207722319  -0.55703630457962383105   1.7074633269661321222   -0.38900276606646433386   7.4607368659408193068    0                     
117   1                        2                        0.7109437749753242386   -1.0424171963366319904    1.1200315457023752863    0.89641549945259857424  -0.70038093583467642134   4.464378587730827519     0                     
118   1                        2                        1.4191954442224856692    1.1033829343120591382   -0.04768797675459701679  -0.51168576488210804065   0.78485227540847057881   3.9407306277240095049    0                     
119   1                        2                        1.4979607327098065639   -0.7667853920935885359   -1.3570565916830474862   -0.49809175570783614795  -1.9596800113934278453   -6.1583805276261864847    0                     
120   1                        2                        1.7881731535666358646    1.8689272578766602528   -0.89325508810888387679  -1.9734289412564332       1.7644422329919375869   41.875723153437441226     0                     
121   1                        3                       -1.7040348825366982144   -1.5798184385795521756   -1.4824989999610362901    0.65930885997385191288   0.85918102630594583857  -3.7315030000986531       0                     
122   1                        3                       -1.6570055083264940698   -0.68102121135376747496  -1.1351161543501346873    1.7781533298231351203   -0.81806417834168199121  26.002062076406414093     0                     
123   1                        3                       -1.4147697817502074003   -0.74465539002832925597  -1.7926749026266035614    0.33323178852551160745   1.8729232147199788017   -6.5357038471757569198    0                     
124   1                        3                       -1.3642805632852406106   -1.7102008342041570277    0.19131637935058387612   0.82714948562739065707  -1.1747879696578689135   13.160553720560955071     0                     
125   1                        3                       -1.0993194811343891537   -1.4482578492237057066    0.79693679860322585995  -1.4772616235040669785    1.570202876146863602    28.388384213048588833     0                     
126   1                        3                       -1.0340363351694126237   -1.6928681083931613749    0.89046976595828608581   1.3753075930112688141   -0.05668339695238588938  -3.4745031083170609953    0                     
127   1                        3                       -0.93577325278329048786   0.99024129817966377587   1.1949169075157897169   -1.2735193195045870773    0.32978852364861666047  10.314689196696997797     0                     
128   1                        3                       -0.79549309338471085873  -1.1050241678279681956   -0.37653905495454997876  -0.59747894628313891197  -0.93556847560049760659  -7.3215017689913821641    0                     
129   1                        3                       -0.20235165037402569332   1.2462499884863169619    0.00365210042287067438   0.47599055889368369066  -0.29516701333178785305   2.1212343609528749866    0                     
130   1                        3                       -0.16646620077364615575   1.4645352198134222732   -0.17575099151682160858  -1.3866371011343670006    0.94753157456514269796  18.879759643522064039     0                     
131   1                        3                        0.02088559727803795951   1.9730323537243275034    0.05478416289281007323   1.7263165211253208575   -1.4391423588297329594   37.584892556492150106     0                     
132   1                        3                        0.12962301881542703796   0.61327086470931035933   1.7975411201222799562   -1.009804270388180214    -1.2404842666524391603  -15.303560500702735325     0                     
133   1                        3                        0.24026421977479284209   0.60192483058377144189  -1.8611735762066412558    1.1093094753688590437    0.44529807409794086581 -10.903420598959865373     0                     
134   1                        3                        0.34321781918414906443   0.45308651252954401656  -0.47473609344645129049  -0.21765171592800891531  -1.8823048307366181398   -6.8208378242745562048    0                     
135   1                        3                        0.36409724667630705142   0.90565584050290537377  -1.9174168674907885457    1.6382714598528740346   -0.08304532079895277086  -3.0827779226307332472    0                     
136   1                        3                        0.40714369931823757298  -0.35500761220780630012   0.97644448973355268961   1.5196610655022797509   -0.1299039716522782939    1.9490757863218519663    0                     
137   1                        3                        0.53329240235277319826  -1.0613395321312419917   -1.936586744719986708     1.4140652610833375213    0.88136270607720312853 -11.16234283938228522      0                     
138   1                        3                        0.70467827010809136468   0.75335712203734361836  -1.9861827919892727223    0.44432767714208454279   0.13867075750107638044  -5.4781116520818846638    0                     
139   1                        3                        0.94284332269403225979   1.4585390760127507903    1.2496211665664982426    0.46276062412318275108   1.1537208926303863521   -1.6231124498357378805    0                     
140   1                        3                        1.4903182671735404341    1.2870846606381767252    0.50940633850324612553  -0.98963655592499355507  -0.5326529585213723994   -5.4249702364729444071    0                     
141   1                        3                        1.6570497564678530189   -1.6683557864065179377    1.9527430926605657824    1.4404445865298987073    0.87534351104229823903 -35.493690198710929451     0                     
142   1                        3                        1.8989229079340073092    0.74186828873496368786   0.07406163397505993728   1.1031060075135150633    1.5169419002046873324  -24.760796220911462484     0                     
143   1                        4                       -1.9181604918646999458    1.4295834699834260029   -0.80591752753863854508  -0.90981329405043975811  -1.1623266896757260547  -23.421474197235305326     0                     
144   1                        4                       -1.5151105154693449428    0.0517093575440465969   -1.2697084974287329295    1.016319608730737567     0.17237398215990706873  -3.7489375304061494099    0                     
145   1                        4                       -1.3858817373036931286   -1.4843666349933670734   -1.2420684821522687269    1.7394746022783329487    1.6190142012671269178  -56.145784098115456118     0                     
146   1                        4                       -1.3235586280450526431    0.2615177475471655022   -1.4731729894740843712    1.4053677881082511369    0.36366420047043845898 -11.50207404810789491      0                     
147   1                        4                       -1.1295463688268068125    1.6416953044295534703   -1.0165990009556722384    0.50261231236952408352   1.3079848903163435736  -18.584653168120802036     0                     
148   1                        4                       -0.78013435287204635493  -0.83273763971633285585  -1.6251400768975055033   -0.36124555310662564978   0.21696964686732433947   7.0635980087714038689    0                     
149   1                        4                       -0.2944952611326328018    0.26764998923566585276  -1.9921866667252468019   -1.7305694643419364809    1.3750858934844178982   45.087122866936560683     0                     
150   1                        4                        0.00231294359799560922   1.0450576293081113022    0.76553112808344625506   1.8491464259842684825    0.46659247492793110013 -14.054263034259388832     0                     
151   1                        4                        0.78968206658453077296   1.9471301065022759147    0.06426153794895039795  -0.81837996762939946294   0.82035745482567490328  13.861447347463641933     0                     
152   1                        4                        1.0321733852164958201   -1.9426161647800326282    0.1784650026970031611   -0.10855786616115370435   1.4457656756136683107    1.8083919484069743699    0                     
153   1                        4                        1.0853599506642375161    1.3264721826279441963   -1.8694380341804874845   -1.9467601228594288987    0.29946560012230705183   3.3097938531111914529    0                     
154   1                        4                        1.1038241237257864213   -1.0693943619344170592    1.4150104923967097292    1.4958875595908347478    0.51995419361361427946 -22.907833656244051213     0                     
155   1                        4                        1.1879700350813227061   -0.56281037950953716198  -1.8317565419399277626    0.39419627782620558776  -0.34244155433019263235   6.6581867051781546962    0                     
156   1                        4                        1.2457577049705701455   -0.4988873586022763984   -0.73014608181983176038  -1.4886581631304367512   -0.55673917895107050136 -14.742753156914538692     0                     
157   1                        4                        1.2992798636818756464   -1.0034413447358807581   -1.977050368149876336     1.6986384875956148655    0.25238415176071127277   0.46626121687034993712   0                     
158   1                        4                        1.37257618390848668     -1.2804277193361026654   -1.961192969335520786     1.62494785194999114      0.33692268226423616184   0.98206943637881627396   0                     
159   1                        4                        1.6887276654152030275    1.8997003016440565659   -0.98544731177982103354  -1.5263951245657023659   -0.95143541038635226492 -41.124726505012681343     0                     
160   1                        4                        1.6959311214552235114   -1.5613881102194251405   -0.51189153425871936065  -1.1462576537028421608   -0.36775851949032611898  -4.6624725906390498409    0                     
161   1                        4                        1.9827137090598032643   -0.45351718839173527087  -0.07572302284950049867  -1.8632730292423398399    0.55694832380257830451  20.821642664476460283     0                     
162   1                        5                       -1.634207925642157111    -1.496801042758913125    -0.3468661979781486604   -0.0980669724238258933   -1.8163523171574165183   -2.0082878111770461338    0                     
163   1                        5                       -1.5380542716638843093    0.16596146247621534897   1.1451934014266207384   -1.8598038922163333542    0.09945496484558047356   5.6285275042613465146    0                     
164   1                        5                       -0.80252939782297327831  -1.6085882355399201415    1.6661529273534148032   -0.32054882477449520017  -1.6666085473337031164  -25.607429959249113693     0                     
165   1                        5                       -0.68569427881655475865  -0.53157961827440236569  -0.43677665904222329196  -0.61091681059304936419  -1.8023151725389663369  -26.54100370135479281      0                     
166   1                        5                       -0.39125750865317621141   1.4240658186365604543    1.6778329733727508355   -0.66294130263319872576   0.69030153280496975299  23.815272257219877616     0                     
167   1                        5                       -0.37117709539957877141   0.3161453882835347784    1.1009853753908833696    0.21374678131379942769   1.5975861376917488421   -6.8407328834119853767    0                     
168   1                        5                        0.05046310405224430085  -0.38215955156151459882  -0.48231293923408435909  -1.1009532981454619449    0.71785380448829982925  20.672339220992974163     0                     
169   1                        5                        0.27403843554263263016  -1.0157706975747431422    1.3661100513954638203    0.10768478199419773134   1.6536151895929962485  -11.457717072441694128     0                     
170   1                        5                        0.28318597632800557307   1.0604035928254291754   -1.5985272767471179201   -0.51854590195197292068  -1.5337458231332119496  -28.740132188128814761     0                     
171   1                        5                        0.98264628977110746177  -1.1585150829180279608    0.56295291539350378329  -1.1404029673784579213    0.50619745606102117819  11.540735130097475647     0                     
172   1                        5                        1.2776401710132230249    1.3614868824480104159    1.2693274824083546903   -1.2364669458307082639    1.0387896034491221897   37.915591524573201809     0                     
173   1                        5                        1.3676101576607826438   -0.71030225337922425766   1.5721909731934289312    0.08680011861982883659  -0.49309329923281075558  -4.4482727813649560744    0                     
174   1                        5                        1.5527211369410771624    0.41204003351089557583  -0.13951409120966151711   1.067761851590204536    -0.67805955558837038843  17.877350114574372952     0                     
175   1                        5                        1.9591956510486072673   -1.6784754509688131208    0.08683029456223145814   1.6731192882768755048   -1.6399877962190629876   68.652154416280723126     0                     
176   2                       -0                       -1.5929762962311118102   -0.55024115420650732133  -1.320135900081566227    -0.37486053574511069009   1.8596425324883809616    0.80664085871889268375   0                     
177   2                       -0                       -0.91402685660330673656  -0.45717747920060536337   0.37936167576534973733   0.56678436159181178056   1.4721208581110478697    0.13226915086509688502   0                     
178   2                       -0                       -0.17522482030182051638  -1.6851714028483324448   -0.13510156762871727842   0.6969014320734858714    0.77276288336306997451  -0.02148412662617174909   0                     
179   2                       -0                        0.07386470220574059553   0.93679736537850777367  -0.60227623724963819107   0.75550850700881566624   1.3708813939455155584   -0.04316359225464668631   0                     
180   2                       -0                        0.11543741108344285351   1.1795460242969921794    0.90257566209077655373  -1.4199712811736322493   -1.2872581754694962797    0.22464166411375319221   0                     
181   2                       -0                        0.17855059292067165799   0.67795015446660933378   1.4904240835841533475    0.73044942323361716774   1.3877141839516617949    0.18287700396687736615   0                     
182   2                       -0                        0.18893040270552940996  -1.8986680421635866445    0.20195986710401392372   0.04079806796027574123   1.0935342528476361679   -0.0032321235613608384    0                     
183   2                       -0                        0.28959055912904219099  -0.06503085699382160634  -0.81351923443159601668  -1.8777572358753631399    0.70132898385600928037  -0.02017590080048128204   0                     
184   2                       -0                        1.1968194788021744301    1.0073535414868795002   -0.91681121050305924847  -0.6804593331540806922   -1.036477199257196613    -0.77956513853774533906   0                     
185   2                       -0                        1.3047842750277069968   -0.77796597297987779562   1.8705591522654088088    0.71849063471456720009  -1.7079378791324915099    2.3300430470493878055    0                     
186   2                       -0                        1.604008475713301074     0.88742245269579944633  -1.0041957121844460321    0.35180054986525499672  -0.73108578716529803998   0.36763791040514370856   0                     
187   2                        1                       -1.6068074947611445946    1.121004469828648098     0.45240213474148394113  -1.2000834889869800293   -1.8889768383632958848   -3.5870780255057690411    0                     
188   2                        1                       -1.2911662965214067977    1.4906885763482198293   -1.7547940888004229798    1.5873838070883707907    1.8786188167875876864   12.232024277495444409     0                     
189   2                        1                       -1.2024488027958313285   -0.4102703043549684736    1.2377824111929585094   -1.1738204421707276737   -1.2027787632661290917    0.05446352409169719078   0                     
190   2                        1                       -1.1462149707182545111   -1.3741323374963141379    0.61992025511936166282  -0.03735463435700037138  -1.0662763853086403287   -3.0617078658903102983    0                     
191   2                        1                       -0.99602398945059111846  -0.15356271356460449162   1.4810942839048686359   -0.16505056624551417421  -1.9961234154383540318    0.08289445459424922558   0                     
192   2                        1                       -0.47292115000843093497  -1.8292897013576510101    1.9307117950249388372    1.5460062499857256668   -0.51379143230073354154  -6.5538674367043565638    0                     
193   2                        1                       -0.41574841424923381084  -1.9167209474628341681    1.472336949173439713    -0.87904948480139033506  -1.8594277608572902238   -4.1958086847926017171    0                     
194   2                        1                       -0.40447436382832124835   1.921198398721284395     0.7844089785687513583    0.48839130059878277379  -1.4071173493806878874    8.4438716718109851911    0                     
195   2                        1                       -0.22430765133784014154   0.47996080866348700411   0.26186267597045453925  -1.4706722700853536168    0.9778019916440694459    1.1398197261529374735    0                     
196   2                        1                       -0.05304860130123190132  -1.2964910529193147681    0.9519055082443883542   -0.84591831586727561643  -1.0970234104697980104   -1.1186519575173101693    0                     
197   2                        1                        0.87192220040541990045  -1.8456071620873324424    0.48528454653775687788   1.5214860102191836155   -1.0173672459328271245   -3.4149380000835964921    0                     
198   2                        1                        0.98702808770847383357   1.8042337878390890538   -0.70209911529622348603   0.00270855283959869908  -1.3661932912137411122    7.8394628682827960375    0                     
199   2                        1                        1.4714105858168124996   -0.58170919778330931749  -0.61407703794467605185  -1.9999798316428656353    0.35219511511819989735   3.6186041697385089577    0                     
200   2                        1                        1.7715587912021244499    1.8924135710820189082    0.0217018253087437607   -1.7680802647069815414    1.9572457977364612347   13.085286589061379203     0                     
201   2                        2                       -1.9546420176940069169    0.95259684386623844077   1.0004411878770445021    0.36960079279153479348  -0.32899899453134229255 -10.980545385009378379     0                     
202   2                        2                       -1.9023296647983305441   -0.41974250163012172266  -0.15911473236425233146   0.77127112334723513243   0.61709567672971044061 -11.976895889904206172     0                     
203   2                        2                       -1.857123549680354202    -0.22951610400762589848  -1.0697993886620005277   -0.78666809597407461041  -1.1327489356353761529  -11.240609268225911777     0                     
204   2                        2                       -1.8313814446922016543   -1.5765510696437428084   -1.1755679327538559598   -1.9789259912237420203    1.8915768621316790821   -5.4164363278653873124    0                     
205   2                        2                       -1.8225556500987112329    1.3022985152978745482   -1.637130369957134457     0.64433393025871721349  -0.57269786156211344164  -7.1245257897974854089    0                     
206   2                        2                       -1.7941846752991399416   -0.94961753576486129802  -1.6804520229171417967   -0.24789869842170375591  -1.3241074929462464116  -12.203803451554424697     0                     
207   2                        2                       -1.7472572153564143171    0.23879684513672838619  -0.86369495935092355232  -0.95890556954354111419   0.24295689652343632758  -8.725151845212897328     0                     
208   2                        2                       -1.5598341082794471291   -1.7208011984361337721   -0.20680049059671778977   0.52743221892882230506   1.2589506112548876082  -16.150117807045830887     0                     
209   2                        2                       -1.5486277096811813525   -0.89622747331437224716   0.46880206379512623371  -0.93532419587044013376  -1.6904332840945914818   -5.838966010041164445     0                     
210   2                        2                       -1.4697222902721611693    0.13466171636055346283  -0.58051962186394923116  -0.70677811642800869585  -1.5101309167357865881   -4.2219329749666369977    0                     
211   2                        2                       -1.3339947313355668967   -0.61948978819273770036  -1.2679625278896167195   -1.6758611764190396443    0.27097511700942655821  -2.7474380637775031033    0                     
212   2                        2                       -1.1681872144054525897   -1.3835832748217868904    0.55952315570243316145  -1.6120887670348205134   -0.51492529897832417518  -5.7348497977022754313    0                     
213   2                        2                       -0.73331231419040920905  -0.11124012172949515609   1.0762908289133852335    1.8349578409497198095   -1.0461311665510932833    1.040038173997675397     0                     
214   2                        2                       -0.5731292032880144216    1.598810151312223482    -1.4951673507260081486    0.2221635699390280827    0.23711009668917304438   9.8693887953831858084    0                     
215   2                        2                       -0.49920048301422181858  -0.80693775003671386337  -0.24122760262634979078  -0.75712724949698539945  -1.7478788014898858361    0.57173024612965750446   0                     
216   2                        2                       -0.14649788492976179022   1.3946491242733163318    0.93174562910446034891   1.8573412655334315957    0.57128917513145882623   7.2170303821187937743    0                     
217   2                        2                        0.32817999782763340733   0.79900254008470028566  -1.5072880111472088949   -1.8345064142227154314    0.40955557244120965876   3.3878194791179572221    0                     
218   2                        2                        0.4533296513734819122    0.34525636363564293774  -0.18958434225881903856  -0.64243541271083337563   0.83694840914764867534   2.2845906214549880353    0                     
219   2                        2                        0.5132466779327526929   -0.76231819848051785016   0.10223765429893205692  -0.71142960212925188124  -0.66416806772115699609   1.365489677368788568     0                     
220   2                        2                        0.56470143031970554404  -1.8529553578371809053   -0.88799043073904071477   0.10261048723538657157  -0.94342486370235056903 -10.453830522040105322     0                     
221   2                        2                        0.68087300534114358896  -0.07114052941284243481  -1.0534707707756829631   -1.6552427139634366959    1.1604193887660989581    2.5325563943116073951    0                     
222   2                        2                        0.72121093792336843364   0.22214044240286634491  -1.1454168907106561104   -0.3373655968386135573   -1.5586649781129806591    2.6756969846731974982    0                     
223   2                        2                        0.77275968770261460605  -0.92720415823196300487  -0.82553133015716184673   0.69875325312875435912   0.03401551755138898514   1.3427287042829731956    0                     
224   2                        2                        0.8286077159816218618    1.0925164444414505738   -1.2876986452023728713    1.788702340380186051    -0.28178422382009915559   6.3334184605295753556    0                     
225   2                        2                        0.90893015841695712353  -0.2524945220699621462   -0.96278340368197312671   1.3646912140543183689   -1.8645708539766656653    2.9073944339588226882    0                     
226   2                        2                        1.3497979054895559159   -0.14778649564015888807   0.83988010437224991378  -0.73631048175486912832   0.8914983049620639477    7.0220619715187364562    0                     
227   2                        2                        1.3958869891537624142   -0.90532404787629805476  -0.77607824500891475772  -0.11808955863206760384  -1.9391381453660838652    6.1803293672042300955    0                     
228   2                        2                        1.5322521456652240524   -1.927536399738755124     0.66092400468574785677   1.3554196261524067424    0.48606825533065167733  -6.414334069010164896     0                     
229   2                        2                        1.7134638671202533367    0.52094860953300914375  -1.2096363558536213922    1.0533221894028086396   -0.22158350207014954059  12.596088401016720226     0                     
230   2                        2                        1.7574457057532897331   -1.7618390958813709979   -1.2172105191155893067    1.4279400613423565147   -1.7008723284139866117   -7.2352969536265767658    0                     
231   2                        2                        1.9393186369822772441   -0.81229639013451104823   0.32692885318666231598   0.44581450771276642797   0.50190191130530736885  15.400203031628816319     0                     
232   2                        2                        1.9700876836914638091    0.13997333881910289932  -0.23646908586762593885  -1.3562807481407974652    0.16599911323222960036  17.312953874196544746     0                     
233   2                        3                       -1.8160885581318495507   -0.19755727727574501351  -1.4401275083236693142   -0.34528208647511937635   1.2174732924453084415  -14.775277064900235402     0                     
234   2                        3                       -1.7281420412851562496   -0.0035583439929980365   -0.10750424359634158655  -0.89965623444669984288   1.8389930882887965957  -12.482064973149304521     0                     
235   2                        3                       -1.6138247702835117892   -1.245050242324870382    -1.5172733721050870592    1.5071366615483658968    1.2016065387431549283  -20.920381280215380571     0                     
236   2                        3                       -1.2295442165875678509    1.6801400419644272333   -1.1170208695630390316   -0.26394048587577367826  -0.91086270473817765314  12.206822300549838189     0                     
237   2                        3                       -1.1621183998129340775    0.28576854546422625347   1.6301383124388681978    1.3018415964232787907    0.67265221369547800734  -2.1124439219724777672    0                     
238   2                        3                       -0.97565190823847047774   0.43071034178054512509   1.4248359925424232131    0.3290100864767717681    0.74027817904090831291   0.3077149036918087055    0                     
239   2                        3                       -0.88745399478464315202  -1.9656262459046933699    1.0555179082505348198    1.863721130091366085     1.0722906276126669134  -18.200855375502641209     0                     
240   2                        3                       -0.54979384457454871793   1.2369596849148662976    0.12124335303266331465   1.6463944816723987685    1.0806426640907464964    8.032638276666684618     0                     
241   2                        3                       -0.51633511755663197285   1.713108834121102042     1.0112078195503797495    1.5342243897575476019    1.3407033784775634899   15.829794924867734096     0                     
242   2                        3                       -0.28568938559984990988   0.09302649805359486379  -1.8992832728294051226    0.62133812577428315649   0.03989659311380489015   2.9337138606264825391    0                     
243   2                        3                       -0.25299689055856111608   0.899539231159617092     1.3931530349752225817   -1.6093677653234443881   -0.86135047487214255746   4.6955511154365519033    0                     
244   2                        3                       -0.24292749105355593287  -0.48054997577743896464   0.10512696677871735673  -1.2303678416584675759   -0.10513771621031309245   2.6256615981656112879    0                     
245   2                        3                       -0.23433123481727080595   0.00598360746439974278  -0.63159423563167571558  -1.9620149596080085352   -1.2774821627214010267    2.9636181366130527337    0                     
246   2                        3                        0.23301539286276273799  -1.8703127526881768716   -0.35964895920420669739  -0.53655493285227207068  -1.4856730195959668706  -16.464554190625513286     0                     
247   2                        3                        0.5015112233105574191    1.8342691632054175521   -0.09789786259129118484  -1.3277099764165458673    1.6456093947908461139   22.089609530714991337     0                     
248   2                        3                        0.60405300038694953457  -0.08587829092920462593  -1.3364272620553880877   -0.30355648227983600407   1.4012018728458595085    3.6298326382124654899    0                     
249   2                        3                        0.80184710272231685124   1.7332602682195075161   -1.7183095130919134874   -0.8856852183903365372    0.96939385642649344987  22.21818905560680335      0                     
250   2                        3                        0.96112371055169409928  -0.10145851213186340978   0.39662597524721920905  -0.77541709390295676663  -1.2503473095313921704    5.6229076364716847891    0                     
251   2                        3                        1.0546332644306137816    0.72036490200095926184  -1.5607307419328921849   -1.8474942085457053409    1.6609971609694009764   11.279096193239487533     0                     
252   2                        3                        1.1208444296251292016   -0.2428827348012270182   -1.5264794957306953016    0.20331583391287022522   1.7352522531014322738    7.3279511049854173521    0                     
253   2                        3                        1.3484239154361907786   -0.37336923292617130166   1.5527506238404815697    1.9121430758182293985    0.12597296463863827398  10.010849180142880499     0                     
254   2                        3                        1.4157731644965712015   -1.1466328137030834533    1.2319482355639217452    0.59840925162221925149   0.31775307074935144058   6.6104451992153734352    0                     
255   2                        3                        1.430176370005896036    -1.7734919635104828828   -1.3717236633466445284    1.1666847707280223467    0.68090009159163367158  -2.1945854827689004196    0                     
256   2                        3                        1.5302049364332983572    1.4084950447594573042   -1.4058823025679341168   -0.18951500602753701408  -1.4954563389368686899   21.273054063360596899     0                     
257   2                        3                        1.8666753942900844443   -1.6163457624332986384    1.4554878006193128215   -1.8238284668075852579    0.80140989911642313004  16.263443796342954784     0                     
258   2                        3                        1.9262525451889715988    1.9193643283469983274    1.9569144464689438578    1.9547217314930849241    1.5376197140438794264   67.400214434722983015     0                     
259   2                        4                       -1.9930089996233271155    0.80676597729216759092   0.77192308567342804437  -0.01023882638103157383  -1.2955990047203773674  -25.581664793230011412     0                     
260   2                        4                       -1.8428134057996692352    0.76608065076446996144   1.4324999252769132774   -1.1805611911317575036   -1.9180122667812504744  -23.813311096192897764     0                     
261   2                        4                       -1.6407183509893790152    1.4971972588396620374    1.6445171098088984252   -0.56639672073019320386  -0.64589659406275612419  -1.720370197151828151     0                     
262   2                        4                       -1.2658751102530638732   -1.2478258635268275611    1.3447963852506390481   -1.022620270272129428    -0.56793272534570005128 -10.652051594706993143     0                     
263   2                        4                       -0.99399941063612429204   0.83488011487640445552   1.7894743863641657811   -0.15792327264541561327   0.85527620111681690318   2.5998847422114916839    0                     
264   2                        4                       -0.9557346301968256963   -1.1918652117712373872    0.12912718388730537455  -0.63859309119006590905   1.4525440195019161393   -6.4008014229904341974    0                     
265   2                        4                       -0.61007067636289002976  -1.0856530858123798478   -0.69332594421204185586   0.85505683867744419757   1.478694369495941352    -2.6072343684888390491    0                     
266   2                        4                       -0.50633752386831964998   0.24850569440782122044  -0.29089593378947609104  -0.94580807377919073886  -0.07345328958020447274   3.5446742759801148637    0                     
267   2                        4                       -0.43730718442708371718  -1.8087615210144292188   -1.6168450122152959736    1.16523081897081493     -1.4690007327458092234  -17.815703363632792389     0                     
268   2                        4                       -0.34467682548441835877   0.8136296130748537081   -0.42324513993900247932   0.77800854895550175527  -1.7637226478205347835    5.8278039300387334265    0                     
269   2                        4                       -0.09904297989305188565   1.7187373480902969902   -1.5355250674974663117    1.9311304323693838647    0.15504063744248552936  24.383374831472323763     0                     
270   2                        4                        0.043133715007385387     1.581138547949890949     0.33196880918008719874   1.0503909673406321978   -0.19593132777976141057  19.807041345038989277     0                     
271   2                        4                        0.39262101914827951532   0.40170746919339617165  -1.0425880822172826079   -0.20615921592616337499  -0.4521104700213023353    4.4860579425029865064    0                     
272   2                        4                        0.55102348843380433152  -1.6373138613713238421    0.67243754638315911265   1.770974033602540576    -0.71150379352872028527 -12.123560051704163953     0                     
273   2                        4                        0.74031190147298087112   1.5573337988908444451   -0.87652471817948973687   1.1775584696367284998    0.95181318597677488924  19.598234233009470984     0                     
274   2                        4                        0.76161350742685263171  -0.4728682217224793316    0.57840097533967371746  -0.41596617081973463748  -1.3960318147900721009    5.2232054567439964998    0                     
275   2                        4                        0.81837735308762127318  -0.19359083820118216934  -1.3904526383021702518   -0.29437868343601847343  -1.835764708861254757     6.2824308124127190567    0                     
276   2                        4                        1.0279791649216738492   -1.1305611826663679587    0.8182071013205636234    0.68147627412109823553   1.827545867144290348     1.3807433697396238603    0                     
277   2                        4                        1.1179665420465756398    1.7658745377657507625   -0.31024808034339845797   0.01317971400159079209   0.72676815218848878075  31.609488811014127663     0                     
278   2                        4                        1.1620701821618877325   -0.17875298069162259829   1.9840879898348227073   -1.0626339044607655548    1.2426361891753190392   10.798444508920052698     0                     
279   2                        4                        1.1698988697953689453   -0.65234436891462155295  -1.7799391874744014963   -1.5138579559152216536   -0.87347015938968697313  11.090598886755060448     0                     
280   2                        4                        1.5733720029030267007   -1.2193054116535644305    0.63741569903486006154  -0.46594938426350540617   0.54578300428910964115  12.639507975853407018     0                     
281   2                        4                        1.6577222665986068861    1.5142031485281157721    1.8354454447185397648    1.9393444990518173832   -1.7283499676900000441   20.666367826939435304     0                     
282   2                        4                        1.8137278361610569277    1.8192060338417879173    1.3592418966201096353   -0.27694777304634699     -1.77601958110503233     54.154499440271436583     0                     
283   2                        4                        1.9146567537410250637   -0.96612281143541789419   1.7649856329268542865    1.9848562275077479278   -0.61363502345897535939  32.445275111218741415     0                     
284   2                        5                       -1.7785350309142624603    0.82702552210104451902  -1.190346498242327522    -1.7139221872388470391    1.4359732078618443474  -24.610040472963561342     0                     
285   2                        5                       -1.7020935568371340363    0.69191024780683774154  -0.08655208781780232563  -1.885927001839287076    -0.63315307989823210733 -17.87792759685210342      0                     
286   2                        5                       -1.4937054135748830674    0.66322743401206052383   1.8548736227923776632   -1.5591981836552859519   -1.376425292056685068   -14.148402661638144195     0                     
287   2                        5                       -1.3559029942289035908    1.1456541440136853716   -1.5513818202693172577    1.314451113880783506     1.7241571310451622168    5.5161628775412419046    0                     
288   2                        5                       -0.72985085341510469448  -1.9725735592458935042    0.84902795237433137387  -0.48574700993220409906  -1.6333389959615181031  -34.350984016230796669     0                     
289   2                        5                       -0.06583354841321797934   1.3929288137727584562    1.7160879281406895558    0.87250071672015927504  -0.59804597481374499601  18.593842548684410332     0                     
290   2                        5                        0.62508638671917315932  -0.61464157588721679559   1.9941891491133492131   -0.01413873166973345086  -0.42404878121163225302   5.0556061666456946213    0                     
291   2                        5                        1.0962085816155537898   -1.8878332381594005174    1.6201670473834357544    0.18690792886634621794  -1.3127993970573745841  -21.2312547244747023       0                     
292   2                        5                        1.5887425372829793169   -1.3098750240239023235    1.7506178884292791231    1.8962345295370699461    1.6049408966154721234    2.7262085098543753503    0                     
293   3                       -0                       -1.5875495884990866724    1.8064272355928552294   -0.92624563521318803438   0.54667620379433623512   1.0536717723501483057    1.5300635250590042258    0                     
294   3                       -0                       -1.0757636158065320142   -0.68592011457846102651  -1.8143363731640642644   -1.1606105325811499895    1.1818780881283919015    1.8364004308749177774    0                     
295   3                       -0                       -1.0221135102330438649    0.0166868820665673212    0.35172814531990503895  -0.75224384614618045042   1.7747635323907959837    0.00800904229844787846   0                     
296   3                       -0                        0.33416838186191588633   0.07039793363681789984   0.82503856915233120262  -0.17302555411292974696  -1.5959232945384811408    0.00535946922531399528   0                     
297   3                       -0                        1.4841777737940673454    0.50437341570623406284  -0.0574613669222694412   -0.86566988810031042512  -0.7763663113647594205   -0.02890899922258821642   0                     
298   3                       -0                        1.6331268696031897569   -1.5523159754910311747    1.9127191067070912212   -0.96662089267633688472   0.6338456752403014427    2.9709199951337410539    0                     
299   3                       -0                        1.6758662289398009726    0.87966714090792930136   0.26662128160396170173   0.41615918624990211327  -1.3369503844422505612   -0.21868918537169407257   0                     
300   3                        1                       -1.7228367141760572157   -1.7319205493787119821   -0.38644814853107889441  -1.0964793867855784359   -1.0616642134341160997   -8.5722108853354352931    0                     
301   3                        1                       -1.6738674702933415972   -1.1194679992990659301    1.2884675272174739291   -0.1316567231435861185   -0.8004360073885699034   -3.2766330431105905596    0                     
302   3                        1                       -1.3099652806100618996    1.6511554812067217313    1.521084559073126119    -1.5534132657597206073    1.3309006624228558735   14.853153942258797926     0                     
303   3                        1                       -1.1939431709196686171   -1.4982454563147693527    1.6034144429444703306    0.85849720584526245659   1.2261035663854973343   -2.8461322538982565256    0                     
304   3                        1                       -0.65935218906214543289   1.0391307936872857809   -0.95066794216149475005   0.27778332437070885064  -1.6692302628368609341    1.2809522554865608868    0                     
305   3                        1                       -0.31889341213581601231   0.18295023096993601186  -0.44674729660443524004  -1.2506240243343094143   -0.172876985778571024    -0.08889427495268689694   0                     
306   3                        1                       -0.11618187503135080085  -0.91938115084130278554  -1.2937672834423095125   -0.72948012090641878302   0.3916475269312016394    1.4591193641146313897    0                     
307   3                        1                        0.15736953289852007032   0.7058489459693482182    1.2209594533082470669    0.30625158495348747678  -1.8401241532154670733    2.4411132860730138106    0                     
308   3                        1                        0.30676032825197907528  -1.5193680729928418227    1.065096880738213958    -1.4398514609304575718    0.74406674887214885317   1.161785221019361547     0                     
309   3                        1                        0.38286980736601838871   1.6298613092612281861    0.64046758081242671778   1.6146438169380417094   -0.25391969334126063274   4.0759347878243916696    0                     
310   3                        1                        0.48317185018551578324   0.20621282612384339572  -1.4221459922445611745    1.808716775341924432    -1.6188985512582680926    8.1493818443660064332    0                     
311   3                        1                        0.57773567030353190077  -0.87535638028115481113  -1.8434482943806842492    1.6006023968917255651   -0.44450408743400160461   2.1832791243429716666    0                     
312   3                        1                        0.58995804060149747983   0.43894371322331560137   1.5327869813972254676   -1.3197746318325407344    1.7906483048830756921    5.9514466793512257325    0                     
313   3                        1                        1.2223192359851751121    0.85559667950193984964   0.46165610609681184684   1.2447092672967277061    1.6311568488678931388   -2.1717666912723694317    0                     
314   3                        2                       -1.9471601043598367742    1.8501085518510334005    1.8061906082370500215    1.1265559890908156682    0.59156871363191276814  -4.3766252106792187249    0                     
315   3                        2                       -1.8036731890158499425   -0.83588911435471136002   0.58326825696452377912  -1.7398932304106669022   -1.5225967585620794331  -16.855542073505635159     0                     
316   3                        2                       -1.4493516039178260257    0.35700740165805733284   1.293942962595447721     1.2908125078064682789    1.9793847108637541155  -16.022803840411992127     0                     
317   3                        2                       -0.83349985046027819102  -1.0234166815705303399    0.24499858595547241435   1.4776727471135990832    0.11345096427395695571  -1.7048757434068504413    0                     
318   3                        2                       -0.64042701745149632764  -1.741536724209211906     0.14179711052191912302   0.59205920027517100479   1.67614332670788313     -9.5965439764152389301    0                     
319   3                        2                       -0.60129865334133381083   1.612701814063189687    -0.41565025034059743803  -1.8070694989474718195   -0.99117551541415660488  -3.9270798508530839754    0                     
320   3                        2                       -0.21063251509578706511  -0.17015262709900813576   0.03522147925060226115   1.3304209766414865079    1.4274194006725591244   -8.5132105269579163576    0                     
321   3                        2                       -0.08667656337731721727  -0.67251177968149944419   0.74669583858479349203  -1.4170801006097732966    0.75793081395412942314   5.5165234549561290578    0                     
322   3                        2                        1.3852967131968410008    0.11629617133091585401  -1.023502280668372677    -0.794670706786571035    -0.29983255073490777676   2.3103639593056226609    0                     
323   3                        2                        1.4497454834113505662   -0.42346226450069934799  -0.8475266893664603618   -1.9405680263675741948    1.0976499061127977797   13.872013804647922441     0                     
324   3                        2                        1.7673966512473757717   -0.54018122772889975991  -1.9210494633127850328    0.61319069238819778889   1.0423881652956801247    5.3772750140670293462    0                     
325   3                        3                       -1.7504603207621332039    0.63863781531708818662  -1.8278684744662965223    1.2525775359853055235   -0.79296432260792282243  -2.4859449597140272914    0                     
326   3                        3                       -1.6817810071237273561    1.7508985901762428306    1.3724108245891275537    1.5966433581622219151    0.99619764821382306152 -12.336387647883363172     0                     
327   3                        3                       -1.4005985292141787113    0.48339441651823511492   0.02901881156366625802  -0.43438613824016480969   1.1229209395531447591    1.2371353780512901466    0                     
328   3                        3                       -1.347834435456393809    -1.4098126485873510028    1.8413499617553132914   -1.9180128915550083146   -1.9456202942857832028  -25.200845156685844017     0                     
329   3                        3                       -1.2731328609223853121   -1.1788416823456027149   -1.249080031049289996     0.04608075519766163808  -0.22969605521192071329  -1.7447384419501112962    0                     
330   3                        3                       -1.0158056927282974602    1.9638112229237427719   -0.02130741492143806148  -1.5845090899713458743    0.62602163801176446967  18.622661159022875665     0                     
331   3                        3                       -0.75427105964826335338  -0.8476607810497558404    0.87166780648559027966  -1.7547405740553241316    0.08807581992475777     -0.09261275302959250111   0                     
332   3                        3                       -0.06963705028565136956  -1.6297907488064220516    1.3132719889174384598    0.96645494082028493565   0.11522676643006057873  -9.0232761981490998693    0                     
333   3                        3                        0.21503755477074992797  -1.2248621885988739688   -0.94842912638024445826   0.95704135890449038016   1.8509613030189893124  -12.342337398559745765     0                     
334   3                        3                        1.8609281639564017041    0.76413801953692006563   0.40600984699365794128   0.42626574529148175685   1.2833131966587947304    8.5144755068524098363    0                     
335   3                        4                       -1.2994424690697372604   -0.35254123939958903478  -1.4338028805422404766   -0.38078438978194828479  -0.14635946917695230596  -2.058951535567162594     0                     
336   3                        4                       -0.69763282131947268461  -0.22248164936758363375  -0.49733218611754637095  -0.99466821519932957507  -1.112399556970316894    -9.6298886881127501169    0                     
337   3                        4                       -0.63210166824265479057  -1.1712391955870695703    1.1649116097761309518   -1.6331087318512398365    1.1156466246785305962   12.201082248582922674     0                     
338   3                        4                       -0.61754761506147515249   1.1425258869836665276   -0.65890923494913367087   0.50684642391372225489  -0.97797845191607812865   7.732567207630004269     0                     
339   3                        4                       -0.54287359395596990197  -1.4575384571257834487    0.31969345509732693955  -0.43427458323271950213  -1.016124403795788611    -9.7459007791032270518    0                     
340   3                        4                       -0.15583780094352106538  -0.72047487399951037901   1.0340392964532294506   -1.8026291910738021507    0.42270710502348540771   7.2858341651551050688    0                     
341   3                        4                        0.41175449696776222908  -0.43966467682397447625  -0.54310506794740498471   0.28602517156735940418  -0.83218618849243508606   4.8040677466046437516    0                     
342   3                        4                        0.61274386404778047321   1.7916696509233833723   -1.452653411725555177    -0.23091731172375729031  -0.03396213049061502787   8.6666404483832177874    0                     
343   3                        4                        0.8541453718254015115    0.50184050510746835982   1.1091546124168032428    1.7211704373455534167   -1.2680759193480990454   25.400395446323955184     0                     
344   3                        4                        1.6396971256085630664    1.3794247657345333202    0.3085133198701774937   -1.4010054862887413307    1.4066970293651892554   35.250387471319811539     0                     
345   3                        4                        1.9450981457164138178    1.9880286328679548369   -0.26959110726626112076   0.80468301753223414607  -1.1852124808641046894   41.892131425964656444     0                     
346   3                        5                       -0.37919678068102391499   1.2122614923813328502    1.7749764783369390564   -1.2814739540781532323   -1.8224393508010237053  -18.901330821293697682     0                     
347   3                        5                        0.66641263782262560866   1.3468023193596869724   -1.4040137902323985841   -1.6887883369512031173    1.1748107460880810038   31.920112160877785357     0                     
348   3                        5                        0.74957746147733717024   1.0257922710684708179    0.53904527510693700521   1.9504138451885464356    1.5814858985649160594  -29.644670493185294902     0                     
349   3                        5                        0.93659922998918077042   1.2671174242663405529    0.43229056842844792996   0.9286784388850288785   -0.04003108563301460698  11.455206109731326691     0                     
350   3                        5                        1.2683716576279868704    1.8541248021121425893    1.4985716800900577006   -0.05348641825488642532  -1.0052411600547142001   30.000211141742123999     0                     
