1 absolute 7.814124 -3.929698 -5.000000 2.000000 1410.880822 961.808165
2 absolute -4.451716 0.869684 -4.000000 -1.000000 41.893290 0.000000
3 absolute 7.937998 2.795972 -4.000000 0.000000 1474.102344 46815.769410
4 absolute 8.540615 -2.599651 -4.000000 3.000000 2087.570086 1506.868811
5 absolute -1.151633 -1.546917 -3.000000 9.000000 7.783109 0.000000
6 absolute 2.418906 1.595949 -2.000000 9.000000 -21.264397 82.957256
7 absolute -2.458181 9.104186 -1.000000 4.000000 2795.636326 775.684303
8 absolute -3.753437 3.210403 0.000000 3.000000 -7.450621 0.000000
9 absolute -3.980299 -2.188817 1.000000 -4.000000 -2.919810 0.000000
10 absolute 2.049480 -1.517932 1.000000 -4.000000 -33.790214 22.744506
11 absolute 4.982900 6.957344 1.000000 0.000000 936.140810 153630.030584
12 absolute 1.497918 -1.384244 2.000000 3.000000 -4.897473 0.000000
13 absolute 6.170627 -1.862031 2.000000 4.000000 445.705912 568.091269
14 absolute 4.663637 -1.219152 2.000000 7.000000 97.769614 272.244319
15 absolute -4.166958 6.153179 3.000000 -1.000000 471.976389 0.000000
16 absolute -0.145334 7.036766 3.000000 7.000000 883.351989 973.809449
17 absolute -2.969380 8.698640 3.000000 8.000000 2299.872995 306.499781
18 absolute -1.391578 4.229285 3.000000 8.000000 53.241488 7.076568
19 absolute 5.841911 0.684593 3.000000 8.000000 353.823973 1105.748350
20 absolute 6.288202 7.515385 4.000000 5.000000 1678.350973 988699.754860
21 absolute -2.179917 9.297507 4.000000 7.000000 3091.387057 1243.217595
22 absolute 3.354174 6.521048 5.000000 -5.000000 568.739156 19568.171425
23 absolute -0.518358 1.665796 5.000000 -4.000000 -9.225883 0.000000
24 absolute 9.458779 0.340569 5.000000 -4.000000 3324.609209 19468.598819
25 absolute 0.056118 -2.012419 5.000000 -2.000000 -0.898061 0.000000
26 absolute 5.432561 -1.605635 5.000000 1.000000 225.249987 404.907150
27 absolute -3.464085 9.816395 5.000000 2.000000 3918.508389 590.006854
28 absolute 8.309730 5.541889 6.000000 10.000000 2144.985610 1037827.179729
29 absolute 2.508991 -2.400358 7.000000 -3.000000 -30.404199 56.834749
30 absolute 9.285455 -1.955448 8.000000 -5.000000 3056.342657 2916.358894
31 absolute -2.585265 -0.298923 10.000000 -1.000000 10.192365 0.000000
32 absolute 4.616482 6.403460 10.000000 2.000000 635.325050 61347.084325
33 quad 6.122987 -0.733688 -5.000000 -1.000000 463.755564 184.129778
34 quad -1.311683 -3.666406 -5.000000 8.000000 12.352667 0.000000
35 quad 7.111546 3.282966 -4.000000 -4.000000 952.838490 871268.903609
36 quad 0.383857 7.775725 -4.000000 1.000000 1460.676179 8329486.551536
37 quad 9.154675 -4.257861 -3.000000 -2.000000 3056.109311 507.473442
38 quad -1.215101 9.584606 -3.000000 7.000000 3674.601505 62715012.665263
39 quad 5.184841 3.543682 -3.000000 8.000000 220.042619 213719.824523
40 quad -2.493965 9.457363 -3.000000 9.000000 3464.283980 13534643.488864
41 quad 1.679902 7.636407 -2.000000 -4.000000 1326.464199 23039417.968433
42 quad 5.059167 4.823805 -2.000000 1.000000 306.596169 2438271.206334
43 quad 0.789706 3.109845 -2.000000 5.000000 -3.308737 1088.985524
44 quad 9.229424 -3.682658 -2.000000 6.000000 3141.507269 520.156048
45 quad -0.880425 7.164125 -1.000000 -5.000000 993.813240 692354.232786
46 quad 2.213140 1.861752 -1.000000 -1.000000 -33.182507 360.661531
47 quad 4.070940 -1.800542 -1.000000 -1.000000 22.692863 0.000000
48 quad -4.640375 -0.975671 0.000000 -5.000000 88.879838 0.000000
49 quad -1.984355 -4.830760 0.000000 -1.000000 117.899298 0.000000
50 quad -4.238635 -0.138131 0.000000 4.000000 67.478570 0.000000
51 quad 7.643746 0.030881 0.000000 9.000000 1382.781470 2460.319588
52 quad 1.954654 -2.909067 1.000000 1.000000 -21.592900 0.000000
53 quad -1.406455 -3.875419 1.000000 2.000000 24.257806 0.000000
54 quad 0.721865 6.824408 1.000000 2.000000 813.574641 1742257.065011
55 quad 6.623966 9.944812 1.000000 5.000000 5015.469931 327119206738.315186
56 quad 4.823420 5.200157 1.000000 7.000000 358.421835 4088736.741517
57 quad -0.936750 8.669437 2.000000 -5.000000 2365.113007 13284752.893307
58 quad 7.366863 9.676344 2.000000 -5.000000 4965.179649 401932551017.062622
59 quad -2.716913 -4.594044 2.000000 -3.000000 80.538594 0.000000
60 quad -2.019537 3.034231 2.000000 1.000000 -17.512973 39.335764
61 quad -0.737990 3.396203 2.000000 9.000000 25.694209 407.990473
62 quad 4.573409 -4.899179 3.000000 0.000000 248.779725 16.534986
63 quad 9.880642 -2.151866 3.000000 4.000000 4184.199283 909.155701
64 quad 2.853388 7.942513 4.000000 -5.000000 1597.057662 137401144.997780
65 quad 3.013028 8.399440 4.000000 0.000000 2066.127144 401977629.697802
66 quad 8.785571 -1.139284 4.000000 0.000000 2522.796697 1088.080541
67 quad 6.031081 9.574901 4.000000 9.000000 4132.210087 86281653714.692215
68 quad 4.242427 5.699346 5.000000 -2.000000 398.140733 6206607.081214
69 quad 5.226989 5.577908 5.000000 1.000000 525.634152 13030601.566328
70 quad 3.536714 -2.427966 5.000000 9.000000 24.184805 0.000000
71 quad 9.475561 2.020263 6.000000 -2.000000 3489.909434 741819.794689
72 quad 3.831122 5.947644 6.000000 -1.000000 449.579169 6759197.720800
73 quad -4.159754 6.686844 6.000000 0.000000 796.267671 10018.004335
74 quad 6.474648 8.088192 6.000000 0.000000 2393.461033 6874132667.520167
75 quad 1.226706 0.497921 6.000000 5.000000 22.146567 0.000000
76 quad -3.088319 5.365017 6.000000 6.000000 263.799613 2065.315628
77 quad 3.252617 5.079287 7.000000 -3.000000 184.489268 667442.143018
78 quad -0.326698 6.908976 7.000000 -2.000000 868.726621 723091.622193
79 quad 2.600790 -0.190636 7.000000 5.000000 16.074537 0.000000
80 quad 6.707258 4.006529 7.000000 7.000000 813.529197 2471623.470708
81 quad 4.402734 4.450534 8.000000 -3.000000 165.386775 599503.938353
82 quad -3.973922 8.025297 8.000000 -2.000000 1736.537104 175706.380311
83 quad 4.536028 -3.455096 8.000000 2.000000 116.851440 16.330020
84 quad 3.806772 -0.851642 8.000000 3.000000 45.464160 0.000000
85 quad 0.500003 8.352544 8.000000 6.000000 2052.518737 29653578.841493
86 quad 1.880263 -0.741801 8.000000 7.000000 23.386940 0.000000
87 quad -0.211252 3.695257 9.000000 -2.000000 32.532153 1296.698236
88 quad 5.713700 -4.536405 9.000000 -1.000000 449.287698 83.266921
89 quad 6.980779 7.342643 9.000000 1.000000 2053.876188 2567158002.272985
90 quad 5.527522 7.117726 9.000000 4.000000 1299.285654 382781700.257619
91 quad -1.810275 6.322115 9.000000 10.000000 596.158177 50715.038978
92 quad -4.918357 9.011297 10.000000 -3.000000 2978.723809 491000.945470
93 quad 7.460822 2.360643 10.000000 1.000000 1228.841303 195509.367000
94 quad 5.868403 -3.308879 10.000000 2.000000 414.608850 91.500844
95 logsum -4.553746 3.517107 -5.000000 2.000000 517.216054 0.000000
96 logsum -4.763220 -4.353576 -5.000000 5.000000 382.630655 0.000000
97 logsum -4.831505 -0.224876 -5.000000 8.000000 278.018376 0.000000
98 logsum 7.661846 1.132942 -4.000000 -3.000000 24365.020022 14029351.812135
99 logsum 2.264765 8.588659 -4.000000 -1.000000 60579.951255 497913.532678
100 logsum 3.966007 -3.508213 -4.000000 0.000000 580.091179 118.035226
101 logsum -2.292584 -4.436981 -4.000000 4.000000 138.996072 0.000000
102 logsum -1.650921 3.907953 -4.000000 6.000000 522.468920 0.000000
103 logsum 6.535924 6.058900 -3.000000 -3.000000 13077.178251 203412916.135619
104 logsum 4.057981 2.643909 -3.000000 0.000000 738.911441 47100.428400
105 logsum 7.761118 3.871324 -3.000000 4.000000 27366.101913 264555598.016918
106 logsum 6.673192 -4.714764 -3.000000 6.000000 9467.933601 5889.008219
107 logsum 7.584164 3.098394 -3.000000 7.000000 22791.622821 85731045.124305
108 logsum 4.323259 0.937646 -2.000000 -4.000000 843.470919 14554.233219
109 logsum 6.079181 6.220293 -2.000000 -2.000000 11023.778787 95884660.697403
110 logsum -2.365606 -2.257178 -2.000000 3.000000 -32.656336 0.000000
111 logsum -3.903789 -1.900730 -2.000000 6.000000 56.647648 0.000000
112 logsum -2.933009 8.268027 -1.000000 -4.000000 44140.309332 0.000000
113 logsum 1.122044 1.825527 -1.000000 2.000000 64.985288 40.534434
114 logsum 2.661641 3.724321 -1.000000 4.000000 559.467751 8480.149032
115 logsum 6.771368 8.475451 -1.000000 8.000000 64329.086147 3650710608.731591
116 logsum 8.078958 2.847910 0.000000 2.000000 36835.774575 179525486.011525
117 logsum 3.689457 -4.687555 0.000000 3.000000 643.837258 50.844630
118 logsum 9.172917 -4.041046 0.000000 6.000000 107697.576284 1631882.749797
119 logsum -2.074928 -0.529862 0.000000 9.000000 5.238678 0.000000
120 logsum -1.483315 4.881725 1.000000 -4.000000 1502.826989 0.000000
121 logsum 1.831311 2.511038 1.000000 5.000000 157.032882 461.939878
122 logsum -3.439215 5.809962 1.000000 8.000000 3962.706896 0.000000
123 logsum 2.478247 0.605924 1.000000 10.000000 135.898229 242.451887
124 logsum 4.167005 3.945371 2.000000 1.000000 1271.610232 215225.674547
125 logsum 9.575577 6.020636 2.000000 1.000000 164980.554450 85500630238.184464
126 logsum 9.583339 2.455586 2.000000 2.000000 161467.964997 2457138731.815022
127 logsum -3.236614 2.084463 3.000000 -3.000000 62.613204 0.000000
128 logsum 4.214573 4.658676 3.000000 3.000000 1967.351296 483042.693219
129 logsum -2.302908 7.966070 3.000000 6.000000 32837.705974 10.796495
130 logsum 5.649465 -4.774585 3.000000 10.000000 3619.768887 844.738693
131 logsum 7.014494 -2.706336 4.000000 -1.000000 12904.531076 82977.775807
132 logsum 0.324820 9.898017 4.000000 0.000000 220307.632838 38087.561969
133 logsum 1.736726 7.876610 4.000000 4.000000 30132.261258 84952.816515
134 logsum -3.524141 -3.845607 4.000000 5.000000 102.078087 0.000000
135 logsum -0.753730 -0.321104 4.000000 6.000000 24.800738 0.000000
136 logsum 1.023277 8.879103 5.000000 -2.000000 80571.756814 55570.069991
137 logsum -2.751290 3.790313 5.000000 3.000000 472.763007 0.000000
138 logsum -0.410184 -3.797202 5.000000 5.000000 77.077667 0.000000
139 logsum 8.665081 5.740455 5.000000 6.000000 68931.293210 10457835587.890026
140 logsum 3.469346 9.265538 5.000000 10.000000 118254.830437 10899562.605986
141 logsum 9.987680 -4.171200 6.000000 -3.000000 240848.507061 7306635.792493
142 logsum 8.252919 5.006124 6.000000 6.000000 45273.729526 2200525176.028773
143 logsum -1.558672 -3.570528 6.000000 9.000000 51.574689 0.000000
144 logsum -1.230323 4.558185 7.000000 1.000000 1093.105792 0.000000
145 logsum -2.863871 -4.011918 7.000000 5.000000 97.888880 0.000000
146 logsum -4.639016 1.262220 7.000000 10.000000 273.060256 0.000000
147 logsum 5.756073 2.215906 8.000000 -5.000000 3792.841362 916387.578832
148 logsum 0.921259 0.284120 8.000000 1.000000 49.192048 0.000000
149 logsum 4.759863 -3.250830 8.000000 6.000000 1380.902281 602.805973
150 logsum 7.503048 -1.329566 8.000000 8.000000 20878.308295 870617.555240
151 logsum -1.066484 4.376632 9.000000 1.000000 908.208973 0.000000
152 logsum 0.279835 0.816403 9.000000 3.000000 55.249592 0.000000
153 logsum 3.736984 -2.819859 9.000000 4.000000 459.334196 121.033707
154 logsum 8.942912 -4.155560 9.000000 8.000000 85914.488785 918978.754998
155 logsum 0.988185 2.410523 10.000000 0.000000 130.394826 62.390259
156 logsum 8.143907 4.695488 10.000000 2.000000 40376.550332 1296976056.745666
157 hyperbol 5.290822 4.252759 -5.000000 4.000000 215.790895 27.008738
158 hyperbol 2.878738 9.743299 -5.000000 6.000000 3761.008292 7.439895
159 hyperbol 9.829523 7.433288 -5.000000 9.000000 5051.064627 96.921410
160 hyperbol -4.966740 -3.150094 -4.000000 -3.000000 85.370250 21.943060
161 hyperbol 9.652317 -0.677164 -4.000000 0.000000 3617.242564 30702.681567
162 hyperbol 1.396135 -2.961270 -4.000000 4.000000 -33.289339 67.430925
163 hyperbol 3.121995 2.591515 -4.000000 5.000000 -42.211685 8.287620
164 hyperbol -1.832415 8.796380 -4.000000 9.000000 2402.146336 1.999203
165 hyperbol 1.544639 6.788012 -3.000000 -3.000000 689.107985 0.926040
166 hyperbol -4.337074 7.822636 -3.000000 -2.000000 1438.553165 16.951751
167 hyperbol 0.826862 2.280723 -3.000000 0.000000 -32.981511 0.000000
168 hyperbol 2.348286 0.538898 -3.000000 4.000000 -21.349495 3.599172
169 hyperbol -3.835459 6.704507 -3.000000 7.000000 686.689759 12.793730
170 hyperbol -2.614054 0.220218 -2.000000 3.000000 -21.484192 4.196175
171 hyperbol 5.110381 4.164603 -2.000000 7.000000 186.778175 24.516120
172 hyperbol 8.393845 0.115733 -2.000000 7.000000 1960.857770 3993.674143
173 hyperbol 2.706136 4.930728 -1.000000 -4.000000 81.072277 5.414760
174 hyperbol -0.041592 -3.329303 -1.000000 3.000000 -12.009715 16.246912
175 hyperbol 8.800971 -0.422247 -1.000000 4.000000 2418.346830 10193.564694
176 hyperbol 1.107047 -4.337263 -1.000000 5.000000 43.819730 221.112327
177 hyperbol 7.887191 1.368474 -1.000000 6.000000 1467.675258 726.977490
178 hyperbol 7.238686 5.908883 -1.000000 8.000000 1346.977246 50.765973
179 hyperbol 8.088153 1.910763 0.000000 -2.000000 1622.692874 534.261124
180 hyperbol 0.576980 -2.108041 0.000000 2.000000 -16.721121 3.792499
181 hyperbol -4.079556 1.610793 0.000000 3.000000 12.538669 13.598403
182 hyperbol -4.743672 -2.732576 0.000000 8.000000 84.975222 19.022522
183 hyperbol 9.768606 3.623552 0.000000 10.000000 3842.587008 549.534836
184 hyperbol 9.081947 -0.561198 1.000000 0.000000 2775.328335 15484.428437
185 hyperbol 1.278825 0.186958 1.000000 2.000000 -1.536524 0.000000
186 hyperbol -0.090962 -1.687055 1.000000 3.000000 -4.517920 0.000000
187 hyperbol 5.370154 2.878100 2.000000 2.000000 189.815286 28.214416
188 hyperbol 5.594544 7.556420 2.000000 7.000000 1480.977172 29.466409
189 hyperbol 8.912187 0.960481 2.000000 7.000000 2568.393449 2906.550363
190 hyperbol 7.338339 -0.997048 2.000000 9.000000 1067.032710 4209.150457
191 hyperbol 8.369344 8.508861 3.000000 -5.000000 3989.933680 68.439072
192 hyperbol 0.132652 3.454147 3.000000 -1.000000 -8.636935 0.000000
193 hyperbol -3.675275 -1.717314 3.000000 5.000000 -0.179517 10.394144
194 hyperbol 9.343703 1.323873 4.000000 -4.000000 3136.916956 3115.283851
195 hyperbol -2.819063 5.641656 4.000000 6.000000 272.387445 5.825642
196 hyperbol 0.586194 7.281343 4.000000 8.000000 1035.093207 0.000000
197 hyperbol 0.671029 1.442678 4.000000 9.000000 19.000631 0.000000
198 hyperbol 3.405630 4.737895 4.000000 9.000000 105.520386 9.925595
199 hyperbol 4.454963 6.501933 5.000000 -4.000000 633.158374 18.535939
200 hyperbol 9.019748 8.206379 5.000000 -1.000000 4459.172453 80.144347
201 hyperbol 4.935161 7.400505 5.000000 6.000000 1233.347630 23.099491
202 hyperbol 6.248855 1.494094 6.000000 -3.000000 467.255533 142.797224
203 hyperbol 6.378850 8.184341 7.000000 -4.000000 2268.562238 39.883177
204 hyperbol 8.713903 5.162658 7.000000 -4.000000 2473.420980 99.790605
205 hyperbol -1.599371 -4.965035 7.000000 -3.000000 119.912247 18.886323
206 hyperbol 2.094081 5.460003 7.000000 -2.000000 217.035473 3.270762
207 hyperbol -4.346073 0.443358 7.000000 6.000000 72.902101 16.707909
208 hyperbol -3.359619 7.661396 7.000000 9.000000 1303.958231 9.904069
209 hyperbol 0.022415 9.854521 8.000000 -4.000000 3984.221133 0.000000
210 hyperbol 7.995214 -0.449513 8.000000 3.000000 1586.602728 4701.863886
211 hyperbol 8.468911 1.740180 8.000000 3.000000 2040.853477 896.069115
212 hyperbol 8.597252 9.481348 8.000000 4.000000 5556.830936 73.284765
213 hyperbol 7.267647 -3.084833 8.000000 5.000000 1008.880137 31375.682826
214 hyperbol 3.213922 6.639355 9.000000 -2.000000 640.019327 9.762746
215 hyperbol -0.675083 8.970179 9.000000 1.000000 2648.352430 0.000000
216 hyperbol 3.082534 2.151300 9.000000 1.000000 -17.002657 8.601828
217 hyperbol -1.017061 1.118884 9.000000 8.000000 29.942762 0.000000
218 hyperbol 1.442068 -0.860188 9.000000 8.000000 27.377455 0.737716
219 hyperbol 3.305603 4.077494 10.000000 5.000000 38.236499 10.400051
220 invgauss 5.494660 2.736424 -4.000000 7.000000 197.855423 80.278788
221 invgauss -3.733514 -2.895834 -3.000000 -2.000000 -50.789861 10.433293
222 invgauss -0.499660 -2.302158 -3.000000 -1.000000 -35.457164 0.000000
223 invgauss 5.957661 9.354766 -2.000000 -3.000000 3470.503421 33.234527
224 invgauss 3.927769 1.224830 -2.000000 -2.000000 -18.185751 29.959843
225 invgauss -0.810357 9.206599 -2.000000 0.000000 2910.049439 0.000000
226 invgauss 0.452805 4.352685 -2.000000 9.000000 48.528276 0.000000
227 invgauss 2.940514 -2.499318 -1.000000 2.000000 -51.762173 61.568671
228 invgauss 6.900693 -0.029630 -1.000000 4.000000 764.351137 1041.553281
229 invgauss 1.656281 -1.409947 -1.000000 10.000000 -2.416352 0.483852
230 invgauss 4.843739 1.048964 0.000000 2.000000 91.005479 85.166085
231 invgauss 3.625179 -4.515688 0.000000 5.000000 46.493587 359.070953
232 invgauss 0.197810 -2.618887 1.000000 7.000000 -7.511539 0.000000
233 invgauss 2.791728 5.392503 1.000000 8.000000 188.683703 4.602699
234 invgauss -3.182229 5.102874 2.000000 -3.000000 106.469589 6.279630
235 invgauss -0.609476 5.299555 2.000000 -1.000000 174.547642 0.000000
236 invgauss 1.963800 8.817428 3.000000 -4.000000 2382.323818 0.815981
237 invgauss -3.020124 0.712382 3.000000 7.000000 -4.711111 5.137575
238 invgauss -4.487333 -1.070417 4.000000 5.000000 62.361377 16.106045
239 invgauss -3.580690 7.220836 6.000000 -2.000000 939.813341 9.908454
240 invgauss -1.708934 6.181698 6.000000 -1.000000 425.609852 0.070689
241 invgauss 9.733491 0.040590 6.000000 0.000000 3748.981202 16615.651113
242 invgauss -2.210075 -3.415412 6.000000 1.000000 -26.960646 1.249429
243 invgauss 1.335872 6.380172 6.000000 3.000000 520.005228 0.000000
244 invgauss -1.897269 3.263757 6.000000 4.000000 -17.910953 0.508729
245 invgauss 6.407445 2.003702 7.000000 -3.000000 508.196802 251.426879
246 invgauss 2.196281 -1.243276 7.000000 -2.000000 -18.511411 8.449733
247 invgauss -0.284443 -3.059376 7.000000 0.000000 -9.908944 0.000000
248 invgauss 6.841804 9.096171 9.000000 -1.000000 3510.177420 46.390737
249 invgauss 7.149171 4.519174 9.000000 8.000000 992.928648 172.920879
250 invgauss -3.281506 2.941853 9.000000 10.000000 -4.454909 8.141112
251 absolute 2.454767 -2.443285 -3.000000 1.000000 -45.398040 51.860821
252 absolute 2.339567 -2.103977 -3.000000 1.000000 -41.650238 42.956715
253 absolute 2.382038 -2.218725 -3.000000 1.000000 -43.157293 46.105236
254 absolute 2.284191 -2.144395 -3.000000 1.000000 -41.629244 40.120506
255 absolute 2.193168 -2.282913 -3.000000 1.000000 -42.120254 36.104573
256 absolute 2.228248 -2.396824 -3.000000 1.000000 -43.351327 38.731377
257 absolute 2.359754 -2.372853 -3.000000 1.000000 -44.305896 45.843958
258 absolute 2.331419 -2.355546 -3.000000 1.000000 -43.959163 44.122283
259 absolute 2.341434 -2.347579 -3.000000 1.000000 -43.977334 44.633871
260 absolute 2.363779 -2.374543 -3.000000 1.000000 -44.348070 46.085116
261 absolute 2.367436 -2.286534 -3.000000 1.000000 -43.674186 45.707957
262 absolute 2.380938 -2.289128 -3.000000 1.000000 -43.794143 46.500061
263 absolute 2.551038 -2.338614 -3.000000 1.000000 -45.125364 57.007182
264 absolute 2.467094 -2.354844 -3.000000 1.000000 -44.868810 51.995511
265 absolute 2.460219 -2.367565 -3.000000 1.000000 -44.925690 51.670116
266 absolute 2.437054 -2.280654 -3.000000 1.000000 -44.089658 49.716953
267 absolute 2.436929 -2.355281 -3.000000 1.000000 -44.698773 50.204807
268 absolute 2.381387 -2.378033 -3.000000 1.000000 -44.500796 47.118650
269 absolute 2.418802 -2.390248 -3.000000 1.000000 -44.839317 49.374480
270 absolute 2.415260 -2.369063 -3.000000 1.000000 -44.665627 49.023936
271 absolute 2.446862 -2.354824 -3.000000 1.000000 -44.754414 50.789694
272 absolute 2.475706 -2.292296 -3.000000 1.000000 -44.409347 52.096324
273 absolute 2.498669 -2.385350 -3.000000 1.000000 -45.252713 54.104768
274 absolute 2.526852 -2.439106 -3.000000 1.000000 -45.729210 56.193463
275 absolute 2.558165 -2.413467 -3.000000 1.000000 -45.688110 57.956156
276 absolute 2.566714 -2.538477 -3.000000 1.000000 -46.371617 59.359071
277 absolute 2.598877 -2.441174 -3.000000 1.000000 -45.981570 60.706374
278 absolute 2.732589 -2.619380 -3.000000 1.000000 -46.801615 70.697579
279 absolute 2.655890 -2.588942 -3.000000 1.000000 -46.731382 65.407689
280 absolute 2.548037 -2.668391 -3.000000 1.000000 -46.611072 59.131603
281 absolute 2.691007 -2.619635 -3.000000 1.000000 -46.822818 67.929910
282 absolute 2.714615 -2.655960 -3.000000 1.000000 -46.871364 69.760583
283 absolute 2.765116 -2.686432 -3.000000 1.000000 -46.824493 73.388093
284 absolute 2.831685 -2.689120 -3.000000 1.000000 -46.621209 78.006198
285 absolute 2.825417 -2.760835 -3.000000 1.000000 -46.583485 78.102012
286 absolute 2.837854 -2.689556 -3.000000 1.000000 -46.595333 78.442001
287 absolute 2.852076 -2.778422 -3.000000 1.000000 -46.429680 80.107160
288 absolute 2.889161 -2.781476 -4.000000 2.000000 -46.222474 83.669528
289 absolute 2.968200 -2.727241 -4.000000 2.000000 -45.732008 89.022435
290 absolute 2.875721 -2.731564 -4.000000 2.000000 -46.389451 82.333376
291 absolute 2.967416 -2.810346 -4.000000 2.000000 -45.559289 89.590859
292 absolute 2.928821 -2.848615 -4.000000 2.000000 -45.716649 87.049045
293 absolute 2.932096 -2.774905 -4.000000 2.000000 -45.948709 86.725958
294 absolute 2.957303 -2.859817 -4.000000 2.000000 -45.437587 89.223200
295 absolute 2.982630 -2.775488 -4.000000 2.000000 -45.522039 90.456095
296 absolute 2.919165 -2.789112 -4.000000 2.000000 -46.006511 85.892216
297 absolute 2.949178 -2.856820 -4.000000 2.000000 -45.519623 88.602000
298 absolute 2.915210 -2.753909 -4.000000 2.000000 -46.112778 85.339792
299 absolute 2.876917 -2.928806 -4.000000 2.000000 -45.571857 83.929661
300 absolute 2.813749 -3.116380 -4.000000 2.000000 -43.810888 80.989644
301 absolute 3.223450 -2.752200 -4.000000 2.000000 -42.149355 109.097898
302 absolute 2.820037 -3.030988 -4.000000 2.000000 -44.890425 80.731617
303 absolute 3.394736 -2.687325 -4.000000 2.000000 -38.158797 123.100287
304 absolute 3.088855 -3.316705 -4.000000 2.000000 -37.688785 102.917209
305 absolute 2.778016 -1.926762 -4.000000 2.000000 -40.949239 70.145348
306 absolute 3.186753 -2.770754 -5.000000 2.000000 -45.294976 107.354694
307 absolute 2.806367 -2.965311 -4.000000 2.000000 -45.591081 79.256334
308 absolute 2.772990 -3.126196 -4.000000 2.000000 -43.783103 78.261068
309 absolute 3.481855 -3.335871 -5.000000 2.000000 -30.835938 137.133550
310 absolute 2.768146 -3.669160 -4.000000 2.000000 -28.273120 82.705865
311 absolute 3.133262 -1.864222 -4.000000 2.000000 -37.122360 95.967199
312 absolute 1.905982 -2.735628 -4.000000 2.000000 -40.763891 26.047279
313 absolute 3.451844 -3.080085 -4.000000 0.000000 -39.102314 131.190096
314 absolute 2.786571 -2.681288 -2.000000 2.000000 -41.772333 74.118275
315 absolute 3.166413 -2.955236 -4.000000 2.000000 -42.191774 106.044844
316 absolute 3.054256 -2.686998 -5.000000 0.000000 -52.348320 96.307486
317 absolute 3.616364 -2.638403 -5.000000 0.000000 -38.047858 143.997999
318 absolute 2.703761 -3.497515 -5.000000 1.000000 -39.999569 77.900071
319 absolute 3.264905 -1.952269 -2.000000 0.000000 -35.822184 105.554972
320 absolute 1.994080 -3.174975 -3.000000 1.000000 -38.064756 32.746691
321 absolute 3.019827 -2.654742 -5.000000 1.000000 -50.221769 93.450047
322 absolute 3.080808 -2.629144 -3.000000 1.000000 -44.456646 95.929781
323 absolute 3.367909 -1.610316 -5.000000 1.000000 -33.882719 115.087090
324 absolute 2.764488 -2.642459 -5.000000 0.000000 -54.290709 75.023070
325 absolute 3.723802 -2.659497 -5.000000 0.000000 -33.327998 154.514560
326 absolute 3.052844 -3.423444 -5.000000 0.000000 -42.804759 102.172215
327 absolute 2.708019 -1.945521 -5.000000 1.000000 -46.280748 66.631428
328 absolute 2.696984 -1.877577 -5.000000 1.000000 -45.426528 65.503717
329 absolute 2.735599 -3.155532 -5.000000 1.000000 -48.386411 77.068534
330 absolute 1.985928 -3.130450 -5.000000 0.000000 -46.189071 33.987531
331 absolute 3.355811 -3.278985 -5.000000 0.000000 -40.856191 125.539595
332 absolute 1.839269 -3.086933 -5.000000 0.000000 -44.967280 26.893809
333 absolute 2.025701 -2.646518 -5.000000 0.000000 -49.723678 32.138680
334 absolute 2.005724 -3.493104 -5.000000 0.000000 -37.768681 38.063107
335 absolute 2.655929 -3.070965 -5.000000 0.000000 -52.121298 71.102451
336 absolute 2.030750 -3.624803 -5.000000 0.000000 -33.160209 40.476171
337 absolute 3.229731 -3.148012 -5.000000 0.000000 -46.209740 113.839600
338 absolute 3.637767 -3.183195 -5.000000 0.000000 -33.247928 150.292222
339 absolute 3.297015 -3.867333 -5.000000 0.000000 -19.528473 125.916512
340 absolute 2.731703 -3.036403 -5.000000 0.000000 -52.539071 75.830724
341 absolute 2.721330 -3.090523 -5.000000 0.000000 -51.872640 75.575327
342 absolute 2.672806 -3.316821 -5.000000 0.000000 -47.671125 74.266225
343 absolute 2.678914 -1.963237 -5.000000 0.000000 -48.998964 64.812648
344 absolute 2.658298 -2.032963 -5.000000 0.000000 -49.822203 63.882748
345 absolute 2.660175 -2.014989 -5.000000 0.000000 -49.611864 63.896261
346 absolute 2.692273 -3.680822 -5.000000 0.000000 -35.332467 78.821851
347 absolute 2.667848 -2.028078 -5.000000 0.000000 -49.772828 64.476117
348 absolute 2.105651 -1.605223 -5.000000 0.000000 -40.591620 29.593540
349 absolute 3.146680 -1.977751 -5.000000 0.000000 -45.836320 98.793870
350 absolute 2.118982 -1.952632 -5.000000 0.000000 -45.287346 32.200715
351 absolute 2.696941 -3.386365 -5.000000 0.000000 -45.891201 76.460602
352 absolute 2.671574 -2.010953 -5.000000 -1.000000 -52.072532 64.616418
353 absolute 1.671996 -1.490070 -5.000000 -1.000000 -36.106286 9.312023
354 absolute 2.684213 -1.994057 -5.000000 -1.000000 -51.875677 65.344650
355 absolute 2.626256 -1.707532 -5.000000 -1.000000 -48.131560 59.942964
356 absolute 2.135319 -1.744407 -5.000000 -1.000000 -45.276725 31.849282
357 absolute 2.650657 -2.044199 -5.000000 -1.000000 -52.445239 63.454383
358 absolute 3.450527 -1.417513 -5.000000 -1.000000 -33.954919 121.369915
359 absolute 2.642819 -2.022194 -5.000000 -1.000000 -52.177416 62.813183
360 absolute 2.615554 -2.036832 -5.000000 -1.000000 -52.302643 61.149049
361 absolute 2.171748 -1.714180 -5.000000 -1.000000 -45.255737 33.569715
362 absolute 3.139358 -2.093754 -5.000000 -1.000000 -49.807554 98.917169
363 absolute 3.179413 -1.953707 -5.000000 -1.000000 -47.495408 101.269010
364 absolute 3.199507 -2.011179 -5.000000 -1.000000 -47.833877 103.235237
365 absolute 3.474295 -1.291238 -5.000000 -1.000000 -31.600884 122.902968
366 absolute 3.700699 -1.992497 -5.000000 -1.000000 -31.889445 147.816175
367 absolute 3.191203 -1.644478 -5.000000 -1.000000 -43.250656 100.488899
368 absolute 3.215443 -2.007984 -5.000000 -1.000000 -47.498157 104.512402
369 absolute 3.142783 -2.043956 -5.000000 -1.000000 -49.186545 98.883132
370 absolute 3.615787 -1.542508 -5.000000 -1.000000 -29.698546 137.169789
371 absolute 3.882102 -1.985709 -5.000000 -1.000000 -22.301794 166.030023
372 absolute 3.964812 -2.074727 -5.000000 -1.000000 -18.216306 175.275885
373 absolute 3.187871 -1.785925 -5.000000 -1.000000 -45.196261 100.987731
374 absolute 3.391707 -1.111001 -5.000000 -1.000000 -31.964097 114.795998
375 absolute 3.151405 -1.510985 -5.000000 -1.000000 -42.143769 96.607711
376 absolute 3.083578 -2.109809 -5.000000 -1.000000 -50.792085 94.644609
377 absolute 2.167999 -2.031838 -5.000000 -2.000000 -51.761602 35.199441
378 absolute 1.772194 -2.053956 -5.000000 -2.000000 -47.239876 16.602867
379 absolute 2.142481 -1.784094 -5.000000 -2.000000 -48.378628 32.436747
380 absolute 2.079057 -1.403411 -5.000000 -2.000000 -42.624958 27.246631
381 absolute 1.736066 -1.534728 -5.000000 -2.000000 -40.055549 12.173572
382 absolute 2.219173 -1.756341 -5.000000 -2.000000 -48.789370 36.304666
383 absolute 2.157559 -1.733677 -5.000000 -2.000000 -47.868903 32.937614
384 absolute 1.585869 -2.076250 -5.000000 -2.000000 -45.003752 9.172038
385 absolute 2.247600 -1.235389 -5.000000 -2.000000 -42.266686 35.232592
386 absolute 1.783914 -2.123863 -5.000000 -2.000000 -48.176726 17.536604
387 absolute 2.258892 -1.757971 -5.000000 -1.000000 -46.683276 38.454859
388 absolute 2.577762 -2.126887 -5.000000 0.000000 -50.720682 59.308535
389 absolute 2.518588 -2.164790 -5.000000 0.000000 -50.903890 55.874792
390 absolute 2.437484 -2.042484 -5.000000 0.000000 -49.133274 50.236354
391 absolute 2.521238 -2.101515 -5.000000 0.000000 -50.237449 55.640674
392 absolute 2.518485 -2.151708 -5.000000 0.000000 -50.767054 55.785871
393 absolute 3.060265 -2.168203 -5.000000 0.000000 -49.212853 93.212110
394 absolute 2.517883 -2.331591 -5.000000 0.000000 -52.437630 56.915231
395 absolute 2.511302 -2.244010 -5.000000 0.000000 -51.651121 55.936922
396 absolute 1.884325 -2.235745 -5.000000 0.000000 -45.617160 22.676656
397 absolute 2.444400 -2.228086 -5.000000 0.000000 -51.152399 51.809402
398 absolute 2.489726 -2.220005 -5.000000 0.000000 -51.321503 54.470715
399 absolute 2.392382 -2.244317 -5.000000 0.000000 -50.972149 48.867905
400 absolute 2.409714 -2.434339 -5.000000 0.000000 -52.567824 51.144094
401 absolute 2.359984 -2.480466 -5.000000 0.000000 -52.478353 48.594561
402 absolute 2.336362 -2.420688 -5.000000 0.000000 -51.952037 46.842237
403 absolute 2.320643 -2.475405 -5.000000 0.000000 -52.144818 46.336040
404 absolute 1.804679 -2.471422 -5.000000 0.000000 -46.356964 20.725709
405 absolute 2.224965 -2.434931 -5.000000 0.000000 -51.065845 40.815757
406 absolute 1.621213 -2.443281 -5.000000 0.000000 -43.753402 12.941832
407 absolute 2.117357 -2.513120 -5.000000 0.000000 -50.375836 35.742017
408 absolute 2.262138 -2.426134 -5.000000 0.000000 -51.357609 42.763622
409 absolute 1.471485 -2.391942 -5.000000 0.000000 -41.428204 6.940852
410 absolute 2.219003 -2.400231 -5.000000 0.000000 -50.785781 40.259761
411 absolute 1.913652 -2.422414 -5.000000 0.000000 -47.474369 25.257038
412 absolute 2.300652 -2.442585 -5.000000 0.000000 -51.795000 44.994578
413 absolute 1.933484 -3.021145 -5.000000 0.000000 -46.965277 30.629649
414 absolute 2.311152 -2.437447 -5.000000 0.000000 -51.852157 45.543261
415 absolute 2.096158 -2.421810 -5.000000 0.000000 -49.647303 34.036193
416 absolute 2.253979 -2.523029 -5.000000 0.000000 -51.794494 42.993198
417 absolute 1.455259 -2.972324 -4.000000 0.000000 -38.641032 9.531056
418 absolute 1.808267 -2.938814 -5.000000 0.000000 -46.121775 24.345171
419 absolute 2.307065 -2.502377 -5.000000 0.000000 -52.167353 45.766208
420 absolute 2.249202 -2.565714 -5.000000 -1.000000 -54.411230 43.036729
421 absolute 1.990217 -3.050973 -5.000000 -1.000000 -49.822325 33.541941
422 absolute 2.300385 -2.428074 -4.000000 -1.000000 -51.704540 43.780039
423 absolute 2.261377 -2.942396 -4.000000 -1.000000 -51.303632 45.426258
424 absolute 1.606174 -2.543667 -4.000000 -1.000000 -44.041248 11.954041
425 absolute 1.893971 -2.512769 -5.000000 -1.000000 -50.215035 24.983889
426 absolute 2.213606 -2.979551 -4.000000 -1.000000 -50.537334 43.147214
427 absolute 1.213190 -2.658613 -5.000000 -1.000000 -41.770185 0.160328
428 absolute 2.264317 -2.528442 -4.000000 -1.000000 -51.911083 42.493954
429 absolute 1.992836 -3.329109 -4.000000 -1.000000 -42.345062 34.897947
430 absolute 1.640381 -1.706848 -4.000000 -1.000000 -36.080438 8.070717
431 absolute 2.332752 -2.957066 -5.000000 -1.000000 -54.291416 50.595993
432 absolute 2.285005 -3.628531 -4.000000 -1.000000 -35.640139 52.601407
433 absolute 1.974106 -2.945380 -5.000000 -1.000000 -50.677142 31.931122
434 absolute 2.382824 -2.988766 -5.000000 -1.000000 -54.382467 53.700562
435 absolute 2.485902 -3.282087 -5.000000 -1.000000 -50.429067 62.207497
436 absolute 1.918867 -2.954924 -5.000000 -1.000000 -49.914894 29.425500
437 absolute 2.226622 -3.427715 -5.000000 -1.000000 -44.726939 48.710445
438 absolute 1.675926 -3.188505 -5.000000 -1.000000 -43.720623 20.814272
439 absolute 2.840338 -2.946870 -5.000000 0.000000 -53.114933 82.581461
440 absolute 2.843639 -3.603155 -5.000000 0.000000 -38.295333 88.424854
441 absolute 2.603993 -2.950766 -5.000000 0.000000 -53.287773 66.798278
442 absolute 2.562373 -3.824673 -5.000000 0.000000 -27.957265 71.844370
443 absolute 2.458251 -3.008304 -5.000000 0.000000 -52.167710 58.278702
444 absolute 2.853701 -4.062863 -5.000000 -1.000000 -15.140133 93.578098
445 absolute 2.585008 -3.283286 -5.000000 0.000000 -48.294500 68.333936
446 absolute 2.529652 -2.980493 -5.000000 0.000000 -52.787896 62.382573
447 absolute 2.875442 -3.535380 -4.000000 -1.000000 -40.700652 88.958634
448 absolute 2.676461 -3.086095 -5.000000 0.000000 -51.938603 72.567071
449 absolute 2.592232 -3.147084 -5.000000 0.000000 -50.910233 67.642031
450 absolute 2.821270 -3.765573 -5.000000 -1.000000 -33.558434 88.379375
451 absolute 2.971594 -2.979006 -4.000000 -1.000000 -51.970487 91.214131
452 absolute 2.554561 -3.379095 -4.000000 -1.000000 -45.836399 66.156398
453 absolute 3.096833 -2.909319 -4.000000 -1.000000 -51.103033 100.186808
454 absolute 2.937420 -2.933890 -4.000000 -1.000000 -52.632634 88.340502
455 absolute 3.024087 -2.947237 -4.000000 -1.000000 -51.723638 94.895912
456 absolute 2.981779 -3.437346 -4.000000 -1.000000 -43.148118 95.828456
457 absolute 3.376267 -3.215316 -4.000000 0.000000 -39.122735 125.665835
458 absolute 2.529814 -2.917223 -4.000000 -1.000000 -53.301636 60.792863
459 absolute 2.939715 -2.952423 -5.000000 0.000000 -52.468513 89.754540
460 absolute 3.429804 -2.921655 -5.000000 -1.000000 -46.368311 129.065028
461 absolute 3.012829 -3.522922 -4.000000 0.000000 -37.548518 98.921454
462 absolute 2.925194 -2.858007 -5.000000 -1.000000 -55.698062 87.957276
463 absolute 3.599890 -2.885214 -5.000000 -1.000000 -40.710068 144.300556
464 absolute 2.914302 -4.011177 -4.000000 -1.000000 -15.956118 96.294089
465 absolute 3.465093 -3.228188 -5.000000 -1.000000 -41.268260 134.704864
466 absolute 2.982170 -3.734728 -5.000000 -1.000000 -34.042899 99.685160
467 absolute 2.599013 -2.947240 -5.000000 -1.000000 -55.804357 66.454054
468 absolute 2.551193 -2.808703 -5.000000 -1.000000 -56.442075 62.376710
469 absolute 2.520635 -3.312646 -5.000000 -1.000000 -49.890341 64.583249
470 absolute 2.568688 -2.791936 -5.000000 0.000000 -54.053891 63.340573
471 absolute 1.970495 -2.805710 -5.000000 0.000000 -48.911529 30.677610
472 absolute 2.463985 -2.785215 -5.000000 0.000000 -53.613687 56.882396
473 absolute 2.533111 -2.789762 -5.000000 -1.000000 -56.431418 61.113615
474 absolute 2.902399 -2.841260 -5.000000 -2.000000 -58.432859 86.177196
475 absolute 3.326477 -2.794184 -5.000000 -2.000000 -52.300339 119.115187
476 absolute 3.844669 -3.496491 -5.000000 -2.000000 -20.213924 173.473203
477 absolute 3.330933 -2.771525 -5.000000 -2.000000 -52.249520 119.323408
478 absolute 3.379481 -3.280194 -5.000000 -2.000000 -45.202134 127.595914
479 absolute 3.019621 -2.874501 -5.000000 -2.000000 -57.263910 95.089089
480 absolute 2.980724 -3.161671 -5.000000 -2.000000 -54.546733 94.479333
481 absolute 3.030999 -3.599707 -4.000000 -2.000000 -39.482413 100.996691
482 absolute 2.947434 -3.248227 -5.000000 -3.000000 -55.727372 92.746257
483 absolute 2.936421 -3.286167 -5.000000 -3.000000 -54.998958 92.263199
484 absolute 3.623295 -3.779171 -5.000000 -3.000000 -21.507953 154.257223
485 absolute 2.909004 -3.372947 -5.000000 -2.000000 -50.564044 91.021432
486 absolute 3.243338 -3.228739 -4.000000 -3.000000 -49.498684 114.535198
487 absolute 2.861649 -4.000613 -5.000000 -3.000000 -24.493851 93.514284
488 absolute 3.043279 -3.695691 -5.000000 -3.000000 -40.241143 103.923631
489 absolute 3.696792 -3.157611 -5.000000 -3.000000 -38.587645 155.766182
490 absolute 3.260386 -3.479956 -4.000000 -3.000000 -42.633432 118.133627
491 absolute 4.097853 -3.037212 -5.000000 -2.000000 -13.556710 196.640492
492 absolute 2.838687 -3.310810 -5.000000 -3.000000 -55.015195 85.470748
493 absolute 2.804958 -3.605565 -4.000000 -3.000000 -43.348676 84.646290
494 absolute 3.447781 -4.136864 -5.000000 -3.000000 -4.577040 141.668347
495 absolute 3.043678 -3.310807 -5.000000 -2.000000 -50.898185 100.487567
496 absolute 2.876402 -3.168081 -4.000000 -4.000000 -57.710462 85.830330
497 absolute 2.769135 -3.430982 -4.000000 -3.000000 -49.531827 80.605919
498 absolute 3.247542 -3.783613 -4.000000 -4.000000 -32.688776 119.882943
499 absolute 2.547438 -3.162438 -4.000000 -4.000000 -58.017573 63.863206
500 absolute 2.768315 -3.283824 -4.000000 -5.000000 -58.360913 79.267532
501 absolute 3.588498 -4.369074 -4.000000 -5.000000 18.705203 155.863076
502 absolute 3.098954 -3.930150 -4.000000 -3.000000 -24.375881 109.375785
503 absolute 2.756441 -3.458827 -4.000000 -5.000000 -53.703501 79.989566
504 absolute 2.929625 -3.586054 -4.000000 -4.000000 -45.958748 93.327744
505 absolute 3.307572 -3.941089 -4.000000 -4.000000 -22.316577 126.430386
506 absolute 2.718386 -3.343192 -4.000000 -5.000000 -57.020961 76.409501
507 absolute 2.633581 -3.375950 -4.000000 -5.000000 -56.125616 71.132279
508 absolute 2.721478 -3.679876 -4.000000 -5.000000 -45.364405 79.654069
509 absolute 2.685078 -4.236304 -4.000000 -5.000000 -9.038006 82.756139
510 absolute 3.205451 -3.444618 -4.000000 -5.000000 -49.841484 113.305240
511 absolute 2.523122 -3.305006 -4.000000 -5.000000 -57.580592 63.569946
512 absolute 2.021979 -3.976445 -4.000000 -5.000000 -24.341405 42.325793
513 absolute 2.483239 -3.418383 -4.000000 -5.000000 -54.421734 62.132681
514 absolute 2.402681 -3.620666 -4.000000 -5.000000 -46.874516 59.190383
515 absolute 2.225389 -3.310062 -4.000000 -5.000000 -55.343640 46.516339
516 absolute 2.036993 -3.760391 -4.000000 -5.000000 -37.043546 40.953450
517 absolute 2.102335 -3.384919 -4.000000 -5.000000 -52.164333 40.766330
518 absolute 1.717633 -3.304433 -4.000000 -5.000000 -49.400735 22.408798
519 absolute 2.160703 -3.876167 -4.000000 -5.000000 -32.130513 48.304826
520 absolute 2.444109 -3.492753 -4.000000 -5.000000 -51.882389 60.456448
521 absolute 2.854038 -3.258522 -4.000000 -4.000000 -56.112301 85.004346
522 absolute 3.560953 -4.420888 -4.000000 -4.000000 25.515199 153.854024
523 absolute 3.117930 -3.314192 -4.000000 -4.000000 -52.338029 105.167228
524 absolute 2.990968 -4.188042 -4.000000 -5.000000 -11.833703 103.739632
525 quad 2.790100 -3.744350 -4.000000 -4.000000 -18.246038 0.000000
526 absolute 3.781213 -3.272838 -4.000000 -5.000000 -34.778087 163.979252
527 absolute 3.406840 -3.606411 -4.000000 -5.000000 -39.412335 131.782111
528 absolute 2.739170 -3.288883 -4.000000 -4.000000 -55.797268 77.335016
529 absolute 3.133297 -3.198757 -4.000000 -4.000000 -54.529018 105.395726
530 absolute 3.191674 -3.200431 -4.000000 -4.000000 -53.525600 110.077261
531 absolute 3.897438 -3.838617 -4.000000 -4.000000 -4.527581 181.023787
532 absolute 3.427631 -3.418439 -4.000000 -4.000000 -42.797216 131.916164
533 absolute 3.011611 -3.228000 -4.000000 -4.000000 -55.541161 96.248823
534 absolute 3.173634 -3.219902 -4.000000 -4.000000 -53.476195 108.787594
535 absolute 3.467284 -4.074025 -4.000000 -4.000000 -8.786244 141.669410
536 absolute 2.986384 -3.635284 -4.000000 -4.000000 -43.491899 97.967445
537 absolute 4.155157 -3.301025 -4.000000 -4.000000 -7.056496 204.192817
538 absolute 2.999670 -3.793686 -4.000000 -5.000000 -38.399362 100.454650
539 absolute 3.303795 -3.202611 -4.000000 -4.000000 -51.179201 119.358989
540 absolute 2.774137 -3.594318 -4.000000 -5.000000 -48.881040 82.421699
541 absolute 3.760111 -3.196830 -4.000000 -4.000000 -34.868456 161.227426
542 absolute 2.271289 -3.968475 -4.000000 -5.000000 -27.482728 55.110773
543 absolute 3.003927 -3.564951 -4.000000 -4.000000 -46.113884 98.633552
544 absolute 2.538556 -3.149288 -4.000000 -4.000000 -58.199077 63.203975
545 absolute 3.526189 -3.234172 -4.000000 -5.000000 -46.602872 139.191183
546 absolute 2.722634 -3.434021 -4.000000 -4.000000 -52.009400 77.490752
547 absolute 3.178775 -3.182072 -4.000000 -4.000000 -54.082871 108.882990
548 absolute 2.576806 -3.789170 -4.000000 -5.000000 -39.900323 71.307229
549 absolute 2.963829 -3.446376 -4.000000 -4.000000 -50.534113 94.576993
550 absolute 1.944819 -4.241977 -4.000000 -4.000000 -0.414710 41.365987
551 absolute 3.228462 -3.054823 -4.000000 -5.000000 -57.544441 111.871085
552 absolute 3.652130 -3.167451 -4.000000 -5.000000 -42.908244 150.433828
553 absolute 3.280031 -3.588610 -4.000000 -5.000000 -43.322432 120.755926
554 absolute 3.979044 -3.165644 -4.000000 -5.000000 -25.202110 183.597242
555 quad 3.228413 -3.950049 -4.000000 -3.000000 6.387679 0.000000
556 absolute 3.510477 -3.492216 -4.000000 -4.000000 -37.841731 140.007562
557 absolute 2.905831 -3.119898 -4.000000 -5.000000 -60.795619 87.543043
558 absolute 3.046310 -3.799419 -4.000000 -5.000000 -37.589485 104.039944
559 absolute 3.685749 -3.162612 -4.000000 -5.000000 -41.507622 153.634780
560 absolute 3.325114 -3.458277 -4.000000 -5.000000 -46.856166 123.379628
561 absolute 2.839461 -4.134992 -4.000000 -5.000000 -17.211995 92.210166
562 absolute 3.047204 -4.680133 -3.000000 -4.000000 46.891181 112.437773
563 absolute 2.797094 -3.109475 -4.000000 -5.000000 -61.465684 79.779067
564 absolute 3.411872 -3.044072 -4.000000 -4.000000 -50.746405 127.359364
565 absolute 2.839095 -3.042396 -4.000000 -3.000000 -57.183223 82.157307
566 absolute 2.795296 -2.872731 -3.000000 -3.000000 -56.278637 76.865200
567 absolute 2.741058 -2.848064 -3.000000 -3.000000 -56.518908 72.975379
568 absolute 2.718514 -2.777017 -3.000000 -3.000000 -56.790497 70.920612
569 absolute 2.661437 -2.813632 -3.000000 -3.000000 -56.676021 67.432152
570 absolute 2.701733 -2.868156 -3.000000 -3.000000 -56.449389 70.500495
571 quad 2.651623 -2.781877 -3.000000 -3.000000 -44.956629 0.000000
572 absolute 2.610885 -2.743774 -2.000000 -3.000000 -54.270035 62.944444
573 absolute 2.754946 -2.749539 -3.000000 -3.000000 -56.801084 73.166015
574 absolute 2.711404 -2.826893 -3.000000 -3.000000 -56.636636 70.825683
575 absolute 2.628133 -2.779114 -3.000000 -3.000000 -56.735546 65.014537
576 absolute 2.572765 -2.844692 -2.000000 -3.000000 -53.872501 61.299024
577 absolute 2.534436 -2.736696 -3.000000 -3.000000 -56.542283 58.795964
578 absolute 2.522909 -2.679052 -3.000000 -3.000000 -56.517255 57.659226
579 absolute 2.382804 -2.659094 -3.000000 -3.000000 -55.704274 49.178135
580 absolute 2.140918 -2.734327 -2.000000 -3.000000 -51.025884 35.850361
581 absolute 2.498987 -2.722032 -3.000000 -3.000000 -56.401431 56.517009
582 absolute 2.376508 -2.725618 -3.000000 -3.000000 -55.662029 49.307107
583 absolute 2.012613 -2.689191 -3.000000 -3.000000 -52.098845 29.817478
584 absolute 2.497387 -2.754861 -2.000000 -3.000000 -53.852469 55.965343
585 absolute 2.659766 -2.617215 -3.000000 -3.000000 -56.802203 65.863706
586 absolute 2.093274 -2.616089 -3.000000 -3.000000 -52.948593 33.258479
587 absolute 2.419603 -2.912168 -2.000000 -3.000000 -52.755735 52.532682
588 absolute 1.802503 -2.686946 -3.000000 -3.000000 -49.451834 20.174074
589 absolute 2.627467 -2.876813 -3.000000 -3.000000 -56.343712 65.719721
590 absolute 2.329115 -2.613051 -3.000000 -3.000000 -55.228698 45.787109
591 absolute 2.712152 -2.642981 -2.000000 -3.000000 -54.357192 68.801675
592 absolute 2.172565 -2.952666 -3.000000 -3.000000 -52.862065 39.869157
593 absolute 2.576948 -2.937875 -3.000000 -3.000000 -55.817660 62.986867
594 absolute 2.769092 -2.555516 -3.000000 -3.000000 -56.566935 72.711038
595 absolute 3.200298 -2.614096 -3.000000 -3.000000 -52.548978 105.293905
596 quad 2.845407 -2.819503 -2.000000 -3.000000 -40.402219 0.000000
597 absolute 3.279123 -3.040234 -3.000000 -3.000000 -49.161473 115.048135
598 absolute 2.850502 -2.988519 -3.000000 -3.000000 -55.202446 81.627836
599 absolute 2.388262 -2.546372 -3.000000 -3.000000 -55.476073 48.680825
600 absolute 3.124683 -3.036745 -3.000000 -3.000000 -52.052651 102.481635
601 absolute 2.796322 -2.546280 -3.000000 -3.000000 -56.463465 74.514049
602 absolute 2.832270 -2.428821 -2.000000 -3.000000 -53.248663 75.494314
603 absolute 3.242062 -2.536162 -3.000000 -3.000000 -51.505510 108.152154
604 absolute 3.552158 -2.941481 -3.000000 -3.000000 -42.150528 138.288640
605 absolute 2.832572 -2.620372 -3.000000 -3.000000 -56.545366 77.565790
606 absolute 3.129020 -2.567848 -3.000000 -3.000000 -53.620469 99.257875
607 absolute 2.813995 -2.324485 -2.000000 -3.000000 -52.571163 73.514342
608 absolute 3.336488 -2.620476 -3.000000 -4.000000 -52.124982 116.680936
609 absolute 3.002539 -3.114618 -3.000000 -3.000000 -52.569580 93.720606
610 absolute 2.740682 -3.013957 -2.000000 -4.000000 -55.274586 73.554249
611 absolute 3.617383 -2.508245 -3.000000 -3.000000 -40.106706 141.164237
612 absolute 3.140669 -2.962094 -3.000000 -4.000000 -55.052527 103.147999
613 absolute 2.165934 -2.567811 -3.000000 -3.000000 -53.602267 36.629081
614 absolute 2.746997 -2.292658 -3.000000 -3.000000 -54.974319 69.410342
615 absolute 2.972087 -3.011482 -2.000000 -4.000000 -54.147122 89.910180
616 absolute 3.438859 -2.671166 -3.000000 -3.000000 -46.867725 125.965327
617 absolute 2.439406 -2.942399 -3.000000 -4.000000 -57.656676 54.635745
618 absolute 1.859257 -3.062081 -3.000000 -4.000000 -50.547320 25.579750
619 quad 2.152154 -2.640300 -3.000000 -5.000000 -50.592371 0.000000
620 absolute 2.293052 -2.300765 -2.000000 -4.000000 -53.203168 40.917263
621 absolute 2.480778 -3.086013 -3.000000 -5.000000 -58.868962 58.257744
622 absolute 1.454718 -3.522730 -3.000000 -5.000000 -37.058262 13.287398
623 absolute 1.869786 -3.104410 -3.000000 -5.000000 -52.620173 26.397151
624 absolute 2.392716 -3.557961 -3.000000 -5.000000 -46.756147 57.136649
625 absolute 2.505867 -3.135175 -2.000000 -5.000000 -55.782330 59.481535
626 absolute 2.253919 -3.145473 -3.000000 -4.000000 -53.846048 45.763139
627 absolute 1.936393 -3.575232 -2.000000 -4.000000 -36.485520 32.827899
628 absolute 2.536780 -2.892362 -3.000000 -5.000000 -60.992323 60.128156
629 absolute 3.198923 -3.391077 -3.000000 -5.000000 -49.023702 111.402241
630 absolute 2.130918 -3.103450 -3.000000 -5.000000 -55.748794 38.930275
631 absolute 2.725605 -2.878670 -3.000000 -5.000000 -61.378724 72.173157
632 absolute 2.473135 -3.707578 -3.000000 -5.000000 -40.994123 63.263958
633 absolute 3.013363 -3.384050 -3.000000 -5.000000 -51.869325 96.824819
634 absolute 3.811294 -3.055892 -2.000000 -5.000000 -31.841397 163.604293
635 absolute 2.639437 -2.808413 -3.000000 -5.000000 -61.668307 65.965010
636 absolute 2.935343 -3.154752 -3.000000 -5.000000 -57.543701 89.075135
637 absolute 3.354050 -3.690253 -3.000000 -5.000000 -34.761910 127.076851
638 absolute 3.048408 -3.374473 -3.000000 -5.000000 -51.736704 99.401855
639 absolute 2.153891 -3.251447 -3.000000 -5.000000 -53.423962 41.349380
640 absolute 2.656079 -3.735889 -2.000000 -5.000000 -37.743257 74.268135
641 absolute 3.268758 -2.970010 -3.000000 -5.000000 -55.103929 113.620688
642 quad 1.710409 -3.468753 -3.000000 -5.000000 -29.079717 0.000000
643 absolute 2.957004 -3.058656 -2.000000 -5.000000 -56.242170 89.175615
644 absolute 2.370391 -3.104703 -3.000000 -5.000000 -57.920999 51.924469
645 absolute 1.979438 -3.807912 -3.000000 -5.000000 -31.393677 37.734134
646 absolute 2.307545 -3.472121 -3.000000 -5.000000 -49.078857 51.526120
647 absolute 2.399785 -3.283494 -3.000000 -5.000000 -54.887871 55.119843
648 absolute 1.992060 -3.085129 -3.000000 -5.000000 -54.411761 31.907930
649 absolute 4.434292 -3.917369 -2.000000 -5.000000 46.899009 241.460886
650 absolute 2.517390 -3.482521 -3.000000 -5.000000 -50.098003 63.878511
651 absolute 1.699862 -2.911346 -2.000000 -5.000000 -49.883463 16.845960
652 absolute 2.240640 -3.150294 -3.000000 -5.000000 -56.145884 45.084464
653 absolute 3.454544 -3.279838 -3.000000 -4.000000 -43.023343 132.200871
654 absolute 2.690466 -2.860782 -3.000000 -5.000000 -61.488209 69.698111
655 absolute 3.044544 -3.496492 -3.000000 -5.000000 -48.103132 100.189080
656 absolute 2.533328 -2.889947 -2.000000 -5.000000 -58.493261 59.196374
657 absolute 2.090510 -3.699419 -2.000000 -5.000000 -35.589056 41.428056
658 absolute 2.363882 -3.248876 -2.000000 -5.000000 -52.875434 52.056370
659 absolute 2.940877 -2.938636 -3.000000 -5.000000 -60.069526 87.730830
660 absolute 1.348984 -3.093136 -3.000000 -5.000000 -45.905316 5.914956
661 absolute 3.758194 -3.959990 -2.000000 -5.000000 -2.372564 166.424793
662 absolute 3.088766 -3.536109 -3.000000 -5.000000 -46.170669 103.952595
663 absolute 3.341684 -3.075255 -3.000000 -5.000000 -52.256053 120.625143
664 absolute 2.998816 -3.646832 -3.000000 -5.000000 -42.882736 98.104252
665 absolute 3.569799 -3.241562 -2.000000 -5.000000 -39.859993 141.680818
666 invgauss 2.803709 -2.868235 -3.000000 -5.000000 -75.967208 64.465554
667 invgauss 4.073399 -3.007316 -3.000000 -5.000000 -38.539337 268.358543
668 invgauss 3.217225 -3.381094 -3.000000 -5.000000 -67.349050 133.152228
669 invgauss 3.668403 -4.014245 -4.000000 -5.000000 -30.689753 292.883409
670 invgauss 3.324412 -4.274809 -3.000000 -5.000000 -18.566137 234.163463
671 invgauss 3.804189 -3.548472 -4.000000 -5.000000 -47.015926 266.861544
672 invgauss 3.148655 -3.815700 -4.000000 -5.000000 -55.154484 154.673267
673 invgauss 3.434279 -3.378002 -2.000000 -5.000000 -60.484715 166.960484
674 invgauss 3.864441 -4.058178 -1.000000 -5.000000 -11.100140 364.822666
675 invgauss 3.554912 -3.458751 -2.000000 -5.000000 -54.894790 197.153561
676 invgauss 4.235858 -3.792410 -2.000000 -5.000000 -3.706055 465.730052
677 invgauss 3.499279 -4.431359 -2.000000 -5.000000 3.218990 303.034249
678 quad 3.330387 -3.392873 -4.000000 -5.000000 -26.349630 0.000000
679 invgauss 3.175377 -3.368130 -1.000000 -5.000000 -63.238561 126.094208
680 invgauss 3.849069 -3.660350 -2.000000 -4.000000 -33.205590 294.897388
681 invgauss 3.973534 -3.200127 -1.000000 -5.000000 -38.155470 266.265879
682 invgauss 3.506271 -3.620146 -1.000000 -5.000000 -48.748250 203.053204
683 invgauss 3.423298 -3.284295 -2.000000 -5.000000 -62.702199 157.436046
684 invgauss 3.573124 -4.070083 -1.000000 -5.000000 -22.952331 272.594384
685 invgauss 4.323061 -3.766030 -1.000000 -5.000000 5.240493 501.647218
686 invgauss 4.110531 -3.359575 -2.000000 -5.000000 -28.525138 331.346160
687 invgauss 3.659915 -3.362611 -2.000000 -5.000000 -53.478543 209.459126
688 invgauss 3.332960 -3.574977 -2.000000 -5.000000 -57.241894 165.820370
689 invgauss 3.243843 -3.198166 -1.000000 -5.000000 -65.336119 124.400775
690 invgauss 3.747494 -3.943808 0.000000 -5.000000 -21.708187 305.747513
691 invgauss 3.418294 -3.209370 -1.000000 -5.000000 -61.566413 150.601759
692 invgauss 3.668155 -3.788975 -1.000000 -4.000000 -33.418032 261.122416
693 invgauss 4.043311 -3.395864 -1.000000 -5.000000 -29.915303 314.932171
694 invgauss 3.918229 -3.247389 -1.000000 -5.000000 -40.730476 257.620760
695 invgauss 3.395004 -4.483978 -1.000000 -5.000000 8.494766 279.358527
696 invgauss 3.311908 -3.610965 -1.000000 -4.000000 -51.397258 164.972630
697 invgauss 4.256357 -3.132165 -1.000000 -5.000000 -18.188791 343.020272
698 invgauss 3.546849 -3.519128 0.000000 -5.000000 -48.400341 201.116304
699 invgauss 3.839902 -4.059359 0.000000 -4.000000 -7.311929 355.849281
700 invgauss 3.146304 -3.039754 -1.000000 -5.000000 -68.428129 103.194939
701 invgauss 4.583884 -3.311244 -1.000000 -5.000000 18.049529 520.779983
702 invgauss 3.183701 -2.972531 -1.000000 -4.000000 -65.870200 103.826392
703 invgauss 3.463796 -2.909096 -1.000000 -4.000000 -60.402238 135.781439
704 invgauss 3.831991 -2.899344 -1.000000 -4.000000 -46.079428 198.416240
705 invgauss 3.555339 -3.053952 0.000000 -4.000000 -54.353568 160.627005
706 invgauss 3.309064 -4.977535 0.000000 -4.000000 79.065573 327.588980
707 invgauss 4.039830 -2.870519 -1.000000 -4.000000 -33.859218 242.038834
708 invgauss 3.583291 -3.665287 -1.000000 -5.000000 -44.521360 224.936275
709 invgauss 3.290017 -3.108391 -1.000000 -5.000000 -65.630971 124.854977
710 invgauss 3.721235 -2.851402 -1.000000 -5.000000 -53.895530 172.769496
711 invgauss 3.910779 -3.367978 -1.000000 -5.000000 -38.808660 271.427241
712 invgauss 4.276275 -3.109874 -1.000000 -5.000000 -16.697265 346.164645
713 invgauss 3.419408 -2.825166 -1.000000 -5.000000 -64.184494 124.142026
714 invgauss 3.380303 -2.448591 -1.000000 -5.000000 -63.130922 98.281679
715 invgauss 4.007856 -2.390347 -1.000000 -5.000000 -35.894489 184.835099
716 invgauss 3.599370 -2.591867 -1.000000 -5.000000 -57.904491 133.575209
717 invgauss 3.469587 -2.345693 -1.000000 -5.000000 -59.744159 102.732118
718 invgauss 4.607632 -2.493183 -1.000000 -5.000000 18.103467 356.953479
719 invgauss 3.765476 -2.295320 0.000000 -5.000000 -45.701191 136.954151
720 invgauss 4.032404 -2.331411 -1.000000 -5.000000 -33.612925 184.129228
721 invgauss 3.510532 -2.690985 -1.000000 -5.000000 -61.367366 127.807549
722 invgauss 4.425385 -2.346922 -1.000000 -5.000000 -0.816410 276.671996
723 invgauss 4.200135 -2.646354 -1.000000 -5.000000 -24.031106 255.121994
724 invgauss 3.777553 -2.194229 0.000000 -5.000000 -43.803331 131.888181
725 invgauss 3.480567 -2.650703 -1.000000 -5.000000 -62.065538 121.307271
726 invgauss 4.039937 -2.511109 -1.000000 -5.000000 -34.951622 202.734764
727 invgauss 3.527631 -2.641371 -1.000000 -5.000000 -60.604938 126.932934
728 invgauss 3.688873 -2.482550 -1.000000 -5.000000 -53.597604 138.951969
729 invgauss 3.564738 -2.378103 -1.000000 -5.000000 -57.185769 115.642616
730 invgauss 4.020193 -2.218911 0.000000 -5.000000 -30.488134 171.832300
731 invgauss 3.481207 -2.712535 -1.000000 -5.000000 -62.314138 125.242310
732 invgauss 3.517357 -2.674979 -1.000000 -5.000000 -61.090236 127.701692
733 invgauss 3.836586 -2.699765 -1.000000 -5.000000 -48.174675 180.554349
734 invgauss 3.813678 -2.719833 -1.000000 -5.000000 -49.408061 178.093495
735 invgauss 4.254465 -2.618368 -1.000000 -5.000000 -19.339903 265.889646
736 invgauss 3.507273 -2.195920 0.000000 -5.000000 -54.233429 98.973906
737 invgauss 3.503909 -2.634703 -1.000000 -5.000000 -61.295874 123.358758
738 invgauss 4.712718 -2.179614 -1.000000 -5.000000 35.202322 340.302505
739 invgauss 4.104410 -2.615365 0.000000 -5.000000 -28.704157 227.750292
740 invgauss 3.736083 -2.718554 -1.000000 -5.000000 -53.065996 164.215486
741 invgauss 4.383764 -2.208557 -1.000000 -5.000000 -3.241297 247.939765
742 invgauss 3.447663 -2.535332 -1.000000 -5.000000 -62.218769 110.467655
743 invgauss 3.886420 -2.272844 -1.000000 -5.000000 -41.771280 153.860906
744 invgauss 3.802985 -1.810381 -1.000000 -5.000000 -39.116580 112.104482
745 invgauss 3.468530 -2.383140 0.000000 -5.000000 -57.697702 104.382905
746 invgauss 3.432855 -2.570399 0.000000 -5.000000 -60.373932 110.476374
747 invgauss 3.518382 -2.688138 -1.000000 -5.000000 -61.115597 128.691266
748 invgauss 3.981885 -2.241307 -1.000000 -5.000000 -35.742729 167.208914
749 invgauss 3.661280 -2.523709 -1.000000 -5.000000 -55.070094 137.788096
750 invgauss 3.456674 -1.991149 -1.000000 -5.000000 -55.138306 84.580893
751 invgauss 4.251371 -2.660249 -1.000000 -5.000000 -19.833060 270.566922
752 invgauss 3.337057 -2.179871 0.000000 -5.000000 -58.342237 81.464569
753 invgauss 3.734746 -2.740634 -1.000000 -5.000000 -53.191372 165.801495
754 invgauss 3.295958 -1.805410 0.000000 -5.000000 -53.318216 64.011051
755 invgauss 3.669803 -2.453425 -1.000000 -5.000000 -54.101591 134.226707
756 invgauss 4.132748 -2.794021 -1.000000 -5.000000 -29.763325 256.202889
757 invgauss 3.345317 -2.611856 -1.000000 -5.000000 -65.218629 102.849231
758 invgauss 3.281855 -2.329507 -1.000000 -5.000000 -63.868448 82.986569
759 invgauss 3.281833 -1.997276 -1.000000 -5.000000 -59.192900 69.845165
760 invgauss 3.920311 -2.248238 -1.000000 -4.000000 -37.037852 157.436147
761 invgauss 3.278992 -2.213672 0.000000 -5.000000 -59.939749 77.709054
762 invgauss 3.653970 -1.865043 -1.000000 -5.000000 -46.581692 98.296107
763 invgauss 3.299364 -2.442970 -1.000000 -5.000000 -64.782081 89.704138
764 invgauss 3.509175 -1.659813 0.000000 -4.000000 -43.192691 75.477109
765 invgauss 3.301859 -2.212333 -1.000000 -5.000000 -61.996100 79.863543
766 invgauss 3.269302 -1.813715 -1.000000 -5.000000 -56.441475 62.554339
767 invgauss 3.904666 -2.161440 -1.000000 -4.000000 -36.743772 148.396452
768 invgauss 3.276865 -2.365593 -1.000000 -5.000000 -64.377500 84.082545
769 invgauss 3.334218 -1.832484 -1.000000 -5.000000 -55.507305 68.015686
770 invgauss 3.288571 -2.080829 -1.000000 -5.000000 -60.356481 73.503674
771 invgauss 3.155093 -2.353217 0.000000 -5.000000 -63.574054 72.702248
772 invgauss 3.223308 -1.686094 0.000000 -4.000000 -50.080007 55.244343
773 invgauss 3.281562 -1.366600 0.000000 -5.000000 -46.482177 49.895683
774 invgauss 3.214829 -2.075766 0.000000 -5.000000 -59.015052 67.245506
775 invgauss 3.169955 -2.336775 -1.000000 -5.000000 -65.694281 73.500747
776 invgauss 3.117206 -1.870792 -1.000000 -5.000000 -59.521427 54.018080
777 invgauss 3.174913 -2.253984 -1.000000 -5.000000 -64.599784 70.773882
778 invgauss 3.174117 -1.632985 -1.000000 -4.000000 -52.402885 50.853973
779 invgauss 3.726910 -1.803404 0.000000 -4.000000 -37.539029 102.845900
780 invgauss 3.253173 -1.367405 -1.000000 -5.000000 -49.490734 48.453431
781 invgauss 3.184509 -2.120574 -1.000000 -5.000000 -62.616495 66.705642
782 invgauss 3.878385 -1.466968 -1.000000 -5.000000 -29.571465 102.408724
783 invgauss 3.688819 -1.891397 -1.000000 -4.000000 -43.110635 103.390701
784 invgauss 3.127601 -2.229876 0.000000 -5.000000 -62.357037 66.010368
785 invgauss 3.208507 -0.862027 0.000000 -5.000000 -41.438923 34.576374
786 invgauss 3.573521 -2.013767 -1.000000 -5.000000 -51.912132 97.151542
787 invgauss 3.231011 -2.137391 0.000000 -5.000000 -59.678394 70.748399
788 invgauss 3.892953 -1.366015 1.000000 -5.000000 -22.208369 98.538336
789 invgauss 3.424961 -1.864733 -1.000000 -4.000000 -51.438099 76.555551
790 invgauss 3.149789 -1.553710 -1.000000 -5.000000 -53.910944 47.322489
791 invgauss 3.677307 -2.171555 0.000000 -4.000000 -45.392845 117.303583
792 invgauss 4.135809 -1.163748 -1.000000 -5.000000 -8.500119 115.621013
793 invgauss 3.178413 -2.235862 -1.000000 -5.000000 -64.314525 70.382808
794 invgauss 3.092286 -2.076168 -1.000000 -5.000000 -63.027407 58.568018
795 invgauss 3.180039 -1.676292 0.000000 -4.000000 -50.541061 52.217196
796 invgauss 3.168595 -1.644652 -1.000000 -5.000000 -55.167754 50.838834
797 invgauss 3.633315 -2.016914 -1.000000 -5.000000 -49.812849 103.762121
798 invgauss 3.413118 -2.136795 1.000000 -5.000000 -53.486119 86.463038
799 invgauss 3.141678 -1.874712 -1.000000 -4.000000 -56.810877 55.715665
800 invgauss 3.908986 -2.223183 0.000000 -5.000000 -37.354086 153.483695
801 invgauss 3.601848 -1.431368 -1.000000 -5.000000 -41.440353 74.637846
802 invgauss 3.100360 -2.235213 -1.000000 -5.000000 -65.216199 64.350802
803 invgauss 3.157462 -1.982928 -1.000000 -4.000000 -58.364709 60.122231
804 invgauss 3.140895 -1.857798 -1.000000 -5.000000 -59.042661 55.162675
805 invgauss 3.602952 -2.227394 0.000000 -5.000000 -51.504615 111.455796
806 invgauss 3.096594 -2.372323 -1.000000 -5.000000 -66.938972 68.902193
807 invgauss 3.100917 -1.691971 0.000000 -4.000000 -51.727891 47.893190
808 invgauss 3.146275 -2.323574 -1.000000 -5.000000 -65.832483 71.062191
809 invgauss 3.069980 -1.146328 -1.000000 -5.000000 -48.709376 34.153602
810 invgauss 3.236015 -2.246245 -1.000000 -5.000000 -63.606805 75.518036
811 invgauss 3.075756 -1.615453 0.000000 -4.000000 -50.700603 44.531400
812 invgauss 3.051287 -1.915653 -1.000000 -5.000000 -60.868154 51.169152
813 invgauss 3.082124 -2.201389 -2.000000 -5.000000 -67.434000 62.083833
814 invgauss 3.158771 -1.858674 -2.000000 -5.000000 -61.340641 56.559003
815 invgauss 3.047113 -2.108889 -2.000000 -4.000000 -63.911294 56.728481
816 invgauss 3.011016 -1.586181 -2.000000 -4.000000 -55.717898 40.815276
817 invgauss 3.394156 -2.300365 -2.000000 -4.000000 -61.156442 92.699878
818 invgauss 3.086399 -2.272409 -2.000000 -4.000000 -65.837161 64.787272
819 invgauss 3.024155 -1.480165 -2.000000 -4.000000 -53.918713 39.107860
820 invgauss 2.974842 -2.251716 -2.000000 -4.000000 -66.372928 56.269239
821 invgauss 3.065767 -2.260530 -2.000000 -4.000000 -65.869919 62.867475
822 invgauss 3.071449 -1.846521 -2.000000 -4.000000 -59.568949 50.687782
823 invgauss 2.976783 -2.279643 -2.000000 -4.000000 -66.722793 57.255264
824 invgauss 3.016974 -1.031517 -2.000000 -4.000000 -47.719492 29.986431
825 invgauss 2.987157 -1.893791 -2.000000 -4.000000 -60.945515 46.986713
826 invgauss 2.940169 -2.251231 -2.000000 -4.000000 -66.519937 53.989331
827 invgauss 2.969966 -2.061816 -2.000000 -4.000000 -63.693624 50.458182
828 invgauss 2.956288 -1.580165 -2.000000 -4.000000 -55.914517 37.964376
829 invgauss 2.918587 -1.943595 -2.000000 -4.000000 -62.043579 44.405405
830 invgauss 2.933908 -2.096942 -2.000000 -4.000000 -64.375053 49.249644
831 invgauss 2.961789 -1.301145 -2.000000 -4.000000 -51.549106 32.591529
832 invgauss 2.905264 -1.580302 -2.000000 -4.000000 -56.093466 35.556545
833 invgauss 3.325667 -2.317168 -2.000000 -4.000000 -62.876326 86.750332
834 invgauss 2.970999 -1.827655 -2.000000 -4.000000 -59.944164 44.416150
835 invgauss 3.365542 -2.295595 -2.000000 -4.000000 -61.759471 89.630919
836 invgauss 3.646954 -2.058784 -2.000000 -4.000000 -49.937196 107.721972
837 invgauss 2.915613 -1.732474 -2.000000 -4.000000 -58.581593 39.297710
838 invgauss 3.370331 -2.325688 -2.000000 -4.000000 -62.018987 91.497817
839 invgauss 2.910953 -2.071498 -2.000000 -4.000000 -64.065462 47.227270
840 invgauss 2.915854 -1.993985 -2.000000 -4.000000 -62.853359 45.513697
841 invgauss 2.903003 -1.336913 -2.000000 -4.000000 -52.280556 30.769687
842 invgauss 2.904689 -1.711737 -2.000000 -4.000000 -58.266637 38.302494
843 invgauss 3.297568 -2.182627 -2.000000 -4.000000 -61.668101 78.471019
844 invgauss 2.932701 -1.900273 -2.000000 -4.000000 -61.296899 44.109886
845 invgauss 3.664129 -2.365626 -2.000000 -4.000000 -53.405821 127.893515
846 invgauss 3.147802 -1.565062 -2.000000 -4.000000 -54.119622 47.700846
847 invgauss 2.886699 -2.103004 -2.000000 -4.000000 -64.594709 46.654224
848 invgauss 3.332220 -2.381915 -2.000000 -4.000000 -63.491098 90.325977
849 invgauss 2.873607 -2.012118 -2.000000 -4.000000 -63.230938 43.637151
850 invgauss 3.521524 -1.084842 -2.000000 -4.000000 -39.270519 57.332984
851 invgauss 2.868600 -2.365591 -2.000000 -4.000000 -68.100169 52.760280
852 invgauss 2.822952 -2.378286 -2.000000 -4.000000 -68.268289 50.284494
853 invgauss 2.821368 -2.350168 -2.000000 -4.000000 -67.949528 49.411613
854 invgauss 2.710681 -2.396773 -2.000000 -4.000000 -68.259098 44.248160
855 invgauss 2.734468 -2.328326 -2.000000 -4.000000 -67.557996 43.847120
856 invgauss 2.760434 -2.495085 -2.000000 -4.000000 -69.363157 49.727990
857 invgauss 2.706557 -2.346031 -2.000000 -4.000000 -67.676051 42.765554
858 invgauss 2.739739 -2.492018 -2.000000 -4.000000 -69.286524 48.401991
859 invgauss 2.746432 -2.517047 -2.000000 -4.000000 -69.519496 49.488239
860 invgauss 2.638225 -2.495745 -2.000000 -4.000000 -68.902443 42.743542
861 invgauss 2.666865 -2.440499 -2.000000 -4.000000 -68.530602 42.935842
862 invgauss 2.657333 -2.373006 -2.000000 -4.000000 -67.771593 40.804239
863 invgauss 2.640700 -2.480962 -2.000000 -4.000000 -68.783483 42.514807
864 invgauss 2.612420 -2.431481 -2.000000 -4.000000 -68.144888 39.850081
865 invgauss 2.558044 -2.476408 -2.000000 -4.000000 -68.210274 38.129885
866 invgauss 2.351781 -2.512744 -2.000000 -4.000000 -66.553303 29.472223
867 invgauss 2.190022 -2.471363 -2.000000 -4.000000 -64.119252 22.562516
868 invgauss 2.297205 -2.452057 -2.000000 -4.000000 -65.348359 26.197598
869 invgauss 2.204327 -2.512120 -2.000000 -4.000000 -64.678756 23.719962
870 invgauss 2.570765 -2.462761 -2.000000 -4.000000 -68.175265 38.456727
871 invgauss 1.956456 -2.443982 -2.000000 -4.000000 -60.338988 14.834782
872 invgauss 2.464760 -1.869635 -2.000000 -4.000000 -59.132688 22.928246
873 invgauss 2.444083 -2.526073 -2.000000 -4.000000 -67.653183 33.763478
874 invgauss 2.107076 -2.527355 -2.000000 -4.000000 -63.416267 20.567156
875 invgauss 2.340219 -2.516731 -2.000000 -4.000000 -66.452236 29.066502
876 invgauss 1.683820 -2.025171 -2.000000 -4.000000 -50.363846 4.933319
877 invgauss 1.863128 -2.434363 -2.000000 -4.000000 -58.729697 12.224529
878 invgauss 2.483251 -2.467811 -2.000000 -4.000000 -67.512779 34.358515
879 invgauss 2.101366 -2.519929 -2.000000 -4.000000 -63.270691 20.268232
880 invgauss 2.396870 -2.521264 -2.000000 -4.000000 -67.127098 31.558265
881 invgauss 2.509061 -2.532535 -2.000000 -4.000000 -68.302960 36.967355
882 invgauss 1.506386 -2.565917 -2.000000 -4.000000 -53.995449 6.541781
883 invgauss 1.871021 -2.459244 -2.000000 -4.000000 -59.103007 12.706955
884 invgauss 2.409013 -2.544630 -2.000000 -4.000000 -67.442987 32.556999
885 invgauss 2.091476 -2.580732 -2.000000 -4.000000 -63.585001 20.835635
886 invgauss 1.711713 -1.934696 -2.000000 -4.000000 -49.394870 4.648014
887 invgauss 2.382446 -2.536033 -2.000000 -4.000000 -67.089619 31.219220
888 invgauss 2.111947 -2.493447 -2.000000 -4.000000 -63.200495 20.231631
889 invgauss 2.443251 -2.017028 -2.000000 -4.000000 -61.288394 24.463890
890 invgauss 2.481265 -2.538905 -2.000000 -4.000000 -68.108499 35.767462
891 invgauss 2.564532 -2.050232 -2.000000 -4.000000 -62.845737 29.754506
892 invgauss 1.950668 -2.586828 -2.000000 -4.000000 -61.439579 16.469681
893 invgauss 2.259836 -1.767971 -2.000000 -4.000000 -55.135406 15.156630
894 invgauss 2.472019 -2.520152 -2.000000 -4.000000 -67.872132 34.932032
895 invgauss 1.132926 -2.146647 -2.000000 -4.000000 -43.840063 0.000000
896 invgauss 1.722594 -2.523447 -2.000000 -4.000000 -57.216680 10.032444
897 invgauss 2.074493 -2.323383 -2.000000 -4.000000 -60.855288 16.721083
898 invgauss 2.363940 -1.876579 -2.000000 -4.000000 -58.196569 19.656960
899 invgauss 2.572795 -2.636851 -2.000000 -4.000000 -69.507837 42.675891
900 invgauss 2.001787 -2.637519 -2.000000 -4.000000 -62.560698 18.723105
901 invgauss 1.483238 -2.697205 -2.000000 -4.000000 -54.363087 7.284261
902 invgauss 2.469802 -2.474228 -2.000000 -4.000000 -67.448789 33.872937
903 invgauss 2.540500 -2.414868 -2.000000 -4.000000 -67.472188 35.925677
904 invgauss 2.521279 -2.132070 -2.000000 -4.000000 -63.733394 29.466551
905 invgauss 2.090208 -2.659719 -2.000000 -4.000000 -64.033217 21.992301
906 invgauss 2.547729 -2.313788 -2.000000 -4.000000 -66.384660 34.142465
907 invgauss 2.208883 -1.824308 -2.000000 -4.000000 -55.390717 14.418056
908 invgauss 2.577878 -2.055181 -2.000000 -4.000000 -63.016417 30.403014
909 invgauss 2.639834 -2.402039 -2.000000 -4.000000 -67.997564 40.577325
910 invgauss 1.761321 -2.721955 -2.000000 -4.000000 -59.013622 13.012732
911 invgauss 2.645166 -2.756901 -2.000000 -4.000000 -70.422761 50.014497
912 invgauss 2.632528 -2.758387 -2.000000 -4.000000 -70.357107 49.286035
913 invgauss 2.173273 -2.762572 -2.000000 -4.000000 -65.600722 26.773495
914 invgauss 2.250594 -2.747919 -2.000000 -4.000000 -66.619975 29.654573
915 invgauss 2.548838 -2.744183 -2.000000 -4.000000 -69.767839 44.048455
916 invgauss 2.605867 -2.648234 -2.000000 -4.000000 -69.789763 44.787578
917 invgauss 2.602650 -2.766620 -2.000000 -4.000000 -70.194880 47.723820
918 invgauss 1.915680 -2.710068 -2.000000 -4.000000 -61.514456 17.047494
919 invgauss 2.597527 -2.828934 -2.000000 -4.000000 -70.221208 49.128139
920 logsum 2.651499 -2.891508 -2.000000 -4.000000 94.182105 0.068076
921 invgauss 2.215404 -2.816649 -2.000000 -4.000000 -66.248592 29.476375
922 invgauss 2.657671 -2.878351 -2.000000 -3.000000 -68.025065 54.351285
923 invgauss 2.189582 -2.896659 -2.000000 -3.000000 -63.319362 29.910218
924 invgauss 2.632554 -2.734267 -2.000000 -3.000000 -67.796914 48.620825
925 invgauss 1.980159 -2.731384 -2.000000 -4.000000 -62.617033 19.362467
926 invgauss 2.659124 -2.879355 -2.000000 -4.000000 -70.530577 54.477041
927 invgauss 2.311892 -0.214698 -2.000000 -4.000000 -39.681673 2.743661
928 quad 2.670222 -2.905505 -2.000000 -3.000000 -40.879870 0.000000
929 invgauss 1.839245 -2.950054 -2.000000 -4.000000 -60.230323 17.970156
930 invgauss 2.313225 -2.794128 -2.000000 -3.000000 -64.993428 33.311606
931 invgauss 2.614711 -2.861201 -2.000000 -4.000000 -70.311402 51.096922
932 invgauss 2.308948 -2.844887 -2.000000 -4.000000 -67.455078 34.172264
933 invgauss 2.601345 -2.806629 -2.000000 -4.000000 -70.238429 48.740466
934 invgauss 1.460369 -2.802899 -2.000000 -4.000000 -54.252564 7.829078
935 invgauss 1.950234 -3.010739 -2.000000 -4.000000 -61.717330 22.585026
936 invgauss 2.243176 -2.853708 -2.000000 -4.000000 -66.611964 31.385155
937 invgauss 2.601630 -2.849744 -2.000000 -4.000000 -70.240139 49.961087
938 invgauss 2.629792 -2.940186 -2.000000 -4.000000 -70.209115 54.395537
939 invgauss 2.646102 -2.961150 -2.000000 -4.000000 -70.210893 56.124866
940 invgauss 2.660047 -2.992883 -2.000000 -4.000000 -70.118610 58.080664
941 invgauss 2.675758 -2.886600 -2.000000 -3.000000 -68.095740 55.801667
942 invgauss 2.152721 -3.003006 -2.000000 -4.000000 -64.856858 30.390824
943 logsum 2.663566 -2.964465 -2.000000 -4.000000 98.245445 1.042803
944 invgauss 2.288366 -3.002378 -2.000000 -4.000000 -66.689249 36.603155
945 invgauss 1.834036 -2.999780 -2.000000 -4.000000 -59.892542 18.505035
946 invgauss 2.310229 -2.999423 -2.000000 -4.000000 -66.977831 37.615960
947 invgauss 2.655926 -2.872532 -2.000000 -4.000000 -70.525374 54.061500
948 invgauss 2.017559 -2.997671 -2.000000 -3.000000 -60.362330 24.840772
949 invgauss 2.666279 -2.905251 -2.000000 -3.000000 -68.010221 55.744089
950 invgauss 2.351090 -3.108488 -2.000000 -4.000000 -66.577560 42.346792
951 quad 2.661304 -2.830919 -2.000000 -4.000000 -44.385753 0.000000
952 invgauss 2.081664 -2.801378 -2.000000 -4.000000 -64.320211 23.947330
953 invgauss 1.670192 -3.117122 -2.000000 -4.000000 -56.198502 15.663307
954 invgauss 2.664389 -3.061951 -2.000000 -3.000000 -67.151656 60.646714
955 invgauss 2.427267 -2.773965 -2.000000 -4.000000 -68.743702 38.334748
956 invgauss 2.323351 3.289374 -2.000000 -4.000000 -63.656724 2.632039
957 invgauss 2.065844 -3.171252 -2.000000 -4.000000 -61.975935 29.938861
958 invgauss 2.381941 -2.794282 -2.000000 -3.000000 -65.790971 36.550005
959 invgauss 1.719863 -3.150665 -2.000000 -4.000000 -56.640593 17.405958
960 invgauss 2.010040 -2.773842 -2.000000 -4.000000 -63.185667 20.980459
961 invgauss 2.390148 -2.784316 -2.000000 -4.000000 -68.368659 36.729349
962 invgauss 1.245906 -3.128968 -2.000000 -3.000000 -46.957911 7.034422
963 invgauss 2.181450 -2.861953 -2.000000 -4.000000 -65.764278 28.911329
964 invgauss 2.415862 0.836274 -2.000000 -4.000000 -44.008982 2.893636
965 invgauss 1.669338 -3.206000 -2.000000 -3.000000 -52.561699 16.809424
966 logsum 1.968805 -2.820001 -2.000000 -4.000000 24.066012 0.000000
967 invgauss 2.688727 -3.113968 -2.000000 -4.000000 -69.266555 64.214978
968 invgauss 2.756856 -3.287562 -2.000000 -4.000000 -66.979577 76.316306
969 invgauss 2.606287 -3.244657 -2.000000 -3.000000 -64.580961 62.609510
970 invgauss 2.551177 -3.016928 -2.000000 -4.000000 -69.287088 51.615281
971 invgauss 2.241214 -3.021176 -2.000000 -3.000000 -63.459998 34.750057
972 invgauss 2.667917 -3.237405 -2.000000 -4.000000 -67.537030 67.036391
973 invgauss 2.349774 -2.809249 -2.000000 -4.000000 -67.940019 35.330653
974 invgauss 2.698782 -3.429000 -2.000000 -4.000000 -63.684604 77.053116
975 invgauss 1.949056 -2.756235 -2.000000 -4.000000 -62.185359 18.717178
976 invgauss 2.692703 -2.983644 -2.000000 -4.000000 -70.315700 60.071841
977 quad 2.411429 -3.427296 -2.000000 -3.000000 -27.972586 0.000000
978 invgauss 2.647888 -3.111494 -2.000000 -4.000000 -69.101554 61.117204
979 invgauss 2.763507 -3.425411 -2.000000 -4.000000 -63.966775 82.772481
980 invgauss 2.660811 -3.163459 -2.000000 -3.000000 -66.065297 63.850480
981 invgauss 2.101708 -3.415697 -2.000000 -4.000000 -57.906599 36.727834
982 invgauss 2.632892 -3.079849 -2.000000 -4.000000 -69.330709 59.000388
983 invgauss 2.266279 -3.566039 -2.000000 -4.000000 -55.799027 49.708095
984 invgauss 2.706672 -3.216651 -2.000000 -3.000000 -65.521841 69.337780
985 invgauss 2.334716 -3.163779 -2.000000 -4.000000 -65.749350 42.840714
986 invgauss 2.717911 -3.574470 -2.000000 -4.000000 -59.405546 85.120607
987 invgauss 2.030131 -3.022791 -2.000000 -4.000000 -62.896990 25.753674
988 invgauss 2.486033 -3.414054 -2.000000 -3.000000 -60.170453 59.616135
989 invgauss 2.764000 -3.057266 -2.000000 -4.000000 -70.030323 67.975571
990 invgauss 2.779409 -3.684319 -2.000000 -4.000000 -55.428118 96.650314
991 logsum 2.755535 -3.235781 -2.000000 -4.000000 124.577495 5.836111
992 invgauss 2.271661 -3.487525 -2.000000 -3.000000 -55.826860 47.811403
993 invgauss 1.760786 -3.134740 -2.000000 -4.000000 -57.508925 18.306294
994 invgauss 2.450316 -3.047613 -2.000000 -4.000000 -68.188928 46.357799
995 invgauss 2.132956 0.317013 -2.000000 -4.000000 -37.505802 1.544248
996 invgauss 2.811436 1.647663 -2.000000 -4.000000 -57.295060 5.053383
997 invgauss 2.497598 -3.300265 -2.000000 -3.000000 -62.774441 56.722685
998 invgauss 2.751455 -3.041408 -2.000000 -4.000000 -70.128758 66.420172
999 invgauss 2.795359 -3.040473 -2.000000 -4.000000 -70.210347 69.848966
1000 invgauss 2.795672 -2.883663 -2.000000 -4.000000 -70.935849 64.200287
1001 invgauss 2.769955 -3.736654 -2.000000 -3.000000 -50.672104 98.317266
1002 quad 2.345906 -3.504010 -2.000000 -4.000000 -27.169453 0.000000
1003 invgauss 1.498577 -3.032092 -2.000000 -3.000000 -51.655688 10.775681
1004 invgauss 2.796637 -3.409404 -3.000000 -4.000000 -66.918830 85.393634
1005 invgauss 2.105204 -2.982114 -2.000000 -4.000000 -64.283666 28.005268
1006 invgauss 2.486328 -2.930610 -2.000000 -4.000000 -69.182987 45.335349
1007 invgauss 2.796944 -3.406022 -3.000000 -4.000000 -67.002395 85.270306
1008 invgauss 1.955134 -2.868983 -2.000000 -4.000000 -62.336314 20.557350
1009 invgauss 2.401062 -3.193377 -3.000000 -3.000000 -66.100457 47.610729
1010 invgauss 2.826556 -2.970971 -2.000000 -4.000000 -70.660199 69.749464
1011 invgauss 2.840822 -2.829147 -2.000000 -4.000000 -71.000110 65.698533
1012 invgauss 2.826871 -2.768247 -2.000000 -3.000000 -68.446473 62.546025
1013 invgauss 2.851046 -2.849542 -2.000000 -4.000000 -70.986932 67.215451
1014 invgauss 2.855250 -3.425131 -2.000000 -4.000000 -64.027434 91.727591
1015 logsum 2.875084 -2.807219 -2.000000 -3.000000 132.663552 5.346848
1016 invgauss 2.852040 -2.817035 -3.000000 -4.000000 -73.491540 66.325889
1017 invgauss 2.895406 -3.299609 -3.000000 -3.000000 -66.758911 89.989784
1018 invgauss 2.795788 -3.581070 -3.000000 -4.000000 -61.848977 93.408556
1019 invgauss 2.819648 -2.947806 -3.000000 -4.000000 -73.263109 68.539307
1020 invgauss 2.902510 -3.826626 -3.000000 -4.000000 -51.345609 119.373138
1021 invgauss 2.277094 -3.132238 -3.000000 -4.000000 -67.921245 39.210831
1022 invgauss 2.890020 -3.296004 -3.000000 -4.000000 -69.338778 89.283036
1023 hyperbol 2.434791 -2.943102 -3.000000 -4.000000 -63.444264 209.614838
1024 invgauss 2.817253 -3.638642 -3.000000 -3.000000 -57.272151 98.595880
1025 quad 2.440489 -2.925024 -3.000000 -4.000000 -46.233059 0.000000
1026 invgauss 2.168342 -3.369477 -3.000000 -4.000000 -62.474430 39.218470
1027 invgauss 2.885908 -2.878968 -3.000000 -4.000000 -73.406424 71.279712
1028 invgauss 2.948987 -3.328060 -3.000000 -3.000000 -66.027313 96.919081
1029 invgauss 2.848311 -3.180710 -3.000000 -4.000000 -71.254328 80.178660
1030 invgauss 2.908169 -3.886473 -3.000000 -4.000000 -48.158023 123.885839
1031 invgauss 2.870684 -3.824725 -3.000000 -3.000000 -49.003389 115.206062
1032 invgauss 2.900439 -3.428289 -3.000000 -4.000000 -66.372697 96.804125
1033 invgauss 2.946988 -3.680012 -3.000000 -4.000000 -57.906660 116.109772
1034 invgauss 2.889034 -3.176651 -3.000000 -4.000000 -71.254707 83.755019
1035 invgauss 2.821415 -3.621181 -3.000000 -4.000000 -60.429485 98.146976
1036 invgauss 2.886255 -3.305685 -3.000000 -4.000000 -69.161152 89.363122
1037 invgauss 2.475737 -3.205333 -3.000000 -3.000000 -66.673137 52.558408
1038 invgauss 2.927851 -3.530306 -3.000000 -4.000000 -63.377554 105.215586
1039 invgauss 2.502492 -4.174963 -3.000000 -4.000000 -27.532686 92.264730
1040 logsum 2.984991 -3.006508 -3.000000 -4.000000 156.342393 11.627006
1041 invgauss 2.487349 -3.193917 -3.000000 -3.000000 -66.942282 52.964842
1042 invgauss 2.272918 2.402405 -3.000000 -4.000000 -67.036954 2.531522
1043 invgauss 2.931711 -2.978135 -3.000000 -4.000000 -72.946500 79.133030
1044 invgauss 3.013234 -3.496358 -3.000000 -3.000000 -61.494435 113.455248
1045 invgauss 2.998022 -2.793639 -3.000000 -4.000000 -72.994801 77.369595
1046 invgauss 3.020297 -2.826477 -3.000000 -4.000000 -72.872075 80.708312
1047 invgauss 2.997156 -2.837609 -3.000000 -4.000000 -73.017334 79.101834
1048 hyperbol 3.053330 -2.824458 -3.000000 -4.000000 -63.080921 353.505676
1049 invgauss 3.084341 -2.806416 -3.000000 -4.000000 -72.349295 85.775369
1050 invgauss 3.105880 -2.745348 -3.000000 -3.000000 -69.539715 85.103014
1051 quad 3.119298 -2.723925 -3.000000 -3.000000 -39.035600 0.000000
1052 invgauss 3.165393 -2.813323 -3.000000 -4.000000 -71.458387 94.129049
1053 invgauss 3.287623 3.739043 -3.000000 -4.000000 -51.673515 8.341459
1054 invgauss 2.958828 -2.789877 -3.000000 -4.000000 -73.194087 73.871327
1055 invgauss 3.137091 -2.697852 -3.000000 -4.000000 -71.547363 85.951361
1056 invgauss 3.020164 -3.224640 -3.000000 -4.000000 -69.995875 99.314978
1057 invgauss 3.132041 -2.720233 -3.000000 -3.000000 -69.184995 86.470359
1058 invgauss 3.164021 -3.243503 -3.000000 -4.000000 -68.302189 117.243869
1059 invgauss 3.142840 -0.603707 -3.000000 -4.000000 -45.365374 27.885178
1060 invgauss 3.145810 -2.768397 -3.000000 -4.000000 -71.648002 90.012297
1061 invgauss 3.423811 -2.695997 -3.000000 -3.000000 -63.806765 117.220713
1062 invgauss 3.104890 -2.770700 -3.000000 -4.000000 -72.104523 86.137145
1063 invgauss 3.340506 -2.705084 -3.000000 -4.000000 -68.280213 107.705016
1064 invgauss 3.388204 -3.265186 -3.000000 -4.000000 -63.903562 150.472255
1065 invgauss 3.190881 -3.037045 -3.000000 -3.000000 -67.871936 108.575524
1066 logsum 3.106217 -2.737381 -3.000000 -4.000000 177.583564 25.312948
1067 invgauss 3.100493 -3.097776 -3.000000 -4.000000 -70.925604 101.544047
1068 invgauss 3.263048 7.073342 -3.000000 -4.000000 813.356096 8.383326
1069 invgauss 3.508515 -3.565902 -3.000000 -4.000000 -53.094676 198.458048
1070 invgauss 3.414990 -3.279564 -3.000000 -3.000000 -60.497910 155.895698
1071 invgauss 3.105276 -2.704841 -3.000000 -4.000000 -71.919806 83.272930
1072 invgauss 3.607414 -3.174931 -3.000000 -3.000000 -56.269323 180.823505
1073 hyperbol 3.452367 -3.880843 -3.000000 -4.000000 -25.842106 1529.548430
1074 invgauss 3.159744 2.853087 -3.000000 -4.000000 -71.523441 7.446673
1075 invgauss 3.458412 2.217532 -3.000000 -4.000000 -60.934991 10.049726
1076 invgauss 3.676567 2.580524 -3.000000 -4.000000 -57.386694 12.145819
1077 quad 3.208158 -3.581462 -3.000000 -3.000000 -14.485096 0.000000
1078 invgauss 3.182183 2.132677 -3.000000 -4.000000 -65.324875 7.538779
1079 invgauss 3.489955 3.243709 -3.000000 -4.000000 -61.585457 9.692802
1080 invgauss 3.104918 -3.349218 -3.000000 -4.000000 -66.979282 116.138996
1081 invgauss 3.655622 3.679775 -3.000000 -4.000000 -43.766115 10.917300
1082 invgauss 3.280040 3.487586 -3.000000 -3.000000 -58.528659 8.274005
1083 invgauss 3.078472 4.306721 -3.000000 -4.000000 -16.780998 7.034026
1084 invgauss 3.134003 -3.044635 -3.000000 -3.000000 -68.534604 102.474578
1085 invgauss 3.445769 3.037924 -3.000000 -4.000000 -65.243909 9.369069
1086 invgauss 3.049754 1.917607 -3.000000 -4.000000 -63.412014 6.688014
1087 invgauss 3.722616 3.297500 -3.000000 -4.000000 -52.214240 11.390418
1088 invgauss 3.381851 -2.703203 -3.000000 -3.000000 -64.856609 112.487821
1089 invgauss 3.019551 2.506499 -3.000000 -4.000000 -71.408463 6.545509
1090 invgauss 3.624292 2.361312 -3.000000 -4.000000 -57.390114 12.323424
1091 invgauss 3.033764 3.555700 -3.000000 -4.000000 -61.997188 6.706802
1092 logsum 3.326561 2.999667 -3.000000 -4.000000 436.752327 15547.136499
1093 invgauss 3.056968 1.932575 -3.000000 -3.000000 -61.095515 6.733699
1094 invgauss 3.744152 2.644880 -3.000000 -4.000000 -54.886848 13.066275
1095 invgauss 3.445129 2.489897 -3.000000 -4.000000 -64.403147 9.326079
1096 invgauss 3.117608 2.810145 -3.000000 -3.000000 -69.518105 7.176128
1097 invgauss 3.036788 3.094305 -3.000000 -4.000000 -71.514052 6.693139
1098 invgauss 3.377257 2.857328 -3.000000 -4.000000 -67.687722 8.884209
1099 hyperbol 3.826903 3.098653 -3.000000 -4.000000 -36.631282 13.083689
1100 invgauss 3.352574 2.470813 -3.000000 -3.000000 -63.965313 8.688953
1101 invgauss 3.000368 2.835295 -3.000000 -4.000000 -72.998816 6.452287
1102 invgauss 3.658515 2.910206 -3.000000 -4.000000 -58.893060 10.886375
1103 invgauss 3.080604 2.653728 -3.000000 -4.000000 -71.934945 6.932946
1104 quad 3.358866 2.730910 -3.000000 -4.000000 -34.487645 6754.904986
1105 invgauss 3.031193 2.915496 -3.000000 -4.000000 -72.670335 6.646126
1106 invgauss 3.795925 3.077616 -3.000000 3.000000 -34.379412 11.931631
1107 invgauss 3.476595 2.671959 -3.000000 -3.000000 -62.282246 9.558999
1108 invgauss 3.114361 2.715340 -3.000000 -4.000000 -71.862518 7.148898
1109 invgauss 3.879029 2.854492 -3.000000 -4.000000 -48.661015 14.518143
1110 invgauss 3.639472 3.277335 -3.000000 -4.000000 -55.984770 10.771294
1111 invgauss 3.305564 2.475476 -3.000000 -3.000000 -64.973613 8.372928
1112 invgauss 3.123339 2.315156 -3.000000 -4.000000 -68.493653 7.176730
1113 invgauss 3.533900 3.077779 -3.000000 -4.000000 -62.342781 9.993062
1114 invgauss 3.102366 2.635596 -3.000000 -3.000000 -69.129253 7.067762
1115 invgauss 3.369298 3.977923 -3.000000 -4.000000 -37.275057 8.906684
1116 invgauss 3.061767 2.155522 -3.000000 -4.000000 -66.970484 6.779787
1117 logsum 3.603717 3.415753 -3.000000 -4.000000 660.054624 41065.751469
1118 invgauss 4.053610 2.662844 -3.000000 -4.000000 -37.542695 19.455407
1119 invgauss 3.285428 2.841739 -3.000000 -3.000000 -67.095160 8.264814
1120 invgauss 3.038308 2.977013 -3.000000 -4.000000 -72.370843 6.694182
1121 invgauss 3.806884 3.126471 -3.000000 -4.000000 -50.849833 12.019027
1122 invgauss 3.345680 2.900150 -3.000000 -4.000000 -68.317084 8.672706
1123 invgauss 3.022576 3.295675 -3.000000 -3.000000 -66.261286 6.620174
1124 invgauss 3.525111 2.255050 -3.000000 -4.000000 -59.480333 11.049327
1125 hyperbol 3.115720 2.607561 -3.000000 -4.000000 -62.347329 8.049299
1126 invgauss 3.999090 2.939358 -3.000000 -3.000000 -38.854206 16.436868
1127 quad 3.036987 3.527666 -3.000000 -4.000000 -23.539863 24138.762392
1128 invgauss 3.650850 1.997425 -3.000000 -4.000000 -51.335242 15.047429
1129 invgauss 3.334235 3.129414 -3.000000 -4.000000 -67.034203 8.611479
1130 invgauss 3.053735 2.626897 -3.000000 -3.000000 -69.521824 6.764266
1131 invgauss 3.447562 2.400308 -3.000000 -4.000000 -63.457856 9.336633
1132 invgauss 3.046353 3.024621 -3.000000 -4.000000 -72.021924 6.747072
1133 invgauss 3.864642 3.691536 -3.000000 -4.000000 -33.615702 12.503803
1134 invgauss 3.345282 2.872298 -3.000000 -3.000000 -65.878863 8.668061
1135 invgauss 3.588546 3.192560 -3.000000 -4.000000 -59.200969 10.393932
1136 invgauss 3.161408 3.462749 -3.000000 -4.000000 -63.548643 7.499973
1137 invgauss 3.080021 2.938151 -3.000000 -4.000000 -72.195958 6.949596
1138 invgauss 3.804409 2.919265 -3.000000 -3.000000 -49.911243 12.782693
1139 invgauss 3.310393 2.731987 -3.000000 -4.000000 -68.981620 8.423487
1140 invgauss 3.587303 2.492650 -3.000000 -4.000000 -60.059548 10.978242
1141 invgauss 3.090821 3.098844 -3.000000 -4.000000 -71.009841 7.028361
1142 invgauss 3.260102 4.016226 -3.000000 -3.000000 -34.497194 8.178051
1143 invgauss 3.989757 3.290829 -3.000000 4.000000 -18.148237 14.351133
1144 logsum 3.447255 3.599361 -3.000000 -4.000000 669.570838 36077.721155
1145 invgauss 3.080315 2.320882 -3.000000 -4.000000 -68.995831 6.907117
1146 invgauss 3.647353 2.927439 -3.000000 -4.000000 -59.276481 10.805250
1147 invgauss 3.050722 1.802995 -3.000000 -3.000000 -59.023837 6.685520
1148 invgauss 3.307869 2.654855 -3.000000 -4.000000 -68.722974 8.401127
1149 hyperbol 2.994241 3.410682 -3.000000 -4.000000 -54.907448 7.363070
1150 invgauss 3.582558 2.079988 -3.000000 -4.000000 -55.117755 13.109540
1151 invgauss 3.000926 2.789883 -4.000000 -3.000000 -72.973137 6.652428
1152 invgauss 3.310425 3.064680 -4.000000 -3.000000 -68.153618 8.647099
1153 invgauss 2.997133 2.767735 -4.000000 -3.000000 -72.961752 6.627821
1154 invgauss 2.931596 2.740595 -4.000000 -3.000000 -73.206731 6.232620
1155 quad 2.953255 2.753680 -4.000000 -2.000000 -42.043584 4706.959762
1156 invgauss 2.962489 2.205831 -4.000000 -3.000000 -68.318149 6.378126
1157 invgauss 3.505971 2.705357 -4.000000 -3.000000 -64.060831 9.968544
1158 invgauss 2.987171 2.373854 -4.000000 -3.000000 -70.292488 6.539047
1159 invgauss 3.286130 2.883565 -4.000000 -2.000000 -67.035253 8.472425
1160 invgauss 2.944902 3.279586 -4.000000 -2.000000 -66.977781 6.350080
1161 invgauss 3.881616 2.809472 -4.000000 -3.000000 -48.524936 15.018590
1162 invgauss 3.345401 3.772248 -4.000000 -2.000000 -46.500993 8.930848
1163 invgauss 2.945635 2.454440 -4.000000 -3.000000 -71.329613 6.295458
1164 invgauss 3.538099 3.361515 -4.000000 -3.000000 -57.848959 10.242511
1165 invgauss 3.295721 3.029151 -4.000000 -3.000000 -68.714403 8.546452
1166 invgauss 2.984441 1.496199 -4.000000 -3.000000 -56.918945 6.457710
1167 invgauss 5.066041 2.247575 -4.000000 -2.000000 89.343013 65.129555
1168 logsum 3.635578 2.802612 -4.000000 -3.000000 515.743510 23703.328298
1169 invgauss 2.955525 2.666895 -4.000000 -3.000000 -72.839717 6.369907
1170 invgauss 2.904329 1.920425 -4.000000 -2.000000 -61.709750 6.011596
1171 invgauss 2.902513 2.477973 -4.000000 -3.000000 -71.690208 6.041850
1172 invgauss 2.847552 2.321860 -4.000000 -2.000000 -67.610192 5.710419
1173 invgauss 2.912291 2.629799 -4.000000 -3.000000 -72.801208 6.110425
1174 invgauss 2.888215 2.556520 -4.000000 -3.000000 -72.376395 5.963723
1175 hyperbol 2.826501 2.020296 -4.000000 -2.000000 -57.566097 6.455033
1176 invgauss 2.850940 2.505647 -4.000000 -2.000000 -69.518333 5.743393
1177 invgauss 2.857317 1.785283 -4.000000 -2.000000 -59.571434 5.727191
1178 quad 3.234075 3.110585 -4.000000 -2.000000 -30.302071 12756.986976
1179 invgauss 2.909183 2.692480 -4.000000 -3.000000 -73.114677 6.096632
1180 invgauss 2.915965 2.268592 -4.000000 -3.000000 -69.326451 6.105829
1181 invgauss 2.829405 2.728512 -4.000000 -2.000000 -70.849522 5.635658
1182 invgauss 2.881322 3.234839 -4.000000 -3.000000 -70.419404 5.972017
1183 invgauss 2.828194 2.210945 -4.000000 -2.000000 -66.190074 5.590984
1184 invgauss -1.325787 2.659618 -4.000000 -3.000000 -54.280918 0.000000
1185 invgauss 3.288159 3.025427 -4.000000 -3.000000 -68.881911 8.495874
1186 invgauss 2.916046 2.633177 -4.000000 -2.000000 -70.309459 6.132824
1187 invgauss 3.266277 3.307920 -4.000000 -3.000000 -65.610865 8.370591
1188 invgauss 2.872623 2.421697 -4.000000 -3.000000 -71.200723 5.862959
1189 invgauss 3.260313 2.094392 -4.000000 -3.000000 -63.563587 8.245038
1190 invgauss 2.822607 3.609018 -4.000000 -3.000000 -60.875473 5.659237
1191 invgauss 3.477652 2.890839 -4.000000 -3.000000 -65.056574 9.781787
1192 invgauss 3.109863 1.680416 -4.000000 -3.000000 -58.944692 7.245161
1193 logsum 2.822686 3.062683 -4.000000 -3.000000 326.880437 6033.460898
1194 invgauss 3.204232 2.546697 -4.000000 -3.000000 -69.789750 7.911119
1195 invgauss 3.562501 2.552666 -4.000000 -3.000000 -61.400286 10.466207
1196 invgauss 2.822540 3.467833 -4.000000 -3.000000 -65.397055 5.648989
1197 invgauss 3.058147 2.834680 -4.000000 -2.000000 -70.086709 7.006419
1198 invgauss 3.387037 2.106698 -4.000000 -3.000000 -61.176541 9.546992
1199 hyperbol 2.861190 3.120621 -4.000000 -2.000000 -59.537898 6.749550
1200 invgauss -2.476147 3.875447 -4.000000 -3.000000 -47.128870 3.443013
1201 invgauss 3.153402 2.607781 -4.000000 -3.000000 -70.895818 7.588691
1202 invgauss 3.705675 2.309572 -4.000000 -3.000000 -53.537790 14.410197
1203 quad 2.741167 3.433670 -4.000000 -3.000000 -31.591332 14872.921529
1204 invgauss 3.409732 2.953632 -4.000000 -3.000000 -66.663718 9.313636
1205 invgauss 3.010562 2.731767 3.000000 -3.000000 -55.292835 5.706883
1206 invgauss 2.629690 3.220272 -4.000000 -2.000000 -67.606969 4.566369
1207 invgauss 3.240856 1.989283 -4.000000 -3.000000 -62.271769 8.109456
1208 invgauss 2.723842 2.380810 -4.000000 -3.000000 -70.629101 5.016429
1209 invgauss 3.036729 3.018990 -4.000000 -3.000000 -72.133700 6.887449
1210 invgauss 2.620456 3.052443 -4.000000 -2.000000 -69.494664 4.505204
1211 invgauss 3.515259 3.670994 -4.000000 -2.000000 -46.513732 10.100796
1212 invgauss 2.888875 2.871146 -4.000000 -3.000000 -73.412641 5.990266
1213 invgauss 2.645503 3.183613 -4.000000 -2.000000 -68.222545 4.648297
1214 invgauss 2.800976 3.426135 -4.000000 -3.000000 -66.501842 5.523285
1215 invgauss 2.528065 2.836248 -4.000000 -3.000000 -72.212746 4.007204
1216 invgauss 2.503612 2.832590 -4.000000 -2.000000 -69.508831 3.882121
1217 invgauss 2.527003 2.440036 -4.000000 -2.000000 -67.620696 3.972734
1218 invgauss 2.544124 2.936276 -4.000000 -3.000000 -72.147108 4.097087
1219 logsum 2.416599 3.358854 -4.000000 -2.000000 355.250916 3594.126678
1220 invgauss 2.411521 2.919694 -4.000000 -3.000000 -70.988940 3.429116
1221 invgauss 2.565049 2.634097 -4.000000 -3.000000 -71.937064 4.183518
1222 invgauss 2.403435 3.880162 -4.000000 -3.000000 -46.149262 3.458282
1223 invgauss 2.527599 3.213931 -4.000000 -2.000000 -66.995857 4.032096
1224 hyperbol 2.722762 2.777372 -4.000000 -3.000000 -65.153069 5.936134
1225 invgauss 2.351771 2.194730 -4.000000 -3.000000 -65.433562 3.086579
1226 invgauss 2.764920 2.498681 -4.000000 -3.000000 -71.903788 5.253539
1227 invgauss 2.482142 2.992898 -4.000000 -3.000000 -71.359700 3.785159
1228 invgauss 2.791549 3.504346 -4.000000 -2.000000 -61.819113 5.475390
1229 quad 2.788964 1.276360 -4.000000 -3.000000 -38.366377 190.863956
1230 invgauss 2.374716 2.815284 -4.000000 -3.000000 -70.726404 3.242648
1231 invgauss 2.822170 3.173680 -4.000000 -3.000000 -71.353834 5.626130
1232 invgauss 2.547451 2.194991 -4.000000 -3.000000 -67.335012 4.059867
1233 invgauss 2.827097 1.768294 -4.000000 -2.000000 -59.303023 5.551883
1234 invgauss 2.973975 2.619614 -4.000000 -3.000000 -72.501060 6.477227
1235 invgauss 2.219661 2.447613 2.000000 -3.000000 -51.798585 1.291660
1236 invgauss 2.536026 2.138959 -4.000000 -3.000000 -66.452630 3.996768
1237 invgauss 7.703624 2.554971 -4.000000 -3.000000 1245.774844 665.329915
1238 invgauss 2.895407 2.803979 -4.000000 -3.000000 -73.419482 6.023700
1239 invgauss 2.972027 1.914254 10.000000 -2.000000 -26.357313 6.813965
1240 invgauss 2.931816 2.584420 -4.000000 -3.000000 -72.456209 6.222657
1241 invgauss 2.777012 2.331202 -4.000000 -2.000000 -67.686825 5.309171
1242 invgauss 2.976638 1.654634 -4.000000 -2.000000 -57.043984 6.422457
1243 invgauss 3.220837 2.057418 -4.000000 -3.000000 -63.645450 7.983615
1244 invgauss 2.827819 2.587530 -4.000000 -3.000000 -72.655180 5.616365
1245 invgauss 3.346621 2.465633 -4.000000 -3.000000 -66.545170 8.848277
1246 logsum 2.953530 2.256050 -4.000000 -3.000000 227.259769 3491.081372
1247 invgauss 3.363913 1.929523 -4.000000 -3.000000 -58.952953 10.015505
1248 invgauss 2.913134 2.600945 -4.000000 -2.000000 -70.124450 6.113310
1249 invgauss 3.251650 2.581692 -4.000000 -3.000000 -69.303521 8.223138
1250 hyperbol 2.759869 2.366081 -4.000000 -3.000000 -63.786631 6.107316
