1 38.02858064867269 0
2 117.06007825973445 0
3 38.08491337172953 0
4 52.57982238196800 0
5 130.58205189385447 0
6 85.41517407000596 0
7 90.85790789158403 0
8 69.44189475445255 0
9 57.58262974913973 0
10 54.92154466588719 0
11 172.24711014093168 0
12 117.24683710277696 0
13 143.06619993495542 0
14 201.84935830029008 0
15 275.24084286135241 0
16 295.06620962807756 0
17 268.01394080308000 0
18 134.64927019310920 0
19 247.32557033060021 0
20 220.58998331529608 0
21 112.03093238995743 0
22 174.87713877337029 0
23 133.63676350771061 0
24 231.18659106249282 0
25 67.39417489096837 0
26 79.93984408318700 0
27 61.52491240423190 0
28 51.42032393396661 0
29 38.07456801231172 0
30 74.94879410824251 0
31 46.99629329063369 0
32 54.76019579158405 0
33 69.50354316541346 0
34 102.59522038034488 0
35 43.78612080659094 0
36 62.56097581933692 0
37 60.83546358309619 0
38 43.97881373297604 0
39 89.28482874806913 0
40 52.78038670988300 0
41 110.48074593292000 0
42 61.45009462447450 0
43 72.92083054774433 0
44 23.93154787391802 0
45 56.55401521330678 0
46 34.74510013688759 0
47 91.52016934764681 0
48 71.53010692403494 0
49 149.30981293173591 0
50 70.44130284860599 0
51 14.13601399537206 0
52 99.79467114682870 0
53 150.42481692692581 0
54 45.20682330760726 0
55 49.04815683955972 0
56 84.06952258558124 0
57 30.90077410958122 0
58 52.04811609475798 0
59 74.07172808024194 0
60 143.43977223623111 0
61 104.03845952187692 0
62 195.66662085760657 0
63 71.82606425367389 0
64 121.95788199860728 0
65 129.78038175365438 0
66 121.39575487216479 0
67 121.09441354407936 0
68 86.42089829523098 0
69 113.09357986526409 0
70 85.26425841484479 0
71 144.23941347492675 0
72 44.49538403145662 0
73 104.60832056879903 0
74 99.74976290891263 0
75 122.68512647076838 0
76 202.61990222741144 0
77 79.59983283287585 0
78 112.86826616248479 0
79 152.14308643274046 0
80 164.94353880953923 0
81 101.09483687816092 0
82 173.75653660123200 0
83 111.35495773891790 0
84 65.00984985181216 0
85 132.35227570597664 0
86 212.82135631547857 0
87 262.40290967945680 0
88 95.52689841704102 0
89 36.44787604866323 0
90 139.88999505814226 0
91 87.36582997379813 0
92 139.31624439120810 0
93 91.08135186025149 0
94 114.57514180142329 0
95 158.64854307097767 0
96 98.49959572971170 0
97 368.44107886959910 0
98 285.75816572746896 0
99 493.11749081708535 0
100 204.52502028120784 0
101 198.33645571008208 0
102 160.28546897393596 0
103 369.99480629543513 0
104 444.65470853586055 0
105 306.57343608375646 0
106 149.57084304102045 0
107 201.44660611538632 0
108 216.82498407586820 0
109 476.14972731561045 0
110 351.99191213622345 0
111 597.43543904507271 0
112 343.43528603187491 0
113 307.51995707752195 0
114 495.80199242081460 0
115 461.99748377179861 0
116 97.63019920475995 0
117 67.56597210633535 0
118 55.12755949231283 0
119 53.11887935592113 0
120 16.73356044037003 0
121 30.38710683527432 0
122 51.41833811911000 0
123 58.97469810505723 0
124 52.54382861634554 0
125 42.40660821387031 0
126 78.32651043882771 0
127 65.34812321976905 0
128 47.41799600564449 0
129 52.35512511602831 0
130 37.68397197113865 0
131 114.66005703855626 0
132 93.73920634079079 0
133 72.76696133802133 0
134 158.65638532807577 0
135 64.69468573340309 0
136 125.87297739776739 0
137 25.39455249130162 0
138 179.40639792841858 0
139 205.07976299041184 0
140 404.86735209534572 0
141 319.02943491120539 0
142 197.75966698130577 0
143 278.73379660000938 0
144 171.48044789484240 0
145 250.13399057737371 0
146 279.89716933147002 0
147 199.90024563079922 0
148 378.11198865413354 0
149 199.71457078344588 0
150 284.20162290511496 0
151 73.21237264852520 0
152 111.22626562576220 0
153 80.03496421088926 0
154 63.66462804908548 0
155 78.28459191424133 0
156 51.43227809224197 0
157 101.51159127122575 0
158 82.29808370409901 0
159 98.71957895601770 0
160 39.70501385274348 0
161 105.25627240479071 0
162 68.66525052125674 0
163 61.61918211014018 0
164 57.45819068281510 0
165 128.96857127830845 0
166 70.07037784406654 0
167 55.92353947912847 0
168 39.47292295536725 0
169 41.25755748144385 0
170 88.91094037237124 0
171 70.69560848360733 0
172 77.87401414481093 0
173 109.04582282514795 0
174 70.84376269350277 0
175 55.53069062495774 0
176 23.23574346123925 0
177 56.77057426986602 0
178 87.91600791718182 0
179 67.48736406797063 0
180 77.69454636702949 0
181 54.67802444299852 0
182 92.45512344305602 0
183 81.48630058729594 0
184 121.25677806628515 0
185 64.05350585824904 0
186 117.33268444484632 0
187 92.32376774192269 0
188 67.65234801702641 0
189 65.78149840349718 0
190 102.70172963519752 0
191 77.44327031649803 0
192 92.64346958520332 0
193 67.89500070627889 0
194 33.96435510873926 0
195 113.40284480881326 0
196 104.91282470373137 0
197 58.93270940590583 0
198 85.16767141667037 0
199 62.17126036413482 0
200 84.20211177761423 0
201 29.39678346357575 0
202 103.00567577774061 0
203 70.54864254215407 0
204 50.82329122226650 0
205 79.47285360019649 0
206 103.43065566108282 0
207 76.45738347453398 0
208 53.47606821741814 0
209 101.62093454457835 0
210 78.40887903012097 0
211 88.84186263459893 0
212 45.21669290682036 0
213 76.96871930596211 0
214 87.58783818555584 0
215 85.70371668848908 0
216 93.15982176258564 0
217 120.71759214083110 0
218 86.83254249717353 0
219 118.54321590715071 0
220 82.60865638116526 0
221 57.70702089401912 0
222 80.04362392155355 0
223 76.48898086154878 0
224 49.20796973981740 0
225 64.98929164743066 0
226 116.10608794173314 0
227 126.17268065294259 0
228 120.70740515067503 0
229 110.66980748419317 0
230 55.08940695135011 0
231 96.03343857456659 0
232 101.46951810046701 0
233 66.20200458577543 0
234 81.09640297092503 0
235 65.20465674598708 0
236 159.72328081812159 0
237 137.40993877768864 0
238 103.30798300529236 0
239 79.54865403991482 0
240 100.90898826676994 0
241 50.23703466332591 0
242 65.07542400745132 0
243 89.79711513104940 0
244 62.41086962528994 0
245 36.88840245717650 0
246 74.33886695730615 0
247 58.16617151993010 0
248 94.97932615866665 0
249 56.28507208409733 0
250 53.81028910933430 0
251 89.33436945280113 0
252 87.73024627757124 0
253 51.89898172622705 0
254 81.82290520650609 0
255 111.10504391795146 0
256 118.16562265601620 0
257 76.17295937709414 0
258 70.38423197426546 0
259 93.85105838692546 0
260 137.00376915276610 0
261 80.24804421241683 0
262 46.16605973369138 0
263 93.31929598449076 0
264 64.44619783626703 0
265 86.06113525256364 0
266 52.23066030821282 0
267 75.98551825140531 0
268 111.88661351206105 0
269 60.44880694132405 0
270 44.03532879754432 0
271 29.97135439276808 0
272 74.94559471370525 0
273 80.35918254056052 0
274 68.71722869226026 0
275 86.43625901212181 0
276 113.56530321360542 0
277 60.72571227490331 0
278 90.36405352223494 0
279 86.46813313554892 0
280 94.34398607105567 0
281 62.03378508134632 0
282 71.15624182159706 0
283 52.40415306195318 0
284 46.14043062588019 0
285 77.92694429324936 0
286 98.76495170677752 0
287 107.87343316323307 0
288 56.40675791059144 0
289 79.65051529848841 0
290 76.17177895456790 0
291 48.44576957866965 0
292 35.28399687082899 0
293 98.42803101410701 0
294 82.28832753019319 0
295 97.41882158763005 0
296 142.45201210902292 0
297 58.23544179457680 0
298 81.66584189753372 0
299 31.95893158873494 0
300 43.24951579482865 0
301 32.19443754199975 0
302 37.80747569228399 0
303 82.85068163472830 0
304 68.04730336060538 0
305 71.72426021944318 0
306 128.30047044698523 0
307 54.93586604117974 0
308 52.23037199406051 0
309 89.45146755267092 0
310 41.77384586290557 0
311 54.19222296684308 0
312 74.76995547018213 0
313 63.35293323015066 0
314 66.12754855291091 0
315 43.56290404177545 0
316 117.51564654595992 0
317 97.38614545150682 0
318 75.74651190850490 0
319 92.47338069963202 0
320 92.81974886237145 0
321 49.46107749283209 0
322 85.20882413049618 0
323 94.91685175188888 0
324 89.13118309728652 0
325 49.35098006270687 0
326 101.20732462118704 0
327 74.56886343392026 0
328 100.33079637030254 0
329 63.76091542541332 0
330 37.57639550712529 0
331 42.24706884988375 0
332 75.11965259132590 0
333 80.87086591251514 0
334 42.41238517142342 0
335 59.75711339933952 0
336 76.16568838617235 0
337 125.77710166784678 0
338 86.72844739978335 0
339 84.51515068510643 0
340 93.93342594226559 0
341 103.47185551479191 0
342 63.30396559119080 0
343 80.01671010553110 0
344 49.39911486076068 0
345 82.80694359192981 0
346 37.64565867598580 0
347 67.60976543854952 0
348 84.07617408138715 0
349 45.46507226026311 0
350 59.01855450016631 0
351 31.51306643179270 0
352 82.43336776575319 0
353 57.75181157209739 0
354 93.83224176981575 0
355 61.49147794185282 0
356 88.06448268188105 0
357 65.40986022813297 0
358 84.41014969517147 0
359 56.42127120470627 0
360 73.56404397963593 0
361 68.04634331954364 0
362 82.48447697861759 0
363 91.90523748807476 0
364 120.04454533015675 0
365 52.47921560995142 0
366 72.12445634772098 0
367 35.55697588771258 0
368 52.81114877724298 0
369 96.20407225153062 0
370 97.81053596507475 0
371 68.88974866869941 0
372 75.45751164633359 0
373 98.53821748961577 0
374 66.96356159995308 0
375 60.33649519592859 0
376 74.86742185094343 0
377 115.17265273186797 0
378 62.79275096579092 0
379 79.63447336233931 0
380 68.52722482448289 0
381 59.86541826760691 0
382 80.85492337073956 0
383 73.65313106942345 0
384 92.90992794248406 0
385 55.87129893645495 0
386 60.80665589802740 0
387 67.27015759314659 0
388 83.37336578957223 0
389 23.81600260147844 0
390 106.14289721680291 0
391 76.47392581656476 0
392 69.93913167024456 0
393 51.04321981178007 0
394 45.64259340086167 0
395 58.87279603355588 0
396 72.93235812234515 0
397 55.61252047685851 0
398 61.72611326504892 0
399 79.47316267098971 0
400 65.28683761439399 0
401 63.63385912891154 0
402 43.55286518059914 0
403 47.45015560984632 0
404 70.48040404988181 0
405 64.50668275436374 0
406 65.03663825558024 0
407 68.77424892039649 0
408 42.79246710850364 0
409 74.01833468499684 0
410 83.66452538499587 0
411 84.61180317937497 0
412 43.96208650416390 0
413 51.37932514753305 0
414 36.58757486499493 0
415 93.72278712609123 0
416 65.06687248981194 0
417 112.61244542969892 0
418 68.51081433631904 0
419 59.07667635369110 0
420 43.72895347246839 0
421 72.62031192495886 0
422 50.86088386152562 0
423 38.37411779455952 0
424 64.64863358747967 0
425 91.06468298727637 0
426 63.48826891266113 0
427 110.57752279010030 0
428 63.30370605085201 0
429 72.05348293280379 0
430 55.14606617058976 0
431 104.68956577763215 0
432 107.56431505223399 0
433 67.91319126017638 0
434 83.08397207157743 0
435 73.78432602745119 0
436 87.26121197634818 0
437 61.48784923329387 0
438 100.97326692095842 0
439 65.46936008832628 0
440 74.50674215110598 0
441 82.69236162405805 0
442 118.33744268670591 0
443 75.09586264988542 0
444 89.54942336316927 0
445 78.04488349269639 0
446 50.29512950563961 0
447 84.44421313687511 0
448 82.24373137100748 0
449 56.88542462030009 0
450 93.94915213742294 0
451 67.43299842450268 0
452 83.06486569467341 0
453 105.28853622914617 0
454 36.50258366691824 0
455 42.52742972179519 0
456 43.83735232793038 0
457 142.43256847553499 0
458 60.74380665883839 0
459 89.31500442329273 0
460 66.78601346187682 0
461 90.08412500733472 0
462 111.31027034167681 0
463 148.53341241771199 0
464 125.70618063528917 0
465 19.55273641289845 0
466 100.99081294714949 0
467 44.42742583026610 0
468 132.79605158710240 0
469 79.18086682877222 0
470 85.82228001912449 0
471 92.69482043172590 0
472 85.60444162381025 0
473 80.36514816773368 0
474 213.34867369521180 0
475 89.67896327313875 0
476 201.26124683434878 0
477 141.40523886293931 0
478 195.94866435939235 0
479 124.71003756340602 0
480 153.14242474797905 0
481 194.79091045765236 0
482 232.77808145410930 0
483 60.91996860578226 0
484 116.81414839195111 0
485 128.80701073415003 0
486 183.33162794871424 0
487 169.11871853873805 0
488 267.75398953687676 0
489 119.69964117044091 0
490 181.41633258344621 0
491 122.02201047666404 0
492 150.19109634894474 0
493 76.22440018143737 0
494 71.12434574897438 0
495 91.54625225307045 0
496 87.36241160507504 0
497 109.69118158224202 0
498 119.33235442870368 0
499 38.34441018087097 0
500 148.56811417268472 0
501 60.78851268559094 0
502 72.21351411936348 0
503 96.38850030047593 0
504 73.97970266504569 0
505 43.85469202534514 0
506 74.83487425926410 0
507 46.00285121884552 0
508 154.59618216983080 0
509 84.11838077870954 0
510 77.61588607882048 0
511 33.49761539971210 0
512 44.00882006419710 0
513 87.74499720018621 0
514 144.96547655570384 0
515 75.89327835718868 0
516 114.14954971046733 0
517 42.53537096723493 0
518 123.83871756089093 0
519 77.61616041941870 0
520 59.76582946331930 0
521 73.66849075666985 0
522 142.44919114541395 0
523 242.80111820592390 0
524 178.13964219410900 0
525 109.78309076005996 0
526 107.93284337632363 0
527 139.26097355058664 0
528 109.53020622192845 0
529 49.03777287050474 0
530 88.22583170428391 0
531 151.74094604734017 0
532 88.73485768839211 0
533 177.65888211213530 0
534 59.71567235170871 0
535 138.92222719909847 0
536 108.67823518423177 0
537 207.11250801225154 0
538 139.08609452655469 0
539 139.97636470947728 0
540 178.62617570849255 0
541 167.80644639883911 0
542 100.35005178265851 0
543 93.29944395234642 0
544 132.67670285654194 0
545 119.10950017615363 0
546 271.33159205046400 0
547 158.48741309959229 0
548 244.38318126518976 0
549 141.99618682805630 0
550 128.69902517557864 0
551 263.35519952749183 0
552 165.05701747513285 0
553 137.87119837246982 0
554 90.02044401438050 0
555 149.64225718267357 0
556 216.71372880691240 0
557 139.31690111696699 0
558 200.68889776742944 0
559 201.55763792254214 0
560 127.74780305225961 0
561 39.23200231501789 0
562 39.71723646075090 0
563 34.98225352274542 0
564 68.54217166393309 0
565 31.68629269336433 0
566 133.89394554280025 0
567 83.11132117311776 0
568 44.65140301916646 0
569 72.88596334187122 0
570 97.51891973112185 0
571 74.69622229967851 0
572 61.34535269256031 0
573 56.61601439186732 0
574 71.21623116125826 0
575 60.92512135599810 0
576 47.23585795988398 0
577 120.22426398774428 0
578 95.04372952538127 0
579 67.20713996910474 0
580 35.57386257527196 0
581 159.87581397381740 0
582 162.38183327742200 0
583 88.53918442781668 0
584 146.07943382779354 0
585 122.36262181603786 0
586 150.68671659344227 0
587 186.30992056708953 0
588 201.16027255572172 0
589 172.59581838775384 0
590 160.92870807182447 0
591 95.49529414509027 0
592 178.37451301854799 0
593 158.33609204940569 0
594 148.53058798926361 0
595 92.16995673812656 0
596 215.50529275035865 0
597 216.81266826637432 0
598 154.37480791420279 0
599 247.84012459903965 0
600 160.84229751138878 0
601 1.91920546383556 0
602 -0.41319997053093 0
603 0.49985700281130 0
604 -0.29398957838749 0
605 2.72541576529907 0
606 1.79414786135628 0
607 -0.48882253409355 0
608 -0.27270237737844 0
609 -0.14977832092215 0
610 -0.77884497457157 0
611 -0.46639133117332 0
612 -1.25232718542552 0
613 1.67143299189061 0
614 -1.40181647141569 0
615 -1.29944757526742 0
616 -1.09963627508702 0
617 -1.36530430561136 0
618 -1.39755616383700 0
619 -1.35171181645552 0
620 -1.39196321858715 0
621 -0.32901397140248 0
622 -1.37460866936335 0
623 -1.31424008489530 0
624 -1.22058085407906 0
625 -1.43528009942102 0
626 -1.42693312229915 0
627 -1.44155923054201 0
628 -1.42472186113667 0
629 -0.92308480580370 0
630 -1.40946099176963 0
631 -1.42470876701344 0
632 -1.41728926611639 0
633 -1.41028270756591 0
634 -1.42445925129628 0
635 -1.42607453905362 0
636 -1.42600804136529 0
637 -1.42817653227512 0
638 -1.42612456551709 0
639 -1.43203962498474 0
640 -1.42958420666603 0
641 -1.40409771070894 0
642 -1.42731584213662 0
643 -1.42163945701546 0
644 -1.42766416184747 0
645 -1.43115923563411 0
646 -1.43729801457032 0
647 -1.42232365709450 0
648 -1.42240107875379 0
649 -1.42707252294345 0
650 1.24661933897367 0
651 -1.44360848947462 0
652 -1.44673901616670 0
653 -1.42741602229609 0
654 -1.44416887327633 0
655 -1.44442644986485 0
656 -1.44402916612154 0
657 -1.43776479101034 0
658 -1.44051627614061 0
659 -1.44704821495008 0
660 -1.43773433399296 0
661 -1.44193231749978 0
662 2.70516335953097 0
663 -1.43589281950818 0
664 -1.45691613975218 0
665 -1.44798371096080 0
666 -1.43999662731656 0
667 -1.42635096329533 0
668 -1.45384246967373 0
669 -1.18174560780202 0
670 -1.46300552440844 0
671 -1.45732969442303 0
672 -1.45883915834598 0
673 -1.46385446594306 0
674 -1.46294149197757 0
675 -1.46710851625348 0
676 -1.48176804426535 0
677 -1.47684742634368 0
678 -1.47775122876485 0
679 -1.47233021129101 0
680 -1.48385150369678 0
681 -1.48631743430477 0
682 -1.49306457920451 0
683 -1.49182192384395 0
684 -1.48245004789983 0
685 -1.48236063239665 0
686 -1.21840092071198 0
687 2.93293299930509 0
