1 39.97424667920600 0
2 60.31662739962073 0
3 72.22810886568467 0
4 31.26851590013853 0
5 38.41956658562774 0
6 97.90348293429201 0
7 47.82415840601587 0
8 32.46330169952787 0
9 41.03810522588110 0
10 79.64509151051453 0
11 72.85689443705687 0
12 88.06622139963369 0
13 41.51423497339468 0
14 16.00192921098634 0
15 79.26562352635816 0
16 78.56002380487350 0
17 129.95845597459385 0
18 101.55095841553438 0
19 148.39300781800014 0
20 83.51352385334951 0
21 208.80902935286591 0
22 167.73206122527611 0
23 186.83112346494511 0
24 189.77222396774084 0
25 113.88322494800531 0
26 206.71480189484379 0
27 133.28713377267565 0
28 207.22814420575287 0
29 107.45394849781962 0
30 62.24954390833093 0
31 226.31378339290845 0
32 266.49887092111464 0
33 192.44120170529916 0
34 324.78615836367572 0
35 300.45206354674417 0
36 307.31829430887313 0
37 276.72969382222135 0
38 210.35456362800832 0
39 163.60237173226972 0
40 439.81633972870645 0
41 279.21823180304756 0
42 329.77671184266683 0
43 425.10937071788373 0
44 72.35976744123072 0
45 39.73507387475921 0
46 66.09979802279483 0
47 74.30843797230628 0
48 68.81541911498354 0
49 45.49512165946811 0
50 95.01714501617622 0
51 38.18854466831191 0
52 62.89206777009219 0
53 65.49335928810373 0
54 15.96867393679541 0
55 40.86936834734123 0
56 108.41787466328509 0
57 99.66865731387253 0
58 76.39374801155570 0
59 94.33485218938378 0
60 44.72949167917278 0
61 54.19940883338808 0
62 91.02581568863901 0
63 59.59277314381907 0
64 41.63190847254197 0
65 61.70227253391555 0
66 41.30870418958769 0
67 48.53077888533090 0
68 76.76307593078691 0
69 45.28925722291197 0
70 85.13279211012710 0
71 63.62505001216016 0
72 81.25051987284780 0
73 102.40605502072404 0
74 96.92281623163227 0
75 99.75435080441386 0
76 44.61644721178563 0
77 64.84288434849589 0
78 82.57174480308383 0
79 98.16288877030772 0
80 103.90449957799504 0
81 51.86748918690269 0
82 30.10002742107503 0
83 131.50993272375848 0
84 78.01647894811374 0
85 81.70759909529940 0
86 98.92979577665625 0
87 99.08893719393043 0
88 86.38951916168664 0
89 99.19436227989584 0
90 78.68812564184456 0
91 83.54103230804721 0
92 131.76704182430043 0
93 304.38900042198884 0
94 206.39225883990227 0
95 257.79747419543753 0
96 157.47622587026029 0
97 217.31231392542878 0
98 255.95175627262535 0
99 161.43900496686075 0
100 171.82975861156666 0
101 244.32667575383337 0
102 276.93129403192358 0
103 161.08212256284361 0
104 229.36807031022255 0
105 131.73947548265667 0
106 120.39525775627138 0
107 253.62955986647125 0
108 224.55936747424806 0
109 284.80446470850472 0
110 203.98588831790792 0
111 221.70950443941868 0
112 250.60772158073138 0
113 265.89015766608406 0
114 234.70053424042300 0
115 578.11224758827689 0
116 408.58263375124363 0
117 334.58983891866143 0
118 374.52190769227718 0
119 25.48681118541602 0
120 71.44914939101875 0
121 62.77619634650887 0
122 42.83471286378015 0
123 34.81521518686819 0
124 72.34055993935989 0
125 50.64705328467567 0
126 46.69095506162591 0
127 133.77323759960615 0
128 31.98017204319578 0
129 111.22153176916585 0
130 56.75410097860007 0
131 89.31524276836215 0
132 67.19459469038183 0
133 81.98522489822406 0
134 44.33160893147489 0
135 93.00879406632048 0
136 186.17062247267634 0
137 172.03411105883876 0
138 120.05687225946515 0
139 162.18502506397255 0
140 140.03788021956686 0
141 207.78656688735089 0
142 156.29998288820863 0
143 195.71765626353613 0
144 314.37336387361194 0
145 265.74187513888228 0
146 252.95833986860617 0
147 219.73109190165044 0
148 458.63936584356628 0
149 164.94663370213624 0
150 106.95081688805230 0
151 81.67071491770054 0
152 80.77250108308931 0
153 72.14262773353968 0
154 91.86597488897630 0
155 104.85448975139579 0
156 106.71660916267979 0
157 65.28657020280609 0
158 51.12621960161431 0
159 81.40115387788202 0
160 78.81325892439011 0
161 96.18951437296596 0
162 53.45835554232016 0
163 44.82311424310801 0
164 62.62604966087873 0
165 63.25380098901783 0
166 127.09256815416481 0
167 153.40977165039283 0
168 75.17362027300715 0
169 93.13038145878103 0
170 91.74257670556460 0
171 66.25883316170284 0
172 71.55369989686976 0
173 20.73120448660893 0
174 59.27200496627691 0
175 65.88244077832189 0
176 57.58055659799085 0
177 88.62496742773030 0
178 102.12094794163625 0
179 59.34878286014725 0
180 44.59168960436644 0
181 54.75253597097745 0
182 69.24007320945790 0
183 110.63238442644095 0
184 61.02151031950156 0
185 33.73670644230805 0
186 118.89255063328132 0
187 72.87847786190136 0
188 97.28872472937525 0
189 50.57809993981421 0
190 63.49095157342278 0
191 53.67472377243099 0
192 109.07660270961229 0
193 56.13518135875672 0
194 75.60407639251528 0
195 98.99361481472893 0
196 101.65856951789632 0
197 105.61797747993766 0
198 80.46892594967122 0
199 63.85115696957324 0
200 62.90396190618955 0
201 47.50029538653803 0
202 92.32426972262908 0
203 62.54365234801415 0
204 83.19946913396529 0
205 81.86504035697503 0
206 84.39914205676531 0
207 70.51867815932728 0
208 83.62585902356675 0
209 132.25902628788978 0
210 78.72697247140938 0
211 99.61935835685331 0
212 105.41000876854001 0
213 99.49420982999413 0
214 50.50757034328350 0
215 90.27907478841782 0
216 105.94210661607289 0
217 111.87404123345536 0
218 51.91448638179544 0
219 97.84690711171460 0
220 96.77097929938606 0
221 110.88244235288713 0
222 87.22185934057967 0
223 68.73721958451134 0
224 66.56357389825553 0
225 58.07456704533811 0
226 108.57726795056189 0
227 106.69348447930841 0
228 95.52430390159860 0
229 58.80762194189133 0
230 123.57417090325384 0
231 68.24366169001529 0
232 64.75079243861748 0
233 87.72075152399437 0
234 67.49187004521491 0
235 65.02649513951135 0
236 75.61783652301538 0
237 67.26431743480475 0
238 124.36084233242377 0
239 98.32170436910528 0
240 117.87317855163178 0
241 91.86042974859134 0
242 78.04445149542175 0
243 85.28851978126870 0
244 54.70946057573717 0
245 65.22484975712671 0
246 50.57285797533803 0
247 53.25468028554280 0
248 133.33084268204834 0
249 65.90179211215158 0
250 102.63513599714400 0
251 116.85237307739366 0
252 107.94225291434424 0
253 99.66379352305333 0
254 55.32492626846967 0
255 74.51875389380766 0
256 83.44512468128650 0
257 87.19606279859994 0
258 85.81451640284833 0
259 113.25239609978750 0
260 88.21533580013418 0
261 111.28443344906823 0
262 87.90145615676748 0
263 45.99975950135641 0
264 57.35705413815215 0
265 113.52500234107376 0
266 145.64685527661464 0
267 39.68503337094010 0
268 96.03376259087926 0
269 91.31175778837407 0
270 99.03110931468547 0
271 69.58608116935312 0
272 115.05988422443738 0
273 94.62935413166922 0
274 33.39343573803040 0
275 87.36849403707828 0
276 84.56827581040373 0
277 49.96747848284787 0
278 64.18660908678076 0
279 57.87619270267435 0
280 52.19448124132671 0
281 73.88306737940979 0
282 77.59733235816229 0
283 76.55136038866999 0
284 56.64917876925880 0
285 80.37251420631959 0
286 53.10090509178963 0
287 79.59162794889089 0
288 49.26951387426448 0
289 45.26262235645363 0
290 95.04841397539167 0
291 65.00073645089438 0
292 52.33366845491594 0
293 89.23630232528811 0
294 50.84056223665029 0
295 91.11178791303783 0
296 64.27632766015405 0
297 71.69483799954058 0
298 51.55958377280119 0
299 77.91429961360419 0
300 80.89562571799866 0
301 69.70568730741890 0
302 66.13940702024129 0
303 62.05569061012713 0
304 56.43753695513684 0
305 91.72548240952865 0
306 56.76955460276109 0
307 68.22644171260589 0
308 82.32619392359172 0
309 69.00320865306507 0
310 106.05290264935741 0
311 72.47289562402233 0
312 75.88624418011905 0
313 24.44254135877205 0
314 38.46601626251427 0
315 39.56436609267619 0
316 86.46392346092929 0
317 63.72670483802106 0
318 86.92929490406597 0
319 73.67451879988212 0
320 19.61709989421762 0
321 97.74825838645869 0
322 102.80815303897995 0
323 57.30340313364690 0
324 74.67361965158594 0
325 39.11062465579075 0
326 84.70975370017101 0
327 47.59457491928292 0
328 97.01312640992791 0
329 54.10180563513575 0
330 78.47315772256101 0
331 82.96187086541866 0
332 113.84946165889959 0
333 99.67025985912232 0
334 64.56942247800178 0
335 92.49408509395354 0
336 122.26631398628589 0
337 65.27707628448921 0
338 45.80373784265308 0
339 84.36904246304714 0
340 69.38337060365627 0
341 45.75447492015562 0
342 87.78249892464524 0
343 59.26162888336223 0
344 78.18106432902762 0
345 94.12846006229863 0
346 83.66802976995385 0
347 109.17281484138950 0
348 66.28222207608110 0
349 70.04416513004620 0
350 133.43389268768547 0
351 81.34153653915168 0
352 70.94292703565444 0
353 41.69139051104813 0
354 88.54772491158596 0
355 76.31029605484409 0
356 63.44042492174326 0
357 79.85155974210996 0
358 100.78180496279447 0
359 59.11388677623517 0
360 104.95486078059986 0
361 94.85723886001871 0
362 77.87153053992286 0
363 85.37725203278667 0
364 82.44088197068282 0
365 89.51060016600640 0
366 93.85882443187879 0
367 102.99208313317985 0
368 68.64010129177377 0
369 83.32713974153907 0
370 70.66066890896506 0
371 95.41697854289376 0
372 49.33527627797285 0
373 96.90637414995811 0
374 70.39925415341173 0
375 74.42324404353838 0
376 63.15380929147477 0
377 97.79496083141545 0
378 75.28670760855213 0
379 46.79465581645364 0
380 47.77503935104032 0
381 102.58379108453887 0
382 79.85875921874684 0
383 66.57870982846921 0
384 101.29993419785976 0
385 86.84388303025941 0
386 56.63331535945330 0
387 54.60004599730281 0
388 56.75258069792703 0
389 93.94760849631598 0
390 100.99416682321180 0
391 92.25528750246212 0
392 37.52303993515291 0
393 72.41189054524278 0
394 124.35104358791821 0
395 107.08029587296946 0
396 69.14254504215513 0
397 81.57807106836432 0
398 110.10862350861143 0
399 99.13443375426087 0
400 67.72135579404973 0
401 81.76123371091303 0
402 70.77220982208551 0
403 24.09405799502064 0
404 30.40126792994421 0
405 78.35117981539466 0
406 36.01146775681170 0
407 60.86768335688353 0
408 81.89943778036172 0
409 21.58335472205903 0
410 29.85808674667184 0
411 50.39223853734141 0
412 55.57970039434069 0
413 84.36018798039834 0
414 57.80891255860997 0
415 47.98075536376233 0
416 96.81524877074490 0
417 102.06742356455493 0
418 108.32935472000804 0
419 65.09782673145443 0
420 38.65676182854865 0
421 105.27002694162482 0
422 49.36493270918498 0
423 116.86829797249518 0
424 95.95904608211777 0
425 57.61032564441514 0
426 113.49046480358801 0
427 85.88047108580353 0
428 62.65982746556719 0
429 61.15006595111546 0
430 35.36459716784179 0
431 44.50093058962176 0
432 87.10277204493561 0
433 92.67801669780002 0
434 65.65298177536260 0
435 65.39938844821870 0
436 97.99975097188512 0
437 36.35869927861229 0
438 95.21332646353700 0
439 115.12035694552236 0
440 70.45423217652899 0
441 63.80687293104579 0
442 100.57927480635293 0
443 64.91673189968313 0
444 80.49082549929723 0
445 120.34071013164844 0
446 99.75052807521119 0
447 78.54081753032033 0
448 66.15460127502109 0
449 87.67973532093994 0
450 90.92938589711743 0
451 71.35347355835410 0
452 55.39506950087043 0
453 43.13632933818052 0
454 112.31996022181137 0
455 74.66098486864674 0
456 121.86355867612203 0
457 68.49199066290674 0
458 30.64504306216733 0
459 106.07623155049411 0
460 64.94006991277176 0
461 38.54563834442668 0
462 41.66129121060941 0
463 76.97203879527083 0
464 121.11383712536022 0
465 79.48903890160402 0
466 64.61426540075124 0
467 173.01100392329948 0
468 98.43761067638739 0
469 59.08737503523292 0
470 137.41021451733079 0
471 84.25508544510544 0
472 101.85744550498495 0
473 190.45954873707942 0
474 191.96372272503859 0
475 81.21460302967967 0
476 163.43019103879465 0
477 138.25634038573665 0
478 122.57034707780187 0
479 217.53125630617922 0
480 113.68565244019828 0
481 207.21115023815921 0
482 311.89671929269468 0
483 24.07080196982518 0
484 66.48645819326057 0
485 81.97896328845813 0
486 58.25035231131953 0
487 47.38752199757165 0
488 88.03274745066314 0
489 69.81315252583481 0
490 31.58858486769817 0
491 44.54065065585360 0
492 47.47483660866924 0
493 47.59289601120958 0
494 82.10385417155467 0
495 35.76818034249425 0
496 83.36601996007781 0
497 28.75234362030632 0
498 60.14239467516680 0
499 71.41864851847811 0
500 57.85020254572328 0
501 109.35865683125765 0
502 58.76447869652952 0
503 98.69762782606844 0
504 78.83505070864358 0
505 58.22978625370587 0
506 86.29184216001630 0
507 108.84855739830954 0
508 27.31489289058455 0
509 66.41339965385035 0
510 58.57611354237758 0
511 59.42710975389416 0
512 88.10488617380071 0
513 94.99238064387458 0
514 54.96967926110921 0
515 152.33516348923683 0
516 95.29721380558627 0
517 63.24122849267590 0
518 107.29565099617257 0
519 67.51320928244201 0
520 77.52787035550904 0
521 105.96205333869054 0
522 142.84219848087662 0
523 113.42608782165109 0
524 173.65744178177781 0
525 124.36025327069567 0
526 105.53862900065930 0
527 30.06790747359182 0
528 93.68685302901824 0
529 112.97483884760391 0
530 113.63250042660511 0
531 95.64533696803460 0
532 173.68804555739806 0
533 149.57321317994149 0
534 142.68212385923482 0
535 97.49831107279920 0
536 95.05360501961222 0
537 147.25022900048555 0
538 148.30950148155367 0
539 145.01712367585873 0
540 152.13237796970481 0
541 109.04326823506989 0
542 80.86165438692481 0
543 148.57911484538749 0
544 163.31185401285407 0
545 123.37916888406215 0
546 227.28426201957984 0
547 210.94992473560990 0
548 81.63973854865563 0
549 49.56192032505733 0
550 111.03866349054290 0
551 128.76577579307920 0
552 140.09119764677229 0
553 197.89049367988409 0
554 100.94271673099159 0
555 103.62022768286660 0
556 105.41366575643622 0
557 155.22798464525255 0
558 135.70752279276041 0
559 167.62552696508834 0
560 198.38398040027693 0
561 188.02003068266475 0
562 165.79462764387475 0
563 228.80150389977007 0
564 35.25230458151348 0
565 42.44592633388205 0
566 31.27539427178618 0
567 97.74698039561828 0
568 112.09982580287067 0
569 68.97058128230560 0
570 66.56241249890356 0
571 72.53830331769832 0
572 73.00914217175259 0
573 99.29624194512098 0
574 138.36764223791690 0
575 52.90181490071396 0
576 78.85855104881011 0
577 61.18881267187027 0
578 156.16252094789144 0
579 50.36448792128700 0
580 105.46937354716917 0
581 116.42402629498368 0
582 55.93719265998814 0
583 171.92945435426424 0
584 83.00638031195540 0
585 54.88110703744418 0
586 99.23862061138229 0
587 133.51583002495778 0
588 143.83790728879808 0
589 70.64450262426001 0
590 195.80824615600324 0
591 182.39608131221377 0
592 189.22924673563168 0
593 191.30368620919990 0
594 183.51358873885655 0
595 297.67318846804682 0
596 167.90124991461531 0
597 157.88290368988848 0
598 226.53450370822617 0
599 101.04672458899199 0
600 165.30336081576962 0
601 1.76427823879348 0
602 -1.58024367299962 0
603 1.63840508621182 0
604 -1.38374155031240 0
605 -1.52021122617991 0
606 0.84475472014426 0
607 0.18436682407722 0
608 0.11105175750391 0
609 1.86474753461444 0
610 1.28341820747704 0
611 -1.44760036864657 0
612 -1.45919647189512 0
613 -1.49621868164027 0
614 -0.72933868027642 0
615 -1.19006021599173 0
616 19.64990992437172 0
617 4.10187904114633 0
618 -1.41116727658053 0
619 -1.51328934002382 0
620 -1.31354536815949 0
621 -1.35299305942277 0
622 -1.29582792180540 0
623 -0.89716988792922 0
624 -1.29989272146369 0
625 -1.08926188208639 0
626 -1.18188535480431 0
627 -1.26240902610938 0
628 -1.24902274786673 0
629 -0.29919314464983 0
630 0.07756475915689 0
631 -1.29015468032377 0
632 -1.24563607931971 0
633 -1.22479905753885 0
634 -1.35072583531452 0
635 -0.89037545514176 0
636 -1.27567068988334 0
637 -1.35861600204924 0
638 -1.23950883997034 0
639 1.43469090722861 0
640 -1.40444525271466 0
641 -1.38027620296800 0
642 -1.34044253694192 0
643 -1.26146194472443 0
644 -1.45676099347055 0
645 -1.40691076473466 0
646 -1.37291267997675 0
647 -1.38689516483041 0
648 -1.51716555666696 0
649 -1.35284936358948 0
650 -1.49239701040655 0
651 -1.38605669029381 0
652 -1.36063691250083 0
653 -1.40395140603911 0
654 -1.48701203237962 0
655 -1.34333947677310 0
656 -1.25793091914937 0
657 -1.49029364836589 0
658 -1.44984567912665 0
659 -1.41808627772202 0
660 -1.35648008056819 0
661 -1.42403464251896 0
662 -1.51047115306714 0
663 -1.48961757618458 0
664 -1.45641921445990 0
665 -1.35428153203866 0
666 -1.40430236051731 0
667 -1.37862538231095 0
668 -1.41691403936004 0
669 -1.43706169507136 0
670 -1.47805398810842 0
671 -1.38971566450612 0
672 -1.43230974013481 0
673 -1.48799801072935 0
674 -1.37807732703040 0
675 -1.30551318148916 0
676 -1.39669571725850 0
677 -1.28378756095133 0
678 -1.50405235261700 0
679 -1.41284766024383 0
680 -1.33433731309856 0
681 -1.46915741260021 0
682 -1.42864635223486 0
683 -1.48581386848169 0
684 -1.43921478849646 0
685 -1.43014116273266 0
686 -1.32974606172030 0
