1 A 95.069705 15.015056 9.000000 38.000000 7147.632236 696365.380282
2 A 137.392312 65.187956 16.000000 17.000000 23735.066221 0.671741
3 A 71.979102 149.144705 17.000000 86.000000 202037.441336 1.672045
4 A 24.842097 143.003614 24.000000 96.000000 214431.616335 1.174404
5 A 133.890732 163.289784 31.000000 80.000000 233470.958750 0.933830
6 A 139.061886 175.589553 35.000000 20.000000 99610.730988 1.033987
7 A 122.655134 85.149695 37.000000 23.000000 58295.910586 0.000000
8 A 75.231382 181.009140 45.000000 15.000000 89019.853749 0.803818
9 A 59.709947 48.024400 56.000000 4.000000 30921.869447 0.424589
10 A 199.379225 195.862226 60.000000 25.000000 209309.491484 0.022925
11 A 174.316619 123.076994 63.000000 28.000000 153430.010002 0.000000
12 A 94.138539 30.470606 68.000000 60.000000 56254.937486 0.000000
13 A 81.846421 162.543498 69.000000 74.000000 273280.515243 0.000000
14 A 112.203912 40.813544 76.000000 52.000000 80927.079123 0.000000
15 A 179.617787 82.170052 76.000000 95.000000 218429.397989 0.000000
16 A 96.732429 131.364882 83.000000 6.000000 132041.785541 0.888771
17 A 121.593332 63.862964 83.000000 47.000000 127663.785215 0.000000
18 A 142.478606 171.281443 88.000000 76.000000 377150.612638 0.000000
19 B 21.405890 188.394226 3.000000 21.000000 87481.980361 4.063975
20 B 36.832817 70.051858 4.000000 19.000000 34141.856727 2.182088
21 B 133.455220 160.624728 8.000000 2.000000 14423.914608 4.275763
22 B 29.249581 109.622126 9.000000 83.000000 196341.740946 2.235892
23 B 182.917928 67.939997 13.000000 45.000000 90542.309817 1.583162
24 B 30.462180 13.575407 15.000000 22.000000 15402.866971 0.457499
25 B 101.533964 193.339072 21.000000 83.000000 385020.257832 2.507175
26 B 122.386476 124.245830 22.000000 64.000000 184158.363225 1.537415
27 B 92.967591 117.088265 26.000000 24.000000 80855.048712 1.231127
28 B 77.563370 154.985906 26.000000 28.000000 108437.099134 1.584173
29 B 157.663612 190.632534 26.000000 76.000000 364313.972016 2.141398
30 B 13.495271 167.089870 28.000000 3.000000 23454.547602 3.095707
31 B 150.913239 12.726386 29.000000 98.000000 73630.041701 0.000000
32 B 16.756882 197.729986 33.000000 48.000000 240520.096075 1.846673
33 B 34.351622 158.185240 37.000000 84.000000 291207.583673 0.935895
34 B 195.434969 134.991432 43.000000 54.000000 222911.967433 0.315456
35 B 181.205292 76.000646 49.000000 7.000000 86998.432288 0.794623
36 B 76.751389 159.566552 50.000000 37.000000 178165.060665 0.140941
37 B 157.358369 101.865387 59.000000 61.000000 232594.002758 0.000000
38 B 131.548419 104.189313 62.000000 16.000000 130342.907137 0.362165
39 B 100.846440 166.050745 66.000000 90.000000 411034.155441 0.000000
40 B 34.086433 113.960066 67.000000 67.000000 226287.547691 0.000000
41 B 171.475046 28.777129 70.000000 44.000000 125842.601145 0.000000
42 B 85.020129 170.792093 71.000000 29.000000 217609.559731 0.000000
43 B 44.267332 27.992437 74.000000 7.000000 58229.040208 0.410971
44 B 150.091443 146.290847 77.000000 64.000000 342493.565637 0.000000
45 B 114.845821 185.068112 77.000000 71.000000 444860.862439 0.000000
46 B 11.439771 78.089050 79.000000 2.000000 72292.716645 1.118594
47 B 103.782043 172.353792 80.000000 12.000000 197017.204196 0.953817
48 B 73.102754 44.765441 80.000000 49.000000 143368.885352 0.000000
49 B 40.815615 93.169321 80.000000 73.000000 243755.136783 0.000000
50 B 118.144147 49.605722 84.000000 26.000000 148134.880291 0.000000
51 B 70.249655 82.588901 89.000000 27.000000 173652.639438 0.000000
52 B 149.759735 187.799377 91.000000 60.000000 487432.063988 0.000000
53 B 90.678583 111.175611 94.000000 56.000000 289874.628437 0.000000
54 C 161.190887 178.811384 1.000000 42.000000 103063.988253 2.792305
55 C 181.860844 173.521928 3.000000 83.000000 197171.069174 2.611286
56 C 82.591001 66.434528 4.000000 41.000000 22296.946274 1.070104
57 C 125.612869 150.904754 5.000000 68.000000 135182.618314 2.235016
58 C 152.617153 108.061815 10.000000 75.000000 95601.936296 1.363718
59 C 79.185494 32.247933 14.000000 21.000000 5392.990696 766463.454947
60 C 162.952197 138.264616 14.000000 94.000000 174241.032244 1.520601
61 C 96.413586 87.771429 16.000000 16.000000 20680.618354 0.677620
62 C 126.553483 100.873153 22.000000 80.000000 99510.168439 0.506960
63 C 138.354910 10.832573 25.000000 66.000000 5742.615267 1172961.973905
64 C 185.273754 51.738617 27.000000 85.000000 43905.190907 0.000000
65 C 111.400750 16.489405 28.000000 32.000000 6515.966978 1100206.996621
66 C 83.472437 83.158147 30.000000 57.000000 58497.760385 0.000000
67 C 68.454476 22.592767 32.000000 70.000000 10995.804105 1056264.540496
68 C 179.122478 144.933049 41.000000 71.000000 187069.097347 0.000000
69 C 48.138035 94.646967 42.000000 72.000000 89534.213365 0.000000
70 C 162.015375 43.335641 45.000000 61.000000 39687.645630 0.000000
71 C 175.187786 96.483054 48.000000 57.000000 108555.808828 0.000000
72 C 98.853169 31.444736 48.000000 65.000000 24869.955330 714697.599275
73 C 63.322785 79.618367 50.000000 10.000000 34433.517004 0.138397
74 C 164.288115 59.142025 51.000000 53.000000 60326.098225 0.000000
75 C 89.660769 61.218311 51.000000 75.000000 60821.042342 0.000000
76 C 169.814149 99.003061 52.000000 44.000000 103895.319674 0.000000
77 C 183.860101 115.583652 52.000000 87.000000 183367.281066 0.000000
78 C 54.448736 113.298926 54.000000 68.000000 124796.202588 0.000000
79 C 123.417273 153.783420 57.000000 33.000000 140799.959394 0.000000
80 C 128.769206 138.983590 58.000000 82.000000 215478.972695 0.000000
81 C 195.851464 73.654923 59.000000 11.000000 69100.554780 0.026381
82 C 26.216534 198.862707 61.000000 5.000000 70834.911509 1.201421
83 C 136.763109 160.192169 63.000000 30.000000 158100.198590 0.000000
84 C 188.405227 74.634114 67.000000 52.000000 107066.529748 0.000000
85 C 152.089908 132.565645 69.000000 72.000000 218530.966859 0.000000
86 C 65.967600 139.839377 73.000000 25.000000 122971.194390 0.000000
87 C 109.919986 71.107172 85.000000 92.000000 130697.317485 0.000000
88 C 165.049077 169.550420 95.000000 41.000000 298332.541072 0.000000
89 C 143.647120 52.466354 99.000000 46.000000 106139.027213 0.000000
90 D 198.267564 95.557243 6.000000 8.000000 21109.029351 2.834638
91 D 141.536505 140.044688 12.000000 51.000000 132910.403119 2.074147
92 D 71.182652 149.981248 14.000000 87.000000 228038.536731 2.034552
93 D 57.281530 35.523270 18.000000 70.000000 66638.986492 0.579152
94 D 20.868230 39.829147 25.000000 67.000000 69912.987624 0.218554
95 D 64.971427 125.191777 29.000000 97.000000 232639.032998 0.897403
96 D 148.101892 51.016102 33.000000 23.000000 56434.302417 0.000000
97 D 180.318583 69.437635 34.000000 51.000000 115079.625308 0.092337
98 D 170.843465 183.971238 36.000000 58.000000 249627.404399 1.052773
99 D 58.038427 19.460046 36.000000 75.000000 57176.317443 0.000000
100 D 158.212716 92.776047 38.000000 43.000000 124404.152806 0.083391
101 D 86.792315 25.578438 43.000000 13.000000 33505.881378 0.000000
102 D 193.230157 176.624178 44.000000 40.000000 206711.907927 0.451666
103 D 20.363690 89.943101 45.000000 46.000000 106024.018315 0.000000
104 D 104.819644 88.394284 46.000000 35.000000 107886.977427 0.000000
105 D 12.222907 176.265031 47.000000 43.000000 163513.491441 0.259472
106 D 45.376125 86.459150 54.000000 95.000000 204913.230210 0.000000
107 D 41.714365 130.735449 55.000000 93.000000 257732.408727 0.000000
108 D 128.037821 163.785794 64.000000 59.000000 270420.945921 0.000000
109 D 130.266303 186.122346 70.000000 23.000000 211065.346167 0.210618
110 D 177.303587 186.668867 72.000000 36.000000 286931.215763 0.000000
111 D 132.206943 147.984489 72.000000 78.000000 318722.965489 0.000000
112 D 114.885349 133.127164 73.000000 53.000000 234936.881134 0.000000
113 D 113.972047 72.402973 87.000000 34.000000 175607.887642 0.000000
114 D 72.349357 126.734235 88.000000 11.000000 150777.744710 0.657653
115 D 14.101577 128.750493 90.000000 91.000000 300701.398941 0.000000
116 D 86.149031 48.775714 91.000000 63.000000 173500.057043 0.000000
117 D 144.343226 142.036336 92.000000 79.000000 377851.907950 0.000000
118 D 56.058307 61.711172 93.000000 69.000000 194273.237515 0.000000
119 D 187.453818 93.869846 93.000000 82.000000 341494.156995 0.000000
120 D 185.674057 54.259638 94.000000 14.000000 179523.132872 0.120423
121 D 27.764235 109.441397 94.000000 85.000000 279267.526085 0.000000
122 D 176.713748 29.239925 95.000000 95.000000 202161.593985 0.000000
123 D 10.686147 25.965259 96.000000 13.000000 69662.069234 0.000000
124 D 37.966336 24.026497 96.000000 25.000000 86499.268873 0.000000
125 D 132.906146 21.558328 96.000000 43.000000 131327.709492 0.000000
126 E 197.557324 158.289859 1.000000 49.000000 30177.678497 1.360511
127 E 56.380497 20.437517 2.000000 62.000000 218379.872428 3.304379
128 E 106.869898 196.614308 10.000000 1.000000 3081.121313 0.851725
129 E 92.674513 120.686664 11.000000 98.000000 99874.629804 1.116501
130 E 18.803803 97.569660 17.000000 76.000000 102375.738765 1.022240
131 E 145.860449 71.834340 18.000000 54.000000 114640.276687 1.338977
132 E 38.349836 43.712294 23.000000 27.000000 82534.593448 1.525518
133 E 169.261976 169.786127 29.000000 47.000000 43272.845512 0.000000
134 E 49.773506 84.213861 31.000000 19.000000 45689.318948 0.334600
135 E 73.845821 59.858305 35.000000 30.000000 91751.780140 0.478761
136 E 24.235091 74.126851 37.000000 12.000000 39229.640766 0.564329
137 E 184.104357 57.265805 38.000000 34.000000 131870.910542 0.337128
138 E 199.220753 14.522523 38.000000 35.000000 210179.668286 1.177864
139 E 108.257516 114.675191 40.000000 78.000000 112088.099692 0.000000
140 E 69.584134 42.186253 46.000000 37.000000 145395.441341 0.117352
141 E 178.536662 45.835392 48.000000 9.000000 105541.264401 0.882120
142 E 80.822594 107.632783 49.000000 15.000000 54003.554137 0.029495
143 E 46.805550 125.879252 53.000000 81.000000 103849.062910 0.000000
144 E 49.393977 168.170634 55.000000 21.000000 36270.510451 0.000000
145 E 62.678178 106.670254 56.000000 31.000000 76964.229732 0.000000
146 E 120.565345 182.581306 60.000000 31.000000 52624.736227 0.000000
147 E 66.728938 117.922940 65.000000 54.000000 104911.414963 0.000000
148 E 14.830884 155.322423 66.000000 11.000000 35970.496194 0.030051
149 E 153.045905 10.033971 67.000000 96.000000 530649.265696 0.000000
150 E 129.899887 142.594555 68.000000 93.000000 133621.153851 0.000000
151 E 190.392867 30.544001 71.000000 59.000000 347669.264909 0.000000
152 E 103.386337 122.103230 83.000000 91.000000 176036.999871 0.000000
153 E 139.936944 11.795826 87.000000 68.000000 475835.255907 0.000000
154 E 85.780216 33.323334 89.000000 58.000000 331351.274198 0.000000
155 E 112.741358 128.506077 89.000000 66.000000 158705.806470 0.000000
156 E 140.264538 180.872909 90.000000 9.000000 87478.037044 0.030633
157 E 52.084886 148.851382 91.000000 80.000000 124887.368313 0.000000
158 E 84.422429 192.435539 92.000000 92.000000 94124.970129 0.000000
159 E 117.160008 153.439028 95.000000 93.000000 159262.021299 0.000000
160 E 18.315722 156.136190 97.000000 74.000000 107873.085428 0.000000
161 E 116.110285 16.870980 99.000000 24.000000 321039.029419 0.231867
162 F 87.810073 111.995192 2.000000 10.000000 5021.335416 1.111232
163 F 51.295153 191.425147 8.000000 3.000000 400.363084 1252575.871993
164 F 58.665020 136.480839 9.000000 5.000000 3102.100060 115255.390883
165 F 12.645857 56.306772 11.000000 5.000000 6355.570208 1.719831
166 F 176.418449 77.115938 12.000000 7.000000 12817.394779 1.125459
167 F 147.481370 165.329826 15.000000 17.000000 6770.836317 461176.799424
168 F 31.117129 85.394547 20.000000 69.000000 48307.028231 0.211518
169 F 50.944624 62.664801 20.000000 84.000000 81378.990744 0.477674
170 F 164.079148 178.356890 23.000000 10.000000 6800.287227 860486.728969
171 F 105.217867 45.078336 25.000000 55.000000 82416.531397 0.442177
172 F 54.076417 174.548783 28.000000 26.000000 6601.412465 1038261.590203
173 F 78.677731 81.224110 34.000000 8.000000 21608.580253 0.243262
174 F 35.122403 38.318708 39.000000 13.000000 37117.571946 0.239788
175 F 173.706465 103.337458 39.000000 50.000000 54406.441183 0.000000
176 F 32.139551 179.903973 40.000000 16.000000 6101.812361 1167233.680095
177 F 168.590455 188.673508 40.000000 73.000000 12115.902499 1126657.521717
178 F 99.493636 123.804214 41.000000 88.000000 53565.841508 0.000000
179 F 153.956456 89.581054 47.000000 63.000000 75540.428020 0.000000
180 F 191.576245 141.371134 50.000000 41.000000 46999.332460 0.000000
181 F 22.587516 127.279867 55.000000 30.000000 28341.449115 248982.476817
182 F 156.511586 37.617252 56.000000 29.000000 110599.087321 0.000000
183 F 109.360018 177.855728 58.000000 39.000000 21271.463013 968273.234906
184 F 60.815678 172.797424 59.000000 88.000000 24752.425543 986519.692131
185 F 145.248998 131.657955 61.000000 57.000000 61889.104788 0.000000
186 F 172.660713 91.038625 63.000000 34.000000 81916.346035 0.000000
187 F 54.990071 100.364916 66.000000 86.000000 81167.740107 0.000000
188 F 43.162394 57.915508 74.000000 23.000000 76108.063048 0.000000
189 F 118.773500 190.043684 76.000000 45.000000 22010.190610 1191624.978437
190 F 155.178581 60.391687 78.000000 19.000000 115152.832152 0.000000
191 F 42.476653 134.219675 78.000000 35.000000 47738.887744 207933.062149
192 F 15.938438 104.570536 78.000000 69.000000 70542.692928 0.000000
193 F 110.740779 144.153167 81.000000 50.000000 65605.955352 0.000000
194 F 134.850215 34.310418 82.000000 62.000000 210084.592825 0.000000
195 F 26.963893 152.392197 86.000000 56.000000 45284.606093 732901.515389
196 F 192.348868 80.058912 98.000000 90.000000 200607.636856 0.000000
197 G 78.028888 102.379485 3.000000 14.000000 28123.686742 2.724581
198 G 159.505542 41.627262 6.000000 6.000000 30201.505548 4.575963
199 G 75.569828 36.717100 6.000000 77.000000 310757.636435 3.279777
200 G 16.865466 53.254198 7.000000 32.000000 108763.631126 2.914902
201 G 99.924834 161.242100 12.000000 55.000000 57122.805322 1.023852
202 G 116.607462 167.377769 15.000000 39.000000 41760.849476 0.768867
203 G 124.296536 199.451622 17.000000 64.000000 43716.851951 0.307674
204 G 102.633691 156.716390 18.000000 81.000000 90040.915489 0.699695
205 G 119.915424 26.848526 22.000000 19.000000 112089.795570 3.172780
206 G 193.023726 56.745247 23.000000 2.000000 44146.138882 3.353417
207 G 67.232578 116.265559 30.000000 20.000000 51147.824569 0.458177
208 G 91.968460 195.236855 31.000000 97.000000 72501.843831 0.000000
209 G 172.476061 106.347206 32.000000 87.000000 198948.369183 0.475394
210 G 125.063590 191.913617 33.000000 99.000000 81979.783304 0.000000
211 G 25.883995 36.394370 35.000000 4.000000 41076.606927 3.032760
212 G 193.953215 137.611550 42.000000 77.000000 149132.266502 0.000000
213 G 187.019751 182.114785 43.000000 51.000000 77433.071934 0.000000
214 G 165.931932 117.472552 44.000000 38.000000 116897.846057 0.000000
215 G 167.804060 110.807101 44.000000 89.000000 212919.856987 0.000000
216 G 97.452684 193.945384 53.000000 42.000000 59849.562758 0.000000
217 G 146.514137 65.937463 53.000000 62.000000 270251.952415 0.000000
218 G 89.970009 145.698992 62.000000 79.000000 146265.788663 0.000000
219 G 47.628122 151.590623 63.000000 89.000000 137946.873233 0.000000
220 G 189.559815 67.085121 65.000000 27.000000 217594.099987 0.000000
221 G 46.294831 184.277870 70.000000 14.000000 52564.102224 0.000000
222 G 88.453819 39.468600 71.000000 89.000000 468965.761808 0.000000
223 G 106.027668 47.174074 72.000000 94.000000 468398.294033 0.000000
224 G 19.214987 79.074271 74.000000 81.000000 277220.226229 0.000000
225 G 95.779910 121.411935 75.000000 47.000000 162281.514284 0.000000
226 G 32.863107 105.286463 75.000000 60.000000 182007.005627 0.000000
227 G 44.139496 24.577635 79.000000 48.000000 343562.594546 0.000000
228 G 148.532845 136.119222 81.000000 4.000000 121908.172583 0.773289
229 G 39.832233 68.758216 82.000000 71.000000 307472.574521 0.000000
230 G 196.756968 98.350292 84.000000 36.000000 249516.736650 0.000000
231 G 39.100345 34.706796 86.000000 33.000000 272450.848336 0.000000
232 G 107.353261 118.869471 97.000000 17.000000 174253.684622 0.072937
233 H 31.290917 18.399732 5.000000 45.000000 112509.555561 2.566795
234 H 80.026610 91.606990 7.000000 58.000000 58372.725742 1.360493
235 H 160.438579 147.448960 8.000000 65.000000 39816.113426 0.859152
236 H 135.604079 55.203517 11.000000 97.000000 150361.366269 1.530827
237 H 23.010242 164.896263 19.000000 28.000000 14622.556833 50327.944617
238 H 127.753537 18.346762 19.000000 49.000000 140128.344194 1.692911
239 H 188.986824 64.382862 20.000000 72.000000 114233.635112 0.841904
240 H 36.494367 129.529112 21.000000 42.000000 33521.781015 0.191301
241 H 68.711402 120.162327 24.000000 39.000000 38149.350760 0.073075
242 H 62.323601 96.975668 47.000000 79.000000 99880.824612 0.000000
243 H 28.942023 47.338084 57.000000 33.000000 93319.265862 0.000000
244 H 64.115362 197.526122 58.000000 40.000000 24380.080113 780250.328802
245 H 154.618797 20.977233 64.000000 53.000000 236894.414456 0.000000
246 H 161.838478 53.325781 82.000000 85.000000 262118.068098 0.000000
247 H 166.939644 87.008041 85.000000 65.000000 186623.919558 0.000000
248 H 141.106959 15.330167 86.000000 18.000000 218949.401496 0.330546
249 H 53.316821 23.295683 88.000000 98.000000 343386.986683 0.000000
250 H 61.498131 76.211898 97.000000 91.000000 207603.020818 0.000000
251 A 95.221483 189.716580 10.000000 8.000000 30927.159150 3.566195
252 A 82.986184 179.769309 13.000000 7.000000 28065.173710 3.284795
253 F 78.620762 174.600772 27.000000 2.000000 5015.441168 971750.152306
254 F 77.912336 12.835338 9.000000 3.000000 11135.516814 3.247754
255 F 75.379225 176.983114 14.000000 3.000000 1986.194582 1028376.215152
256 F 75.252365 177.660166 14.000000 2.000000 1859.820775 1041618.994896
257 F 75.494444 13.614530 27.000000 2.000000 23587.886676 2.157986
258 F 75.039386 175.473221 15.000000 1.000000 2067.043572 999397.776780
259 F 72.830128 174.195078 15.000000 1.000000 2094.334684 979368.072959
260 F 72.082027 174.334672 15.000000 2.000000 2170.201859 984315.467764
261 F 74.233034 175.245283 14.000000 1.000000 1888.338283 996921.285528
262 F 75.329682 171.254387 15.000000 1.000000 2307.128511 908527.924267
263 F 74.314991 175.442800 14.000000 1.000000 1879.566287 1000680.443049
264 F 73.767767 175.666253 15.000000 1.000000 2031.266701 1006566.038377
265 F 72.689641 174.270336 15.000000 2.000000 2186.336087 981305.268853
266 F 72.635932 175.037188 15.000000 1.000000 2044.066114 996990.914633
267 F 72.519698 174.459545 15.000000 1.000000 2073.561168 985640.466800
268 F 72.115593 174.561159 15.000000 2.000000 2157.258852 988817.629136
269 F 72.900628 173.755225 15.000000 1.000000 2119.853421 970078.840270
270 F 73.190612 174.558177 15.000000 1.000000 2081.601912 985797.451276
271 F 73.628125 174.315731 15.000000 1.000000 2103.808674 979615.203242
272 F 72.301789 173.124627 15.000000 1.000000 2141.769441 958648.148642
273 F 72.670093 173.202952 15.000000 1.000000 2145.165707 959201.621384
274 F 72.444692 173.300613 14.000000 1.000000 1954.034697 961918.740414
275 F 71.909581 172.077101 15.000000 1.000000 2189.656022 937575.182806
276 F 72.141906 172.267391 15.000000 1.000000 2184.441000 940933.648690
277 F 72.677365 173.001895 15.000000 1.000000 2156.202282 954938.721074
278 F 71.909947 171.351231 15.000000 1.000000 2228.097650 921840.733776
279 F 70.581933 172.001406 16.000000 1.000000 2355.619334 940134.065022
280 F 72.100828 172.048946 16.000000 1.000000 2387.654064 936368.011108
281 F 72.249137 170.402500 14.000000 1.000000 2092.746708 899736.801414
282 F 73.284964 175.143722 14.000000 4.000000 2158.934991 997394.510065
283 F 72.559110 169.566149 14.000000 4.000000 2515.794083 879777.776301
284 F 68.409870 175.824768 13.000000 3.000000 1776.113016 1023424.167559
285 F 68.344934 176.531381 13.000000 3.000000 1735.269674 1036842.658610
286 F 68.337364 176.450306 13.000000 4.000000 1826.950725 1035355.142231
287 F 66.934637 177.149414 13.000000 4.000000 1761.431560 1051530.483569
288 F 68.078731 176.359858 13.000000 4.000000 1828.310445 1034311.885143
289 F 66.183603 177.945906 13.000000 5.000000 1780.384476 1067358.707058
290 F 66.054356 178.521351 12.000000 5.000000 1601.712482 1077559.379218
291 F 66.668884 178.764992 12.000000 5.000000 1595.143469 1080388.666103
292 F 68.341579 179.936149 12.000000 5.000000 1544.673656 1096589.836750
293 F 64.673420 178.311961 12.000000 6.000000 1672.777672 1077003.377043
294 F 66.624206 178.814293 12.000000 6.000000 1666.444450 1081320.384303
295 F 66.212894 178.796424 11.000000 6.000000 1529.807166 1081890.362104
296 F 66.389375 178.785261 12.000000 6.000000 1665.131827 1081326.691068
297 F 65.688630 181.826614 12.000000 6.000000 1452.572830 1131181.332420
298 F 65.392596 179.686802 12.000000 5.000000 1520.417047 1098341.721601
299 F 65.897403 180.520361 12.000000 7.000000 1608.698286 1110722.983464
300 F 65.069829 183.060606 12.000000 6.000000 1363.485710 1150084.373051
301 F 66.114502 184.050585 12.000000 6.000000 1310.892097 1162203.938594
302 F 66.028770 184.595880 12.000000 6.000000 1274.123769 1169603.411920
303 F 65.559049 184.107035 12.000000 6.000000 1300.700046 1163750.318359
304 F 66.620486 185.159553 12.000000 6.000000 1243.913259 1176158.131970
305 F 66.198332 185.788585 11.000000 6.000000 1093.962675 1184617.812409
306 F 66.550150 184.187245 11.000000 7.000000 1245.295730 1163438.252520
307 F 65.867896 185.187344 11.000000 6.000000 1127.308481 1177476.726911
308 F 65.693218 185.735185 11.000000 6.000000 1092.211760 1184568.588943
309 F 65.415201 184.097316 10.000000 6.000000 1083.932349 1163822.714898
310 F 64.251914 186.769438 10.000000 6.000000 922.380252 1198553.163142
311 F 59.405231 185.417782 10.000000 7.000000 998.648557 1188475.361578
312 F 63.665524 185.776911 10.000000 7.000000 1015.351689 1187532.347362
313 F 59.530988 185.161549 9.000000 7.000000 924.394130 1185264.501246
314 F 59.136319 186.182739 10.000000 7.000000 951.562337 1197637.160436
315 F 59.112886 184.677722 9.000000 8.000000 995.234575 1179942.126835
316 F 59.290936 186.802178 9.000000 8.000000 871.266145 1204334.450117
317 F 58.763335 185.520317 9.000000 9.000000 986.046956 1190478.490785
318 F 59.735086 185.820766 9.000000 9.000000 974.714143 1192788.502121
319 F 59.508450 186.151093 9.000000 9.000000 952.118441 1196846.425023
320 F 58.447424 186.107973 9.000000 10.000000 987.956623 1197596.821445
321 F 58.102985 185.202574 9.000000 9.000000 1000.886281 1187578.337909
322 F 58.703729 186.352363 8.000000 9.000000 852.352372 1200035.846439
323 F 58.618068 185.801251 8.000000 9.000000 884.388828 1193908.012366
324 F 59.292063 186.455274 8.000000 9.000000 850.235785 1200513.105160
325 F 59.070355 187.545565 8.000000 9.000000 785.282703 1212475.241027
326 F 58.426429 187.534012 8.000000 10.000000 817.515310 1213004.519684
327 F 58.748056 189.650354 8.000000 10.000000 693.058764 1233111.650065
328 A 59.435735 188.123239 8.000000 10.000000 32925.042735 3.540517
329 F 57.692480 188.161306 8.000000 9.000000 741.580601 1220038.377925
330 F 58.023260 191.760865 8.000000 11.000000 591.167441 1250954.892066
331 F 58.254094 191.494454 8.000000 11.000000 607.748781 1248794.797102
332 F 57.607673 191.520371 5.000000 11.000000 439.164846 1249389.082327
333 F 57.338153 191.630322 4.000000 11.000000 386.185908 1250384.051555
334 F 59.172986 192.328205 4.000000 11.000000 359.598429 1254475.138546
335 F 57.397893 192.344174 4.000000 11.000000 354.930184 1255549.139470
336 F 57.558825 193.393610 4.000000 12.000000 327.172208 1262519.532782
337 F 54.808672 192.477146 4.000000 12.000000 362.174179 1257850.995550
338 F 55.298718 193.466721 4.000000 11.000000 303.438571 1263999.745833
339 F 54.173472 193.296897 4.000000 12.000000 324.353532 1263464.700407
340 F 52.550708 193.111051 4.000000 12.000000 329.034812 1263079.714711
341 F 52.369705 193.568771 4.000000 13.000000 324.559794 1265917.678402
342 F 52.143007 193.317183 4.000000 12.000000 319.244378 1264525.731399
343 F 51.725506 193.713227 4.000000 12.000000 301.537812 1267036.410202
344 F 50.866714 193.260061 4.000000 12.000000 319.038513 1264775.519861
345 F 52.807562 193.573428 4.000000 12.000000 309.646114 1265751.953235
346 F 51.802112 193.931978 4.000000 12.000000 292.554861 1268244.129149
347 F 51.185599 193.252151 3.000000 12.000000 284.757248 1264579.949368
348 F 52.859079 193.244512 4.000000 12.000000 323.879751 1263753.401203
349 F 51.248966 193.233947 4.000000 13.000000 337.498735 1264441.460729
350 F 51.514652 193.951566 4.000000 12.000000 291.173227 1268472.280403
351 F 50.612775 193.380835 4.000000 12.000000 313.337209 1265604.485419
352 A 51.850240 194.621295 4.000000 12.000000 38061.136052 3.771962
353 F 50.231477 199.876282 1.000000 15.000000 54.659375 1291307.303624
354 F 49.403190 199.962187 2.000000 15.000000 65.352952 1291554.405024
355 F 50.599613 198.938641 1.000000 15.000000 76.086159 1289031.678171
356 F 49.803008 199.253066 1.000000 15.000000 68.366475 1289920.720396
357 F 49.641093 198.879760 2.000000 15.000000 92.564226 1288991.004521
358 F 49.822954 198.460983 1.000000 15.000000 88.021550 1287815.392131
359 F 48.892866 197.331046 1.000000 15.000000 119.752029 1284408.175910
360 F 48.942855 199.050883 1.000000 15.000000 72.946987 1289513.699100
361 F 48.010746 199.528522 1.000000 15.000000 61.680139 1290744.299394
362 F 48.594711 199.725739 1.000000 15.000000 57.502780 1291123.477634
363 F 48.668688 198.503836 1.000000 15.000000 86.587382 1288096.464124
364 F 46.825948 199.597443 1.000000 15.000000 59.894390 1291006.386313
365 F 46.520806 196.810171 1.000000 15.000000 135.231477 1283072.757834
366 F 46.722645 199.912691 1.000000 15.000000 53.162183 1291668.805144
367 F 47.296383 198.361733 1.000000 15.000000 89.951586 1287891.865606
368 F 47.796633 198.586566 1.000000 16.000000 88.942825 1288442.306141
369 F 47.018084 199.968175 1.000000 16.000000 54.878030 1291755.288540
370 F 45.468303 199.637352 1.000000 16.000000 61.938292 1291215.316563
371 F 46.602017 199.761555 1.000000 16.000000 59.359614 1291372.352584
372 F 45.935267 199.673173 1.000000 16.000000 61.220174 1291247.783168
373 F 44.723957 199.536428 1.000000 16.000000 64.111078 1291073.093562
374 B 45.843504 199.884154 1.000000 15.000000 70362.317984 4.909082
375 F 42.511767 198.961576 1.000000 16.000000 77.658552 1290043.052807
376 F 42.572769 199.873133 1.000000 16.000000 56.018762 1291931.365578
377 F 42.226353 199.823285 1.000000 16.000000 57.041603 1291866.918516
378 F 44.329549 199.954058 1.000000 16.000000 54.625352 1291941.152073
379 F 42.286781 199.822648 1.000000 16.000000 57.068607 1291860.636211
380 A 42.057149 199.562343 1.000000 17.000000 53854.806297 3.731197
381 F 43.352975 199.859596 1.000000 17.000000 59.411555 1291841.430160
382 F 42.735462 199.500441 1.000000 18.000000 71.296664 1291188.027444
383 F 42.677333 199.537160 1.000000 18.000000 70.327493 1291268.331514
384 F 42.246285 199.472934 1.000000 18.000000 71.905079 1291179.064758
385 F 37.199434 199.967485 1.000000 21.000000 66.839073 1292530.196936
386 F 40.604093 199.924723 1.000000 21.000000 68.728956 1292185.595119
387 F 40.949109 199.981352 1.000000 20.000000 64.455599 1292258.194430
388 F 36.744077 199.785298 2.000000 19.000000 75.808825 1292263.957345
389 F 37.650328 199.458638 2.000000 21.000000 92.445386 1291598.513278
390 F 40.232016 199.813700 2.000000 19.000000 76.605040 1292017.342918
391 F 42.513790 199.714785 1.000000 18.000000 65.754644 1291635.271583
392 F 43.010110 196.271236 1.000000 18.000000 178.848764 1281953.107248
393 F 43.042311 199.907164 2.000000 21.000000 81.019173 1291956.455547
394 F 34.260632 196.507323 6.000000 17.000000 254.837662 1284916.950601
395 F 39.726709 196.581741 1.000000 22.000000 198.930348 1283847.118950
396 F 43.711759 199.836146 2.000000 18.000000 74.591354 1291766.689399
397 F 45.031358 199.979604 1.000000 19.000000 62.564652 1291934.083098
398 F 38.792185 195.746209 6.000000 20.000000 334.237886 1281163.471353
399 B 44.724146 196.458795 2.000000 18.000000 81730.547921 4.552192
400 F 41.616920 196.637506 1.000000 20.000000 180.443870 1283589.975828
401 F 35.812109 199.606731 6.000000 17.000000 131.630782 1292039.952329
402 F 44.996939 199.935148 3.000000 23.000000 100.300673 1291851.782451
403 F 40.071138 195.639933 1.000000 17.000000 193.494258 1280392.108444
404 F 45.795785 196.219798 3.000000 19.000000 233.544715 1281043.435228
405 F 36.379494 195.984123 6.000000 17.000000 285.393850 1282684.609578
406 F 40.684695 196.757626 3.000000 21.000000 219.231109 1284206.411510
407 A 43.906810 196.635023 1.000000 19.000000 58932.638198 3.555927
408 F 32.934675 199.933133 3.000000 17.000000 74.879824 1292815.970120
409 F 44.304095 199.856179 6.000000 22.000000 151.765523 1291755.990079
410 F 40.760125 196.274347 1.000000 18.000000 177.907185 1282538.465725
411 F 45.977865 199.905623 3.000000 24.000000 104.898378 1291715.158785
412 F 36.098804 195.939960 1.000000 20.000000 209.291355 1282610.701684
413 F 46.152106 195.944732 6.000000 16.000000 303.303868 1279859.423447
414 F 39.078670 196.373356 3.000000 14.000000 174.562466 1283305.220985
415 F 41.696337 199.841574 1.000000 17.000000 59.478503 1291945.409788
416 F 46.395735 199.744676 3.000000 16.000000 86.538997 1291355.353550
417 F 38.036168 190.079207 6.000000 14.000000 565.879801 1252330.815642
418 F 33.516002 195.887024 3.000000 20.000000 244.464930 1283149.124230
419 F 42.873990 195.537023 1.000000 17.000000 198.775829 1279151.562340
420 F 47.945690 195.762480 3.000000 14.000000 207.468337 1278598.599163
421 F 39.662110 190.240870 1.000000 21.000000 567.430264 1252214.104976
422 F 45.499309 199.801293 5.000000 18.000000 124.222304 1291547.559145
423 F 42.348450 189.906578 1.000000 16.000000 458.844557 1247885.305067
424 F 30.124252 195.647658 3.000000 19.000000 241.776967 1283346.797061
425 F 47.479897 199.840877 6.000000 14.000000 134.012968 1291461.124184
426 B 38.106787 199.999560 3.000000 23.000000 108495.261002 4.287739
427 F 34.906913 190.706763 1.000000 16.000000 409.807060 1258549.359033
428 F 43.653718 195.319672 5.000000 17.000000 307.743713 1278010.514898
429 F 46.502197 195.959549 3.000000 14.000000 198.280559 1279823.256640
430 F 40.310140 199.995693 1.000000 20.000000 63.947484 1292333.284402
431 F 40.139456 192.037445 5.000000 22.000000 583.985935 1263129.160437
432 F 36.240970 195.597302 3.000000 25.000000 314.915562 1281367.365008
433 A 47.520947 199.935071 1.000000 20.000000 63512.154809 3.550177
434 F 40.330861 190.801934 3.000000 16.000000 466.965708 1255448.245466
435 F 44.426469 195.656657 1.000000 19.000000 215.276002 1279177.629508
436 F 30.468469 195.285760 6.000000 14.000000 270.519370 1282056.736844
437 F 46.041364 199.978755 3.000000 21.000000 93.943995 1291852.975711
438 F 37.472702 190.482252 5.000000 16.000000 550.100777 1255369.553589
439 F 47.537361 196.044286 1.000000 18.000000 189.768210 1279886.781391
440 F 41.989191 196.083447 3.000000 14.000000 188.324721 1281525.518960
441 F 34.486825 190.962651 1.000000 19.000000 466.024282 1260351.186169
442 F 40.034871 195.788775 5.000000 16.000000 266.366567 1280965.686311
443 F 48.274010 199.953578 3.000000 14.000000 76.623219 1291626.455721
444 F 43.133608 199.911641 1.000000 17.000000 58.161674 1291957.448885
445 F 48.203406 199.916972 3.000000 22.000000 100.332188 1291557.621325
446 F 44.382457 192.678054 6.000000 16.000000 477.666600 1264536.209820
447 F 37.277250 194.902370 1.000000 20.000000 259.647894 1278390.932854
448 F 32.977065 190.420449 3.000000 14.000000 425.150226 1258178.400652
449 F 41.982562 196.129254 5.000000 17.000000 264.265002 1281696.810332
450 F 48.564206 196.102819 1.000000 15.000000 159.559498 1279851.779069
451 B 45.161980 192.519842 3.000000 18.000000 78866.006980 4.370913
452 F 39.477732 196.100007 5.000000 21.000000 297.993770 1282254.170250
453 F 48.899085 199.871170 1.000000 24.000000 80.728182 1291406.213459
454 F 43.900663 190.524887 3.000000 17.000000 514.654156 1251123.162014
455 F 37.554518 199.873770 1.000000 14.000000 49.117977 1292345.754635
456 F 37.594505 194.281679 5.000000 14.000000 306.438595 1275676.579861
457 F 33.436183 196.289242 3.000000 14.000000 170.974859 1284452.637249
458 F 53.761778 199.946844 1.000000 17.000000 59.569273 1291175.028627
459 A 27.492812 192.917702 3.000000 19.000000 57769.136316 3.368602
460 F 53.377123 199.821662 6.000000 16.000000 150.352030 1290925.046208
461 F 44.738050 196.054183 1.000000 17.000000 178.820194 1280678.694244
462 F 36.490801 199.983022 3.000000 19.000000 81.615392 1292611.180062
463 C 41.347965 192.085072 5.000000 14.000000 38973.764541 3.284758
464 F 48.704297 199.989568 1.000000 16.000000 54.763019 1291665.427044
465 F 53.675883 190.353516 3.000000 16.000000 518.340744 1242890.181320
466 F 48.443876 196.015821 1.000000 14.000000 152.958970 1279524.983820
467 F 45.699340 195.477060 5.000000 17.000000 304.331835 1278044.929832
468 F 49.694327 193.599198 3.000000 13.000000 284.171093 1267270.351436
469 F 43.873939 196.362532 1.000000 16.000000 157.832335 1282070.793730
470 F 54.098023 190.712953 3.000000 18.000000 545.882614 1245435.878088
471 F 48.978465 199.732634 6.000000 14.000000 140.100594 1291104.735237
472 F 41.566517 199.917051 1.000000 19.000000 63.426397 1292094.195911
473 F 45.761272 196.042901 3.000000 16.000000 213.341821 1280359.124582
474 F 40.797346 190.380733 5.000000 20.000000 668.681391 1252336.048266
475 F 50.542294 196.342428 1.000000 13.000000 134.314759 1280322.984217
476 F 47.300187 193.386430 3.000000 16.000000 337.899554 1267145.935796
477 F 53.632575 196.347770 1.000000 19.000000 188.472970 1279570.161639
478 F 39.421336 199.839125 5.000000 14.000000 103.112942 1292130.960851
479 F 43.781350 189.817569 3.000000 18.000000 586.775506 1246139.007822
480 B 33.322129 193.413325 1.000000 16.000000 69972.158188 4.647457
481 F 46.449668 197.154627 6.000000 13.000000 224.799134 1284292.829538
482 F 40.114795 193.558654 3.000000 19.000000 365.377959 1271275.613459
483 F 49.410115 199.647742 1.000000 15.000000 59.369715 1290880.154608
484 F 43.232066 199.923306 5.000000 23.000000 131.346731 1291971.234493
485 F 53.914251 195.899508 1.000000 17.000000 188.371583 1277517.306724
486 A 36.384734 199.992207 3.000000 15.000000 48247.259007 3.738672
487 F 49.694560 189.188664 1.000000 20.000000 623.242699 1236456.420301
488 F 45.478477 194.108400 5.000000 17.000000 376.661006 1271756.144989
489 C 40.760768 196.167240 3.000000 13.000000 36587.397711 3.535160
490 F 46.429785 192.474920 1.000000 15.000000 305.831365 1262270.413989
491 F 29.533729 196.572327 7.000000 18.000000 272.002159 1286235.809396
492 F 37.756080 199.934538 3.000000 20.000000 86.734671 1292431.373007
493 F 51.051452 190.140553 5.000000 16.000000 616.461737 1243112.556895
494 F 40.960027 196.034312 1.000000 13.000000 140.023005 1281620.138949
495 F 44.475661 192.568433 3.000000 22.000000 486.594353 1263852.487974
496 F 48.796549 196.249641 1.000000 18.000000 181.823899 1280388.972943
497 F 53.907562 199.922773 4.000000 15.000000 102.216413 1291109.611596
498 F 34.761481 196.481278 7.000000 13.000000 249.290568 1284716.053484
499 F 42.469770 189.476783 3.000000 17.000000 579.170061 1244648.106421
500 F 38.332471 193.421987 1.000000 20.000000 339.555122 1271403.667355
501 F 45.371709 196.827252 5.000000 15.000000 222.876450 1283389.964319
502 F 50.132389 192.782390 3.000000 18.000000 409.279669 1262237.663215
503 F 54.266738 199.952941 1.000000 13.000000 48.274088 1291148.384438
504 F 53.586513 199.933796 3.000000 13.000000 77.988229 1291160.022874
505 B 53.465849 199.922536 5.000000 13.000000 63219.441256 4.785298
506 F 47.430531 196.118321 1.000000 15.000000 158.604331 1280215.283452
507 F 50.209706 190.032471 7.000000 16.000000 724.873467 1242888.117117
508 F 54.309684 193.313013 3.000000 13.000000 303.379840 1263501.441694
509 F 46.371553 196.268793 1.000000 17.000000 171.132563 1281085.569400
510 F 42.666158 199.843516 5.000000 11.000000 98.392695 1291868.069218
511 F 50.332315 199.978691 3.000000 15.000000 80.231595 1291515.270029
512 F 45.274348 193.373959 1.000000 14.000000 248.757955 1268000.986223
513 A 33.463225 196.533708 3.000000 18.000000 56279.205800 3.491707
514 F 38.133871 189.456706 6.000000 16.000000 660.941028 1247996.553135
515 F 48.633062 196.204854 3.000000 11.000000 164.199141 1280249.860080
516 F 41.716107 193.232383 1.000000 13.000000 236.276086 1268889.528191
517 C 55.050288 196.462592 5.000000 19.000000 54325.925870 3.039708
518 F 43.961574 193.025818 1.000000 17.000000 313.820002 1266709.534248
519 F 50.787080 196.243677 4.000000 15.000000 229.058211 1279853.347437
520 F 47.048372 199.964092 1.000000 14.000000 49.371202 1291744.818731
521 F 47.781193 189.240395 3.000000 11.000000 429.591447 1238472.231610
522 F 52.937665 199.772242 6.000000 13.000000 142.328008 1290849.698499
523 F 39.086895 196.368354 1.000000 14.000000 138.258340 1283286.323413
524 F 47.552040 193.297690 3.000000 18.000000 375.513100 1266531.464556
525 F 54.915783 199.765862 5.000000 21.000000 147.105581 1290664.596203
526 F 42.973387 199.980943 1.000000 15.000000 50.984021 1292098.376531
527 F 50.506844 189.934268 3.000000 11.000000 403.690636 1241886.675032
528 F 44.448465 195.566692 7.000000 13.000000 319.787909 1278800.354441
529 F 47.369612 193.690113 1.000000 15.000000 252.300677 1268785.449358
530 F 35.560341 196.431655 4.000000 16.000000 205.990278 1284366.334779
531 F 41.661976 189.575839 3.000000 13.000000 458.612924 1246024.457582
532 B 51.204515 199.863674 1.000000 11.000000 51732.336588 5.158433
533 F 44.852260 192.884774 5.000000 17.000000 445.693064 1265482.486762
534 F 48.660731 196.713466 3.000000 15.000000 181.541243 1282231.997624
535 F 30.909985 196.492300 1.000000 14.000000 131.520620 1285682.574868
536 F 54.858866 192.533395 7.000000 18.000000 609.156791 1258203.345270
537 F 43.123976 196.580238 3.000000 12.000000 155.155646 1283036.979476
538 F 37.732817 199.950336 1.000000 16.000000 53.332195 1292459.585870
539 D 36.340151 189.239608 5.000000 15.000000 52757.055152 3.802785
540 A 31.811946 193.467971 3.000000 13.000000 39965.367260 3.752726
541 F 37.668884 199.892589 1.000000 16.000000 54.560101 1292368.114003
542 F 27.565532 199.978373 5.000000 10.000000 72.885292 1293305.989774
543 F 37.604202 195.767038 1.000000 16.000000 177.308330 1281580.595587
544 F 34.322880 196.349516 3.000000 14.000000 169.914105 1284415.956752
545 C 38.871734 192.100834 7.000000 17.000000 47689.474313 2.972501
546 F 35.165444 199.933013 3.000000 11.000000 59.412380 1292636.750137
547 F 26.220232 196.476444 4.000000 10.000000 137.954703 1286777.050705
548 F 34.635039 189.870337 3.000000 11.000000 375.855531 1253531.867299
549 F 29.669844 199.941324 1.000000 12.000000 40.527390 1293089.383073
550 F 29.040292 193.777632 5.000000 12.000000 277.769171 1277052.031479
551 F 31.488915 196.454785 1.000000 10.000000 98.301418 1285433.936731
552 F 24.904681 199.994519 3.000000 12.000000 53.908150 1293534.798968
553 F 30.573427 199.947819 7.000000 11.000000 110.633318 1293026.282032
554 F 25.854342 192.917884 4.000000 9.000000 227.907073 1275031.688912
555 F 19.859061 199.929706 3.000000 12.000000 51.579208 1293861.772388
556 F 20.907140 196.305479 7.000000 12.000000 205.356504 1287675.218375
557 F 23.194684 190.049403 5.000000 9.000000 344.973814 1263239.394888
558 F 23.210547 192.914862 3.000000 12.000000 254.527727 1276322.674538
559 F 27.430909 199.959754 3.000000 10.000000 50.706355 1293292.425981
560 F 23.398711 195.927525 6.000000 9.000000 175.789135 1286077.735211
561 F 20.073563 195.943330 4.000000 10.000000 142.233207 1287034.948239
562 F 30.970604 188.972151 3.000000 12.000000 437.905206 1250660.414936
563 B 18.923868 199.927656 7.000000 10.000000 48521.197835 4.847960
564 D 26.246329 193.063028 3.000000 13.000000 46614.325561 4.142862
565 H 17.754237 199.942869 5.000000 13.000000 2039.263206 1034315.237740
566 F 15.538401 196.206433 3.000000 11.000000 125.387676 1288833.834168
567 F 26.916212 188.628628 5.000000 13.000000 539.027979 1251990.953180
568 F 29.432429 193.405269 3.000000 9.000000 197.478679 1275362.470653
569 F 23.451564 196.210675 1.000000 14.000000 137.505663 1286793.693116
570 F 27.443909 199.988557 7.000000 11.000000 103.389645 1293328.725853
571 F 32.195091 192.949780 3.000000 14.000000 301.981715 1272054.961690
572 A 23.412909 199.968710 5.000000 12.000000 39023.085141 3.800762
573 C 34.281564 196.306059 1.000000 8.000000 22227.867563 3.974798
574 F 27.850887 196.420644 3.000000 14.000000 160.054035 1286230.750026
575 F 13.939612 188.937342 5.000000 10.000000 385.203975 1265068.204320
576 F 30.228555 192.317525 1.000000 14.000000 285.483603 1270099.029534
577 F 20.782635 196.082032 3.000000 13.000000 153.773016 1287177.737961
578 F 37.219769 196.570379 1.000000 15.000000 139.766202 1284404.838853
579 F 35.134897 192.355538 7.000000 11.000000 406.213903 1267634.292131
580 F 31.776742 196.513710 3.000000 17.000000 186.954108 1285534.604383
581 F 25.403871 199.873527 5.000000 15.000000 86.766416 1293345.893074
582 F 36.824330 188.517076 1.000000 12.000000 409.360671 1242336.899185
583 F 33.015742 193.920966 3.000000 16.000000 290.523582 1275968.715947
584 F 16.195440 196.800626 5.000000 8.000000 111.470891 1289840.330193
585 F 38.342744 199.894742 1.000000 13.000000 45.995860 1292316.753302
586 F 27.757321 191.867276 3.000000 10.000000 262.176912 1269334.613299
587 F 34.348656 199.887979 1.000000 12.000000 42.379632 1292632.067062
588 F 30.995445 193.421654 1.000000 13.000000 223.962678 1274723.442345
589 F 21.176409 196.117749 1.000000 13.000000 130.207656 1287159.511993
590 B 39.200108 196.801301 5.000000 15.000000 69656.311062 4.562732
591 F 24.626589 199.914017 1.000000 12.000000 39.911250 1293459.542335
592 H 24.497829 199.978299 3.000000 9.000000 1402.060051 1008000.321836
593 F 24.799731 189.277727 1.000000 11.000000 338.118083 1257728.944069
594 F 12.477718 192.989818 7.000000 12.000000 303.844116 1281840.830238
595 F 22.469513 196.051764 3.000000 8.000000 109.223335 1286651.435392
596 D 10.295892 192.983326 5.000000 13.000000 46612.068569 4.015943
597 F 28.928306 199.865782 1.000000 10.000000 35.753046 1293044.970121
598 F 29.892526 196.688901 3.000000 9.000000 112.638341 1286468.730279
599 F 26.817812 188.323531 1.000000 12.000000 411.494572 1250132.155341
600 F 18.290007 196.524855 5.000000 10.000000 138.671619 1288806.307308
601 F 20.208554 199.993834 3.000000 10.000000 45.135764 1293900.979871
602 A 17.791124 193.026424 7.000000 8.000000 25503.072116 3.807902
603 C 21.128970 196.568165 4.000000 10.000000 28272.911002 3.666334
604 F 20.369463 191.168940 3.000000 8.000000 228.287401 1270626.564596
605 F 25.922557 196.510457 7.000000 10.000000 196.070523 1286936.315714
606 F 29.808549 193.677678 3.000000 11.000000 220.790096 1276320.198202
607 F 18.565659 199.952937 5.000000 8.000000 56.180059 1293988.920405
608 E 15.657681 199.871148 5.000000 8.000000 2612.671974 596077.237672
609 F 21.728571 196.536107 6.000000 8.000000 146.109480 1288006.183221
610 F 16.584587 189.789487 4.000000 10.000000 336.958001 1266975.863835
611 F 24.484822 199.923555 3.000000 8.000000 43.536649 1293482.537768
612 F 14.102742 199.936600 6.000000 8.000000 59.671528 1294330.260711
613 F 19.590526 194.069407 8.000000 7.000000 240.682201 1282002.575961
614 F 23.411999 188.066405 4.000000 8.000000 358.609879 1251692.555332
615 F 24.665470 193.261352 3.000000 10.000000 210.851669 1276974.066102
616 F 19.656207 196.798912 5.000000 8.000000 118.266639 1289060.522795
617 F 27.177882 199.960010 7.000000 11.000000 103.602403 1293312.828842
618 F 16.502135 195.935470 3.000000 10.000000 124.001435 1288001.125561
619 F 28.061949 191.418097 1.000000 11.000000 258.317101 1266947.537501
620 H 24.036367 196.698961 5.000000 12.000000 2246.887596 943201.248587
621 F 13.376841 199.972105 3.000000 7.000000 32.345143 1294417.341838
622 F 13.490787 193.748585 6.000000 7.000000 181.138198 1283583.780874
623 B 10.435282 199.821257 3.000000 5.000000 23704.562929 5.407090
624 D 12.699073 196.395841 8.000000 8.000000 30802.822383 4.224706
625 F 17.911493 190.733994 3.000000 9.000000 260.641694 1270325.705640
626 F 21.720532 193.848627 5.000000 6.000000 167.081597 1280406.412395
627 F 14.893214 195.947655 3.000000 7.000000 92.568416 1288470.517382
628 F 27.768907 187.294517 1.000000 9.000000 350.750508 1242234.158099
629 F 10.376568 199.895908 7.000000 12.000000 74.655236 1294599.610855
630 F 18.119602 192.935751 5.000000 4.000000 143.423774 1278905.463338
631 F 30.774338 196.494718 3.000000 10.000000 126.659531 1285722.177627
632 F 21.400656 199.899706 1.000000 12.000000 39.461924 1293704.745626
633 C 21.389763 196.336221 3.000000 7.000000 19763.593042 3.912762
634 A 18.925600 189.016690 5.000000 10.000000 30180.364104 3.742383
635 F 24.377966 192.831134 1.000000 12.000000 225.403934 1275410.259292
636 F 24.829488 196.510313 3.000000 9.000000 110.998516 1287199.437623
637 F 15.346656 196.755144 7.000000 12.000000 173.397619 1289947.148798
638 E 21.718660 191.370458 1.000000 7.000000 2527.102595 327312.715238
639 F 16.285551 196.913362 4.000000 11.000000 119.463341 1290030.223379
640 F 28.562573 199.670556 3.000000 13.000000 65.949150 1292800.081184
641 F 19.713212 199.720351 1.000000 9.000000 32.675712 1293648.969226
642 F 23.847045 193.658060 1.000000 13.000000 211.882003 1278829.953831
643 F 27.183937 199.952661 1.000000 10.000000 34.197347 1293302.878952
644 F 25.530849 187.440715 1.000000 9.000000 343.858696 1245544.130486
645 F 31.157823 193.513181 3.000000 10.000000 212.695111 1275041.827521
646 F 21.577433 199.946378 1.000000 5.000000 19.000814 1293742.102280
647 F 20.715636 193.819854 3.000000 4.000000 98.135964 1280733.024820
648 F 27.225250 196.945965 5.000000 4.000000 98.989351 1287725.843551
649 F 20.692929 189.691830 1.000000 5.000000 152.751430 1263294.962215
650 H 23.953216 196.148670 3.000000 7.000000 1325.462015 931759.482233
651 F 26.775755 196.648615 7.000000 6.000000 161.174841 1287085.681877
652 F 14.758484 199.861795 1.000000 8.000000 26.948463 1294212.180172
653 F 17.034937 199.832279 5.000000 4.000000 44.246919 1293995.078712
654 D 13.541622 190.989004 5.000000 4.000000 14677.094024 4.530993
655 B 12.811515 193.723327 7.000000 5.000000 23304.573169 4.969222
656 F 16.899328 196.644697 9.000000 5.000000 163.246359 1289379.190731
657 F 10.037442 199.871054 4.000000 6.000000 33.835156 1294609.520534
658 F 11.133544 199.959069 5.000000 4.000000 35.291280 1294584.774765
659 F 12.410065 191.509868 7.000000 3.000000 172.736418 1276994.282886
660 F 11.386621 193.969238 5.000000 3.000000 94.604837 1285057.262174
661 F 10.576788 199.859375 7.000000 5.000000 55.354732 1294556.447035
662 F 14.888161 187.231856 8.000000 6.000000 407.532473 1255205.240842
663 A 10.173147 195.533073 6.000000 4.000000 13110.306955 4.162280
664 F 16.331601 196.699676 9.000000 4.000000 151.562745 1289617.694446
665 F 17.038615 190.449283 5.000000 6.000000 234.926133 1269668.166190
666 F 10.286897 199.905790 4.000000 7.000000 36.588110 1294614.029739
667 C 10.385639 193.325948 5.000000 6.000000 16791.326921 3.803889
668 F 13.683152 199.908738 9.000000 7.000000 90.029158 1294340.678559
669 F 15.674885 196.515565 4.000000 8.000000 103.436780 1289416.401452
670 E 13.372249 193.768537 6.000000 4.000000 1677.416591 470714.631384
671 F 18.912783 187.890146 4.000000 3.000000 180.122809 1254950.340536
672 F 10.441508 196.551613 3.000000 7.000000 76.952100 1290735.178357
673 F 18.100788 199.866369 9.000000 7.000000 103.269808 1293940.115335
674 F 14.371496 193.761776 5.000000 5.000000 135.020451 1283245.092914
675 F 10.255787 191.258316 3.000000 7.000000 185.341944 1277446.180709
676 F 17.813380 196.481359 7.000000 8.000000 155.512964 1288830.524737
677 F 19.462256 199.998888 3.000000 3.000000 25.231767 1293964.426163
678 F 20.341457 199.916596 6.000000 4.000000 58.729171 1293809.029425
679 F 14.609375 199.967200 4.000000 3.000000 28.907475 1294315.908935
680 F 13.979024 193.876549 9.000000 3.000000 187.174963 1283735.204922
681 F 15.139321 199.991501 7.000000 3.000000 56.998397 1294295.124267
682 F 18.815694 190.741470 5.000000 5.000000 209.050029 1269741.465887
683 F 19.972956 195.892210 4.000000 3.000000 74.455150 1286938.770222
684 H 15.619062 196.301947 7.000000 3.000000 827.793967 974732.814437
685 D 10.199513 190.346983 4.000000 5.000000 17729.578072 4.515954
686 B 20.621127 196.285725 9.000000 3.000000 16203.182721 5.046878
687 F 14.018578 193.781585 3.000000 6.000000 118.901577 1283451.764830
688 F 21.947578 187.212117 6.000000 6.000000 375.534465 1247724.401366
689 F 15.443957 196.586103 3.000000 8.000000 90.377668 1289607.421465
690 F 22.239929 183.158865 5.000000 3.000000 307.407248 1216977.471456
691 F 18.174949 199.821088 3.000000 8.000000 40.446675 1293888.148207
692 F 13.154511 192.166705 7.000000 6.000000 223.927826 1278853.501849
693 A 10.023539 196.906419 3.000000 7.000000 21956.292348 4.185543
694 F 17.584342 196.299607 5.000000 8.000000 125.325277 1288504.044426
695 C 17.044313 199.954664 3.000000 5.000000 14526.031740 4.093499
696 F 22.796507 192.842669 5.000000 3.000000 140.278304 1276245.635346
697 F 13.982292 196.586016 8.000000 5.000000 133.731375 1289953.129806
698 E 19.158728 188.674610 3.000000 8.000000 3154.602101 280153.488291
699 F 23.621089 199.950675 3.000000 9.000000 45.376796 1293584.032840
700 F 23.550050 199.968651 6.000000 9.000000 77.202311 1293610.651126
701 F 23.006757 193.331646 9.000000 7.000000 310.264827 1278007.602332
702 F 19.156349 196.115707 5.000000 5.000000 104.729562 1287689.190080
703 F 14.381328 190.780335 3.000000 9.000000 252.687693 1272927.040773
704 F 26.417709 196.691184 7.000000 3.000000 134.631714 1287276.021160
705 F 10.112298 193.029906 4.000000 7.000000 156.690259 1283105.485771
706 F 17.207886 187.022067 3.000000 9.000000 390.777022 1251531.375489
707 F 22.737766 199.955064 5.000000 6.000000 55.894126 1293659.387778
708 F 26.405342 196.573451 1.000000 3.000000 35.118038 1286981.544604
709 F 19.440124 193.753860 1.000000 2.000000 40.177327 1281057.807316
710 F 20.211312 192.425777 1.000000 1.000000 30.369910 1275955.569393
711 H 20.312067 189.002373 1.000000 1.000000 264.211180 785435.335237
712 F 17.715900 185.059169 3.000000 1.000000 103.814674 1238107.485108
713 F 15.269723 189.723163 1.000000 2.000000 65.976935 1267688.346452
714 F 20.552765 192.729685 5.000000 3.000000 135.755381 1276941.074853
715 B 24.752054 183.869622 3.000000 1.000000 4631.756331 5.189056
716 F 13.373866 193.503760 7.000000 3.000000 144.135041 1282938.621756
717 F 21.512350 190.227343 1.000000 3.000000 91.816242 1265394.804256
718 F 17.007774 194.940614 3.000000 1.000000 41.911039 1285458.573779
719 F 17.085405 186.374659 8.000000 1.000000 249.417113 1247659.602037
720 F 13.288718 191.192431 5.000000 1.000000 91.385706 1275270.398047
721 D 17.722854 187.350737 5.000000 3.000000 11001.020149 4.509790
722 F 23.642259 194.339139 3.000000 4.000000 95.107701 1281278.425550
723 F 13.613839 182.155705 10.000000 1.000000 375.455898 1222515.831584
724 F 22.085166 161.480502 7.000000 4.000000 1093.971107 929886.912061
725 A 17.586185 193.800974 3.000000 3.000000 9531.007086 4.383264
726 F 26.067965 190.898223 6.000000 4.000000 235.537315 1265597.196585
727 C 19.668363 195.531139 3.000000 5.000000 14152.943949 4.025363
728 F 10.015839 195.817870 5.000000 1.000000 50.010791 1289577.146403
729 E 16.015344 188.475308 1.000000 5.000000 1912.115111 307940.966974
730 F 24.989974 195.893802 3.000000 3.000000 66.356441 1285545.579604
731 G 20.972363 192.630075 5.000000 2.000000 1693.710563 1.715038
732 F 14.309215 196.326385 8.000000 5.000000 140.187010 1289386.264238
733 F 10.267992 191.450654 3.000000 5.000000 137.002370 1278104.378109
734 F 18.367578 196.175816 1.000000 1.000000 16.680837 1288032.675282
735 F 17.687181 185.130693 4.000000 1.000000 129.665962 1238645.690171
736 F 20.055977 189.975937 1.000000 1.000000 40.275382 1265224.827337
737 F 13.560300 187.154029 1.000000 1.000000 48.380354 1256156.012538
738 F 19.324608 187.935604 1.000000 1.000000 48.895708 1254817.680330
739 F 16.814415 183.920935 1.000000 3.000000 167.914636 1231093.950645
740 F 13.998125 189.899539 3.000000 3.000000 118.856431 1269465.613559
741 F 20.838145 191.516511 6.000000 1.000000 137.743782 1271860.687175
742 H 17.401041 193.487387 1.000000 4.000000 790.369325 907139.465997
743 F 21.820792 188.309126 3.000000 5.000000 221.670562 1254660.520108
744 F 12.893415 192.770016 5.000000 3.000000 113.906048 1280959.483645
745 F 27.244579 181.492167 3.000000 1.000000 156.345661 1193365.765752
746 D 18.980437 195.765401 1.000000 3.000000 11023.699141 4.958988
747 F 10.311899 193.535645 7.000000 5.000000 163.261794 1284389.445554
748 F 24.505833 196.062545 4.000000 3.000000 79.957393 1286132.955247
749 B 15.664607 189.967035 1.000000 1.000000 4337.171691 5.483895
750 F 21.797406 196.113931 5.000000 6.000000 119.660213 1286985.698727
751 F 16.326633 187.144902 3.000000 3.000000 160.990586 1253196.759047
752 F 28.024431 193.317503 9.000000 5.000000 304.448359 1275642.706555
753 F 19.590260 196.310412 1.000000 1.000000 16.721698 1288019.905145
754 F 13.313539 182.561971 1.000000 1.000000 70.470333 1226155.037464
755 F 24.978251 190.736851 1.000000 1.000000 39.939630 1265511.841025
756 A 28.063602 184.637512 1.000000 1.000000 3027.047698 4.485215
757 C 23.551026 192.858352 1.000000 1.000000 2841.441838 4.359181
758 E 26.431310 187.010548 1.000000 2.000000 835.001485 154990.176077
759 F 24.312512 189.008282 3.000000 3.000000 151.352151 1256570.522147
760 G 20.207902 189.812429 1.000000 1.000000 710.352689 2.071020
761 F 28.688962 182.140359 3.000000 4.000000 331.436660 1197338.005559
762 F 21.747152 186.542533 1.000000 3.000000 136.462959 1243499.263386
763 F 14.101840 189.736221 3.000000 1.000000 66.024984 1268658.317206
764 F 18.429109 191.922678 1.000000 3.000000 72.140076 1274974.430932
765 F 24.972475 193.888619 3.000000 6.000000 132.870439 1279185.752880
766 F 28.636228 190.900263 4.000000 5.000000 206.834493 1263892.441048
767 F 12.897765 195.945894 1.000000 3.000000 34.786577 1289016.109002
768 F 11.347101 185.795605 1.000000 1.000000 52.951398 1250832.141589
769 F 14.066224 182.838044 1.000000 3.000000 180.857338 1227063.385930
770 F 10.999865 190.554825 1.000000 2.000000 57.210304 1274365.007300
771 F 16.554478 194.476909 3.000000 3.000000 70.176305 1284379.797303
772 F 10.276767 195.052504 5.000000 5.000000 102.714922 1287991.962390
773 H 18.534010 188.592509 1.000000 1.000000 264.603743 786691.368849
774 F 14.218348 195.556606 3.000000 3.000000 56.445713 1287826.669119
775 F 10.018208 191.769491 3.000000 6.000000 151.827688 1279323.551078
776 F 19.720676 196.626246 1.000000 4.000000 40.690190 1288681.818660
777 D 16.724424 184.777269 5.000000 4.000000 14006.708141 4.390306
778 B 20.027361 189.224903 1.000000 1.000000 4337.748386 5.462604
779 F 14.433734 193.273980 3.000000 5.000000 112.680310 1281773.299035
780 F 19.261119 196.074362 5.000000 3.000000 86.739830 1287565.866456
781 F 15.665586 187.433040 3.000000 6.000000 263.594983 1255548.402698
782 F 21.884160 192.271096 1.000000 3.000000 70.502009 1274435.977773
783 F 10.225995 196.292241 6.000000 1.000000 60.086036 1290357.369297
784 F 18.091229 196.274570 4.000000 5.000000 85.231203 1288321.191416
785 F 14.836663 191.245061 1.000000 3.000000 77.027180 1274485.028331
786 A 21.696602 196.339694 3.000000 6.000000 19017.596864 4.238415
787 F 13.487985 187.673045 6.000000 1.000000 146.713482 1259061.968814
788 E 18.632260 192.851089 3.000000 4.000000 1533.754605 396973.181427
789 G 21.120556 196.293314 1.000000 7.000000 4174.900950 1.596099
790 C 24.147654 192.259986 5.000000 3.000000 9063.699114 3.974955
791 F 15.656674 196.341878 3.000000 5.000000 68.709642 1289077.862865
792 F 13.346987 182.939202 7.000000 1.000000 228.695394 1228950.901391
793 F 18.022323 189.984283 1.000000 7.000000 199.175148 1266801.059760
794 F 23.006417 196.498739 4.000000 3.000000 72.484422 1287611.350932
795 F 19.583269 194.301571 1.000000 5.000000 77.882335 1282721.824868
796 F 25.503961 186.967342 3.000000 1.000000 108.562330 1242314.231834
797 F 13.187806 196.527060 5.000000 7.000000 102.883460 1290035.818337
798 F 10.127630 192.230027 1.000000 4.000000 84.166062 1280732.059436
799 F 16.620417 196.598568 7.000000 3.000000 107.231010 1289353.647835
800 F 21.784003 189.829513 3.000000 6.000000 216.534797 1263161.564009
801 F 10.049333 196.655949 5.000000 4.000000 69.504703 1290994.523692
802 F 29.139198 193.258557 1.000000 1.000000 31.568182 1274880.910295
803 F 27.329197 185.291730 1.000000 7.000000 336.532819 1227565.463215
804 H 25.571271 191.026869 1.000000 3.000000 673.528208 803583.415752
805 F 29.854458 193.073922 1.000000 5.000000 100.616326 1273748.929501
806 F 29.173340 188.982877 3.000000 3.000000 161.614563 1252266.886702
807 F 29.492751 196.685980 3.000000 1.000000 46.931594 1286553.139469
808 D 23.435564 181.721586 1.000000 7.000000 22509.836221 4.387518
809 F 20.638004 196.842558 5.000000 5.000000 95.655775 1288932.845656
810 B 25.426411 193.084874 3.000000 1.000000 5068.480854 5.450172
811 F 21.961296 196.561433 1.000000 7.000000 67.331752 1288008.822948
812 F 13.814921 186.004079 5.000000 3.000000 219.293527 1249143.572878
813 F 19.192419 191.365341 3.000000 5.000000 154.207175 1272228.890359
814 F 27.610679 197.401252 1.000000 3.000000 29.645373 1288722.236256
815 F 30.205250 197.012490 6.000000 1.000000 101.876710 1287254.466977
816 F 30.604763 193.219244 3.000000 7.000000 171.582135 1274027.449455
817 A 26.875010 199.985069 1.000000 3.000000 9671.119683 4.613547
818 G 25.923982 189.057080 4.000000 1.000000 1060.049203 1.895194
819 C 31.422210 193.687065 7.000000 5.000000 15455.249973 3.746954
820 F 22.723365 196.959073 3.000000 3.000000 53.120502 1288727.517180
821 F 15.771010 196.853316 1.000000 7.000000 60.797915 1290032.832915
822 E 27.079424 192.893393 5.000000 3.000000 1436.658400 316229.398943
823 F 10.004077 199.751294 3.000000 1.000000 13.979746 1294524.928979
824 F 12.824412 188.910403 8.000000 1.000000 188.931960 1265899.608867
825 F 12.874936 196.852248 7.000000 1.000000 76.941400 1290671.924891
826 F 10.046445 199.941443 5.000000 4.000000 34.054610 1294658.708888
827 F 11.028877 199.953450 7.000000 3.000000 49.346272 1294588.965330
828 F 10.605873 199.963461 10.000000 1.000000 75.546127 1294629.793576
829 F 10.495454 193.310504 5.000000 3.000000 100.429696 1283701.810606
830 F 14.621697 186.153118 9.000000 5.000000 439.863216 1249112.442406
831 F 13.935111 199.978388 5.000000 3.000000 35.919340 1294378.498941
832 F 13.338813 199.875465 7.000000 5.000000 60.658874 1294341.044032
833 F 13.847094 196.199315 7.000000 5.000000 123.107672 1289258.362495
834 F 10.527949 196.714940 8.000000 3.000000 103.003058 1290977.085003
835 F 14.337627 199.910542 10.000000 3.000000 94.024247 1294289.144662
836 H 15.994553 194.448981 5.000000 5.000000 1121.271061 935097.524294
837 F 10.254817 199.877441 5.000000 3.000000 32.009459 1294596.224071
838 F 11.749816 196.969872 9.000000 6.000000 143.279936 1291108.156977
839 B 10.787867 197.091537 8.000000 4.000000 19801.019311 5.071690
840 F 10.880488 199.675497 6.000000 6.000000 52.281662 1294389.533730
841 F 10.169022 199.826221 6.000000 3.000000 40.148821 1294566.094244
842 D 16.010731 199.949003 9.000000 5.000000 21080.816399 4.440355
843 F 15.840048 196.584804 5.000000 7.000000 107.069482 1289511.188602
844 F 10.211947 193.992709 10.000000 1.000000 160.870576 1285597.872729
845 F 14.010912 196.937527 6.000000 3.000000 79.542809 1290567.372194
846 F 16.065713 193.361295 5.000000 7.000000 179.314668 1281292.288259
847 F 13.554854 196.684387 7.000000 5.000000 113.266228 1290229.561123
848 A 10.086169 199.753324 29.000000 3.000000 22470.178789 2.859515
849 C 16.294946 199.936513 4.000000 1.000000 3423.433332 4.280719
850 F 17.019153 193.427850 4.000000 5.000000 129.998484 1281070.019012
851 E 13.857238 196.585239 5.000000 7.000000 2468.927545 534494.526048
852 G 10.448069 193.159409 8.000000 3.000000 2462.014049 1.456878
853 F 17.608084 199.801452 4.000000 1.000000 27.178841 1293916.221183
854 F 10.069636 199.928067 26.000000 4.000000 412.186894 1294647.440795
855 F 16.806539 196.807219 8.000000 8.000000 162.704624 1289715.861895
856 F 13.897216 196.771147 6.000000 5.000000 97.328231 1290304.168663
857 F 18.198698 199.923609 51.000000 3.000000 1797.774839 1293989.189585
858 F 14.561421 199.975583 37.000000 1.000000 885.581010 1294326.834991
859 F 10.095166 196.049991 7.000000 7.000000 133.214770 1289972.592701
860 F 18.780050 194.141290 5.000000 5.000000 139.142286 1282549.352807
861 F 17.345921 196.931013 4.000000 3.000000 59.190936 1289832.670125
862 F 13.527750 199.970640 9.000000 7.000000 88.313675 1294404.240593
863 F 20.857271 194.238257 10.000000 1.000000 216.591214 1282030.515423
864 F 14.315638 196.795663 4.000000 4.000000 63.928213 1290253.176066
865 F 18.758360 193.484991 6.000000 6.000000 188.963185 1280473.438544
866 F 21.663679 199.938991 3.000000 2.000000 24.357504 1293727.017088
867 H 16.607491 196.500553 7.000000 1.000000 499.278206 973993.037793
868 F 13.603414 199.886610 5.000000 3.000000 36.296060 1294328.640474
869 F 13.647501 199.995533 9.000000 3.000000 77.078671 1294415.112022
870 F 13.705758 191.412850 11.000000 3.000000 300.766662 1275839.009180
871 F 13.396656 193.322989 7.000000 1.000000 114.539753 1282400.198720
872 D 10.164253 196.475528 7.000000 3.000000 12146.187860 4.601701
873 F 10.053855 193.175636 5.000000 4.000000 117.625891 1283538.217864
874 F 17.882970 199.930067 10.000000 1.000000 99.340300 1294020.953370
875 F 16.461388 196.034678 8.000000 5.000000 154.152199 1288228.594939
876 F 13.609836 191.409013 5.000000 3.000000 134.653763 1275884.246788
877 B 10.018487 199.948331 6.000000 1.000000 5724.149533 5.473615
878 A 20.506437 196.455527 4.000000 5.000000 16152.528077 4.240380
879 F 16.630464 150.163994 4.000000 3.000000 905.622686 758683.602827
880 C 20.822128 193.839756 8.000000 1.000000 4506.014030 3.936807
881 G 14.057957 156.788700 6.000000 5.000000 5542.275254 2.037918
882 F 17.438683 196.503410 4.000000 3.000000 63.734461 1288966.845930
883 E 10.207666 190.313211 3.000000 5.000000 1914.215228 416012.419365
884 F 21.861783 196.611986 6.000000 3.000000 102.964610 1288147.714807
885 F 14.093597 191.188005 3.000000 1.000000 57.729956 1274737.344425
886 F 17.894522 196.176788 5.000000 5.000000 101.075447 1288158.163217
887 F 10.077344 199.747573 10.000000 7.000000 95.332337 1294515.799317
888 F 14.444058 134.328252 3.000000 3.000000 1129.970257 474154.256396
889 F 22.501858 194.030660 8.000000 1.000000 168.219336 1280698.135504
890 F 18.552602 199.900656 3.000000 5.000000 31.031577 1293937.574422
891 F 22.919527 141.647348 3.000000 3.000000 1048.806402 545438.921133
892 F 18.728344 199.983990 3.000000 5.000000 30.378145 1294006.909997
893 F 23.657924 190.587653 3.000000 6.000000 202.078836 1265668.498432
894 F 19.452616 193.679818 3.000000 5.000000 113.533662 1280810.340102
895 F 21.542194 196.414840 32.000000 6.000000 1266.026397 1287771.326428
896 F 23.079327 196.591986 3.000000 4.000000 65.409297 1287814.526341
897 F 18.784430 199.983694 5.000000 1.000000 36.533145 1294002.214397
898 F 25.592388 190.253076 3.000000 8.000000 265.197206 1262549.644334
899 H 18.556874 193.148258 3.000000 5.000000 1083.003765 893427.255335
900 F 19.521295 165.287035 6.000000 3.000000 730.655615 1004109.817375
901 D 26.088266 196.536731 3.000000 7.000000 26246.742012 4.603234
902 B 17.015638 193.402162 5.000000 1.000000 5399.775656 5.334624
903 F 20.634793 189.100039 2.000000 4.000000 151.641053 1260205.327224
904 F 23.952829 196.711101 3.000000 6.000000 81.203684 1287891.247580
905 F 16.484574 196.782689 7.000000 3.000000 104.076295 1289741.444457
906 F 26.931290 199.840824 5.000000 8.000000 68.954414 1293176.979965
907 F 21.347119 193.677506 2.000000 2.000000 54.819226 1279982.647939
908 F 15.539786 187.875785 3.000000 5.000000 217.646000 1258142.379586
909 F 17.436913 199.783319 6.000000 1.000000 46.590259 1293912.613808
910 A 24.036600 193.786389 2.000000 4.000000 12460.102547 4.383021
911 G 28.438672 196.605247 5.000000 8.000000 5225.218296 1.278795
912 C 19.631503 114.107534 1.000000 6.000000 7801.884990 2.663931
913 F 14.113383 199.939618 4.000000 3.000000 28.628016 1294331.954662
914 E 21.916646 190.778468 3.000000 1.000000 544.896339 309228.805368
915 F 17.205190 193.918815 1.000000 5.000000 82.127521 1282515.288705
916 F 31.054015 196.537795 3.000000 3.000000 66.594631 1285777.138232
917 F 14.240033 190.093181 4.000000 8.000000 266.597897 1270132.146427
918 F 24.445801 196.476629 1.000000 6.000000 60.930379 1287208.880234
919 F 19.040325 199.894278 3.000000 1.000000 19.887190 1293891.323945
920 F 17.149572 193.408665 7.000000 1.000000 128.197629 1280949.441601
921 F 13.556648 187.005251 7.000000 2.000000 221.697581 1255324.813995
922 F 19.036237 196.479280 5.000000 1.000000 64.068095 1288529.211193
923 F 13.919667 199.764545 8.000000 3.000000 68.853702 1294197.065140
924 F 20.633540 191.946475 4.000000 3.000000 125.185887 1273802.311487
925 F 16.624964 199.803615 5.000000 1.000000 35.012927 1294001.797335
926 F 22.188222 194.002719 3.000000 1.000000 54.388261 1280732.038043
927 F 16.839591 199.961404 6.000000 1.000000 44.059709 1294134.162575
928 H 20.461666 196.321119 3.000000 1.000000 290.498733 952088.075651
929 F 23.768185 126.001426 5.000000 3.000000 1525.859900 208925.200951
930 F 18.394075 190.663724 8.000000 1.000000 197.286041 1269680.891011
931 F 16.628711 199.946246 41.000000 4.000000 1147.249959 1294136.822225
932 F 21.991052 193.333291 3.000000 3.000000 90.700185 1278480.577977
933 B 19.351069 187.468922 2.000000 1.000000 4447.242773 5.350405
934 F 25.937256 199.943954 6.000000 4.000000 67.444541 1293391.141455
935 F 15.303810 196.183017 1.000000 3.000000 33.973300 1288847.115485
936 D 13.987186 194.087387 4.000000 5.000000 18455.487773 4.605188
937 F 13.928799 190.362908 10.000000 1.000000 241.747614 1271514.482966
938 F 15.476358 199.950236 3.000000 3.000000 22.783192 1294232.324149
939 F 13.323895 196.687003 1.000000 6.000000 54.255565 1290287.583887
940 A 16.887982 194.237973 3.000000 5.000000 15614.767818 4.265551
941 F 13.461884 196.112701 1.000000 3.000000 33.798334 1289190.845731
942 G 18.962742 190.534073 3.000000 5.000000 3411.708024 1.684875
943 C 13.989009 199.939729 1.000000 3.000000 8556.075656 4.343269
944 F 16.716558 186.443711 3.000000 6.000000 292.022925 1248512.806946
945 F 20.264160 196.502782 4.000000 3.000000 68.154742 1288283.217640
946 F 13.078488 193.445765 22.000000 5.000000 741.430842 1282903.761361
947 F 10.075461 82.188434 1.000000 7.000000 4695.942036 1.732015
948 E 10.051130 196.479734 6.000000 3.000000 1231.480369 566139.961575
949 F 17.103063 199.926250 3.000000 5.000000 29.774844 1294079.998640
950 F 16.095116 199.992514 6.000000 4.000000 50.891830 1294221.261612
951 F 16.000539 190.926697 8.000000 3.000000 227.931848 1272441.230830
952 F 19.282934 94.687683 4.000000 1.000000 870.973692 1.743589
953 F 13.981416 193.395846 48.000000 5.000000 2941.095102 1282348.690452
954 F 10.045377 196.530866 5.000000 3.000000 62.560199 1290796.357389
955 F 20.135053 187.883919 3.000000 6.000000 261.729397 1253728.183487
956 F 16.266867 199.991972 7.000000 1.000000 53.674291 1294207.341546
957 F 13.842660 196.237031 3.000000 4.000000 58.885313 1289332.593219
958 F 21.474118 190.961559 5.000000 7.000000 259.379043 1268961.482425
959 F 17.586493 193.880816 7.000000 3.000000 153.942919 1282241.044911
960 F 13.011765 196.466296 3.000000 5.000000 64.056221 1289968.977029
961 F 18.357614 196.104540 5.000000 1.000000 65.690016 1287875.514623
962 D 10.022942 183.341148 2.000000 3.000000 9896.388371 4.609302
963 B 21.222203 192.154545 9.000000 7.000000 32813.669745 4.672629
964 F 15.838737 196.584783 4.000000 5.000000 77.155551 1289511.457602
965 F 22.554306 199.988453 1.000000 1.000000 7.818128 1293711.657363
966 F 23.275468 145.889528 1.000000 1.000000 315.002682 628490.285738
967 F 22.949997 188.280036 1.000000 1.000000 49.784304 1253440.003702
968 F 22.441607 199.934055 1.000000 1.000000 7.918428 1293659.176224
969 F 23.778937 196.479337 2.000000 1.000000 28.759700 1287377.505478
970 F 24.585020 192.965214 1.000000 1.000000 30.497146 1275847.207813
971 F 26.771504 188.474007 1.000000 1.000000 51.450008 1251140.314530
972 H 25.659706 191.344326 2.000000 1.000000 307.081689 810961.182133
973 A 25.525884 184.261292 45.000000 1.000000 35660.599906 1.729315
974 G 29.424894 192.175010 3.000000 1.000000 935.759365 1.909555
975 E 24.331336 193.767983 1.000000 1.000000 393.199083 366437.531131
976 F 24.093322 187.365484 69.000000 1.000000 9294.790471 1246509.672868
977 C 29.326842 196.462868 3.000000 28.000000 77752.860142 2.850518
978 F 23.401342 191.439488 34.000000 1.000000 2048.220394 1269938.964726
979 F 23.044299 196.382111 1.000000 37.000000 334.364179 1287321.565989
980 F 27.281727 71.618854 3.000000 3.000000 2651.647188 2.033149
981 F 22.508495 192.890981 3.000000 3.000000 96.754393 1276576.616705
982 F 26.900558 197.092318 1.000000 1.000000 16.837728 1288146.716955
983 F 31.502503 186.893651 3.000000 1.000000 122.759784 1235322.438531
984 F 31.412615 190.168612 1.000000 1.000000 46.356614 1257805.408953
985 F 27.172692 193.492571 3.000000 1.000000 64.996816 1276735.991004
986 F 28.243873 183.360435 1.000000 3.000000 185.678617 1209653.546332
987 F 24.886673 199.848980 4.000000 3.000000 40.067950 1293357.919635
988 F 22.421674 194.074454 5.000000 1.000000 92.527791 1280877.423685
989 F 25.626240 189.803719 3.000000 3.000000 142.647227 1260059.431034
990 F 28.806962 196.469962 1.000000 1.000000 19.513479 1286130.773797
991 H 29.928756 189.245391 1.000000 1.000000 278.986039 730830.085930
992 F 32.683965 187.304520 1.000000 1.000000 61.431200 1237225.222139
993 F 32.199322 193.405639 1.000000 3.000000 64.559445 1274108.139738
994 D 29.444963 194.053556 3.000000 1.000000 4310.831966 4.916864
995 F 29.032636 184.343300 1.000000 3.000000 172.165820 1217332.365013
996 B 26.899569 199.977988 3.000000 1.000000 5459.556591 5.662055
997 F 25.277137 191.392048 5.000000 3.000000 170.459626 1268551.231373
998 F 32.536720 99.899686 1.000000 3.000000 1680.983377 1.740334
999 F 22.488100 196.420007 3.000000 1.000000 40.636081 1287550.322990
1000 F 26.201655 195.847655 5.000000 3.000000 104.525336 1285077.440987
1001 F 21.602715 190.042651 1.000000 1.000000 40.937151 1264396.796620
1002 F 27.793371 180.596708 3.000000 3.000000 297.708079 1183186.841114
1003 A 23.142397 196.004298 5.000000 4.000000 13366.978252 4.232736
1004 G 31.808504 193.227713 1.000000 1.000000 711.903178 2.018325
1005 F 22.066736 186.328724 3.000000 3.000000 186.260784 1241671.527265
1006 F 28.178401 196.633125 6.000000 4.000000 126.464036 1286718.196638
1007 C 24.882481 199.942090 3.000000 1.000000 3395.349380 4.343305
1008 F 20.543881 190.505570 60.000000 3.000000 5886.330676 1267448.611035
1009 F 20.637834 199.974955 1.000000 5.000000 18.601974 1293847.500412
1010 E 25.810683 193.852323 1.000000 5.000000 1739.544206 354648.759512
1011 F 33.197325 108.805834 1.000000 5.000000 2461.708197 1.509243
1012 F 28.858229 196.107984 1.000000 1.000000 20.763531 1285098.765387
1013 F 22.201876 199.976432 1.000000 5.000000 18.915467 1293725.896256
1014 F 24.226386 195.935654 1.000000 3.000000 39.130160 1285870.937474
1015 F 28.896277 196.526749 24.000000 1.000000 840.423941 1286263.843676
1016 F 22.710538 196.501978 1.000000 5.000000 51.428536 1287690.637261
1017 F 32.453381 199.957105 1.000000 3.000000 15.566871 1292890.124329
1018 F 28.390074 199.882818 3.000000 5.000000 38.159679 1293112.649829
1019 F 30.419568 196.872725 1.000000 5.000000 49.884295 1286842.395739
1020 F 33.789928 199.940909 3.000000 3.000000 35.665533 1292759.231688
1021 H 33.043608 195.890617 3.000000 3.000000 696.801211 882095.917817
1022 F 20.907350 196.675385 1.000000 4.000000 40.655357 1288511.953699
1023 F 26.288986 196.735651 3.000000 5.000000 75.331009 1287416.254164
1024 F 21.685379 196.967887 1.000000 3.000000 30.692173 1288969.946573
1025 B 30.421762 196.746325 4.000000 1.000000 5721.493592 5.498538
1026 D 24.995471 193.576390 3.000000 5.000000 18403.776557 4.655267
1027 F 19.336625 199.689442 1.000000 3.000000 14.096890 1293648.216567
1028 F 26.317311 199.907503 1.000000 1.000000 8.793209 1293314.392674
1029 F 33.720204 199.848898 1.000000 3.000000 16.398692 1292622.722553
1030 F 31.199814 199.730050 1.000000 1.000000 10.294701 1292654.673878
1031 F 32.763224 197.324019 1.000000 1.000000 17.987328 1287537.668338
1032 F 34.315520 197.171885 1.000000 1.000000 19.002703 1286823.258584
1033 F 34.709855 196.811700 2.000000 1.000000 35.030854 1285719.991297
1034 F 35.341347 199.921289 1.000000 1.000000 10.649858 1292604.043911
1035 A 34.186327 199.941867 1.000000 1.000000 3397.214317 4.737795
1036 F 34.547496 192.828906 1.000000 1.000000 36.045701 1270316.641225
1037 G 33.230289 196.321418 1.000000 1.000000 686.773414 1.970666
1038 F 35.722791 196.914419 1.000000 1.000000 20.367523 1285797.167082
1039 C 36.122236 191.061350 1.000000 1.000000 2883.097452 4.331464
1040 F 34.338945 193.818063 1.000000 3.000000 61.615984 1274975.160220
1041 E 35.385793 87.040213 1.000000 3.000000 4622.531253 3.083445
1042 F 36.831058 193.629053 1.000000 44.000000 697.859661 1273055.258789
1043 F 34.940301 189.977356 1.000000 1.000000 49.431629 1253988.256146
1044 F 32.482215 196.669886 1.000000 3.000000 36.517128 1285817.121492
1045 F 31.953447 199.856320 1.000000 1.000000 10.115315 1292780.876525
1046 F 32.611208 193.945777 1.000000 31.000000 468.292958 1276239.849407
1047 F 31.761081 130.395136 1.000000 1.000000 428.998516 223230.016178
1048 F 31.796180 196.879131 1.000000 1.000000 19.166542 1286556.731850
1049 F 35.927719 187.073625 1.000000 1.000000 64.997404 1232014.775757
1050 F 35.249701 190.131326 1.000000 1.000000 48.871280 1254740.966365
1051 F 32.729645 193.714553 1.000000 1.000000 31.422310 1275214.070181
1052 F 36.109510 190.909563 1.000000 1.000000 45.636888 1258957.776615
1053 F 31.030631 196.055090 3.000000 3.000000 71.862868 1284361.705358
1054 H 31.954673 193.692983 1.000000 1.000000 242.894242 834197.375879
1055 F 36.101147 199.926797 3.000000 3.000000 37.412128 1292551.619108
1056 F 34.112741 199.992602 1.000000 3.000000 15.726832 1292812.523258
1057 F 32.714633 30.764773 1.000000 3.000000 4807.330600 3.155080
1058 D 37.154547 189.164746 1.000000 3.000000 10493.792560 4.801062
1059 B 35.060704 196.443532 1.000000 1.000000 4787.771773 5.676723
1060 F 31.547933 193.608028 3.000000 3.000000 101.741222 1275272.778408
1061 F 38.084061 199.964400 1.000000 1.000000 11.097454 1292455.111821
1062 F 36.188697 190.838577 1.000000 1.000000 46.021427 1258475.343196
1063 F 37.798722 196.466636 1.000000 1.000000 22.716052 1283931.090762
1064 F 32.273237 193.775862 1.000000 1.000000 30.959035 1275669.853237
1065 F 38.365055 196.577090 3.000000 3.000000 74.396864 1284154.472261
1066 F 33.112320 191.032297 1.000000 47.000000 1110.282926 1261658.410099
1067 G 31.227977 50.105414 3.000000 1.000000 4238.237905 4.844524
1068 F 34.538470 196.546067 1.000000 3.000000 38.179682 1284968.057213
1069 A 31.139818 63.937572 3.000000 1.000000 1186.556072 2.216250
1070 C 37.199211 188.012950 1.000000 4.000000 10624.510279 4.096855
1071 E 38.653633 196.369919 3.000000 3.000000 1237.819823 306261.743704
1072 F 30.188272 192.927981 3.000000 1.000000 73.575346 1272941.381137
1073 F 33.605316 196.205537 1.000000 5.000000 58.846129 1284148.492782
1074 F 30.040815 186.123173 3.000000 3.000000 208.250366 1230928.634354
1075 F 37.720574 192.925950 1.000000 1.000000 37.208883 1269225.744607
1076 F 33.606898 199.991446 18.000000 4.000000 388.467671 1292850.306257
1077 F 30.784897 196.672008 3.000000 3.000000 64.849570 1286216.279611
1078 F 29.689925 190.304642 1.000000 75.000000 1939.446923 1259860.279727
1079 F 33.774678 193.945975 3.000000 1.000000 71.517499 1275760.558162
1080 F 38.774427 199.902259 55.000000 5.000000 3079.993531 1292294.425850
1081 F 34.786153 196.755546 1.000000 3.000000 36.663439 1285537.847146
1082 F 29.624928 193.555980 3.000000 1.000000 68.237436 1275901.720638
1083 F 34.652990 188.330438 4.000000 5.000000 283.693102 1242947.725868
1084 F 29.511651 196.756980 3.000000 3.000000 62.539300 1286738.147902
1085 F 38.025156 196.856047 1.000000 1.000000 21.355058 1285115.999490
1086 H 29.592906 199.901162 1.000000 5.000000 753.969462 986060.431256
1087 F 33.601543 191.121953 4.000000 3.000000 168.225365 1261849.000810
1088 F 29.344400 199.909855 1.000000 1.000000 9.423059 1293071.997015
1089 D 37.409448 196.710266 3.000000 53.000000 194812.407144 3.314197
1090 F 33.229358 199.881876 5.000000 5.000000 67.719390 1292714.287249
1091 B 29.616829 194.142502 1.000000 3.000000 13413.600707 5.481794
1092 F 39.199511 196.930418 3.000000 1.000000 55.854806 1285089.500553
1093 F 34.366391 199.733201 5.000000 3.000000 65.368064 1292382.729163
1094 F 29.065804 199.764542 1.000000 5.000000 21.943228 1292890.869928
1095 F 31.404385 193.689856 3.000000 1.000000 69.929942 1275680.507458
1096 F 28.957510 199.986719 3.000000 3.000000 31.908286 1293207.692265
1097 A 36.316862 193.472516 1.000000 5.000000 15336.932551 4.377801
1098 F 39.381037 199.943053 4.000000 1.000000 47.777779 1292315.725889
1099 G 33.125417 190.627948 5.000000 3.000000 2555.632690 1.683426
1100 C 28.454706 139.152944 1.000000 5.000000 8787.754445 3.221184
1101 F 28.327931 196.066290 67.000000 1.000000 5475.513865 1285119.532370
1102 E 35.713058 199.908377 3.000000 3.000000 1135.147796 430431.160548
1103 F 32.644757 193.328026 1.000000 3.000000 65.526910 1273560.645175
1104 F 39.547391 196.418244 5.000000 6.000000 149.836445 1283341.293348
1105 F 28.314274 187.301220 3.000000 1.000000 112.321942 1241717.775674
1106 F 32.661027 196.774874 1.000000 4.000000 43.776180 1286074.622458
1107 F 27.691444 191.953329 3.000000 1.000000 76.463679 1269782.339898
1108 F 31.285076 196.605137 5.000000 3.000000 104.128680 1285912.777787
1109 F 121.469748 190.537580 1.000000 6.000000 222.213985 1196780.718216
1110 F 137.919428 119.513921 3.000000 1.000000 1454.330033 1.510289
1111 F 38.981942 196.421751 5.000000 4.000000 131.184311 1283492.448035
1112 F 34.458491 153.172795 1.000000 60.000000 13464.077695 701075.908807
1113 F 27.713378 199.851985 3.000000 3.000000 32.126930 1293126.741942
1114 F 37.227947 193.125474 1.000000 5.000000 103.443498 1270463.412855
1115 F 30.923398 196.437652 5.000000 1.000000 88.512014 1285522.840822
1116 H 28.064986 193.661631 3.000000 3.000000 731.905378 854134.041489
1117 F 33.376253 199.860106 1.000000 6.000000 25.055853 1292668.701125
1118 F 27.989310 184.715132 3.000000 1.000000 132.045291 1221947.881609
1119 B 36.581501 199.937695 43.000000 3.000000 56750.499152 3.035778
1120 F 32.020811 189.003720 5.000000 5.000000 295.218965 1249971.593856
1121 D 35.516374 193.860326 1.000000 1.000000 3822.086101 5.037160
1122 F 98.075703 196.115951 3.000000 3.000000 150.468447 1266799.928557
1123 F 26.826839 191.090471 5.000000 5.000000 226.277581 1266075.879901
1124 F 40.081714 199.930474 1.000000 1.000000 11.615029 1292237.758152
1125 F 40.713862 199.965460 3.000000 3.000000 40.275760 1292248.747922
1126 F 39.937314 196.266692 1.000000 7.000000 78.480889 1282721.618510
1127 A 27.424805 199.840625 3.000000 3.000000 10131.679600 4.486033
1128 F 31.498096 199.787297 5.000000 1.000000 54.809403 1292715.469268
1129 G 113.928790 199.905003 3.000000 5.000000 3784.173310 1.540466
1130 C 27.107942 193.818090 1.000000 67.000000 181372.363759 2.948255
1131 F 31.367878 196.569253 79.000000 3.000000 7491.106035 1285791.598483
1132 F 39.813103 193.802795 5.000000 1.000000 139.673224 1272590.895951
1133 F 34.979890 199.929036 3.000000 5.000000 42.293051 1292645.380403
1134 E 26.233671 196.653294 1.000000 3.000000 1007.749223 425457.421683
1135 F 30.213629 189.917485 3.000000 7.000000 257.602801 1257200.927038
1136 F 26.778024 192.960730 1.000000 1.000000 31.606481 1274756.249852
1137 F 86.057462 199.950683 5.000000 4.000000 131.909918 1288611.359469
1138 F 36.200877 196.547973 3.000000 1.000000 55.396577 1284576.696737
1139 F 29.962060 161.479157 1.000000 6.000000 1089.240212 891275.327090
1140 F 33.152206 193.330160 5.000000 3.000000 160.505419 1273336.658018
1141 F 26.307004 196.387102 3.000000 3.000000 62.777972 1286523.351485
1142 F 38.576586 76.932646 1.000000 1.000000 843.886919 2.191003
1143 F 30.256010 187.931923 20.000000 5.000000 1276.293154 1244245.845413
1144 F 26.495355 199.890620 5.000000 3.000000 53.037655 1293278.145141
1145 H 103.992964 199.926775 3.000000 40.000000 6140.138008 688439.656127
1146 F 34.275119 191.382484 1.000000 7.000000 174.801422 1262891.511288
1147 F 31.212240 194.467477 3.000000 1.000000 64.092818 1278866.587169
1148 F 38.514329 196.608853 6.000000 5.000000 160.709215 1284222.186103
1149 D 25.324379 199.948844 1.000000 1.000000 3971.094576 5.190351
1150 B 35.180618 190.261861 4.000000 3.000000 13963.183764 5.179900
1151 F 40.403167 193.895355 1.000000 4.000000 78.403965 1272785.016899
1152 F 28.437940 195.688376 3.000000 1.000000 52.161468 1283967.465225
1153 F 31.736182 185.284716 5.000000 6.000000 441.350936 1221928.914639
1154 F 27.433914 103.023746 1.000000 3.000000 1605.786244 1.702413
1155 F 25.648288 196.595646 64.000000 5.000000 4646.298848 1287216.666838
1156 F 36.359180 199.911982 53.000000 1.000000 2751.994132 1292506.745545
1157 F 31.350617 190.943045 3.000000 4.000000 160.753687 1262318.429726
1158 A 26.032038 196.142244 93.000000 7.000000 151482.863905 1.149491
1159 F 40.323252 193.344935 6.000000 3.000000 214.065197 1270113.874772
1160 E 34.028870 196.727699 3.000000 56.000000 17935.392192 357826.411508
1161 C 29.203837 189.191311 1.000000 3.000000 8044.447115 4.177581
1162 F 25.698469 199.948174 5.000000 1.000000 45.707436 1293415.470334
1163 G 180.997756 193.723357 3.000000 5.000000 4683.105992 1.635687
1164 F 34.878469 196.608166 1.000000 1.000000 21.170356 1285075.763097
1165 F 131.278788 199.945926 3.000000 35.000000 194.157679 1284986.358807
1166 F 30.630946 199.991645 1.000000 3.000000 15.012895 1293083.435474
1167 F 32.148112 191.469947 1.000000 7.000000 171.552681 1264690.256831
1168 F 37.134088 193.553960 1.000000 7.000000 128.071527 1272571.300325
1169 F 31.446613 186.619200 1.000000 51.000000 2028.087839 1233247.879113
1170 F 40.393688 196.321240 76.000000 5.000000 8011.507477 1282796.209011
1171 F 93.280137 196.425239 57.000000 4.000000 7841.960819 1270143.145897
1172 F 34.434965 181.733166 1.000000 3.000000 215.673203 1183419.975970
1173 F 30.213169 44.070366 3.000000 6.000000 7768.857181 2.459838
1174 F 36.795722 189.617337 4.000000 3.000000 201.709103 1250175.080897
1175 F 28.227837 193.475592 1.000000 5.000000 93.719397 1276195.515449
1176 H 32.324327 196.088973 3.000000 3.000000 688.182086 890251.408442
1177 F 39.000681 123.622258 5.000000 7.000000 3318.054513 0.961835
1178 F 29.926996 196.664541 1.000000 3.000000 35.671535 1286394.848406
1179 D 34.803801 191.429576 3.000000 1.000000 4326.643034 4.853880
1180 F 26.452221 196.649248 1.000000 26.000000 224.121009 1287162.766479
1181 B 29.430465 186.825375 5.000000 5.000000 21831.102486 4.894931
1182 F 40.532541 199.871490 3.000000 3.000000 41.058824 1292096.418072
1183 F 81.135145 193.104798 1.000000 1.000000 57.777596 1249386.113676
1184 F 25.869711 196.612436 6.000000 84.000000 786.457950 1287206.486308
1185 F 34.001681 190.199405 3.000000 7.000000 256.827203 1256088.778748
1186 F 36.718002 196.688630 1.000000 5.000000 54.161623 1284893.484125
1187 F 25.426565 199.897376 4.000000 3.000000 40.149484 1293373.980291
1188 A 32.193814 193.934271 7.000000 1.000000 5121.315391 4.260485
1189 F 29.850199 193.737480 28.000000 5.000000 1454.307947 1276545.288135
1190 C 27.810640 199.797350 1.000000 3.000000 8633.712829 4.341075
1191 G 36.761507 188.238847 3.000000 1.000000 1046.778490 1.970349
1192 F 24.818476 196.285125 5.000000 7.000000 131.552946 1286632.509368
1193 F 33.594476 199.897371 36.000000 3.000000 1298.348346 1292708.225285
1194 E 29.572406 199.957099 50.000000 5.000000 15290.758999 482668.907765
1195 F 40.597508 199.974880 1.000000 70.000000 203.935729 1292274.502385
1196 F 25.870656 191.890903 3.000000 1.000000 73.817875 1270539.973720
1197 F 32.615087 193.375486 3.000000 3.000000 106.331091 1273785.562011
1198 F 24.107880 184.497217 5.000000 5.000000 386.231770 1225380.360873
1199 F 36.553201 196.220082 1.000000 1.000000 23.188643 1283432.548874
1200 F 28.407041 199.962436 7.000000 3.000000 83.542358 1293218.567379
1201 F 32.071568 190.646393 3.000000 7.000000 240.667391 1260145.222244
1202 F 24.641935 194.066710 1.000000 1.000000 26.324713 1279955.618059
1203 F 40.409364 196.610632 5.000000 4.000000 130.544440 1283782.233471
1204 F 28.494739 189.027489 73.000000 64.000000 11927.832904 1253127.185755
1205 F 126.810170 199.997022 3.000000 3.000000 99.631558 1285585.024878
1206 H 35.639616 193.770211 1.000000 5.000000 998.419227 816575.960291
1207 F 31.647228 196.568337 30.000000 1.000000 1288.554447 1285722.625306
1208 F 24.007140 199.945262 5.000000 3.000000 49.199998 1293546.868445
1209 F 29.515760 191.755834 3.000000 7.000000 206.380059 1267759.564284
1210 B 37.147266 196.247792 1.000000 1.000000 4794.499193 5.670715
1211 F 24.499619 186.911473 7.000000 5.000000 399.264103 1243004.090560
1212 D 41.221415 193.565699 3.000000 3.000000 11640.988164 4.780008
1213 F 33.363634 196.567074 1.000000 1.000000 20.786412 1285311.072052
1214 F 28.479103 67.897475 5.000000 5.000000 4751.201231 1.852375
1215 F 24.711351 196.609099 3.000000 3.000000 58.713508 1287470.681646
1216 F 34.740583 190.730528 1.000000 7.000000 190.781557 1258806.044525
1217 F 30.849028 193.903264 4.000000 1.000000 90.300839 1276795.181073
1218 A 27.371725 196.305581 39.000000 3.000000 36283.660747 2.175337
1219 F 38.417591 188.096747 1.000000 5.000000 195.347233 1237664.539984
1220 G 24.224057 199.899235 3.000000 3.000000 1921.093996 1.665555
1221 C 33.071325 192.408313 6.000000 1.000000 4324.509459 4.039743
1222 F 29.722890 199.978539 1.000000 8.000000 28.807097 1293136.501121
1223 F 41.318378 196.322254 4.000000 5.000000 121.497268 1282566.541727
1224 F 24.452853 182.673680 3.000000 3.000000 251.646278 1209268.095295
1225 F 35.519922 191.126331 7.000000 1.000000 237.729922 1260632.545632
1226 F 28.850112 196.100325 1.000000 4.000000 48.979013 1285078.707337
1227 F 32.572593 193.625953 5.000000 6.000000 200.350973 1274901.098899
1228 F 24.499807 196.691267 3.000000 1.000000 41.350227 1287718.411129
1229 E 36.399970 190.458828 1.000000 3.000000 1165.587872 153072.811963
1230 F 27.814272 199.876341 4.000000 3.000000 42.721664 1293151.183650
1231 F 37.711678 196.287863 1.000000 1.000000 23.355626 1283361.397213
1232 F 23.330783 187.286108 3.000000 6.000000 284.489125 1246770.444746
1233 F 30.109620 193.776755 6.000000 4.000000 187.827854 1276593.705810
1234 F 33.166546 196.850271 3.000000 8.000000 104.728472 1286174.170612
1235 F 41.680737 193.399344 1.000000 1.000000 37.023181 1269771.861718
1236 H 26.723961 189.803540 5.000000 3.000000 980.386149 765541.932297
1237 F 24.159789 199.931737 3.000000 5.000000 34.673771 1293518.531459
1238 F 33.315955 168.395764 1.000000 1.000000 180.033665 999508.900254
1239 F 28.760409 196.720223 5.000000 3.000000 97.467030 1286812.319607
1240 B 31.036043 193.563465 7.000000 6.000000 28624.259328 4.901940
1241 D 23.171447 196.622494 3.000000 3.000000 11585.135578 4.855385
1242 F 38.165126 196.889024 1.000000 1.000000 21.281752 1285186.918290
1243 F 27.144335 89.910011 3.000000 5.000000 3289.303964 1.619873
1244 F 22.704570 199.990802 1.000000 8.000000 27.221278 1293702.533757
1245 F 34.541426 190.871721 4.000000 1.000000 127.185978 1259780.556828
1246 F 31.070596 184.624135 1.000000 3.000000 169.849774 1217029.950361
1247 F 41.458830 193.464246 5.000000 5.000000 211.912949 1270203.735209
1248 A 37.367651 193.536006 3.000000 33.000000 100482.079256 2.993825
1249 F 26.559512 196.736370 7.000000 3.000000 134.241358 1287356.365487
1250 G 152.772826 59.162921 1.000000 1.000000 4159.585688 4.726573
