1 0.000000 0.000000 0.975202 21.394622 51.297442 0.000000
2 0.000000 0.000000 1.302949 78.372404 51.305913 0.000000
3 0.000000 0.000000 3.387974 13.143888 51.453225 0.000000
4 0.000000 0.000000 9.236217 57.147465 51.430016 0.000000
5 0.000000 0.000000 16.814174 27.660963 52.055721 0.000000
6 0.000000 0.000000 18.830588 81.746636 51.067971 0.000000
7 0.000000 0.000000 35.222292 52.431223 51.919647 0.000000
8 0.000000 0.000000 51.568790 74.574703 50.958179 0.000000
9 0.000000 0.000000 84.086783 9.066600 57.978248 0.000000
10 0.000000 0.000000 93.207788 54.307211 54.797608 0.000000
11 0.000000 0.000000 93.824758 78.638278 52.336556 0.000000
12 0.000000 1.000000 4.436838 30.929363 53.783210 0.000000
13 0.000000 1.000000 8.084574 91.897248 58.163341 0.000000
14 0.000000 1.000000 12.637633 4.296708 51.778239 0.000000
15 0.000000 1.000000 14.270432 37.811805 53.998175 0.000000
16 0.000000 1.000000 19.910255 92.326813 57.034420 0.000000
17 0.000000 1.000000 24.342074 47.171697 54.153891 0.000000
18 0.000000 1.000000 25.879008 82.133355 55.904902 0.000000
19 0.000000 1.000000 27.898741 91.123855 56.172887 0.000000
20 0.000000 1.000000 29.247734 48.069501 53.965114 0.000000
21 0.000000 1.000000 32.888920 77.260089 55.067135 0.000000
22 0.000000 1.000000 36.075642 36.465009 53.167346 0.000000
23 0.000000 1.000000 40.799329 32.419686 52.865335 0.000000
24 0.000000 1.000000 41.405891 29.677836 52.755279 0.000000
25 0.000000 1.000000 45.254383 11.371804 52.125762 0.000000
26 0.000000 1.000000 47.977928 47.601398 53.061577 0.000000
27 0.000000 1.000000 60.441449 42.595865 52.537228 0.000000
28 0.000000 1.000000 64.813029 36.568204 52.412945 0.000000
29 0.000000 1.000000 65.998019 56.999250 52.496742 0.000000
30 0.000000 1.000000 68.609809 87.646435 52.467945 0.000000
31 0.000000 1.000000 70.115462 44.377606 52.391742 0.000000
32 0.000000 1.000000 73.756083 57.684493 52.322328 0.000000
33 0.000000 1.000000 77.084355 63.718064 52.243539 0.000000
34 0.000000 1.000000 81.116434 7.305736 52.984063 0.000000
35 0.000000 1.000000 82.410779 89.388819 51.854721 0.000000
36 0.000000 1.000000 94.816394 72.397432 52.418846 0.000000
37 0.000000 2.000000 1.775813 49.833730 59.779839 0.000000
38 0.000000 2.000000 3.848742 77.811349 64.006897 0.000000
39 0.000000 2.000000 21.985695 95.661306 63.701504 0.000000
40 0.000000 2.000000 38.511907 61.934478 56.846698 0.000000
41 0.000000 2.000000 53.787555 73.435778 55.962992 0.000000
42 0.000000 2.000000 54.025506 0.428065 48.829230 0.000000
43 0.000000 2.000000 61.488381 73.989678 54.971071 0.000000
44 0.000000 2.000000 61.848035 56.461533 53.390010 0.000000
45 0.000000 2.000000 64.338032 54.789928 52.985662 0.000000
46 0.000000 2.000000 66.264164 72.764410 54.268796 0.000000
47 0.000000 2.000000 67.319695 88.052687 55.377719 0.000000
48 0.000000 2.000000 75.065795 6.968272 48.626362 0.000000
49 0.000000 2.000000 85.663989 94.133113 53.694661 0.000000
50 0.000000 2.000000 96.527897 80.303222 52.417265 0.000000
51 1.000000 0.000000 5.187290 83.497348 50.149130 0.000000
52 1.000000 0.000000 10.121392 34.976172 49.312529 0.000000
53 1.000000 0.000000 17.174060 87.416462 49.650152 0.000000
54 1.000000 0.000000 18.496791 75.272446 49.489072 0.000000
55 1.000000 0.000000 21.332852 69.702658 49.334896 0.000000
56 1.000000 0.000000 24.729626 89.762994 49.290494 0.000000
57 1.000000 0.000000 28.869880 39.211200 48.972481 0.000000
58 1.000000 0.000000 33.716976 50.462088 48.853461 0.000000
59 1.000000 0.000000 35.530975 43.303155 48.812587 0.000000
60 1.000000 0.000000 37.511396 7.637470 48.864970 0.000000
61 1.000000 0.000000 42.815592 70.166698 48.475878 0.000000
62 1.000000 0.000000 43.847984 95.024813 48.274935 0.000000
63 1.000000 0.000000 46.641340 2.655853 48.876457 0.000000
64 1.000000 0.000000 50.185761 99.476588 47.908560 0.000000
65 1.000000 0.000000 52.702003 53.370659 48.315068 0.000000
66 1.000000 0.000000 56.241210 24.781380 48.630183 0.000000
67 1.000000 0.000000 57.085019 70.655123 47.984349 0.000000
68 1.000000 0.000000 58.102906 48.541926 48.280739 0.000000
69 1.000000 0.000000 63.051283 85.861062 47.581739 0.000000
70 1.000000 0.000000 79.963563 33.608132 48.876069 0.000000
71 1.000000 0.000000 81.715105 8.266930 49.676725 0.000000
72 1.000000 0.000000 94.164949 33.327734 49.968157 0.000000
73 1.000000 0.000000 97.489389 55.137159 49.554175 0.000000
74 1.000000 0.000000 97.519196 65.343766 49.178378 0.000000
75 1.000000 1.000000 0.145302 12.579933 49.367456 0.000000
76 1.000000 1.000000 6.306412 28.783435 49.813865 0.000000
77 1.000000 1.000000 8.526696 62.533450 51.175837 0.000000
78 1.000000 1.000000 12.157746 1.230399 48.317502 0.000000
79 1.000000 1.000000 15.335909 74.351514 51.101083 0.000000
80 1.000000 1.000000 20.549277 19.426289 48.625063 0.000000
81 1.000000 1.000000 22.856678 51.388923 49.621390 0.000000
82 1.000000 1.000000 23.340293 84.635582 50.744068 0.000000
83 1.000000 1.000000 25.190337 79.435810 50.389447 0.000000
84 1.000000 1.000000 26.758128 6.016542 47.839534 0.000000
85 1.000000 1.000000 30.480565 29.185546 48.364169 0.000000
86 1.000000 1.000000 30.726877 82.710413 49.966794 0.000000
87 1.000000 1.000000 32.370587 68.867527 49.403860 0.000000
88 1.000000 1.000000 33.240584 75.979147 49.531156 0.000000
89 1.000000 1.000000 34.824874 20.245358 47.843456 0.000000
90 1.000000 1.000000 36.565849 46.787719 48.448944 0.000000
91 1.000000 1.000000 37.224129 8.655856 47.403275 0.000000
92 1.000000 1.000000 39.868489 45.388627 48.172046 0.000000
93 1.000000 1.000000 42.054710 99.986940 49.276950 0.000000
94 1.000000 1.000000 48.744949 5.135930 46.785940 0.000000
95 1.000000 1.000000 49.358043 16.803808 46.976146 0.000000
96 1.000000 1.000000 50.822747 86.194152 48.126361 0.000000
97 1.000000 1.000000 54.866662 14.821861 46.687263 0.000000
98 1.000000 1.000000 55.335190 22.035464 46.773811 0.000000
99 1.000000 1.000000 56.745975 90.260737 47.656156 0.000000
100 1.000000 1.000000 59.188273 97.163095 47.530173 0.000000
101 1.000000 1.000000 60.887995 59.952342 46.960938 0.000000
102 1.000000 1.000000 62.793305 10.384418 46.343568 0.000000
103 1.000000 1.000000 66.517119 26.749035 46.376052 0.000000
104 1.000000 1.000000 68.091164 41.818928 46.430338 0.000000
105 1.000000 1.000000 71.225439 15.228496 46.195428 0.000000
106 1.000000 1.000000 72.314829 79.861522 46.447433 0.000000
107 1.000000 1.000000 73.286611 20.768394 46.192014 0.000000
108 1.000000 1.000000 74.732895 28.150389 46.197066 0.000000
109 1.000000 1.000000 75.583718 23.258703 46.177642 0.000000
110 1.000000 1.000000 76.381841 44.607836 46.206422 0.000000
111 1.000000 1.000000 78.941779 18.092562 46.173201 0.000000
112 1.000000 1.000000 80.463331 86.583320 46.119065 0.000000
113 1.000000 1.000000 83.791396 17.721258 46.252037 0.000000
114 1.000000 1.000000 84.755782 22.794041 46.259613 0.000000
115 1.000000 1.000000 85.351235 39.931096 46.205954 0.000000
116 1.000000 1.000000 86.472661 63.000107 46.118193 0.000000
117 1.000000 1.000000 86.672474 71.539218 46.077957 0.000000
118 1.000000 1.000000 87.488224 38.670010 46.260650 0.000000
119 1.000000 1.000000 88.559738 42.395453 46.270359 0.000000
120 1.000000 1.000000 89.016881 50.720643 46.231567 0.000000
121 1.000000 1.000000 90.147437 34.186719 46.382682 0.000000
122 1.000000 1.000000 91.454122 11.798144 46.620226 0.000000
123 1.000000 1.000000 92.618820 98.126419 45.951067 0.000000
124 1.000000 1.000000 98.261466 67.488211 46.496442 0.000000
125 1.000000 1.000000 99.306537 4.638396 47.376001 0.000000
126 1.000000 2.000000 2.676218 88.618723 55.786691 0.000000
127 1.000000 2.000000 4.527085 76.449469 54.578008 0.000000
128 1.000000 2.000000 7.810215 53.829190 52.431131 0.000000
129 1.000000 2.000000 11.599929 17.140522 49.309673 0.000000
130 1.000000 2.000000 13.658587 84.017177 53.867421 0.000000
131 1.000000 2.000000 15.792862 61.426366 51.987892 0.000000
132 1.000000 2.000000 31.932993 0.625507 46.331030 0.000000
133 1.000000 2.000000 34.388445 40.061353 48.357662 0.000000
134 1.000000 2.000000 38.479328 80.729700 50.085411 0.000000
135 1.000000 2.000000 39.444467 27.119333 47.080268 0.000000
136 1.000000 2.000000 41.598071 3.768564 45.637429 0.000000
137 1.000000 2.000000 44.880075 38.322543 47.064060 0.000000
138 1.000000 2.000000 53.458478 60.070298 47.081967 0.000000
139 1.000000 2.000000 67.766996 15.912550 43.997230 0.000000
140 1.000000 2.000000 71.698306 58.981753 45.102359 0.000000
141 1.000000 2.000000 72.773118 96.956779 46.173992 0.000000
142 1.000000 2.000000 74.485063 10.744152 43.447149 0.000000
143 1.000000 2.000000 76.573548 76.636906 45.204397 0.000000
144 1.000000 2.000000 82.774233 21.577422 43.427825 0.000000
145 1.000000 2.000000 83.364449 18.717743 43.346086 0.000000
146 1.000000 2.000000 87.932728 30.149063 43.520304 0.000000
147 1.000000 2.000000 90.614302 55.897656 43.983345 0.000000
148 1.000000 2.000000 95.203809 35.672352 43.656041 0.000000
149 1.000000 2.000000 95.839578 96.310158 44.572171 0.000000
150 1.000000 2.000000 98.629113 43.851560 43.871113 0.000000
151 2.000000 0.000000 2.073111 32.524673 49.603379 0.000000
152 2.000000 0.000000 7.281514 23.947849 48.924574 0.000000
153 2.000000 0.000000 10.864054 67.518131 50.222550 0.000000
154 2.000000 0.000000 17.979941 51.700931 49.133989 0.000000
155 2.000000 0.000000 27.048860 31.418105 47.729742 0.000000
156 2.000000 0.000000 31.286361 68.386674 48.716679 0.000000
157 2.000000 0.000000 43.140033 71.329382 47.915544 0.000000
158 2.000000 0.000000 46.297180 1.589630 45.224150 0.000000
159 2.000000 0.000000 59.814640 37.453128 45.582323 0.000000
160 2.000000 0.000000 63.958569 64.995456 46.315543 0.000000
161 2.000000 0.000000 65.039534 13.928304 44.473531 0.000000
162 2.000000 0.000000 69.283538 25.458550 44.684232 0.000000
163 2.000000 0.000000 77.651386 31.821513 44.657940 0.000000
164 2.000000 0.000000 78.092271 5.971025 43.750823 0.000000
165 2.000000 0.000000 79.264950 49.439981 45.247131 0.000000
166 2.000000 1.000000 5.988798 90.841652 49.217256 0.000000
167 2.000000 1.000000 6.720274 9.952712 47.871303 0.000000
168 2.000000 1.000000 11.032171 97.522444 48.818954 0.000000
169 2.000000 1.000000 13.082732 2.430268 47.157884 0.000000
170 2.000000 1.000000 16.176890 81.422195 48.056525 0.000000
171 2.000000 1.000000 20.288441 35.393924 46.960397 0.000000
172 2.000000 1.000000 22.224066 94.867628 47.641508 0.000000
173 2.000000 1.000000 23.636353 52.582806 46.880448 0.000000
174 2.000000 1.000000 26.357043 24.493457 46.203642 0.000000
175 2.000000 1.000000 29.583377 40.736630 46.114276 0.000000
176 2.000000 1.000000 40.281636 12.311060 44.662989 0.000000
177 2.000000 1.000000 47.488122 69.181321 44.705193 0.000000
178 2.000000 1.000000 48.319304 59.103757 44.494753 0.000000
179 2.000000 1.000000 51.137896 62.098688 44.263188 0.000000
180 2.000000 1.000000 55.945154 93.098102 44.200799 0.000000
181 2.000000 1.000000 57.855568 65.870652 43.696671 0.000000
182 2.000000 1.000000 58.856556 92.583379 43.932804 0.000000
183 2.000000 1.000000 62.312450 85.396275 43.553018 0.000000
184 2.000000 1.000000 70.895226 66.405333 42.708837 0.000000
185 2.000000 1.000000 80.748382 14.208547 41.681045 0.000000
186 2.000000 1.000000 88.432445 64.124367 42.075392 0.000000
187 2.000000 1.000000 89.995620 98.916724 42.424317 0.000000
188 2.000000 1.000000 91.815788 41.433238 41.877438 0.000000
189 2.000000 1.000000 92.284515 3.224627 41.513526 0.000000
190 2.000000 2.000000 9.591734 19.912211 47.258583 0.000000
191 2.000000 2.000000 14.593162 45.547106 46.534105 0.000000
192 2.000000 2.000000 19.321010 26.357001 46.069079 0.000000
193 2.000000 2.000000 28.298856 93.877351 44.506570 0.000000
194 2.000000 2.000000 44.002640 66.564960 42.707142 0.000000
195 2.000000 2.000000 45.707359 46.463732 42.680229 0.000000
196 2.000000 2.000000 49.814547 58.424087 42.070012 0.000000
197 2.000000 2.000000 52.480410 60.728316 41.729237 0.000000
198 2.000000 2.000000 69.967532 16.285431 40.424035 0.000000
199 2.000000 2.000000 96.327148 25.789630 39.253690 0.000000
200 2.000000 2.000000 99.565063 83.720831 38.417491 0.000000
201 2.000000 2.000000 94.921468 66.165754 38.608039 0.000000
202 2.000000 2.000000 93.757435 65.619722 38.612691 0.000000
203 2.000000 2.000000 93.907797 63.267510 38.648824 0.000000
204 2.000000 2.000000 92.992765 61.272238 38.680272 0.000000
205 2.000000 2.000000 94.378511 66.270386 38.603789 0.000000
206 2.000000 2.000000 92.723628 64.339114 38.634815 0.000000
207 2.000000 2.000000 93.542125 64.220916 38.634163 0.000000
208 2.000000 2.000000 93.284645 64.839905 38.625115 0.000000
209 2.000000 2.000000 93.303917 64.597281 38.628773 0.000000
210 2.000000 2.000000 93.060568 64.200496 38.635489 0.000000
211 2.000000 2.000000 93.032531 63.751111 38.642423 0.000000
212 2.000000 2.000000 93.124282 64.484980 38.630952 0.000000
213 2.000000 2.000000 93.372946 64.709272 38.626928 0.000000
214 2.000000 2.000000 93.557983 63.945850 38.638354 0.000000
215 2.000000 2.000000 93.134856 63.468626 38.646399 0.000000
216 2.000000 2.000000 94.053036 63.234867 38.649559 0.000000
217 2.000000 2.000000 93.587876 63.683623 38.642343 0.000000
218 2.000000 2.000000 94.373907 63.123446 38.652194 0.000000
219 2.000000 2.000000 93.579459 63.325153 38.647827 0.000000
220 2.000000 2.000000 94.795246 63.511239 38.648267 0.000000
221 2.000000 2.000000 94.339366 63.587482 38.644929 0.000000
222 2.000000 2.000000 93.918093 64.708511 38.626748 0.000000
223 2.000000 2.000000 94.404829 63.718947 38.643147 0.000000
224 2.000000 2.000000 94.026292 63.845455 38.640139 0.000000
225 2.000000 2.000000 94.165923 64.197362 38.635035 0.000000
226 2.000000 2.000000 99.872927 65.070389 38.727353 0.000000
227 2.000000 2.000000 96.739979 64.094181 38.661297 0.000000
228 2.000000 2.000000 94.486737 66.806529 38.595928 0.000000
229 2.000000 2.000000 95.901902 67.163348 38.601379 0.000000
230 2.000000 2.000000 96.914813 67.316936 38.613703 0.000000
231 2.000000 2.000000 97.248703 67.338033 38.619514 0.000000
232 2.000000 2.000000 96.988713 67.137754 38.617823 0.000000
233 2.000000 2.000000 97.627301 67.848768 38.619198 0.000000
234 2.000000 2.000000 96.742031 68.127374 38.598064 0.000000
235 2.000000 2.000000 97.484343 68.080936 38.612517 0.000000
236 2.000000 2.000000 97.922773 68.143107 38.621154 0.000000
237 2.000000 2.000000 97.565451 68.164374 38.612894 0.000000
238 2.000000 2.000000 97.299851 69.690694 38.583441 0.000000
239 2.000000 2.000000 97.512486 68.851724 38.600935 0.000000
240 2.000000 2.000000 97.719483 69.699490 38.591946 0.000000
241 2.000000 2.000000 97.389240 69.915738 38.581647 0.000000
242 2.000000 2.000000 97.668693 70.281534 38.581646 0.000000
243 2.000000 2.000000 97.853808 69.862875 38.592346 0.000000
244 2.000000 2.000000 98.055288 70.114368 38.593034 0.000000
245 2.000000 2.000000 97.699467 70.200662 38.583588 0.000000
246 2.000000 2.000000 97.859483 69.934772 38.591337 0.000000
247 2.000000 2.000000 97.973446 70.125284 38.590936 0.000000
248 2.000000 2.000000 97.941714 72.254870 38.556470 0.000000
249 2.000000 2.000000 97.592207 72.421478 38.546223 0.000000
250 2.000000 2.000000 99.985608 72.715002 38.608332 0.000000
251 2.000000 2.000000 99.846999 72.754728 38.602871 0.000000
252 2.000000 2.000000 98.906322 73.235898 38.565614 0.000000
253 2.000000 2.000000 99.565796 73.051571 38.588695 0.000000
254 2.000000 2.000000 99.442401 73.072386 38.584390 0.000000
255 2.000000 2.000000 99.634326 73.423134 38.584977 0.000000
256 2.000000 2.000000 99.916370 73.659876 38.590706 0.000000
257 2.000000 2.000000 99.432833 73.631653 38.575122 0.000000
258 2.000000 2.000000 99.825255 74.139175 38.579868 0.000000
259 2.000000 2.000000 99.859557 73.972832 38.583714 0.000000
260 2.000000 2.000000 99.915223 75.172191 38.566335 0.000000
261 2.000000 2.000000 99.712834 75.212163 38.558845 0.000000
262 2.000000 2.000000 99.798948 74.097580 38.579643 0.000000
263 2.000000 2.000000 99.332675 75.097040 38.548513 0.000000
264 2.000000 2.000000 99.947435 75.289324 38.565564 0.000000
265 2.000000 2.000000 99.929462 74.767394 38.573340 0.000000
266 2.000000 2.000000 99.913696 75.108729 38.567304 0.000000
267 2.000000 2.000000 99.834480 74.614073 38.572546 0.000000
268 2.000000 2.000000 99.816284 74.900772 38.567319 0.000000
269 2.000000 2.000000 99.394619 74.905139 38.553512 0.000000
270 2.000000 2.000000 99.992245 74.938407 38.572772 0.000000
271 2.000000 2.000000 99.216057 78.167276 38.495831 0.000000
272 2.000000 2.000000 99.795191 78.100862 38.515169 0.000000
273 2.000000 2.000000 99.773740 78.622442 38.506073 0.000000
274 2.000000 2.000000 99.827943 78.735927 38.506055 0.000000
275 2.000000 2.000000 99.561332 78.039597 38.508523 0.000000
276 2.000000 2.000000 99.759820 77.249559 38.527673 0.000000
277 2.000000 2.000000 99.798467 78.092416 38.515414 0.000000
278 2.000000 2.000000 99.860528 78.147719 38.516608 0.000000
279 2.000000 2.000000 99.990535 78.463357 38.515967 0.000000
280 2.000000 2.000000 99.948924 78.021219 38.521652 0.000000
281 2.000000 2.000000 99.635709 77.933591 38.512615 0.000000
282 2.000000 2.000000 99.729156 78.245558 38.510656 0.000000
283 2.000000 2.000000 96.032258 78.182523 38.431086 0.000000
284 2.000000 2.000000 95.626283 78.279459 38.425573 0.000000
285 2.000000 2.000000 95.951643 78.313420 38.428177 0.000000
286 2.000000 2.000000 96.417303 78.444647 38.431645 0.000000
287 2.000000 2.000000 95.807064 77.948720 38.432390 0.000000
288 2.000000 2.000000 95.886940 78.091411 38.430965 0.000000
289 2.000000 2.000000 96.035318 78.050222 38.433183 0.000000
290 2.000000 2.000000 95.577553 78.866516 38.416033 0.000000
291 2.000000 2.000000 95.729482 77.775234 38.434348 0.000000
292 2.000000 2.000000 96.090665 78.819801 38.421795 0.000000
293 2.000000 2.000000 95.847881 78.321136 38.426993 0.000000
294 2.000000 2.000000 95.843576 78.567146 38.423119 0.000000
295 2.000000 2.000000 95.986209 78.630753 38.423597 0.000000
296 2.000000 2.000000 95.854144 78.795615 38.419666 0.000000
297 2.000000 2.000000 95.632074 79.433426 38.407685 0.000000
298 2.000000 2.000000 95.713201 79.961116 38.400192 0.000000
299 2.000000 2.000000 90.585579 82.469747 38.387124 0.000000
300 2.000000 2.000000 90.577438 82.292933 38.389908 0.000000
301 2.000000 2.000000 95.311148 82.287257 38.360962 0.000000
302 2.000000 2.000000 91.025861 82.162280 38.384199 0.000000
303 2.000000 2.000000 90.929183 82.614258 38.379009 0.000000
304 2.000000 2.000000 88.684989 82.413630 38.431129 0.000000
305 2.000000 2.000000 90.465240 81.891344 38.397959 0.000000
306 2.000000 2.000000 90.057974 81.997204 38.404399 0.000000
307 2.000000 2.000000 90.045312 82.451065 38.397927 0.000000
308 2.000000 2.000000 89.967937 82.533868 38.398321 0.000000
309 2.000000 2.000000 90.500214 81.594027 38.401738 0.000000
310 2.000000 2.000000 89.956264 82.593283 38.397687 0.000000
311 2.000000 2.000000 90.597342 83.325157 38.374158 0.000000
312 2.000000 2.000000 90.644817 83.666486 38.368208 0.000000
313 0.000000 2.000000 90.663154 81.483126 52.663092 0.000000
314 2.000000 2.000000 90.342489 83.599253 38.374883 0.000000
315 2.000000 2.000000 90.868417 83.618255 38.365019 0.000000
316 2.000000 2.000000 90.184905 83.935324 38.373023 0.000000
317 2.000000 2.000000 90.767253 83.569183 38.367490 0.000000
318 2.000000 2.000000 89.852241 83.537635 38.385932 0.000000
319 2.000000 2.000000 86.622700 83.866232 38.475877 0.000000
320 2.000000 2.000000 90.032367 85.285885 38.356137 0.000000
321 2.000000 2.000000 89.034888 87.042491 38.353811 0.000000
322 2.000000 2.000000 90.251419 86.904905 38.327543 0.000000
323 2.000000 2.000000 90.831709 87.195347 38.312210 0.000000
324 2.000000 2.000000 89.965570 87.367657 38.326696 0.000000
325 2.000000 2.000000 90.293724 87.550401 38.317088 0.000000
326 2.000000 2.000000 90.219510 87.384991 38.321060 0.000000
327 2.000000 2.000000 89.251474 87.548359 38.340803 0.000000
328 2.000000 2.000000 87.548509 87.889577 38.385446 0.000000
329 2.000000 2.000000 87.911707 87.529010 38.378997 0.000000
330 2.000000 2.000000 85.830541 87.741873 38.450784 0.000000
331 2.000000 2.000000 88.113958 85.803505 38.397928 0.000000
332 2.000000 2.000000 88.043975 85.695700 38.401627 0.000000
333 2.000000 2.000000 87.782440 88.969390 38.362128 0.000000
334 2.000000 2.000000 86.375835 89.276284 38.407285 0.000000
335 0.000000 2.000000 84.763091 87.427350 53.378334 0.000000
336 2.000000 2.000000 88.695089 90.750030 38.308585 0.000000
337 2.000000 2.000000 88.196778 91.166302 38.317123 0.000000
338 2.000000 2.000000 87.500906 90.602035 38.347650 0.000000
339 2.000000 2.000000 87.490255 90.279114 38.352695 0.000000
340 2.000000 2.000000 86.816373 90.846523 38.368152 0.000000
341 2.000000 2.000000 87.342391 91.150589 38.345079 0.000000
342 2.000000 2.000000 83.571045 90.939201 38.508024 0.000000
343 2.000000 2.000000 86.846677 89.835932 38.381630 0.000000
344 2.000000 2.000000 85.692153 91.870321 38.397446 0.000000
345 2.000000 2.000000 87.365074 89.747059 38.364650 0.000000
346 2.000000 2.000000 88.337856 88.542399 38.351228 0.000000
347 2.000000 2.000000 88.070129 89.406859 38.346692 0.000000
348 2.000000 2.000000 82.343148 89.935729 38.586451 0.000000
349 2.000000 2.000000 84.492598 91.917470 38.449678 0.000000
350 2.000000 2.000000 88.349015 85.768299 38.391465 0.000000
351 2.000000 2.000000 86.499214 88.885607 38.408207 0.000000
352 2.000000 2.000000 88.548408 93.672536 38.269959 0.000000
353 2.000000 2.000000 88.203032 93.351276 38.285022 0.000000
354 2.000000 2.000000 88.296733 95.105321 38.256520 0.000000
355 2.000000 2.000000 85.218468 94.305634 38.382976 0.000000
356 0.000000 2.000000 87.837477 92.729468 53.439181 0.000000
357 2.000000 2.000000 88.351107 95.273152 38.252410 0.000000
358 2.000000 2.000000 83.376969 94.371093 38.469808 0.000000
359 2.000000 2.000000 88.130527 91.370158 38.316180 0.000000
360 2.000000 2.000000 88.330953 95.926023 38.243477 0.000000
361 2.000000 2.000000 88.366900 96.180639 38.238659 0.000000
362 2.000000 2.000000 88.035690 96.419038 38.245497 0.000000
363 2.000000 2.000000 84.991126 96.032147 38.368549 0.000000
364 2.000000 2.000000 88.051019 96.326528 38.246357 0.000000
365 2.000000 2.000000 88.766392 97.614646 38.205841 0.000000
366 2.000000 2.000000 88.224669 98.079243 38.215294 0.000000
367 2.000000 2.000000 85.067858 99.466599 38.316309 0.000000
368 2.000000 2.000000 84.523973 99.632418 38.339141 0.000000
369 2.000000 2.000000 84.226063 99.380273 38.357005 0.000000
370 2.000000 2.000000 82.572473 96.978917 38.476151 0.000000
371 2.000000 2.000000 85.421556 95.871765 38.351827 0.000000
372 2.000000 2.000000 81.367703 98.154420 38.528763 0.000000
373 2.000000 2.000000 88.582814 95.044340 38.248855 0.000000
374 2.000000 2.000000 86.212187 99.960385 38.260276 0.000000
375 2.000000 2.000000 85.251750 99.323710 38.310106 0.000000
376 2.000000 2.000000 84.948025 98.955904 38.329000 0.000000
377 2.000000 2.000000 84.289774 99.738971 38.348856 0.000000
378 2.000000 2.000000 85.929731 97.282889 38.310193 0.000000
379 0.000000 2.000000 81.405114 97.194251 54.293479 0.000000
380 2.000000 2.000000 85.595421 94.398114 38.365407 0.000000
381 2.000000 2.000000 83.496000 97.664280 38.417592 0.000000
382 2.000000 2.000000 85.780671 99.933348 38.278498 0.000000
383 2.000000 2.000000 86.400543 95.677880 38.314308 0.000000
384 2.000000 2.000000 86.178244 96.040559 38.317892 0.000000
385 2.000000 2.000000 86.403121 95.660542 38.314456 0.000000
386 2.000000 2.000000 85.807063 95.770196 38.336922 0.000000
387 2.000000 2.000000 79.796443 93.730756 38.686569 0.000000
388 2.000000 2.000000 82.267780 95.825424 38.509003 0.000000
389 2.000000 2.000000 86.301053 96.551519 38.305666 0.000000
390 2.000000 2.000000 85.951787 97.586150 38.304942 0.000000
391 2.000000 2.000000 86.286942 97.573398 38.291549 0.000000
392 2.000000 2.000000 83.227730 97.878466 38.428501 0.000000
393 2.000000 2.000000 86.178493 99.856363 38.263133 0.000000
394 2.000000 2.000000 86.422426 99.944860 38.252099 0.000000
395 2.000000 2.000000 86.279753 94.367787 38.337871 0.000000
396 2.000000 2.000000 82.937612 97.632533 38.447288 0.000000
397 2.000000 2.000000 86.013027 96.042555 38.324540 0.000000
398 2.000000 2.000000 87.584320 99.963848 38.208872 0.000000
399 2.000000 2.000000 80.826479 97.822721 38.566020 0.000000
400 2.000000 2.000000 86.075654 99.858866 38.267289 0.000000
401 0.000000 2.000000 83.694411 99.935816 54.223548 0.000000
402 2.000000 2.000000 88.111651 97.698985 38.224406 0.000000
403 2.000000 2.000000 88.103233 98.132163 38.218353 0.000000
404 2.000000 2.000000 88.147064 99.857086 38.191782 0.000000
405 2.000000 2.000000 87.538984 99.799031 38.212830 0.000000
406 2.000000 2.000000 88.636235 97.949845 38.204706 0.000000
407 2.000000 2.000000 88.472290 98.074679 38.207756 0.000000
408 2.000000 2.000000 88.398283 99.848179 38.184054 0.000000
409 2.000000 2.000000 88.700743 99.358389 38.182161 0.000000
410 2.000000 2.000000 88.251377 99.878883 38.188166 0.000000
411 2.000000 2.000000 92.063455 99.784042 38.104328 0.000000
412 2.000000 2.000000 91.756656 99.438855 38.113755 0.000000
413 2.000000 2.000000 91.849506 99.855666 38.106149 0.000000
414 2.000000 2.000000 92.245181 98.146965 38.126795 0.000000
415 2.000000 2.000000 91.249982 97.988467 38.143497 0.000000
416 2.000000 2.000000 92.073005 97.770699 38.134595 0.000000
417 2.000000 2.000000 92.040559 97.770467 38.135014 0.000000
418 2.000000 2.000000 92.199508 97.637106 38.135047 0.000000
419 2.000000 2.000000 92.113782 97.674296 38.135537 0.000000
420 2.000000 2.000000 92.238753 97.927134 38.130194 0.000000
421 2.000000 2.000000 92.293023 97.966617 38.128960 0.000000
422 2.000000 2.000000 92.483174 98.173569 38.123710 0.000000
423 2.000000 2.000000 92.323631 98.477029 38.120886 0.000000
424 0.000000 2.000000 92.689650 98.277551 53.402162 0.000000
425 2.000000 2.000000 92.917415 98.276769 38.117997 0.000000
426 2.000000 2.000000 92.311291 97.262343 38.139401 0.000000
427 2.000000 2.000000 91.617674 98.160256 38.135048 0.000000
428 2.000000 2.000000 92.039581 98.223098 38.128196 0.000000
429 2.000000 2.000000 92.283475 97.645820 38.133922 0.000000
430 2.000000 2.000000 92.675943 98.018432 38.124104 0.000000
431 2.000000 2.000000 92.264498 97.642071 38.134200 0.000000
432 2.000000 2.000000 92.802893 97.954753 38.123887 0.000000
433 2.000000 2.000000 92.792430 93.875414 38.185931 0.000000
434 2.000000 2.000000 92.409501 93.641333 38.193117 0.000000
435 2.000000 2.000000 92.354790 97.152482 38.140571 0.000000
436 2.000000 2.000000 92.505943 93.874017 38.188606 0.000000
437 2.000000 2.000000 92.382459 97.152035 38.140270 0.000000
438 2.000000 2.000000 92.244019 97.326014 38.139219 0.000000
439 2.000000 2.000000 92.238586 96.881343 38.146005 0.000000
440 2.000000 2.000000 92.349766 96.909524 38.144303 0.000000
441 2.000000 2.000000 92.470458 95.592059 38.162944 0.000000
442 2.000000 2.000000 92.922152 97.230167 38.133868 0.000000
443 2.000000 2.000000 92.085430 94.546595 38.183111 0.000000
444 2.000000 2.000000 92.118166 97.317122 38.140876 0.000000
445 2.000000 2.000000 92.033933 96.440905 38.155162 0.000000
446 2.000000 2.000000 93.363391 92.653154 38.200564 0.000000
447 2.000000 2.000000 92.219989 97.725568 38.133465 0.000000
448 0.000000 2.000000 94.210373 94.826814 53.155546 0.000000
449 2.000000 2.000000 92.305729 97.646253 38.133658 0.000000
450 2.000000 2.000000 94.118097 95.068719 38.160920 0.000000
451 2.000000 2.000000 91.976113 97.761565 38.135988 0.000000
452 2.000000 2.000000 93.821047 97.804274 38.119756 0.000000
453 2.000000 2.000000 94.393275 92.839799 38.194963 0.000000
454 2.000000 2.000000 94.338553 98.380997 38.109731 0.000000
455 2.000000 2.000000 94.115427 97.948023 38.116716 0.000000
456 2.000000 2.000000 94.073286 94.927165 38.163173 0.000000
457 2.000000 2.000000 94.221835 98.364315 38.110131 0.000000
458 2.000000 2.000000 95.188639 98.624331 38.107155 0.000000
459 2.000000 2.000000 95.280428 95.353522 38.158221 0.000000
460 2.000000 2.000000 94.219716 92.994030 38.192659 0.000000
461 2.000000 2.000000 93.835558 98.620193 38.107206 0.000000
462 2.000000 2.000000 94.615580 99.856949 38.086932 0.000000
463 2.000000 2.000000 94.938555 98.613393 38.106570 0.000000
464 2.000000 2.000000 95.291666 99.466560 38.094510 0.000000
465 2.000000 2.000000 94.801416 99.919821 38.086131 0.000000
466 2.000000 2.000000 94.765111 99.346560 38.094932 0.000000
467 2.000000 2.000000 94.651273 99.833775 38.087307 0.000000
468 0.000000 2.000000 94.953355 99.955921 53.360442 0.000000
469 2.000000 2.000000 94.907628 99.966153 38.085595 0.000000
470 2.000000 0.000000 94.750535 99.626081 47.281304 0.000000
471 2.000000 2.000000 95.196616 99.934807 38.086885 0.000000
472 2.000000 2.000000 95.169259 99.459692 38.094147 0.000000
473 2.000000 2.000000 95.519364 99.898281 38.088897 0.000000
474 2.000000 2.000000 96.408266 99.892692 38.095987 0.000000
475 2.000000 2.000000 96.531086 99.947186 38.096453 0.000000
476 2.000000 2.000000 97.037891 99.793399 38.105230 0.000000
477 2.000000 2.000000 96.576176 99.938395 38.097097 0.000000
478 2.000000 2.000000 96.557179 99.726315 38.100204 0.000000
479 2.000000 2.000000 96.211537 99.626300 38.098213 0.000000
480 2.000000 2.000000 96.841216 99.643899 38.104930 0.000000
481 2.000000 2.000000 96.747987 99.436374 38.107007 0.000000
482 2.000000 2.000000 96.882794 99.930389 38.100973 0.000000
483 2.000000 2.000000 96.886698 99.128339 38.113620 0.000000
484 2.000000 2.000000 96.440992 99.886549 38.096426 0.000000
485 2.000000 2.000000 96.783591 99.696109 38.103376 0.000000
486 2.000000 2.000000 96.592136 99.938767 38.097273 0.000000
487 2.000000 2.000000 96.808278 99.999271 38.098930 0.000000
488 2.000000 2.000000 97.410534 99.774803 38.111156 0.000000
489 2.000000 2.000000 96.870924 99.815113 38.102627 0.000000
490 0.000000 2.000000 96.037900 99.836145 53.305365 0.000000
491 2.000000 0.000000 96.895822 99.873768 47.421488 0.000000
492 2.000000 2.000000 97.322980 99.948464 38.107023 0.000000
493 2.000000 2.000000 96.910993 99.961097 38.100862 0.000000
494 2.000000 2.000000 97.064976 99.966563 38.102889 0.000000
495 2.000000 2.000000 97.487592 99.981672 38.109157 0.000000
496 2.000000 2.000000 97.367739 99.973883 38.107329 0.000000
497 2.000000 2.000000 96.869626 95.625676 38.168396 0.000000
498 2.000000 2.000000 97.612419 95.651077 38.179689 0.000000
499 2.000000 2.000000 96.499052 99.837514 38.097818 0.000000
500 2.000000 2.000000 95.982495 95.770770 38.156338 0.000000
501 2.000000 2.000000 96.323804 99.837214 38.095996 0.000000
502 2.000000 2.000000 95.966451 99.975770 38.090654 0.000000
503 2.000000 2.000000 97.627459 95.652923 38.179930 0.000000
504 2.000000 2.000000 96.623600 99.861572 38.098845 0.000000
505 2.000000 2.000000 95.695844 95.792089 38.153801 0.000000
506 2.000000 2.000000 97.847346 99.862953 38.117400 0.000000
507 2.000000 2.000000 95.420186 99.987746 38.087003 0.000000
508 2.000000 2.000000 95.514508 95.716700 38.153816 0.000000
509 2.000000 2.000000 95.316806 99.998500 38.086368 0.000000
510 2.000000 2.000000 95.317647 95.929447 38.149467 0.000000
511 2.000000 2.000000 95.582637 99.976742 38.088030 0.000000
512 2.000000 2.000000 94.895283 96.326725 38.141810 0.000000
513 2.000000 0.000000 95.246866 99.931973 47.320045 0.000000
514 2.000000 2.000000 96.002359 95.608031 38.159046 0.000000
515 0.000000 2.000000 97.533198 96.331562 53.096693 0.000000
516 2.000000 2.000000 95.210449 96.556652 38.139271 0.000000
517 2.000000 2.000000 98.057274 96.472292 38.175223 0.000000
518 2.000000 2.000000 95.198656 97.091974 38.130931 0.000000
519 2.000000 2.000000 97.982374 94.106296 38.211195 0.000000
520 2.000000 2.000000 95.625463 99.936101 38.088912 0.000000
521 2.000000 2.000000 95.022620 99.980806 38.085633 0.000000
522 2.000000 2.000000 95.044907 99.893215 38.087048 0.000000
523 2.000000 2.000000 94.832555 97.375758 38.125469 0.000000
524 2.000000 2.000000 94.706567 94.109750 38.175663 0.000000
525 2.000000 2.000000 95.081688 97.010364 38.131769 0.000000
526 2.000000 2.000000 97.994105 99.975907 38.118428 0.000000
527 2.000000 2.000000 94.717801 98.079134 38.114434 0.000000
528 2.000000 2.000000 94.844570 96.217230 38.143387 0.000000
529 2.000000 2.000000 98.181986 94.334492 38.211744 0.000000
530 2.000000 2.000000 94.904728 97.872593 38.117943 0.000000
531 2.000000 2.000000 97.913739 99.989993 38.116647 0.000000
532 2.000000 2.000000 94.608792 98.028848 38.115112 0.000000
533 2.000000 2.000000 95.877018 95.736038 38.156014 0.000000
534 0.000000 0.000000 98.288269 99.922004 50.564018 0.000000
535 2.000000 2.000000 94.584867 97.925891 38.116686 0.000000
536 2.000000 2.000000 95.789847 96.498502 38.143478 0.000000
537 2.000000 2.000000 97.730664 94.428430 38.201181 0.000000
538 2.000000 2.000000 94.474518 99.944884 38.085575 0.000000
539 2.000000 2.000000 94.134748 97.932722 38.116913 0.000000
540 2.000000 2.000000 94.487519 96.526955 38.138210 0.000000
541 2.000000 2.000000 98.098456 93.195948 38.228028 0.000000
542 2.000000 2.000000 95.728479 98.096685 38.118174 0.000000
543 2.000000 2.000000 94.200030 99.946820 38.085851 0.000000
544 2.000000 2.000000 94.599326 99.972277 38.085148 0.000000
545 2.000000 2.000000 94.233870 96.357545 38.140954 0.000000
546 2.000000 2.000000 94.049594 97.904459 38.117532 0.000000
547 2.000000 2.000000 94.059543 99.936795 38.086319 0.000000
548 2.000000 2.000000 93.810555 94.599916 38.168869 0.000000
549 2.000000 2.000000 93.788252 98.136832 38.114785 0.000000
550 2.000000 2.000000 94.695576 99.984598 38.085012 0.000000
551 2.000000 2.000000 94.621094 96.477089 38.139044 0.000000
552 2.000000 2.000000 94.232822 99.990018 38.085129 0.000000
553 2.000000 2.000000 93.731347 97.666935 38.122204 0.000000
554 2.000000 2.000000 93.862645 97.956765 38.117274 0.000000
555 2.000000 2.000000 93.856640 94.987286 38.162790 0.000000
556 2.000000 2.000000 93.786957 96.589710 38.138480 0.000000
557 2.000000 0.000000 98.002282 99.998150 47.503973 0.000000
558 2.000000 2.000000 95.465111 98.118021 38.116252 0.000000
559 0.000000 2.000000 90.772890 92.755948 53.239352 0.000000
560 2.000000 2.000000 94.088006 96.355758 38.141217 0.000000
561 2.000000 2.000000 97.976502 98.075163 38.148197 0.000000
562 2.000000 2.000000 95.538477 94.518692 38.172568 0.000000
563 2.000000 2.000000 91.115147 98.331670 38.140678 0.000000
564 2.000000 2.000000 93.764400 96.301851 38.142970 0.000000
565 2.000000 2.000000 95.789091 98.147397 38.117806 0.000000
566 2.000000 2.000000 97.929849 98.249666 38.144518 0.000000
567 2.000000 2.000000 93.571506 95.857951 38.150573 0.000000
568 2.000000 2.000000 95.806718 99.941411 38.090002 0.000000
569 2.000000 2.000000 90.849913 99.937312 38.121526 0.000000
570 2.000000 2.000000 93.786088 93.934366 38.179142 0.000000
571 2.000000 2.000000 95.665844 98.045226 38.118561 0.000000
572 2.000000 2.000000 97.926479 99.890051 38.118475 0.000000
573 2.000000 2.000000 93.806201 99.983579 38.086435 0.000000
574 2.000000 2.000000 93.481554 96.247137 38.145072 0.000000
575 2.000000 2.000000 91.079457 98.025312 38.145894 0.000000
576 2.000000 2.000000 93.414215 99.940603 38.089055 0.000000
577 2.000000 2.000000 90.367013 96.243958 38.186268 0.000000
578 2.000000 2.000000 90.964367 92.979811 38.223419 0.000000
579 0.000000 2.000000 93.334639 97.871397 53.345662 0.000000
580 2.000000 0.000000 93.443677 99.994094 47.226272 0.000000
581 2.000000 2.000000 91.187975 94.591242 38.195453 0.000000
582 2.000000 2.000000 95.186963 96.568041 38.139000 0.000000
583 2.000000 2.000000 93.893623 98.003761 38.116450 0.000000
584 2.000000 2.000000 93.173483 99.914033 38.091066 0.000000
585 2.000000 2.000000 91.204628 96.435468 38.167539 0.000000
586 2.000000 2.000000 93.031511 99.996958 38.090894 0.000000
587 2.000000 2.000000 90.606362 99.962834 38.125941 0.000000
588 2.000000 2.000000 92.893351 98.156853 38.120024 0.000000
589 2.000000 2.000000 93.251676 94.669808 38.170456 0.000000
590 2.000000 2.000000 91.500721 96.710457 38.158623 0.000000
591 2.000000 2.000000 93.300279 98.055745 38.118522 0.000000
592 2.000000 2.000000 98.087785 98.182772 38.148727 0.000000
593 2.000000 2.000000 95.545654 99.906066 38.088920 0.000000
594 2.000000 2.000000 90.418850 99.991245 38.129407 0.000000
595 2.000000 2.000000 95.568293 95.113278 38.163516 0.000000
596 2.000000 2.000000 93.068060 97.037037 38.135656 0.000000
597 2.000000 2.000000 97.850285 99.980841 38.115590 0.000000
598 2.000000 2.000000 95.917351 96.725521 38.140920 0.000000
599 2.000000 0.000000 91.275673 99.975944 47.132951 0.000000
600 0.000000 2.000000 94.148238 92.881858 53.066273 0.000000
601 2.000000 2.000000 98.404184 97.938971 38.159359 0.000000
602 2.000000 2.000000 95.526954 94.648735 38.170478 0.000000
603 2.000000 2.000000 93.183532 97.796192 38.123260 0.000000
604 2.000000 2.000000 90.617821 96.027879 38.184381 0.000000
605 2.000000 2.000000 95.991925 99.984054 38.090727 0.000000
606 2.000000 2.000000 98.433533 97.939433 38.160009 0.000000
607 2.000000 2.000000 95.808197 95.748397 38.155291 0.000000
608 2.000000 2.000000 96.294303 97.998628 38.124443 0.000000
609 2.000000 2.000000 98.228342 97.790313 38.157884 0.000000
610 2.000000 2.000000 95.893605 94.589744 38.174004 0.000000
611 2.000000 2.000000 94.879450 99.902339 38.086527 0.000000
612 2.000000 2.000000 96.918169 98.088600 38.130373 0.000000
613 2.000000 2.000000 98.417557 96.340117 38.185078 0.000000
614 2.000000 2.000000 94.503700 92.671887 38.197592 0.000000
615 2.000000 2.000000 98.049082 99.960380 38.119762 0.000000
616 2.000000 2.000000 95.098398 96.357484 38.141931 0.000000
617 2.000000 2.000000 96.199924 99.978037 38.092612 0.000000
618 2.000000 2.000000 93.451341 97.787552 38.121711 0.000000
619 2.000000 2.000000 98.299256 99.999085 38.124326 0.000000
620 0.000000 0.000000 95.447794 94.941426 50.791646 0.000000
621 2.000000 2.000000 91.170425 97.916392 38.145935 0.000000
622 2.000000 2.000000 94.097758 96.431472 38.140035 0.000000
623 2.000000 2.000000 96.532661 98.064747 38.125950 0.000000
624 2.000000 2.000000 92.301942 98.182878 38.125586 0.000000
625 2.000000 2.000000 98.092826 94.439881 38.208183 0.000000
626 2.000000 2.000000 94.316065 99.972798 38.085272 0.000000
627 2.000000 2.000000 90.220410 96.388949 38.187241 0.000000
628 2.000000 2.000000 93.066511 99.972182 38.090992 0.000000
629 2.000000 2.000000 94.389405 97.705845 38.120081 0.000000
630 2.000000 2.000000 92.374639 99.996749 38.097307 0.000000
631 2.000000 2.000000 94.600736 96.185993 38.143515 0.000000
632 2.000000 2.000000 91.116055 92.520917 38.227670 0.000000
633 2.000000 2.000000 95.992344 97.843088 38.124112 0.000000
634 2.000000 2.000000 98.472037 98.204695 38.156661 0.000000
635 2.000000 2.000000 93.169994 94.387652 38.175281 0.000000
636 2.000000 2.000000 90.251195 96.182905 38.189638 0.000000
637 2.000000 2.000000 94.512084 98.067111 38.114490 0.000000
638 2.000000 2.000000 96.867776 98.181065 38.128245 0.000000
639 2.000000 2.000000 92.183273 96.055507 38.159140 0.000000
640 2.000000 2.000000 95.053604 99.993040 38.085528 0.000000
641 2.000000 0.000000 93.585714 98.188909 47.170739 0.000000
642 2.000000 2.000000 91.351486 99.968073 38.112109 0.000000
643 0.000000 2.000000 94.826484 94.953474 53.133830 0.000000
644 2.000000 2.000000 97.762324 96.601036 38.167416 0.000000
645 2.000000 2.000000 92.757118 98.218539 38.120299 0.000000
646 2.000000 2.000000 95.153477 93.407982 38.187805 0.000000
647 2.000000 2.000000 90.315392 99.971392 38.131922 0.000000
648 2.000000 2.000000 97.020290 96.557322 38.155861 0.000000
649 2.000000 2.000000 93.430980 98.234511 38.115001 0.000000
650 2.000000 2.000000 98.135991 99.923748 38.122100 0.000000
651 2.000000 2.000000 95.068158 99.960697 38.086070 0.000000
652 2.000000 2.000000 91.638146 95.056241 38.181425 0.000000
653 2.000000 2.000000 94.551597 97.775120 38.118996 0.000000
654 2.000000 2.000000 65.829188 96.707430 39.843462 0.000000
655 2.000000 2.000000 92.255712 97.946501 38.129701 0.000000
656 2.000000 2.000000 89.908779 99.937752 38.141642 0.000000
657 2.000000 2.000000 99.834418 93.810397 38.263898 0.000000
658 2.000000 2.000000 94.389524 96.219736 38.142950 0.000000
659 2.000000 2.000000 96.486329 98.132996 38.124362 0.000000
660 2.000000 2.000000 93.843679 98.131035 38.114670 0.000000
661 2.000000 2.000000 96.564832 99.954902 38.096710 0.000000
662 2.000000 2.000000 91.678613 92.343382 38.221655 0.000000
663 0.000000 0.000000 98.615974 95.526820 51.085920 0.000000
664 2.000000 2.000000 95.195952 99.943132 38.086754 0.000000
665 2.000000 2.000000 95.970547 96.575237 38.143697 0.000000
666 2.000000 2.000000 98.456534 98.055241 38.158687 0.000000
667 2.000000 2.000000 95.065420 94.822995 38.165563 0.000000
668 2.000000 2.000000 96.919158 98.035997 38.131212 0.000000
669 2.000000 2.000000 93.338102 98.089678 38.117766 0.000000
670 2.000000 2.000000 95.164949 99.903917 38.087253 0.000000
671 2.000000 2.000000 90.002147 96.373000 38.192330 0.000000
672 2.000000 2.000000 92.207085 98.156122 38.127113 0.000000
673 2.000000 2.000000 94.300075 56.551504 38.752989 0.000000
674 2.000000 2.000000 98.068831 99.998009 38.119561 0.000000
675 2.000000 2.000000 96.675254 99.989247 38.097452 0.000000
676 2.000000 2.000000 94.575354 48.124809 38.884218 0.000000
677 2.000000 2.000000 99.944858 95.565678 38.239180 0.000000
678 2.000000 2.000000 91.548954 93.362593 38.208197 0.000000
679 2.000000 2.000000 90.151631 96.547908 38.186384 0.000000
680 2.000000 2.000000 93.001613 98.153846 38.119176 0.000000
681 2.000000 2.000000 96.472641 98.222047 38.122817 0.000000
682 2.000000 2.000000 95.023556 94.554635 38.169572 0.000000
683 2.000000 2.000000 98.247847 99.971292 38.123673 0.000000
684 0.000000 0.000000 92.914879 96.755486 50.357219 0.000000
685 2.000000 2.000000 94.818598 97.963097 38.116373 0.000000
686 2.000000 2.000000 96.666665 95.936724 38.160881 0.000000
687 2.000000 2.000000 90.127559 98.264806 38.161423 0.000000
688 2.000000 2.000000 92.425137 92.128989 38.215850 0.000000
689 2.000000 2.000000 94.702533 99.970297 38.085239 0.000000
690 2.000000 2.000000 93.580138 96.753999 38.136835 0.000000
691 2.000000 2.000000 91.077540 94.540520 38.198092 0.000000
692 2.000000 2.000000 94.586856 99.931721 38.085770 0.000000
693 2.000000 2.000000 92.130888 98.160901 38.127975 0.000000
694 2.000000 2.000000 89.911618 96.546323 38.191840 0.000000
695 2.000000 2.000000 94.145663 99.972563 38.085565 0.000000
696 2.000000 2.000000 93.354591 98.197510 38.116019 0.000000
697 2.000000 2.000000 91.266083 95.178577 38.185354 0.000000
698 2.000000 2.000000 94.024955 98.071136 38.115036 0.000000
699 2.000000 2.000000 91.856746 99.928113 38.104955 0.000000
700 2.000000 1.000000 89.994179 99.956517 42.434613 0.000000
701 2.000000 2.000000 96.953196 96.163742 38.161097 0.000000
702 2.000000 2.000000 94.181257 99.986752 38.085273 0.000000
703 1.000000 2.000000 93.069012 97.916091 44.664100 0.000000
704 2.000000 2.000000 98.512488 98.048948 38.160063 0.000000
705 2.000000 2.000000 94.776276 95.181370 38.159247 0.000000
706 2.000000 2.000000 92.141453 93.313663 38.201055 0.000000
707 2.000000 2.000000 96.666673 96.633400 38.149960 0.000000
708 0.000000 0.000000 89.784231 98.189456 49.961393 0.000000
709 2.000000 2.000000 94.174266 99.948149 38.085880 0.000000
710 2.000000 2.000000 93.479227 97.970596 38.118762 0.000000
711 2.000000 2.000000 91.522194 96.199543 38.165969 0.000000
712 2.000000 2.000000 93.886563 99.893634 38.087512 0.000000
713 2.000000 2.000000 96.720217 99.955928 38.098516 0.000000
714 2.000000 2.000000 89.488023 94.255439 38.235929 0.000000
715 2.000000 2.000000 91.584918 96.753597 38.156690 0.000000
716 2.000000 2.000000 94.596674 98.105463 38.113924 0.000000
717 2.000000 2.000000 99.999217 99.985582 38.169775 0.000000
718 2.000000 2.000000 96.923328 96.882547 38.149389 0.000000
719 2.000000 2.000000 93.046835 92.022399 38.212131 0.000000
720 2.000000 2.000000 98.340274 97.996798 38.157025 0.000000
721 2.000000 2.000000 95.061126 95.839392 38.149821 0.000000
722 2.000000 1.000000 91.431225 94.078800 42.387565 0.000000
723 2.000000 2.000000 93.603131 98.215494 38.114383 0.000000
724 2.000000 2.000000 95.933302 99.941142 38.090936 0.000000
725 2.000000 2.000000 97.166580 98.057632 38.134406 0.000000
726 1.000000 2.000000 89.581569 99.961042 44.845551 0.000000
727 2.000000 2.000000 93.639377 96.170649 38.145484 0.000000
728 2.000000 2.000000 95.327422 94.687686 38.168770 0.000000
729 0.000000 0.000000 91.956138 99.969310 49.945090 0.000000
730 2.000000 2.000000 97.930802 98.102442 38.146869 0.000000
731 2.000000 2.000000 35.503692 96.242139 43.545677 0.000000
732 2.000000 2.000000 94.894144 97.879487 38.117813 0.000000
733 2.000000 2.000000 92.900124 96.688134 38.142291 0.000000
734 2.000000 2.000000 89.948369 98.184224 38.166707 0.000000
735 2.000000 2.000000 97.891298 93.923923 38.212259 0.000000
736 2.000000 2.000000 69.045768 99.979052 39.483033 0.000000
737 2.000000 2.000000 95.130301 99.974043 38.086052 0.000000
738 2.000000 2.000000 96.422336 99.980518 38.094759 0.000000
739 2.000000 2.000000 92.269006 96.595194 38.149976 0.000000
740 2.000000 2.000000 61.884655 97.996224 40.250478 0.000000
741 2.000000 2.000000 93.468932 94.879905 38.166018 0.000000
742 2.000000 2.000000 76.594410 98.082323 38.853384 0.000000
743 2.000000 2.000000 96.087905 91.757319 38.219891 0.000000
744 2.000000 1.000000 98.419876 99.990454 42.651746 0.000000
745 2.000000 2.000000 90.999167 96.571623 38.169078 0.000000
746 2.000000 2.000000 94.397236 98.083085 38.114272 0.000000
747 2.000000 2.000000 89.828022 94.944212 38.217525 0.000000
748 1.000000 2.000000 96.587839 54.278060 43.958914 0.000000
749 2.000000 2.000000 92.469023 99.994675 38.096280 0.000000
750 2.000000 2.000000 99.917981 96.708199 38.219938 0.000000
751 2.000000 2.000000 94.623542 98.146408 38.113309 0.000000
752 0.000000 0.000000 93.629676 98.060393 50.285484 0.000000
753 2.000000 2.000000 96.630464 95.040881 38.174477 0.000000
754 2.000000 2.000000 98.163753 93.013221 38.232318 0.000000
755 2.000000 2.000000 91.789782 98.094930 38.133515 0.000000
756 2.000000 2.000000 94.945892 96.423284 38.140445 0.000000
757 2.000000 2.000000 93.246739 99.984613 38.089470 0.000000
758 2.000000 2.000000 89.756726 98.228230 38.170597 0.000000
759 2.000000 2.000000 95.641772 96.039818 38.149586 0.000000
760 2.000000 2.000000 0.870004 98.181774 47.998254 0.000000
761 2.000000 2.000000 91.373299 99.939065 38.112183 0.000000
762 2.000000 2.000000 98.112190 96.300063 38.179087 0.000000
763 2.000000 2.000000 95.002093 94.069201 38.177011 0.000000
764 2.000000 2.000000 96.718675 98.372395 38.123333 0.000000
765 2.000000 2.000000 93.328946 98.210520 38.115980 0.000000
766 2.000000 1.000000 92.001901 96.239560 42.415946 0.000000
767 2.000000 2.000000 94.799422 98.225841 38.112284 0.000000
768 2.000000 2.000000 98.532873 95.350864 38.203468 0.000000
769 1.000000 2.000000 89.713488 99.934989 44.838402 0.000000
770 2.000000 2.000000 96.463431 96.604381 38.148035 0.000000
771 2.000000 2.000000 72.578338 99.907214 39.158383 0.000000
772 2.000000 2.000000 93.386030 92.386311 38.204516 0.000000
773 2.000000 2.000000 95.556562 97.790713 38.121845 0.000000
774 0.000000 2.000000 91.628783 98.000657 53.453426 0.000000
775 2.000000 0.000000 99.798680 95.087130 47.477011 0.000000
776 2.000000 2.000000 94.027903 98.287259 38.111712 0.000000
777 2.000000 2.000000 96.888393 99.976421 38.100323 0.000000
778 2.000000 2.000000 93.007490 96.689701 38.141404 0.000000
779 2.000000 2.000000 90.111565 93.718458 38.229279 0.000000
780 2.000000 2.000000 95.044820 97.961255 38.116938 0.000000
781 2.000000 2.000000 97.900560 99.925319 38.117420 0.000000
782 2.000000 2.000000 91.605794 99.961718 38.108141 0.000000
783 2.000000 2.000000 96.333101 96.506079 38.148170 0.000000
784 2.000000 2.000000 93.966001 94.837932 38.164776 0.000000
785 2.000000 2.000000 98.114236 98.209655 38.148842 0.000000
786 2.000000 2.000000 95.235457 96.573934 38.139107 0.000000
787 2.000000 2.000000 92.519153 97.738579 38.129920 0.000000
788 2.000000 2.000000 96.377116 99.937584 38.094964 0.000000
789 2.000000 1.000000 89.685559 98.234557 42.416546 0.000000
790 2.000000 2.000000 93.642937 94.896579 38.164954 0.000000
791 2.000000 2.000000 99.826347 96.403054 38.221960 0.000000
792 1.000000 2.000000 53.467371 99.921195 48.829295 0.000000
793 2.000000 2.000000 91.294406 99.982576 38.112848 0.000000
794 2.000000 2.000000 94.814943 98.155130 38.113401 0.000000
795 0.000000 0.000000 97.374477 93.492113 51.160379 0.000000
796 2.000000 2.000000 37.828949 96.599689 43.238481 0.000000
797 2.000000 2.000000 92.906121 98.305001 38.117664 0.000000
798 2.000000 2.000000 95.912790 99.914759 38.091190 0.000000
799 2.000000 2.000000 94.105808 91.626046 38.213795 0.000000
800 2.000000 2.000000 91.404846 36.547533 39.063193 0.000000
801 2.000000 2.000000 98.237091 95.244716 38.198485 0.000000
802 2.000000 2.000000 89.730915 98.058443 38.173735 0.000000
803 2.000000 2.000000 95.771722 99.946223 38.089687 0.000000
804 2.000000 2.000000 93.042245 96.413231 38.145344 0.000000
805 2.000000 2.000000 96.924544 98.120070 38.129965 0.000000
806 2.000000 2.000000 94.687585 99.995797 38.084833 0.000000
807 2.000000 2.000000 92.064933 96.600270 38.152365 0.000000
808 2.000000 2.000000 93.899514 50.831321 38.839416 0.000000
809 2.000000 2.000000 89.752874 99.992716 38.144574 0.000000
810 2.000000 1.000000 94.374451 98.188851 42.482556 0.000000
811 2.000000 2.000000 91.990673 94.019750 38.192240 0.000000
812 2.000000 2.000000 41.128083 99.989704 42.779205 0.000000
813 1.000000 2.000000 98.300026 96.560525 44.553820 0.000000
814 2.000000 2.000000 95.490760 29.140885 39.187469 0.000000
815 2.000000 2.000000 91.256819 98.087512 38.141897 0.000000
816 2.000000 2.000000 93.433481 94.811003 38.167255 0.000000
817 2.000000 2.000000 99.946679 96.621951 38.222240 0.000000
818 2.000000 0.000000 97.005622 98.054106 47.366055 0.000000
819 2.000000 2.000000 89.352300 98.192479 38.181284 0.000000
820 0.000000 2.000000 57.977290 94.878181 57.366975 0.000000
821 2.000000 2.000000 94.986155 98.152917 38.113808 0.000000
822 2.000000 2.000000 96.700982 92.507831 38.215079 0.000000
823 2.000000 2.000000 92.834551 96.396068 38.147284 0.000000
824 2.000000 2.000000 94.240853 99.977220 38.085312 0.000000
825 2.000000 2.000000 91.485037 98.259716 38.135595 0.000000
826 2.000000 2.000000 93.484472 96.297041 38.144295 0.000000
827 2.000000 2.000000 98.114935 98.185674 38.149237 0.000000
828 2.000000 2.000000 95.095748 95.233311 38.159321 0.000000
829 2.000000 2.000000 90.483745 98.215990 38.154481 0.000000
830 2.000000 2.000000 96.378743 99.903590 38.095512 0.000000
831 2.000000 2.000000 93.039540 93.712385 38.186465 0.000000
832 2.000000 1.000000 94.700985 96.640808 42.476618 0.000000
833 2.000000 2.000000 98.350273 99.845183 38.127873 0.000000
834 2.000000 2.000000 89.599665 98.184702 38.175094 0.000000
835 1.000000 2.000000 91.820030 99.874601 44.742566 0.000000
836 2.000000 2.000000 96.563542 99.907941 38.097431 0.000000
837 2.000000 2.000000 93.976482 99.975856 38.085955 0.000000
838 2.000000 2.000000 91.287715 96.259840 38.168786 0.000000
839 2.000000 2.000000 93.666588 96.766974 38.136245 0.000000
840 0.000000 0.000000 92.938394 94.645916 50.578036 0.000000
841 2.000000 2.000000 89.472374 99.930879 38.152519 0.000000
842 2.000000 2.000000 94.941302 99.988265 38.085324 0.000000
843 2.000000 2.000000 91.470672 98.116567 38.137972 0.000000
844 2.000000 2.000000 93.733343 96.847722 38.134734 0.000000
845 2.000000 2.000000 97.119482 91.619445 38.235007 0.000000
846 2.000000 2.000000 95.014548 98.162109 38.113744 0.000000
847 2.000000 2.000000 89.128491 94.750576 38.237907 0.000000
848 2.000000 2.000000 91.566837 98.184202 38.135460 0.000000
849 2.000000 2.000000 93.432514 96.459849 38.142087 0.000000
850 2.000000 2.000000 95.893190 99.939140 38.090663 0.000000
851 2.000000 2.000000 63.693911 98.041231 40.052744 0.000000
852 2.000000 2.000000 98.130980 99.979783 38.121109 0.000000
853 2.000000 2.000000 92.404412 93.405131 38.196745 0.000000
854 2.000000 2.000000 47.098153 99.972913 42.009000 0.000000
855 2.000000 1.000000 96.484354 95.819077 42.527983 0.000000
856 2.000000 2.000000 93.651959 96.854510 38.134970 0.000000
857 1.000000 2.000000 89.198186 33.729002 43.580069 0.000000
858 2.000000 2.000000 4.401778 98.006498 47.553370 0.000000
859 2.000000 2.000000 50.752617 44.535669 42.094496 0.000000
860 2.000000 2.000000 94.790119 95.305518 38.157356 0.000000
861 2.000000 2.000000 99.904203 99.976950 38.166916 0.000000
862 2.000000 2.000000 91.558944 98.089292 38.137008 0.000000
863 0.000000 2.000000 96.648633 96.576324 53.136041 0.000000
864 2.000000 0.000000 55.761280 98.131260 47.963406 0.000000
865 2.000000 2.000000 94.363893 93.826359 38.179784 0.000000
866 2.000000 2.000000 98.423288 8.148929 39.587412 0.000000
867 2.000000 2.000000 90.978885 98.360433 38.142689 0.000000
868 2.000000 2.000000 92.960668 99.958093 38.092069 0.000000
869 2.000000 2.000000 16.888445 95.699061 45.974991 0.000000
870 2.000000 2.000000 96.121124 96.969643 38.138859 0.000000
871 2.000000 2.000000 94.766921 97.610531 38.121732 0.000000
872 2.000000 2.000000 97.423425 99.989317 38.107982 0.000000
873 2.000000 2.000000 92.318733 98.346968 38.122910 0.000000
874 2.000000 2.000000 94.853694 94.827317 38.164877 0.000000
875 2.000000 2.000000 24.528718 99.941325 44.958281 0.000000
876 2.000000 2.000000 74.032465 96.691137 39.075089 0.000000
877 2.000000 1.000000 89.691546 92.311973 42.357759 0.000000
878 2.000000 2.000000 96.457939 98.038524 38.125529 0.000000
879 2.000000 2.000000 93.158015 95.739052 38.154775 0.000000
880 2.000000 2.000000 98.856377 98.045006 38.168382 0.000000
881 1.000000 2.000000 90.869610 98.196843 44.751954 0.000000
882 2.000000 2.000000 94.686808 99.954779 38.085465 0.000000
883 2.000000 2.000000 92.860723 93.769131 38.186976 0.000000
884 2.000000 2.000000 96.382301 99.955446 38.094737 0.000000
885 2.000000 0.000000 94.719420 96.491594 47.171185 0.000000
886 0.000000 2.000000 99.951779 99.965627 53.188531 0.000000
887 2.000000 2.000000 44.000908 95.190587 42.449613 0.000000
888 2.000000 2.000000 89.638925 97.909130 38.178195 0.000000
889 2.000000 2.000000 92.515846 99.987550 38.095881 0.000000
890 2.000000 2.000000 97.072413 96.762487 38.153390 0.000000
891 2.000000 2.000000 28.559053 98.177358 44.442284 0.000000
892 2.000000 2.000000 94.948665 94.886540 38.164209 0.000000
893 2.000000 2.000000 91.082610 99.977331 38.116618 0.000000
894 2.000000 2.000000 93.656576 96.763385 38.136343 0.000000
895 2.000000 2.000000 98.176948 98.147067 38.151137 0.000000
896 2.000000 2.000000 96.192157 98.171022 38.120760 0.000000
897 2.000000 2.000000 93.342275 99.989552 38.088756 0.000000
898 2.000000 2.000000 91.278475 92.980708 38.218106 0.000000
899 2.000000 2.000000 95.043282 96.539633 38.138928 0.000000
900 2.000000 2.000000 89.071652 95.287078 38.231537 0.000000
901 2.000000 1.000000 98.041622 98.210753 42.616901 0.000000
902 1.000000 2.000000 93.207151 96.559733 44.637134 0.000000
903 2.000000 2.000000 96.243749 99.929691 38.093776 0.000000
904 2.000000 2.000000 91.480536 98.115612 38.137830 0.000000
905 2.000000 2.000000 94.281494 94.641396 38.167288 0.000000
906 2.000000 2.000000 97.271257 39.507032 39.058392 0.000000
907 2.000000 2.000000 94.990531 98.063066 38.115210 0.000000
908 0.000000 2.000000 33.177833 91.047397 61.153563 0.000000
909 2.000000 0.000000 88.584272 96.290872 46.922478 0.000000
910 2.000000 2.000000 92.463774 98.191178 38.123651 0.000000
911 2.000000 2.000000 98.458021 98.351104 38.154015 0.000000
912 2.000000 2.000000 95.981495 99.921758 38.091615 0.000000
913 2.000000 2.000000 93.832848 93.122122 38.191435 0.000000
914 2.000000 2.000000 90.330441 96.043284 38.190023 0.000000
915 2.000000 2.000000 92.111122 98.120631 38.128831 0.000000
916 2.000000 2.000000 21.804394 96.559261 45.334816 0.000000
917 2.000000 2.000000 96.453641 94.715768 38.177483 0.000000
918 2.000000 2.000000 94.139567 99.951864 38.085896 0.000000
919 2.000000 2.000000 95.066319 98.074153 38.115257 0.000000
920 2.000000 2.000000 98.193655 98.127031 38.151805 0.000000
921 2.000000 2.000000 91.581352 96.511557 38.160383 0.000000
922 2.000000 1.000000 93.817685 99.867366 42.484909 0.000000
923 2.000000 2.000000 96.609846 94.652977 38.180304 0.000000
924 1.000000 2.000000 95.346369 99.944022 44.635896 0.000000
925 2.000000 2.000000 92.928276 96.717307 38.141615 0.000000
926 2.000000 2.000000 99.916177 97.929526 38.200231 0.000000
927 2.000000 2.000000 90.963035 99.954750 38.119137 0.000000
928 2.000000 2.000000 88.391576 93.113782 38.282775 0.000000
929 0.000000 0.000000 97.785221 98.078923 50.708144 0.000000
930 2.000000 2.000000 60.624618 95.456432 40.419330 0.000000
931 2.000000 2.000000 94.459134 57.829234 38.734049 0.000000
932 2.000000 2.000000 95.792010 99.956026 38.089673 0.000000
933 2.000000 2.000000 92.760588 96.690625 38.143464 0.000000
934 2.000000 2.000000 97.214852 99.954592 38.105266 0.000000
935 2.000000 2.000000 89.385480 99.999134 38.153765 0.000000
936 2.000000 2.000000 94.160039 99.986609 38.085318 0.000000
937 2.000000 2.000000 91.079392 96.795824 38.164300 0.000000
938 2.000000 2.000000 93.162581 98.090863 38.118919 0.000000
939 2.000000 2.000000 90.556226 95.239242 38.197359 0.000000
940 2.000000 2.000000 78.553161 98.192351 38.709780 0.000000
941 2.000000 2.000000 94.137692 96.542611 38.138254 0.000000
942 2.000000 2.000000 92.278141 90.982147 38.234745 0.000000
943 2.000000 1.000000 99.988716 94.010837 42.681521 0.000000
944 2.000000 2.000000 95.475676 97.947301 38.118959 0.000000
945 2.000000 2.000000 93.769456 98.308020 38.112237 0.000000
946 1.000000 2.000000 88.228621 98.246294 44.884067 0.000000
947 2.000000 2.000000 96.582749 99.922413 38.097422 0.000000
948 2.000000 2.000000 91.578135 99.973840 38.108385 0.000000
949 2.000000 2.000000 98.027127 95.213219 38.194565 0.000000
950 2.000000 2.000000 94.450947 96.574657 38.137474 0.000000
951 2.000000 2.000000 92.468744 93.430951 38.195692 0.000000
952 2.000000 0.000000 90.095966 98.201715 47.030949 0.000000
953 0.000000 2.000000 96.348505 99.969562 53.298357 0.000000
954 2.000000 2.000000 67.680552 96.197746 39.662293 0.000000
955 2.000000 2.000000 94.363981 98.149062 38.113278 0.000000
956 2.000000 2.000000 92.528970 99.954092 38.096247 0.000000
957 2.000000 2.000000 97.143313 96.019746 38.166129 0.000000
958 2.000000 2.000000 95.073142 98.031306 38.115941 0.000000
959 2.000000 2.000000 90.589929 94.968580 38.200724 0.000000
960 2.000000 2.000000 98.699154 97.042349 38.180495 0.000000
961 2.000000 2.000000 93.340281 98.289516 38.114704 0.000000
962 2.000000 2.000000 95.689766 98.160923 38.116917 0.000000
963 2.000000 2.000000 88.690722 99.993472 38.173140 0.000000
964 2.000000 2.000000 91.956601 93.388931 38.202187 0.000000
965 2.000000 2.000000 93.974880 96.569264 38.138203 0.000000
966 2.000000 1.000000 96.841588 95.297348 42.537090 0.000000
967 2.000000 2.000000 97.956546 99.998515 38.117337 0.000000
968 1.000000 2.000000 95.265875 98.235847 44.611562 0.000000
969 2.000000 2.000000 90.919873 99.970189 38.119711 0.000000
970 2.000000 2.000000 93.011783 96.677206 38.141560 0.000000
971 2.000000 2.000000 95.083857 21.838785 39.295167 0.000000
972 2.000000 2.000000 98.267191 98.061856 38.154404 0.000000
973 0.000000 2.000000 92.679167 99.963420 53.485750 0.000000
974 2.000000 0.000000 88.625658 92.068170 46.777116 0.000000
975 2.000000 2.000000 9.066800 94.827148 46.977167 0.000000
976 2.000000 2.000000 96.366875 96.783981 38.144179 0.000000
977 2.000000 2.000000 93.997889 99.954332 38.086221 0.000000
978 2.000000 2.000000 90.939446 97.973778 38.149194 0.000000
979 2.000000 2.000000 99.946010 96.635206 38.222005 0.000000
980 2.000000 2.000000 94.297546 99.979236 38.085197 0.000000
981 2.000000 2.000000 96.589498 99.993638 38.096383 0.000000
982 2.000000 2.000000 95.408220 93.901248 38.181393 0.000000
983 2.000000 2.000000 92.322215 98.179605 38.125401 0.000000
984 2.000000 2.000000 98.253062 95.430396 38.195883 0.000000
985 2.000000 2.000000 30.800266 98.146961 44.148331 0.000000
986 2.000000 2.000000 94.070277 96.407294 38.140462 0.000000
987 2.000000 2.000000 90.117537 97.992040 38.165698 0.000000
988 2.000000 1.000000 96.463794 98.168113 42.549406 0.000000
989 2.000000 2.000000 92.343894 94.893288 38.174873 0.000000
990 1.000000 2.000000 94.406598 53.010240 43.914775 0.000000
991 2.000000 2.000000 96.702260 96.738413 38.148754 0.000000
992 2.000000 2.000000 91.146232 99.960780 38.115734 0.000000
993 2.000000 2.000000 94.957441 97.933528 38.117126 0.000000
994 2.000000 2.000000 98.578408 99.966537 38.131063 0.000000
995 2.000000 2.000000 93.023705 96.457953 38.144805 0.000000
996 0.000000 0.000000 88.063398 12.518351 58.256869 0.000000
997 2.000000 2.000000 95.977012 98.201030 38.118405 0.000000
998 2.000000 2.000000 93.587238 93.099216 38.192672 0.000000
999 2.000000 2.000000 97.695562 94.937210 38.192483 0.000000
1000 2.000000 2.000000 92.430965 98.345172 38.121676 0.000000
