1 0.000000 0.000000 1.749494 60.195647 51.314479 0.000000
2 0.000000 0.000000 9.202554 74.000927 51.276212 0.000000
3 0.000000 0.000000 33.807757 85.848819 50.664656 0.000000
4 0.000000 0.000000 42.034525 61.346473 51.619028 0.000000
5 0.000000 0.000000 53.505280 82.813514 50.469168 0.000000
6 0.000000 0.000000 59.904951 6.234692 55.517080 0.000000
7 0.000000 0.000000 71.436666 97.094107 49.410943 0.000000
8 0.000000 0.000000 81.818926 92.801864 50.024582 0.000000
9 0.000000 0.000000 88.998022 1.805958 59.471507 0.000000
10 0.000000 1.000000 0.422033 56.777169 56.005165 0.000000
11 0.000000 1.000000 8.416293 84.489365 57.591596 0.000000
12 0.000000 1.000000 11.925379 20.446273 52.882989 0.000000
13 0.000000 1.000000 12.477009 37.494589 54.036280 0.000000
14 0.000000 1.000000 17.459899 43.969235 54.272708 0.000000
15 0.000000 1.000000 19.139415 93.534740 57.183727 0.000000
16 0.000000 1.000000 19.741594 13.932460 52.392044 0.000000
17 0.000000 1.000000 22.532995 16.088272 52.494002 0.000000
18 0.000000 1.000000 39.161660 17.318031 52.363672 0.000000
19 0.000000 1.000000 40.998297 95.034249 55.002030 0.000000
20 0.000000 1.000000 41.186305 55.042116 53.623137 0.000000
21 0.000000 1.000000 43.199342 94.594222 54.761686 0.000000
22 0.000000 1.000000 45.156454 7.924422 52.025028 0.000000
23 0.000000 1.000000 49.787162 35.004627 52.684295 0.000000
24 0.000000 1.000000 57.263952 98.521440 53.455096 0.000000
25 0.000000 1.000000 62.812134 39.258413 52.457343 0.000000
26 0.000000 1.000000 65.104225 96.486845 52.747206 0.000000
27 0.000000 1.000000 66.314720 80.749175 52.586441 0.000000
28 0.000000 1.000000 66.670155 28.109981 52.367659 0.000000
29 0.000000 1.000000 74.124583 55.870158 52.326948 0.000000
30 0.000000 1.000000 76.250391 83.066648 52.106053 0.000000
31 0.000000 1.000000 78.239399 49.826011 52.372313 0.000000
32 0.000000 1.000000 79.039460 89.065141 51.953370 0.000000
33 0.000000 1.000000 88.231691 76.015901 52.086893 0.000000
34 0.000000 1.000000 91.976025 4.797106 54.057820 0.000000
35 0.000000 1.000000 92.905286 59.210480 52.683528 0.000000
36 0.000000 2.000000 7.285467 98.091498 66.641062 0.000000
37 0.000000 2.000000 18.387193 83.817708 62.656929 0.000000
38 0.000000 2.000000 18.580629 81.637988 62.317872 0.000000
39 0.000000 2.000000 29.093461 41.183558 55.459475 0.000000
40 0.000000 2.000000 30.464659 2.811728 50.453771 0.000000
41 0.000000 2.000000 32.777085 76.842681 59.465692 0.000000
42 0.000000 2.000000 35.371558 2.366766 50.096483 0.000000
43 0.000000 2.000000 36.035472 60.609542 57.022599 0.000000
44 0.000000 2.000000 48.382587 47.088990 53.985860 0.000000
45 0.000000 2.000000 54.816394 87.648294 57.187887 0.000000
46 0.000000 2.000000 67.183378 92.451881 55.752276 0.000000
47 0.000000 2.000000 71.936370 90.664517 54.967492 0.000000
48 0.000000 2.000000 78.909342 33.581903 50.352768 0.000000
49 0.000000 2.000000 85.670254 10.006086 48.820897 0.000000
50 0.000000 2.000000 90.372268 1.397331 48.506181 0.000000
51 1.000000 0.000000 1.321893 94.004690 50.503179 0.000000
52 1.000000 0.000000 8.816475 11.077422 49.010274 0.000000
53 1.000000 0.000000 9.546715 21.541538 49.145670 0.000000
54 1.000000 0.000000 12.710248 66.858184 49.629859 0.000000
55 1.000000 0.000000 17.816425 21.148955 49.062841 0.000000
56 1.000000 0.000000 21.082151 48.933981 49.209056 0.000000
57 1.000000 0.000000 25.944533 89.542965 49.227440 0.000000
58 1.000000 0.000000 27.314012 18.218449 48.945545 0.000000
59 1.000000 0.000000 28.420607 75.464895 49.067365 0.000000
60 1.000000 0.000000 28.951545 4.158428 48.899413 0.000000
61 1.000000 0.000000 35.542180 72.513479 48.761610 0.000000
62 1.000000 0.000000 37.177572 12.889701 48.852471 0.000000
63 1.000000 0.000000 44.354312 87.162957 48.301640 0.000000
64 1.000000 0.000000 44.891031 90.266905 48.254086 0.000000
65 1.000000 0.000000 45.922041 22.966016 48.719609 0.000000
66 1.000000 0.000000 46.465890 74.978956 48.299098 0.000000
67 1.000000 0.000000 47.019014 85.401748 48.190782 0.000000
68 1.000000 0.000000 53.183357 24.178158 48.649389 0.000000
69 1.000000 0.000000 54.180738 3.006736 48.906930 0.000000
70 1.000000 0.000000 58.465390 30.143549 48.548981 0.000000
71 1.000000 0.000000 58.556717 95.707747 47.572563 0.000000
72 1.000000 0.000000 68.011938 37.792746 48.447736 0.000000
73 1.000000 0.000000 76.760558 50.445272 48.316859 0.000000
74 1.000000 0.000000 81.467239 10.723299 49.591276 0.000000
75 1.000000 0.000000 84.216126 63.193905 48.235094 0.000000
76 1.000000 0.000000 93.930046 51.179152 49.315774 0.000000
77 1.000000 0.000000 95.285134 73.351845 48.658575 0.000000
78 1.000000 0.000000 97.818469 67.471693 49.132274 0.000000
79 1.000000 1.000000 0.796653 46.975688 51.023207 0.000000
80 1.000000 1.000000 2.621893 6.843841 48.975772 0.000000
81 1.000000 1.000000 4.276457 59.680675 51.378559 0.000000
82 1.000000 1.000000 4.803402 68.346067 51.741016 0.000000
83 1.000000 1.000000 5.614348 91.491604 52.738861 0.000000
84 1.000000 1.000000 6.055407 32.161424 49.982868 0.000000
85 1.000000 1.000000 6.653173 69.860145 51.656746 0.000000
86 1.000000 1.000000 7.981346 99.039814 52.844393 0.000000
87 1.000000 1.000000 10.675004 35.891093 49.863583 0.000000
88 1.000000 1.000000 11.241333 65.267593 51.075418 0.000000
89 1.000000 1.000000 13.652744 96.909827 52.173519 0.000000
90 1.000000 1.000000 14.717749 31.272144 49.420146 0.000000
91 1.000000 1.000000 16.481932 66.142375 50.677931 0.000000
92 1.000000 1.000000 16.758467 75.890140 51.035029 0.000000
93 1.000000 1.000000 20.804359 24.950719 48.812419 0.000000
94 1.000000 1.000000 22.181237 69.482532 50.316647 0.000000
95 1.000000 1.000000 23.268263 57.905662 49.817724 0.000000
96 1.000000 1.000000 24.856722 79.526466 50.423819 0.000000
97 1.000000 1.000000 29.680245 44.609235 48.890911 0.000000
98 1.000000 1.000000 38.711943 0.484996 47.123482 0.000000
99 1.000000 1.000000 43.860829 52.156706 48.035132 0.000000
100 1.000000 1.000000 46.927490 0.667201 46.774881 0.000000
101 1.000000 1.000000 48.688660 19.038612 47.051770 0.000000
102 1.000000 1.000000 50.001465 44.350865 47.443735 0.000000
103 1.000000 1.000000 50.589239 70.663458 47.872095 0.000000
104 1.000000 1.000000 52.405380 50.847815 47.394877 0.000000
105 1.000000 1.000000 59.108862 39.920776 46.827298 0.000000
106 1.000000 1.000000 60.189394 71.124725 47.136424 0.000000
107 1.000000 1.000000 61.367827 14.083437 46.427015 0.000000
108 1.000000 1.000000 61.899867 54.147681 46.836057 0.000000
109 1.000000 1.000000 63.963394 48.266747 46.665406 0.000000
110 1.000000 1.000000 64.547198 58.053479 46.724199 0.000000
111 1.000000 1.000000 72.408957 19.618559 46.198732 0.000000
112 1.000000 1.000000 73.810969 14.526009 46.166462 0.000000
113 1.000000 1.000000 74.819415 16.841784 46.167360 0.000000
114 1.000000 1.000000 80.638776 47.843277 46.157240 0.000000
115 1.000000 1.000000 82.394231 40.873391 46.168848 0.000000
116 1.000000 1.000000 83.466253 49.057621 46.153175 0.000000
117 1.000000 1.000000 83.830046 27.866387 46.221306 0.000000
118 1.000000 1.000000 85.309817 77.348440 46.053460 0.000000
119 1.000000 1.000000 87.297228 46.239684 46.215261 0.000000
120 1.000000 1.000000 89.803663 72.246009 46.106389 0.000000
121 1.000000 1.000000 90.745891 61.597980 46.204494 0.000000
122 1.000000 1.000000 91.228205 38.310074 46.399925 0.000000
123 1.000000 1.000000 97.290459 77.856983 46.315265 0.000000
124 1.000000 1.000000 98.475664 84.554914 46.300306 0.000000
125 1.000000 1.000000 99.288937 29.907353 47.049659 0.000000
126 1.000000 1.000000 99.661252 11.854796 47.321655 0.000000
127 1.000000 2.000000 5.221124 56.169076 52.923800 0.000000
128 1.000000 2.000000 15.869095 51.981786 51.320604 0.000000
129 1.000000 2.000000 21.895723 93.324381 53.291539 0.000000
130 1.000000 2.000000 25.217614 54.501101 50.333629 0.000000
131 1.000000 2.000000 26.167558 64.488522 50.839402 0.000000
132 1.000000 2.000000 26.940002 70.029957 51.080939 0.000000
133 1.000000 2.000000 27.893975 30.572677 48.528817 0.000000
134 1.000000 2.000000 34.901383 45.284454 48.593697 0.000000
135 1.000000 2.000000 36.773474 25.393828 47.269899 0.000000
136 1.000000 2.000000 52.776127 15.159175 45.172692 0.000000
137 1.000000 2.000000 55.077288 81.173122 47.791059 0.000000
138 1.000000 2.000000 56.306430 99.586839 48.400450 0.000000
139 1.000000 2.000000 64.320471 97.784517 47.225471 0.000000
140 1.000000 2.000000 65.685240 88.359507 46.714507 0.000000
141 1.000000 2.000000 70.235808 62.364841 45.342510 0.000000
142 1.000000 2.000000 75.982426 32.936254 44.011985 0.000000
143 1.000000 2.000000 77.881432 41.646568 44.145039 0.000000
144 1.000000 2.000000 79.790174 9.321150 43.205990 0.000000
145 1.000000 2.000000 89.154819 27.183647 43.453174 0.000000
146 1.000000 2.000000 93.209882 78.696068 44.339467 0.000000
147 1.000000 2.000000 94.820346 17.616978 43.367102 0.000000
148 1.000000 2.000000 95.660780 3.820244 43.189572 0.000000
149 1.000000 2.000000 96.710490 78.435630 44.305585 0.000000
150 1.000000 2.000000 98.551119 15.581898 43.500763 0.000000
151 2.000000 0.000000 15.231573 22.246911 48.287566 0.000000
152 2.000000 0.000000 24.401117 42.949665 48.340214 0.000000
153 2.000000 0.000000 31.331640 9.900870 46.640664 0.000000
154 2.000000 0.000000 31.797404 88.954816 49.406106 0.000000
155 2.000000 0.000000 37.987831 73.921193 48.397650 0.000000
156 2.000000 0.000000 47.570689 5.937691 45.285605 0.000000
157 2.000000 0.000000 51.819325 65.529245 47.083256 0.000000
158 2.000000 0.000000 60.578848 31.896608 45.342942 0.000000
159 2.000000 0.000000 63.309028 7.106721 44.323552 0.000000
160 2.000000 0.000000 67.504181 53.443368 45.738299 0.000000
161 2.000000 0.000000 73.221391 86.021017 46.655303 0.000000
162 2.000000 0.000000 82.797289 42.292760 44.977836 0.000000
163 2.000000 0.000000 94.419968 8.158998 44.099771 0.000000
164 2.000000 1.000000 2.008959 8.700513 48.289918 0.000000
165 2.000000 1.000000 3.455810 68.555985 49.111610 0.000000
166 2.000000 1.000000 3.562368 79.213422 49.271409 0.000000
167 2.000000 1.000000 13.094831 62.843335 48.080888 0.000000
168 2.000000 1.000000 23.710810 13.249941 46.300576 0.000000
169 2.000000 1.000000 30.579741 18.954701 45.707894 0.000000
170 2.000000 1.000000 33.260807 23.730130 45.509337 0.000000
171 2.000000 1.000000 34.106702 52.877348 45.828437 0.000000
172 2.000000 1.000000 38.093544 86.846777 45.886071 0.000000
173 2.000000 1.000000 39.624935 20.572752 44.837959 0.000000
174 2.000000 1.000000 41.632665 33.118954 44.808507 0.000000
175 2.000000 1.000000 42.718560 25.732114 44.604299 0.000000
176 2.000000 1.000000 49.464446 58.945012 44.382526 0.000000
177 2.000000 1.000000 51.383543 26.275009 43.788109 0.000000
178 2.000000 1.000000 55.858628 36.948875 43.518121 0.000000
179 2.000000 1.000000 56.931428 82.361466 43.979625 0.000000
180 2.000000 1.000000 57.718251 40.074133 43.394759 0.000000
181 2.000000 1.000000 69.992041 5.253827 42.074748 0.000000
182 2.000000 1.000000 70.572895 34.667801 42.371486 0.000000
183 2.000000 1.000000 75.041624 28.549212 42.057759 0.000000
184 2.000000 1.000000 77.381452 38.992795 42.065239 0.000000
185 2.000000 1.000000 86.139763 53.948999 41.985733 0.000000
186 2.000000 1.000000 86.620525 91.738493 42.364570 0.000000
187 2.000000 1.000000 87.685636 63.906089 42.075155 0.000000
188 2.000000 1.000000 92.109478 80.341975 42.262341 0.000000
189 2.000000 1.000000 96.486930 71.945120 42.302421 0.000000
190 2.000000 2.000000 10.389494 36.226704 47.087563 0.000000
191 2.000000 2.000000 14.289358 12.138240 46.746089 0.000000
192 2.000000 2.000000 20.131501 45.948416 45.854307 0.000000
193 2.000000 2.000000 32.298073 64.699698 44.203145 0.000000
194 2.000000 2.000000 40.096856 67.790825 43.187735 0.000000
195 2.000000 2.000000 62.441208 34.431984 40.910050 0.000000
196 2.000000 2.000000 68.905284 26.545503 40.389528 0.000000
197 2.000000 2.000000 69.152996 57.382404 39.991992 0.000000
198 2.000000 2.000000 72.571386 43.345221 39.873033 0.000000
199 2.000000 2.000000 80.194969 23.242882 39.619052 0.000000
200 2.000000 2.000000 84.814562 29.285462 39.322722 0.000000
201 2.000000 2.000000 69.819579 4.124856 40.585719 0.000000
202 2.000000 2.000000 69.148464 5.106318 40.629666 0.000000
203 2.000000 2.000000 69.118495 4.045044 40.645125 0.000000
204 2.000000 2.000000 70.181924 4.323532 40.553533 0.000000
205 2.000000 2.000000 70.001705 3.936793 40.573045 0.000000
206 2.000000 2.000000 70.064875 5.239859 40.551831 0.000000
207 2.000000 2.000000 70.216589 2.366781 40.574823 0.000000
208 2.000000 2.000000 70.385234 5.688741 40.520127 0.000000
209 2.000000 2.000000 68.786952 4.040577 40.673212 0.000000
210 2.000000 2.000000 69.551649 5.154384 40.595309 0.000000
211 2.000000 2.000000 68.308783 2.656078 40.730819 0.000000
212 2.000000 2.000000 68.646036 5.323561 40.669646 0.000000
213 2.000000 2.000000 69.530220 4.705199 40.602592 0.000000
214 2.000000 2.000000 69.155165 2.636142 40.659216 0.000000
215 2.000000 2.000000 69.714132 2.306925 40.616724 0.000000
216 2.000000 2.000000 69.064811 2.031225 40.674174 0.000000
217 2.000000 2.000000 68.651130 2.324604 40.705580 0.000000
218 2.000000 2.000000 69.618673 2.384947 40.623658 0.000000
219 2.000000 2.000000 68.776070 0.006056 40.723128 0.000000
220 2.000000 2.000000 71.756092 4.076847 40.431184 0.000000
221 2.000000 2.000000 71.772431 5.090884 40.417217 0.000000
222 2.000000 2.000000 71.393190 4.370648 40.455867 0.000000
223 2.000000 2.000000 72.381935 4.440999 40.378518 0.000000
224 2.000000 2.000000 71.818523 5.341460 40.410498 0.000000
225 2.000000 2.000000 71.864067 6.218777 40.395968 0.000000
226 2.000000 2.000000 72.028038 6.371829 40.381352 0.000000
227 2.000000 2.000000 72.348903 6.545385 40.354525 0.000000
228 2.000000 2.000000 71.767523 6.276078 40.402758 0.000000
229 2.000000 2.000000 71.995837 6.645662 40.380403 0.000000
230 2.000000 2.000000 72.307351 7.098533 40.350737 0.000000
231 2.000000 2.000000 72.525159 6.980282 40.335614 0.000000
232 2.000000 2.000000 72.305433 7.035689 40.351675 0.000000
233 2.000000 2.000000 72.087753 7.665526 40.360493 0.000000
234 2.000000 2.000000 72.610301 8.259230 40.313003 0.000000
235 2.000000 2.000000 72.462234 7.132609 40.338479 0.000000
236 2.000000 2.000000 72.703845 7.802986 40.311682 0.000000
237 2.000000 2.000000 72.713294 7.299006 40.317339 0.000000
238 2.000000 2.000000 72.528893 7.682445 40.326470 0.000000
239 2.000000 2.000000 73.327275 7.732743 40.265976 0.000000
240 2.000000 2.000000 73.346006 7.569864 40.266665 0.000000
241 2.000000 2.000000 73.206590 7.872929 40.273131 0.000000
242 2.000000 2.000000 73.964826 7.385662 40.223884 0.000000
243 2.000000 2.000000 73.892847 7.819894 40.223523 0.000000
244 2.000000 2.000000 74.701091 7.969326 40.164088 0.000000
245 2.000000 2.000000 74.903209 9.494003 40.130301 0.000000
246 2.000000 2.000000 74.263617 8.143630 40.192752 0.000000
247 2.000000 2.000000 75.158920 8.231911 40.128946 0.000000
248 2.000000 2.000000 74.671571 9.039455 40.152362 0.000000
249 2.000000 2.000000 75.168005 9.764164 40.108475 0.000000
250 2.000000 2.000000 74.899051 10.081481 40.123001 0.000000
251 2.000000 2.000000 75.031737 10.414210 40.109476 0.000000
252 2.000000 2.000000 75.293914 10.616044 40.088781 0.000000
253 2.000000 2.000000 75.457846 10.419526 40.080130 0.000000
254 2.000000 2.000000 75.081136 10.655394 40.102933 0.000000
255 2.000000 2.000000 75.615607 10.371501 40.070053 0.000000
256 2.000000 2.000000 76.347692 10.644932 40.017804 0.000000
257 2.000000 2.000000 75.770936 10.707417 40.055214 0.000000
258 2.000000 2.000000 75.798545 10.730653 40.053058 0.000000
259 2.000000 2.000000 75.820615 11.057916 40.047312 0.000000
260 2.000000 2.000000 75.210085 10.486758 40.096216 0.000000
261 2.000000 2.000000 75.998340 13.555312 40.002831 0.000000
262 2.000000 2.000000 76.701972 11.015404 39.989963 0.000000
263 2.000000 2.000000 76.527252 10.738593 40.004884 0.000000
264 2.000000 2.000000 76.452566 10.897496 40.007651 0.000000
265 2.000000 2.000000 76.572899 10.947938 39.999178 0.000000
266 2.000000 2.000000 78.847214 10.658547 39.864162 0.000000
267 2.000000 2.000000 79.223333 11.072785 39.837277 0.000000
268 2.000000 2.000000 78.925218 11.143224 39.853195 0.000000
269 2.000000 2.000000 79.247052 12.238629 39.820244 0.000000
270 2.000000 2.000000 79.362009 11.537574 39.823268 0.000000
271 2.000000 2.000000 79.005731 11.486581 39.843995 0.000000
272 2.000000 2.000000 78.926947 12.722634 39.831885 0.000000
273 2.000000 2.000000 79.323152 12.705770 39.809686 0.000000
274 2.000000 2.000000 78.944898 13.453669 39.821039 0.000000
275 2.000000 2.000000 79.321375 13.045125 39.805211 0.000000
276 2.000000 2.000000 79.647901 12.970423 39.788129 0.000000
277 2.000000 2.000000 79.842567 13.372009 39.772081 0.000000
278 2.000000 2.000000 79.806694 13.683368 39.769812 0.000000
279 2.000000 2.000000 79.537698 14.098020 39.778963 0.000000
280 2.000000 2.000000 79.759309 13.567882 39.773955 0.000000
281 2.000000 2.000000 80.084158 13.865663 39.752386 0.000000
282 2.000000 2.000000 78.866998 13.811846 39.820706 0.000000
283 2.000000 2.000000 79.994869 13.835254 39.757582 0.000000
284 2.000000 2.000000 79.854409 14.050266 39.762251 0.000000
285 2.000000 2.000000 80.352339 16.468980 39.702757 0.000000
286 2.000000 2.000000 79.844936 15.998402 39.736376 0.000000
287 2.000000 2.000000 80.194645 15.865794 39.719324 0.000000
288 2.000000 2.000000 79.949032 16.505323 39.723846 0.000000
289 2.000000 2.000000 80.222339 16.099293 39.714676 0.000000
290 2.000000 2.000000 80.864082 16.323017 39.678203 0.000000
291 2.000000 2.000000 80.457886 15.984121 39.703809 0.000000
292 2.000000 2.000000 81.239084 15.815750 39.666316 0.000000
293 2.000000 2.000000 81.684056 16.227901 39.638971 0.000000
294 2.000000 2.000000 81.481225 16.238314 39.648624 0.000000
295 2.000000 2.000000 81.973071 16.480105 39.621793 0.000000
296 2.000000 2.000000 81.456788 15.754559 39.656466 0.000000
297 2.000000 2.000000 81.907449 16.877979 39.619383 0.000000
298 2.000000 2.000000 81.725512 16.622776 39.631545 0.000000
299 2.000000 2.000000 81.969317 16.522757 39.621380 0.000000
300 2.000000 2.000000 81.679733 16.622013 39.633748 0.000000
301 2.000000 2.000000 82.552228 16.040475 39.601387 0.000000
302 2.000000 2.000000 81.730412 16.801727 39.628844 0.000000
303 2.000000 2.000000 82.852336 16.999554 39.574812 0.000000
304 2.000000 2.000000 82.382315 16.770043 39.598907 0.000000
305 2.000000 2.000000 82.222141 18.082664 39.588045 0.000000
306 2.000000 2.000000 83.076387 17.030099 39.564718 0.000000
307 2.000000 2.000000 82.449673 17.165684 39.590370 0.000000
308 2.000000 2.000000 82.379514 17.059375 39.595022 0.000000
309 2.000000 2.000000 82.659698 17.552017 39.575600 0.000000
310 2.000000 2.000000 84.061733 18.459286 39.504407 0.000000
311 2.000000 2.000000 84.447370 17.511553 39.503054 0.000000
312 2.000000 2.000000 83.810651 19.033383 39.506263 0.000000
313 0.000000 2.000000 84.004274 18.675312 49.316757 0.000000
314 2.000000 2.000000 82.734179 21.409018 39.518646 0.000000
315 2.000000 2.000000 83.180534 20.176275 39.516343 0.000000
316 2.000000 2.000000 83.136623 21.121971 39.505018 0.000000
317 2.000000 2.000000 85.173554 21.468905 39.420747 0.000000
318 2.000000 2.000000 85.080919 21.348972 39.425697 0.000000
319 2.000000 2.000000 85.139820 21.146363 39.426510 0.000000
320 2.000000 2.000000 84.846715 21.455502 39.432548 0.000000
321 2.000000 2.000000 85.100993 21.277255 39.426010 0.000000
322 2.000000 2.000000 85.222253 21.712501 39.415589 0.000000
323 2.000000 2.000000 85.410856 21.413273 39.413387 0.000000
324 2.000000 2.000000 85.199820 21.506853 39.419293 0.000000
325 2.000000 2.000000 85.130414 21.481742 39.422072 0.000000
326 2.000000 2.000000 85.389310 21.539695 39.412316 0.000000
327 2.000000 2.000000 85.978345 20.703477 39.405021 0.000000
328 2.000000 2.000000 85.667923 20.600143 39.416438 0.000000
329 2.000000 2.000000 85.570398 21.026801 39.413555 0.000000
330 2.000000 2.000000 86.089437 21.038533 39.396759 0.000000
331 2.000000 2.000000 85.566093 21.094573 39.412731 0.000000
332 2.000000 2.000000 85.674876 21.069577 39.409505 0.000000
333 2.000000 2.000000 85.260423 21.104033 39.422928 0.000000
334 0.000000 2.000000 86.113566 21.473978 49.487286 0.000000
335 2.000000 2.000000 88.636444 20.573776 39.338999 0.000000
336 2.000000 2.000000 88.567990 20.850745 39.336291 0.000000
337 2.000000 2.000000 88.744568 20.430997 39.339005 0.000000
338 2.000000 2.000000 88.555195 23.887525 39.292060 0.000000
339 2.000000 2.000000 88.278938 23.667217 39.301080 0.000000
340 2.000000 2.000000 88.954727 23.138158 39.295309 0.000000
341 2.000000 2.000000 88.552354 24.302024 39.286046 0.000000
342 2.000000 2.000000 88.573933 23.988430 39.290201 0.000000
343 2.000000 2.000000 88.955788 24.001559 39.282597 0.000000
344 2.000000 2.000000 88.935151 24.110177 39.281384 0.000000
345 2.000000 2.000000 88.789333 23.811030 39.288542 0.000000
346 2.000000 2.000000 88.799948 24.209898 39.282482 0.000000
347 2.000000 2.000000 88.660644 24.224100 39.285003 0.000000
348 2.000000 2.000000 88.827497 23.997988 39.285064 0.000000
349 2.000000 2.000000 88.304958 24.405361 39.289729 0.000000
350 2.000000 2.000000 88.773857 24.399225 39.280207 0.000000
351 2.000000 2.000000 89.167807 24.755403 39.267672 0.000000
352 2.000000 2.000000 89.288546 25.299097 39.257563 0.000000
353 2.000000 2.000000 89.072624 24.003269 39.280439 0.000000
354 2.000000 2.000000 89.250644 24.070446 39.276323 0.000000
355 2.000000 2.000000 89.154121 25.578778 39.255790 0.000000
356 0.000000 2.000000 89.080680 24.513984 49.686667 0.000000
357 2.000000 2.000000 90.106450 28.460530 39.198198 0.000000
358 2.000000 2.000000 90.693047 28.747202 39.186748 0.000000
359 2.000000 2.000000 91.009141 27.844420 39.197072 0.000000
360 2.000000 2.000000 90.645466 28.612320 39.189281 0.000000
361 2.000000 2.000000 91.495982 28.998144 39.175862 0.000000
362 2.000000 2.000000 91.161086 27.453902 39.201585 0.000000
363 2.000000 2.000000 91.343206 29.273844 39.172839 0.000000
364 2.000000 2.000000 91.415449 27.520813 39.198611 0.000000
365 2.000000 2.000000 91.893947 27.481391 39.196374 0.000000
366 2.000000 2.000000 91.412798 27.790297 39.194585 0.000000
367 2.000000 2.000000 92.421816 27.790564 39.189915 0.000000
368 2.000000 2.000000 91.812467 27.535965 39.195952 0.000000
369 2.000000 2.000000 91.726103 27.772327 39.192856 0.000000
370 2.000000 2.000000 92.197262 27.576939 39.193735 0.000000
371 2.000000 2.000000 92.869463 28.449226 39.179500 0.000000
372 2.000000 2.000000 91.623383 28.061655 39.189106 0.000000
373 2.000000 2.000000 92.103987 27.947716 39.188455 0.000000
374 2.000000 2.000000 92.104854 27.870288 39.189621 0.000000
375 2.000000 2.000000 92.351827 28.021235 39.186582 0.000000
376 2.000000 2.000000 92.302312 27.931035 39.188073 0.000000
377 2.000000 2.000000 92.557594 28.177857 39.183813 0.000000
378 2.000000 2.000000 92.784502 28.631212 39.176741 0.000000
379 0.000000 2.000000 92.393952 28.009957 49.936583 0.000000
380 2.000000 2.000000 93.545585 30.213686 39.153844 0.000000
381 2.000000 2.000000 93.691860 30.223106 39.154266 0.000000
382 2.000000 2.000000 93.839978 30.700408 39.147644 0.000000
383 2.000000 2.000000 93.393825 30.436826 39.149970 0.000000
384 2.000000 2.000000 93.844188 30.570882 39.149649 0.000000
385 2.000000 2.000000 93.869807 31.228747 39.139700 0.000000
386 2.000000 2.000000 93.160150 30.901472 39.142414 0.000000
387 2.000000 2.000000 94.362549 31.337507 39.141181 0.000000
388 2.000000 2.000000 94.000521 31.250678 39.140073 0.000000
389 2.000000 2.000000 94.447427 30.091047 39.161045 0.000000
390 2.000000 2.000000 94.296544 31.059420 39.144959 0.000000
391 2.000000 2.000000 94.652311 30.524871 39.156176 0.000000
392 2.000000 2.000000 94.566319 31.392115 39.142024 0.000000
393 2.000000 2.000000 95.655608 30.563541 39.167763 0.000000
394 2.000000 2.000000 95.585371 31.079553 39.158709 0.000000
395 2.000000 2.000000 94.987801 31.323575 39.147282 0.000000
396 2.000000 2.000000 94.773241 31.512071 39.142112 0.000000
397 2.000000 2.000000 94.981867 31.190060 39.149281 0.000000
398 2.000000 2.000000 95.367536 30.964234 39.157479 0.000000
399 2.000000 2.000000 95.550586 31.312768 39.154586 0.000000
400 2.000000 2.000000 95.717518 31.637652 39.151988 0.000000
401 2.000000 2.000000 95.489385 31.704069 39.147649 0.000000
402 0.000000 2.000000 95.792287 31.121647 50.200028 0.000000
403 2.000000 2.000000 95.543849 32.906850 39.129727 0.000000
404 2.000000 2.000000 97.789166 32.878573 39.175961 0.000000
405 2.000000 2.000000 95.067472 31.417131 39.146738 0.000000
406 2.000000 2.000000 94.818481 31.777879 39.138462 0.000000
407 2.000000 2.000000 95.094168 34.278996 39.102753 0.000000
408 2.000000 2.000000 94.846688 34.731374 39.093129 0.000000
409 2.000000 2.000000 97.403601 34.388815 39.142207 0.000000
410 2.000000 2.000000 99.008616 34.791173 39.182668 0.000000
411 2.000000 2.000000 97.251122 33.068732 39.159340 0.000000
412 2.000000 2.000000 94.607259 35.742728 39.075319 0.000000
413 2.000000 2.000000 99.896117 36.692359 39.184673 0.000000
414 2.000000 2.000000 96.974008 33.396645 39.147835 0.000000
415 2.000000 2.000000 97.199412 35.310286 39.122829 0.000000
416 2.000000 2.000000 97.446272 34.896985 39.135239 0.000000
417 2.000000 2.000000 97.361587 35.089665 39.130136 0.000000
418 2.000000 2.000000 97.840180 34.668232 39.149019 0.000000
419 2.000000 2.000000 97.734725 35.265074 39.136769 0.000000
420 2.000000 2.000000 97.705626 34.874827 39.142176 0.000000
421 2.000000 2.000000 97.868563 35.513927 39.136401 0.000000
422 2.000000 2.000000 97.622424 34.939037 39.139005 0.000000
423 2.000000 2.000000 97.758644 36.525404 39.117467 0.000000
424 0.000000 2.000000 99.053475 37.847296 50.643474 0.000000
425 2.000000 2.000000 97.605609 35.871477 39.123846 0.000000
426 2.000000 2.000000 99.824598 36.742797 39.181073 0.000000
427 2.000000 2.000000 97.437221 34.608135 39.139573 0.000000
428 2.000000 2.000000 97.583598 35.434107 39.130194 0.000000
429 2.000000 2.000000 97.377300 35.480487 39.124354 0.000000
430 2.000000 2.000000 97.588307 35.490837 39.129418 0.000000
431 2.000000 2.000000 97.835635 35.896897 39.129453 0.000000
432 2.000000 2.000000 97.721890 39.281699 39.072926 0.000000
433 2.000000 2.000000 97.705550 35.794592 39.127634 0.000000
434 2.000000 2.000000 97.964186 38.835018 39.086403 0.000000
435 2.000000 2.000000 97.998651 39.368549 39.078890 0.000000
436 2.000000 2.000000 99.893009 39.163806 39.144796 0.000000
437 2.000000 2.000000 96.859706 40.547551 39.033070 0.000000
438 2.000000 2.000000 98.087560 40.979346 39.055800 0.000000
439 2.000000 2.000000 98.065081 41.136706 39.052686 0.000000
440 2.000000 2.000000 97.642588 41.800555 39.031107 0.000000
441 2.000000 2.000000 97.950096 41.312222 39.046783 0.000000
442 2.000000 2.000000 99.923938 40.989568 39.116626 0.000000
443 2.000000 2.000000 99.693563 41.142569 39.105383 0.000000
444 2.000000 2.000000 99.338657 40.618101 39.100898 0.000000
445 2.000000 2.000000 99.872897 41.378905 39.108389 0.000000
446 0.000000 2.000000 99.927855 40.237085 50.787505 0.000000
447 2.000000 2.000000 99.960219 42.726429 39.090086 0.000000
448 2.000000 2.000000 99.996553 41.884075 39.105063 0.000000
449 2.000000 2.000000 99.625764 42.919065 39.074345 0.000000
450 2.000000 2.000000 99.666625 42.024082 39.090223 0.000000
451 2.000000 2.000000 99.527600 42.022267 39.085151 0.000000
452 2.000000 2.000000 99.542236 42.196893 39.082881 0.000000
453 2.000000 2.000000 99.986540 42.345711 39.097240 0.000000
454 2.000000 2.000000 99.895895 42.093946 39.097773 0.000000
455 2.000000 2.000000 99.945396 42.456534 39.093854 0.000000
456 2.000000 2.000000 99.882563 42.202561 39.095513 0.000000
457 2.000000 2.000000 99.909861 42.836529 39.086366 0.000000
458 2.000000 2.000000 99.907800 43.786663 39.071001 0.000000
459 2.000000 2.000000 99.791264 43.953625 39.063885 0.000000
460 2.000000 2.000000 99.750512 44.394806 39.055266 0.000000
461 2.000000 2.000000 99.641007 44.420109 39.050808 0.000000
462 2.000000 2.000000 99.910921 43.930111 39.068813 0.000000
463 2.000000 2.000000 99.993198 44.374830 39.064834 0.000000
464 2.000000 2.000000 99.155102 45.400731 39.018041 0.000000
465 2.000000 2.000000 99.897149 44.755235 39.055011 0.000000
466 2.000000 2.000000 98.697365 46.127563 38.991745 0.000000
467 2.000000 2.000000 96.733040 45.489355 38.953005 0.000000
468 0.000000 2.000000 98.269644 45.492588 50.927613 0.000000
469 2.000000 2.000000 96.654060 48.484679 38.904557 0.000000
470 2.000000 0.000000 96.960895 48.159697 45.639052 0.000000
471 2.000000 2.000000 96.566228 44.397678 38.966991 0.000000
472 2.000000 2.000000 96.556372 44.643626 38.962958 0.000000
473 2.000000 2.000000 96.507084 44.812201 38.959427 0.000000
474 2.000000 2.000000 96.586639 45.009125 38.957787 0.000000
475 2.000000 2.000000 96.775739 44.907903 38.962951 0.000000
476 2.000000 2.000000 96.387283 45.028664 38.953933 0.000000
477 2.000000 2.000000 96.626058 46.771238 38.930899 0.000000
478 2.000000 2.000000 96.328780 46.779602 38.925560 0.000000
479 2.000000 2.000000 96.167252 46.941021 38.920421 0.000000
480 2.000000 2.000000 96.303325 45.886050 38.939105 0.000000
481 2.000000 2.000000 96.274631 46.907642 38.922665 0.000000
482 2.000000 2.000000 96.208304 47.172305 38.917459 0.000000
483 2.000000 2.000000 96.115035 49.934794 38.872883 0.000000
484 2.000000 2.000000 96.008966 49.905498 38.871775 0.000000
485 2.000000 2.000000 96.073043 50.183973 38.868368 0.000000
486 2.000000 2.000000 95.912503 49.980215 38.869242 0.000000
487 2.000000 2.000000 96.058746 49.617220 38.876999 0.000000
488 2.000000 2.000000 95.345241 49.999102 38.861961 0.000000
489 2.000000 2.000000 95.916038 50.347973 38.863560 0.000000
490 2.000000 2.000000 95.874889 50.161312 38.865902 0.000000
491 0.000000 2.000000 95.802229 49.765662 51.045654 0.000000
492 2.000000 0.000000 95.873775 50.875720 45.661846 0.000000
493 2.000000 2.000000 95.913935 47.501742 38.907880 0.000000
494 2.000000 2.000000 96.087440 48.151194 38.900300 0.000000
495 2.000000 2.000000 95.495155 47.739960 38.898714 0.000000
496 2.000000 2.000000 95.586554 48.249608 38.891901 0.000000
497 2.000000 2.000000 95.735193 48.549472 38.889125 0.000000
498 2.000000 2.000000 95.516314 49.033476 38.878876 0.000000
499 2.000000 2.000000 93.676803 48.976229 38.867314 0.000000
500 2.000000 2.000000 93.550207 48.968252 38.867250 0.000000
501 2.000000 2.000000 93.585349 48.463336 38.875011 0.000000
502 2.000000 2.000000 93.515581 48.221602 38.878621 0.000000
503 2.000000 2.000000 93.677872 48.954177 38.867653 0.000000
504 2.000000 2.000000 93.696909 48.634681 38.872577 0.000000
505 2.000000 2.000000 94.147728 49.125257 38.866466 0.000000
506 2.000000 2.000000 93.285071 52.199459 38.817863 0.000000
507 2.000000 2.000000 93.908924 52.348903 38.816181 0.000000
508 2.000000 2.000000 93.183521 52.278284 38.816757 0.000000
509 2.000000 2.000000 93.279233 52.948067 38.806452 0.000000
510 2.000000 2.000000 93.252082 52.388838 38.815001 0.000000
511 2.000000 0.000000 93.330425 55.708268 45.688488 0.000000
512 2.000000 2.000000 93.401549 52.300214 38.816282 0.000000
513 0.000000 2.000000 92.892479 52.111603 51.130485 0.000000
514 2.000000 2.000000 93.280539 53.082836 38.804396 0.000000
515 2.000000 2.000000 93.459770 53.481272 38.798252 0.000000
516 2.000000 2.000000 93.361302 53.393637 38.799606 0.000000
517 2.000000 2.000000 93.211697 52.005750 38.820878 0.000000
518 2.000000 2.000000 90.982408 53.675450 38.810969 0.000000
519 2.000000 2.000000 91.617589 54.127622 38.797181 0.000000
520 2.000000 2.000000 90.671912 53.448996 38.818490 0.000000
521 2.000000 2.000000 90.601738 53.518417 38.818454 0.000000
522 2.000000 2.000000 90.644648 53.324444 38.820733 0.000000
523 2.000000 2.000000 90.616809 53.986470 38.811259 0.000000
524 2.000000 2.000000 90.761476 55.060668 38.793189 0.000000
525 2.000000 2.000000 90.861582 53.781918 38.810934 0.000000
526 2.000000 2.000000 90.582788 55.332388 38.791689 0.000000
527 2.000000 2.000000 91.232621 54.195379 38.800184 0.000000
528 2.000000 2.000000 90.702424 54.464280 38.802913 0.000000
529 2.000000 2.000000 90.416669 54.224816 38.810692 0.000000
530 2.000000 2.000000 90.425456 54.343312 38.808793 0.000000
531 2.000000 2.000000 90.559247 54.135368 38.809877 0.000000
532 2.000000 2.000000 90.187069 53.798282 38.820695 0.000000
533 2.000000 2.000000 90.716950 54.419957 38.803371 0.000000
534 2.000000 0.000000 90.355283 54.363231 45.520664 0.000000
535 0.000000 2.000000 90.814255 56.818587 51.384824 0.000000
536 2.000000 2.000000 90.495943 54.114538 38.811128 0.000000
537 2.000000 2.000000 87.125753 59.869643 38.805204 0.000000
538 2.000000 2.000000 90.617607 60.640217 38.712036 0.000000
539 2.000000 2.000000 86.874910 59.676930 38.815991 0.000000
540 2.000000 2.000000 87.784918 60.418386 38.777513 0.000000
541 2.000000 2.000000 86.913639 60.680466 38.800245 0.000000
542 2.000000 2.000000 86.871189 60.072537 38.810400 0.000000
543 2.000000 2.000000 87.019420 60.848067 38.794421 0.000000
544 2.000000 2.000000 87.141881 60.349370 38.797757 0.000000
545 2.000000 2.000000 87.373500 61.304417 38.776768 0.000000
546 2.000000 2.000000 86.760659 61.720660 38.790250 0.000000
547 2.000000 2.000000 87.151428 61.246884 38.784470 0.000000
548 2.000000 2.000000 87.240496 61.482933 38.778271 0.000000
549 2.000000 2.000000 87.006918 61.573823 38.784331 0.000000
550 2.000000 2.000000 87.092248 61.640803 38.780640 0.000000
551 2.000000 2.000000 86.682290 61.376809 38.797821 0.000000
552 2.000000 2.000000 86.981178 61.979056 38.779303 0.000000
553 2.000000 2.000000 86.627559 62.180064 38.788089 0.000000
554 2.000000 2.000000 87.509999 61.981546 38.762824 0.000000
555 2.000000 2.000000 87.655325 62.114492 38.756590 0.000000
556 2.000000 2.000000 87.263548 61.813182 38.772772 0.000000
557 2.000000 2.000000 87.171630 61.561595 38.779281 0.000000
558 0.000000 2.000000 87.141779 62.296715 51.785459 0.000000
559 2.000000 0.000000 87.197099 61.740509 45.694617 0.000000
560 2.000000 2.000000 87.099530 64.081620 38.745103 0.000000
561 2.000000 2.000000 87.794663 64.177469 38.722530 0.000000
562 2.000000 2.000000 87.516375 65.278200 38.714774 0.000000
563 2.000000 2.000000 87.081163 64.109319 38.745291 0.000000
564 2.000000 2.000000 86.665815 66.781562 38.720491 0.000000
565 2.000000 2.000000 87.125658 65.746713 38.720177 0.000000
566 2.000000 2.000000 87.295651 66.419549 38.705035 0.000000
567 2.000000 2.000000 87.327467 66.174874 38.707583 0.000000
568 2.000000 2.000000 86.971675 66.069481 38.720509 0.000000
569 2.000000 2.000000 86.897480 66.289429 38.719780 0.000000
570 2.000000 2.000000 84.241142 66.911173 38.814173 0.000000
571 2.000000 2.000000 86.520335 64.986839 38.751348 0.000000
572 2.000000 2.000000 87.115100 65.302788 38.726938 0.000000
573 2.000000 2.000000 87.093943 65.285462 38.727869 0.000000
574 2.000000 2.000000 83.849834 64.568680 38.864785 0.000000
575 2.000000 2.000000 87.574446 66.115135 38.700864 0.000000
576 2.000000 2.000000 84.336248 66.145236 38.820777 0.000000
577 2.000000 0.000000 87.440526 68.943946 45.949105 0.000000
578 2.000000 2.000000 85.092684 64.500841 38.812072 0.000000
579 0.000000 2.000000 87.241624 67.576086 52.076933 0.000000
580 2.000000 2.000000 84.494409 64.360389 38.839106 0.000000
581 2.000000 2.000000 87.105670 66.050002 38.716432 0.000000
582 2.000000 2.000000 87.668954 66.119022 38.697978 0.000000
583 2.000000 2.000000 88.178604 70.397633 38.620933 0.000000
584 2.000000 2.000000 88.314293 70.145895 38.620859 0.000000
585 2.000000 2.000000 88.326448 70.607052 38.613785 0.000000
586 2.000000 2.000000 84.142569 72.664814 38.737502 0.000000
587 2.000000 2.000000 84.261141 71.461161 38.749107 0.000000
588 2.000000 2.000000 84.504982 71.787206 38.733665 0.000000
589 2.000000 2.000000 84.426202 71.228887 38.745029 0.000000
590 2.000000 2.000000 83.623955 71.133067 38.783147 0.000000
591 2.000000 2.000000 84.027989 73.756645 38.727380 0.000000
592 2.000000 2.000000 84.024037 73.887921 38.725715 0.000000
593 2.000000 2.000000 83.751670 74.891096 38.724356 0.000000
594 2.000000 2.000000 83.684002 76.283459 38.708035 0.000000
595 2.000000 2.000000 83.032478 74.337399 38.767189 0.000000
596 2.000000 2.000000 84.011195 75.840315 38.698831 0.000000
597 2.000000 2.000000 83.910830 76.008308 38.701154 0.000000
598 2.000000 2.000000 84.400800 76.747870 38.668209 0.000000
599 2.000000 2.000000 85.364360 76.138689 38.635404 0.000000
600 2.000000 0.000000 83.539294 69.531774 45.925532 0.000000
601 0.000000 2.000000 85.237392 75.670350 52.652545 0.000000
602 2.000000 2.000000 82.779002 78.022109 38.728745 0.000000
603 2.000000 2.000000 85.520454 75.735260 38.634813 0.000000
604 2.000000 2.000000 83.640582 76.229220 38.710877 0.000000
605 2.000000 2.000000 82.062552 75.380837 38.803216 0.000000
606 2.000000 2.000000 85.204716 77.635823 38.620703 0.000000
607 2.000000 2.000000 84.841617 76.982417 38.645432 0.000000
608 2.000000 2.000000 85.166823 80.575056 38.580496 0.000000
609 2.000000 2.000000 85.090970 80.819814 38.580243 0.000000
610 2.000000 2.000000 85.354025 81.637129 38.557510 0.000000
611 2.000000 2.000000 85.414457 81.186540 38.561418 0.000000
612 2.000000 2.000000 81.972114 82.307041 38.712429 0.000000
613 2.000000 2.000000 81.962882 80.020941 38.744519 0.000000
614 2.000000 2.000000 81.934529 81.998083 38.718773 0.000000
615 2.000000 2.000000 83.266420 83.308063 38.630160 0.000000
616 2.000000 2.000000 84.679749 84.286800 38.549070 0.000000
617 2.000000 2.000000 82.143574 84.301820 38.675415 0.000000
618 2.000000 2.000000 80.903087 84.292313 38.746419 0.000000
619 2.000000 2.000000 81.985568 77.215514 38.782035 0.000000
620 2.000000 2.000000 82.973654 83.173600 38.646951 0.000000
621 2.000000 0.000000 84.206592 86.105814 46.504101 0.000000
622 2.000000 2.000000 84.960667 80.033558 38.597004 0.000000
623 2.000000 2.000000 84.876391 80.169653 38.598725 0.000000
624 2.000000 2.000000 85.318315 79.928327 38.583334 0.000000
625 0.000000 2.000000 85.080933 79.241853 52.872331 0.000000
626 2.000000 2.000000 84.625506 83.699234 38.559823 0.000000
627 2.000000 2.000000 85.190047 83.516521 38.537677 0.000000
628 2.000000 2.000000 81.543358 84.051617 38.712439 0.000000
629 2.000000 2.000000 85.109432 80.624292 38.582234 0.000000
630 2.000000 2.000000 85.111258 80.650820 38.581780 0.000000
631 2.000000 2.000000 85.234087 81.037592 38.571074 0.000000
632 2.000000 2.000000 81.943686 81.304068 38.727852 0.000000
633 2.000000 2.000000 85.249076 83.600153 38.533977 0.000000
634 2.000000 2.000000 85.221370 83.540187 38.536007 0.000000
635 2.000000 2.000000 84.729054 80.251687 38.604019 0.000000
636 2.000000 2.000000 85.169067 80.836911 38.576677 0.000000
637 2.000000 2.000000 85.300772 80.357389 38.577957 0.000000
638 2.000000 2.000000 85.229790 80.965243 38.572285 0.000000
639 2.000000 2.000000 85.285969 79.961655 38.584209 0.000000
640 2.000000 2.000000 84.993093 80.121525 38.594358 0.000000
641 2.000000 2.000000 85.260110 80.366700 38.579527 0.000000
642 2.000000 2.000000 81.146415 80.834043 38.779484 0.000000
643 2.000000 0.000000 85.189117 87.207771 46.549902 0.000000
644 2.000000 2.000000 85.275147 79.570297 38.590232 0.000000
645 2.000000 2.000000 85.514244 79.823535 38.576748 0.000000
646 2.000000 2.000000 85.508453 80.212220 38.571441 0.000000
647 2.000000 2.000000 78.116367 79.794299 38.985581 0.000000
648 2.000000 2.000000 85.226328 81.094108 38.570597 0.000000
649 0.000000 2.000000 81.286433 81.213585 53.293444 0.000000
650 2.000000 2.000000 82.769794 84.972284 38.632500 0.000000
651 2.000000 2.000000 85.502966 89.015084 38.446114 0.000000
652 2.000000 2.000000 83.117313 82.599591 38.647605 0.000000
653 2.000000 2.000000 85.269472 88.396197 38.464851 0.000000
654 2.000000 2.000000 85.423751 90.668546 38.425891 0.000000
655 2.000000 2.000000 85.352486 90.363536 38.433280 0.000000
656 2.000000 2.000000 82.688111 94.579151 38.503210 0.000000
657 2.000000 2.000000 80.678191 90.132152 38.680151 0.000000
658 2.000000 2.000000 82.823502 92.250833 38.528345 0.000000
659 2.000000 2.000000 82.504063 92.980452 38.535417 0.000000
660 2.000000 2.000000 81.239957 92.971330 38.607514 0.000000
661 2.000000 2.000000 82.716742 95.530712 38.488429 0.000000
662 2.000000 2.000000 78.731078 94.909315 38.741498 0.000000
663 2.000000 2.000000 80.903438 88.597863 38.687499 0.000000
664 2.000000 2.000000 77.498250 96.883840 38.802134 0.000000
665 2.000000 2.000000 82.943171 91.002531 38.539401 0.000000
666 0.000000 2.000000 82.726298 90.126498 53.719858 0.000000
667 2.000000 0.000000 82.624301 91.906891 46.701633 0.000000
668 2.000000 2.000000 80.184748 87.436509 38.747300 0.000000
669 2.000000 2.000000 83.103515 93.759315 38.492535 0.000000
670 2.000000 2.000000 78.128255 94.317857 38.791195 0.000000
671 2.000000 2.000000 81.022391 91.638597 38.638750 0.000000
672 2.000000 2.000000 82.743045 95.474827 38.487786 0.000000
673 2.000000 2.000000 82.334547 98.747455 38.464783 0.000000
674 2.000000 2.000000 78.272534 97.408715 38.739837 0.000000
675 2.000000 2.000000 82.347349 95.533918 38.508615 0.000000
676 2.000000 2.000000 81.217984 95.728089 38.570996 0.000000
677 2.000000 2.000000 80.039155 95.594789 38.645710 0.000000
678 2.000000 2.000000 77.957598 99.553273 38.733574 0.000000
679 2.000000 2.000000 81.806441 94.400080 38.554814 0.000000
680 2.000000 2.000000 80.503018 93.978348 38.638466 0.000000
681 2.000000 2.000000 82.520838 93.196443 38.531504 0.000000
682 2.000000 2.000000 78.553742 93.266190 38.775661 0.000000
683 2.000000 2.000000 80.823707 95.973985 38.591462 0.000000
684 2.000000 2.000000 82.536841 89.848916 38.577118 0.000000
685 2.000000 2.000000 82.394276 97.754559 38.475219 0.000000
686 2.000000 2.000000 77.816746 98.177450 38.761962 0.000000
687 2.000000 2.000000 80.117095 96.169234 38.632937 0.000000
688 2.000000 0.000000 82.521491 91.960300 46.703572 0.000000
689 2.000000 2.000000 81.015039 93.807855 38.609485 0.000000
690 2.000000 2.000000 82.734333 99.839602 38.427534 0.000000
691 2.000000 2.000000 82.295017 91.033290 38.573885 0.000000
692 0.000000 2.000000 82.656909 88.586604 53.631382 0.000000
693 2.000000 2.000000 79.068792 99.956600 38.650735 0.000000
694 2.000000 2.000000 82.870727 97.527962 38.452330 0.000000
695 2.000000 2.000000 82.869448 97.144594 38.457739 0.000000
696 2.000000 2.000000 79.557968 97.981421 38.644638 0.000000
697 2.000000 2.000000 77.503427 97.232445 38.797140 0.000000
698 2.000000 2.000000 82.466803 93.358999 38.532199 0.000000
699 2.000000 2.000000 80.312296 94.184550 38.647565 0.000000
700 2.000000 2.000000 82.537546 92.813119 38.535916 0.000000
701 2.000000 2.000000 82.442503 92.284062 38.548445 0.000000
702 2.000000 2.000000 77.646148 92.398905 38.850923 0.000000
703 2.000000 2.000000 82.653465 99.959171 38.430295 0.000000
704 1.000000 2.000000 79.774764 98.859983 45.521794 0.000000
705 2.000000 1.000000 82.565069 97.009250 42.498201 0.000000
706 2.000000 2.000000 82.505696 90.320246 38.572259 0.000000
707 2.000000 2.000000 80.285775 99.503141 38.576891 0.000000
708 2.000000 2.000000 78.078433 95.575806 38.777943 0.000000
709 2.000000 0.000000 82.015276 92.433948 46.721033 0.000000
710 2.000000 2.000000 82.744506 88.992626 38.577894 0.000000
711 0.000000 2.000000 80.239899 95.292721 54.297860 0.000000
712 2.000000 2.000000 82.834096 97.745692 38.451269 0.000000
713 2.000000 2.000000 77.025737 97.142721 38.833418 0.000000
714 2.000000 2.000000 82.946453 98.925365 38.428796 0.000000
715 2.000000 2.000000 80.404386 99.980442 38.562878 0.000000
716 2.000000 2.000000 83.075324 97.834716 38.437140 0.000000
717 2.000000 2.000000 78.810936 98.004785 38.694526 0.000000
718 2.000000 2.000000 81.170137 96.219982 38.567112 0.000000
719 2.000000 2.000000 82.841282 97.758147 38.450708 0.000000
720 2.000000 2.000000 79.094241 98.345879 38.670674 0.000000
721 2.000000 2.000000 82.977391 93.974362 38.496168 0.000000
722 2.000000 2.000000 82.977651 99.958674 38.412718 0.000000
723 2.000000 2.000000 80.490729 98.211280 38.581545 0.000000
724 2.000000 2.000000 83.235253 99.870792 38.400264 0.000000
725 1.000000 2.000000 77.121708 99.997937 45.804497 0.000000
726 2.000000 2.000000 83.037800 96.190561 38.462066 0.000000
727 2.000000 1.000000 80.534858 96.448931 42.556582 0.000000
728 2.000000 2.000000 83.212241 97.909007 38.428886 0.000000
729 2.000000 2.000000 83.080350 99.932166 38.407602 0.000000
730 2.000000 2.000000 83.249816 98.113745 38.424057 0.000000
731 2.000000 2.000000 78.946635 99.794905 38.661220 0.000000
732 2.000000 0.000000 83.206478 98.186274 46.920057 0.000000
733 0.000000 2.000000 80.556632 97.378421 54.397577 0.000000
734 2.000000 2.000000 83.268032 98.043144 38.424092 0.000000
735 2.000000 2.000000 83.266365 98.190629 38.422117 0.000000
736 2.000000 2.000000 80.632371 99.626481 38.553394 0.000000
737 2.000000 2.000000 83.438749 98.062953 38.414953 0.000000
738 2.000000 2.000000 83.408878 97.773086 38.420553 0.000000
739 2.000000 2.000000 83.694250 98.076410 38.401717 0.000000
740 2.000000 2.000000 79.302433 98.108655 38.659880 0.000000
741 2.000000 2.000000 83.576071 99.963184 38.381270 0.000000
742 2.000000 2.000000 83.632407 99.386985 38.386470 0.000000
743 2.000000 2.000000 83.439280 99.753074 38.391263 0.000000
744 2.000000 2.000000 83.702528 99.707334 38.378409 0.000000
745 2.000000 2.000000 80.548281 99.278674 38.563391 0.000000
746 2.000000 2.000000 83.134846 99.747498 38.407287 0.000000
747 2.000000 2.000000 83.550731 99.939010 38.382910 0.000000
748 1.000000 2.000000 83.537134 99.584526 45.225112 0.000000
749 2.000000 2.000000 83.964904 99.928832 38.362118 0.000000
750 2.000000 2.000000 80.653918 99.982062 38.547199 0.000000
751 2.000000 1.000000 83.930498 99.919214 42.493831 0.000000
752 2.000000 2.000000 78.881009 99.980162 38.663219 0.000000
753 2.000000 2.000000 83.913942 97.555308 38.398032 0.000000
754 2.000000 2.000000 83.630540 99.927639 38.378982 0.000000
755 2.000000 0.000000 80.764663 99.859722 46.985806 0.000000
756 0.000000 2.000000 84.024581 97.090112 54.019480 0.000000
757 2.000000 2.000000 77.151507 98.128412 38.811093 0.000000
758 2.000000 2.000000 83.940188 96.497564 38.411607 0.000000
759 2.000000 2.000000 83.767817 99.814359 38.373602 0.000000
760 2.000000 2.000000 83.743808 96.309716 38.424020 0.000000
761 2.000000 2.000000 80.737988 95.725121 38.600119 0.000000
762 2.000000 2.000000 84.029843 96.511779 38.406996 0.000000
763 2.000000 2.000000 84.067899 96.563125 38.404410 0.000000
764 2.000000 2.000000 84.374723 96.252653 38.393986 0.000000
765 2.000000 2.000000 86.334168 96.542819 38.304482 0.000000
766 2.000000 2.000000 86.161511 96.315628 38.314617 0.000000
767 2.000000 2.000000 88.897481 95.991402 38.225965 0.000000
768 2.000000 2.000000 89.078069 95.677572 38.225617 0.000000
769 2.000000 2.000000 88.311401 95.906143 38.244365 0.000000
770 2.000000 2.000000 88.819644 95.432976 38.236351 0.000000
771 1.000000 2.000000 89.067427 95.693399 44.789064 0.000000
772 2.000000 1.000000 89.236318 95.032077 42.383990 0.000000
773 2.000000 2.000000 87.392035 96.487815 38.265979 0.000000
774 2.000000 2.000000 89.333813 95.540036 38.220884 0.000000
775 2.000000 2.000000 88.948582 95.193072 38.236279 0.000000
776 2.000000 2.000000 89.519562 95.395041 38.218311 0.000000
777 2.000000 2.000000 88.642688 94.869992 38.249668 0.000000
778 2.000000 0.000000 88.660709 94.947565 46.877795 0.000000
779 2.000000 2.000000 89.056664 94.544771 38.242864 0.000000
780 0.000000 2.000000 89.074998 94.343467 53.436099 0.000000
781 2.000000 2.000000 89.797956 94.335998 38.227237 0.000000
782 2.000000 2.000000 89.610062 94.517277 38.229051 0.000000
783 2.000000 2.000000 90.344428 94.857697 38.207365 0.000000
784 2.000000 2.000000 90.487210 94.444312 38.210585 0.000000
785 2.000000 2.000000 88.630045 94.143271 38.260687 0.000000
786 2.000000 2.000000 89.053507 94.394391 38.245161 0.000000
787 2.000000 2.000000 89.474227 93.817275 38.242743 0.000000
788 2.000000 2.000000 89.602485 93.939178 38.237781 0.000000
789 2.000000 2.000000 89.056062 93.874595 38.252740 0.000000
790 2.000000 2.000000 89.733168 93.289445 38.244255 0.000000
791 2.000000 2.000000 89.712040 93.512552 38.241454 0.000000
792 2.000000 2.000000 89.772404 92.144061 38.260286 0.000000
793 2.000000 2.000000 89.687874 92.067521 38.263406 0.000000
794 1.000000 2.000000 89.919480 91.592200 44.670406 0.000000
795 2.000000 1.000000 89.887162 93.242875 42.367661 0.000000
796 2.000000 2.000000 89.494000 91.563617 38.275533 0.000000
797 2.000000 2.000000 89.553643 91.896565 38.269157 0.000000
798 2.000000 2.000000 89.648334 91.605774 38.271175 0.000000
799 2.000000 2.000000 89.941301 93.118042 38.241977 0.000000
800 2.000000 2.000000 89.861753 93.537814 38.237574 0.000000
801 2.000000 0.000000 90.207195 93.354464 46.866559 0.000000
802 0.000000 2.000000 91.207749 93.055361 53.228322 0.000000
803 2.000000 2.000000 91.710264 90.162959 38.254027 0.000000
804 2.000000 2.000000 91.925026 90.314365 38.248945 0.000000
805 2.000000 2.000000 91.852272 89.570015 38.261084 0.000000
806 2.000000 2.000000 91.848941 94.230842 38.190904 0.000000
807 2.000000 2.000000 91.617029 90.057830 38.256896 0.000000
808 2.000000 2.000000 91.685252 93.993477 38.196735 0.000000
809 2.000000 2.000000 92.045062 94.413111 38.185623 0.000000
810 2.000000 2.000000 91.683681 93.681112 38.201457 0.000000
811 2.000000 2.000000 91.556234 94.215492 38.195270 0.000000
812 2.000000 2.000000 91.974239 94.281442 38.188502 0.000000
813 2.000000 2.000000 91.957474 94.065752 38.191969 0.000000
814 2.000000 2.000000 91.702477 93.990502 38.196536 0.000000
815 2.000000 2.000000 92.029579 93.554424 38.198773 0.000000
816 1.000000 2.000000 92.550426 93.805181 44.611048 0.000000
817 2.000000 1.000000 91.782471 93.881528 42.389921 0.000000
818 2.000000 2.000000 91.967664 91.350018 38.232797 0.000000
819 2.000000 2.000000 92.180975 91.478914 38.228314 0.000000
820 2.000000 2.000000 92.146127 88.349278 38.275983 0.000000
821 2.000000 2.000000 91.896057 91.043423 38.238321 0.000000
822 2.000000 2.000000 92.513934 89.806031 38.250160 0.000000
823 2.000000 0.000000 91.482047 91.385682 46.843299 0.000000
824 2.000000 2.000000 92.294005 91.375608 38.228624 0.000000
825 0.000000 2.000000 92.331761 86.684329 52.847957 0.000000
826 2.000000 2.000000 92.401185 91.248447 38.229424 0.000000
827 2.000000 2.000000 92.632912 87.982911 38.276722 0.000000
828 2.000000 2.000000 92.213299 91.178689 38.232486 0.000000
829 2.000000 2.000000 92.520130 91.324266 38.227098 0.000000
830 2.000000 2.000000 92.997264 87.442387 38.282154 0.000000
831 2.000000 2.000000 92.808904 90.827976 38.232077 0.000000
832 2.000000 2.000000 93.242380 90.891259 38.228111 0.000000
833 2.000000 2.000000 93.289342 91.212087 38.222952 0.000000
834 2.000000 2.000000 93.633141 90.612798 38.230506 0.000000
835 2.000000 2.000000 93.697077 86.599569 38.291685 0.000000
836 2.000000 2.000000 93.890841 88.799549 38.257517 0.000000
837 2.000000 2.000000 93.955920 89.062761 38.253356 0.000000
838 1.000000 2.000000 93.792235 90.565436 44.522822 0.000000
839 2.000000 2.000000 91.828409 91.344790 38.234655 0.000000
840 2.000000 2.000000 94.104403 89.444492 38.247289 0.000000
841 2.000000 1.000000 92.004195 91.792753 42.372549 0.000000
842 2.000000 2.000000 92.246723 87.912165 38.281496 0.000000
843 2.000000 2.000000 94.108181 91.517799 38.215454 0.000000
844 2.000000 2.000000 93.984544 91.915510 38.209553 0.000000
845 2.000000 0.000000 94.345040 92.429144 47.010370 0.000000
846 2.000000 2.000000 91.502082 92.456632 38.222505 0.000000
847 2.000000 2.000000 91.239849 92.856145 38.220599 0.000000
848 2.000000 2.000000 91.720781 92.703604 38.215647 0.000000
849 2.000000 2.000000 94.639625 92.721375 38.196975 0.000000
850 0.000000 2.000000 93.921865 93.677290 53.114380 0.000000
851 2.000000 2.000000 94.504557 94.659894 38.166971 0.000000
852 2.000000 2.000000 94.825512 94.781741 38.165517 0.000000
853 2.000000 2.000000 94.032390 92.851263 38.195107 0.000000
854 2.000000 2.000000 94.175264 94.737480 38.165921 0.000000
855 2.000000 2.000000 94.320361 93.141570 38.190330 0.000000
856 2.000000 2.000000 94.250828 92.819945 38.195310 0.000000
857 2.000000 2.000000 95.257755 93.201070 38.191477 0.000000
858 2.000000 2.000000 95.261805 93.506770 38.186758 0.000000
859 2.000000 2.000000 94.971989 92.805277 38.196458 0.000000
860 2.000000 2.000000 95.555925 93.437710 38.189471 0.000000
861 2.000000 2.000000 94.762193 93.704056 38.182024 0.000000
862 2.000000 1.000000 95.097954 93.922894 42.462295 0.000000
863 2.000000 2.000000 95.254469 92.942768 38.195465 0.000000
864 2.000000 2.000000 95.645856 94.481908 38.173835 0.000000
865 2.000000 2.000000 95.378327 89.015917 38.257021 0.000000
866 1.000000 2.000000 95.070819 93.135203 44.537174 0.000000
867 2.000000 2.000000 94.944532 94.041792 38.177256 0.000000
868 2.000000 2.000000 95.617189 94.558381 38.172454 0.000000
869 2.000000 0.000000 95.234596 94.282602 47.124002 0.000000
870 2.000000 2.000000 95.065497 93.051744 38.192972 0.000000
871 2.000000 2.000000 95.526614 92.952127 38.196828 0.000000
872 0.000000 2.000000 95.403539 89.212820 52.846670 0.000000
873 2.000000 2.000000 95.631095 95.101983 38.164096 0.000000
874 2.000000 2.000000 97.609349 95.511634 38.181837 0.000000
875 2.000000 2.000000 97.094391 95.512515 38.173376 0.000000
876 2.000000 2.000000 97.581829 95.525054 38.181134 0.000000
877 2.000000 2.000000 97.727431 95.716651 38.180751 0.000000
878 2.000000 2.000000 97.618717 95.253734 38.186079 0.000000
879 2.000000 2.000000 97.605487 96.008790 38.173914 0.000000
880 2.000000 2.000000 97.514941 95.925715 38.173636 0.000000
881 2.000000 2.000000 97.584906 95.563906 38.180575 0.000000
882 2.000000 2.000000 98.096521 95.936655 38.184525 0.000000
883 2.000000 2.000000 97.507037 96.567489 38.163370 0.000000
884 2.000000 2.000000 98.021163 96.145035 38.179676 0.000000
885 2.000000 2.000000 97.911266 96.009989 38.179622 0.000000
886 1.000000 1.000000 98.277952 95.969927 46.149994 0.000000
887 2.000000 2.000000 97.964647 96.560793 38.171953 0.000000
888 2.000000 2.000000 97.499478 96.513092 38.164099 0.000000
889 2.000000 2.000000 97.872616 96.435224 38.172137 0.000000
890 2.000000 2.000000 97.981422 96.385240 38.175069 0.000000
891 2.000000 2.000000 97.897351 96.474260 38.171999 0.000000
892 0.000000 2.000000 97.890139 96.545138 53.095613 0.000000
893 2.000000 2.000000 98.292035 96.669871 38.177049 0.000000
894 2.000000 0.000000 98.190439 96.749451 47.405791 0.000000
895 2.000000 2.000000 98.046723 96.559744 38.173622 0.000000
896 2.000000 2.000000 98.066709 96.789531 38.170387 0.000000
897 2.000000 2.000000 98.097810 97.374643 38.161747 0.000000
898 2.000000 2.000000 98.087539 97.135098 38.165335 0.000000
899 2.000000 2.000000 97.932303 97.018951 38.164057 0.000000
900 2.000000 2.000000 98.087338 97.194562 38.164388 0.000000
901 2.000000 2.000000 98.583845 97.307124 38.173527 0.000000
902 2.000000 2.000000 98.259110 97.362055 38.165343 0.000000
903 2.000000 2.000000 99.994710 97.671492 38.206885 0.000000
904 2.000000 2.000000 98.390129 97.107454 38.172263 0.000000
905 2.000000 2.000000 98.354798 97.495074 38.165317 0.000000
906 2.000000 2.000000 98.952764 97.475525 38.179917 0.000000
907 1.000000 1.000000 98.128738 97.594698 46.123225 0.000000
908 2.000000 2.000000 98.552203 97.200151 38.174489 0.000000
909 2.000000 2.000000 98.533268 97.202206 38.174016 0.000000
910 2.000000 2.000000 97.273849 97.063565 38.151708 0.000000
911 2.000000 2.000000 97.052921 97.610687 38.139767 0.000000
912 2.000000 2.000000 97.365761 98.073297 38.137262 0.000000
913 2.000000 0.000000 99.906381 97.473266 47.568545 0.000000
914 2.000000 2.000000 97.010009 97.743882 38.137061 0.000000
915 2.000000 2.000000 97.543292 98.015265 38.141139 0.000000
916 0.000000 2.000000 97.549536 97.014617 53.125692 0.000000
917 2.000000 2.000000 99.957739 98.083610 38.199070 0.000000
918 2.000000 2.000000 96.885988 97.779489 38.134794 0.000000
919 2.000000 2.000000 96.765165 98.129594 38.127723 0.000000
920 2.000000 2.000000 96.733127 98.181693 38.126503 0.000000
921 2.000000 2.000000 96.781976 98.036265 38.129402 0.000000
922 2.000000 2.000000 96.729026 98.091220 38.127871 0.000000
923 2.000000 2.000000 96.851953 98.290326 38.126321 0.000000
924 2.000000 2.000000 96.630016 98.244937 38.124257 0.000000
925 2.000000 2.000000 96.709425 98.243546 38.125239 0.000000
926 2.000000 2.000000 96.483765 98.356132 38.120841 0.000000
927 2.000000 2.000000 96.373521 98.355429 38.119672 0.000000
928 2.000000 2.000000 96.529565 98.456660 38.119777 0.000000
929 2.000000 2.000000 96.557360 98.477375 38.119768 0.000000
930 2.000000 1.000000 96.053801 98.419838 42.536710 0.000000
931 1.000000 2.000000 96.659206 98.447373 44.591624 0.000000
932 2.000000 2.000000 96.607899 98.491699 38.120129 0.000000
933 2.000000 2.000000 96.443254 98.503361 38.118095 0.000000
934 2.000000 2.000000 96.066629 98.508124 38.114368 0.000000
935 2.000000 2.000000 96.559271 98.783490 38.114995 0.000000
936 2.000000 2.000000 96.287110 98.515492 38.116293 0.000000
937 0.000000 0.000000 96.431419 98.658247 50.496768 0.000000
938 2.000000 2.000000 96.633393 98.526199 38.119889 0.000000
939 2.000000 2.000000 96.238879 99.970137 38.093098 0.000000
940 2.000000 2.000000 96.290104 98.993045 38.108859 0.000000
941 2.000000 2.000000 96.475109 99.978438 38.095352 0.000000
942 2.000000 2.000000 96.147017 99.961863 38.092386 0.000000
943 2.000000 2.000000 96.156880 98.818325 38.110327 0.000000
944 2.000000 2.000000 95.738048 99.894487 38.090266 0.000000
945 2.000000 2.000000 96.708919 99.626356 38.103547 0.000000
946 2.000000 2.000000 96.182510 99.419749 38.101170 0.000000
947 2.000000 2.000000 96.006728 99.897073 38.092203 0.000000
948 2.000000 2.000000 95.687605 99.365953 38.098161 0.000000
949 2.000000 2.000000 95.515476 99.860229 38.089467 0.000000
950 2.000000 2.000000 95.693910 99.967119 38.088851 0.000000
951 2.000000 2.000000 95.569745 99.613449 38.093601 0.000000
952 2.000000 1.000000 95.089360 99.978259 42.519862 0.000000
953 1.000000 2.000000 95.282078 99.878597 44.636268 0.000000
954 2.000000 2.000000 95.390817 99.329201 38.097081 0.000000
955 2.000000 2.000000 95.269918 99.904123 38.087638 0.000000
956 2.000000 2.000000 95.439864 99.909310 38.088316 0.000000
957 2.000000 2.000000 95.049768 99.839067 38.087900 0.000000
958 2.000000 0.000000 95.142770 99.859619 47.311524 0.000000
959 2.000000 2.000000 94.940424 99.952704 38.085871 0.000000
960 0.000000 2.000000 95.057193 99.848788 53.350447 0.000000
961 2.000000 2.000000 94.388850 99.483589 38.092725 0.000000
962 2.000000 2.000000 94.748164 99.904924 38.086293 0.000000
963 2.000000 2.000000 94.093178 99.903937 38.086738 0.000000
964 2.000000 2.000000 94.242256 99.922574 38.086150 0.000000
965 2.000000 2.000000 44.011687 99.810923 42.406619 0.000000
966 2.000000 2.000000 94.161812 99.648951 38.090501 0.000000
967 2.000000 2.000000 93.962434 99.750531 38.089454 0.000000
968 2.000000 2.000000 94.278629 99.928801 38.085999 0.000000
969 2.000000 2.000000 93.744555 99.602104 38.092529 0.000000
970 2.000000 2.000000 93.897275 99.850406 38.088137 0.000000
971 2.000000 2.000000 93.948903 99.927387 38.086784 0.000000
972 2.000000 2.000000 93.668296 99.891726 38.088438 0.000000
973 2.000000 2.000000 93.678909 99.981552 38.087014 0.000000
974 2.000000 2.000000 93.695425 99.872690 38.088604 0.000000
975 1.000000 1.000000 93.564546 99.995840 45.950435 0.000000
976 2.000000 2.000000 93.959942 99.490805 38.093444 0.000000
977 2.000000 2.000000 93.456667 99.534373 38.095006 0.000000
978 2.000000 2.000000 93.988370 99.948737 38.086335 0.000000
979 2.000000 2.000000 66.052573 99.927601 39.782492 0.000000
980 2.000000 2.000000 93.626389 99.997730 38.087018 0.000000
981 2.000000 0.000000 93.816407 99.537420 47.228866 0.000000
982 2.000000 2.000000 93.803912 99.986038 38.086406 0.000000
983 2.000000 2.000000 93.746342 99.267908 38.097637 0.000000
984 2.000000 2.000000 93.725858 99.844701 38.088897 0.000000
985 0.000000 2.000000 93.356323 99.834408 53.439432 0.000000
986 2.000000 2.000000 93.433271 99.951952 38.088767 0.000000
987 2.000000 2.000000 93.321395 99.651532 38.094048 0.000000
988 2.000000 2.000000 93.491631 99.884638 38.089458 0.000000
989 2.000000 2.000000 93.318622 98.007580 38.119140 0.000000
990 2.000000 2.000000 93.467528 99.807760 38.090769 0.000000
991 2.000000 2.000000 53.592900 99.969518 41.197342 0.000000
992 2.000000 2.000000 93.301482 99.911987 38.090206 0.000000
993 2.000000 2.000000 93.340546 99.969271 38.089077 0.000000
994 2.000000 2.000000 93.106437 98.020186 38.120403 0.000000
995 2.000000 2.000000 93.040468 99.904900 38.092223 0.000000
996 1.000000 2.000000 93.857274 99.802852 44.671116 0.000000
997 2.000000 1.000000 92.841796 99.901407 42.465088 0.000000
998 2.000000 2.000000 93.012576 97.460173 38.129642 0.000000
999 2.000000 2.000000 93.267486 99.813749 38.091932 0.000000
1000 2.000000 2.000000 58.310069 97.435718 40.661916 0.000000
