1  -0                        0.07699024383746791433   0.36642516294457599946   0.86253320449090875588   0.51973149286390551982   4.3123453401926319373    1.0238887652094319503 
2  -0                        0.22680675727659993512   0.91748619834647660021   0.49459376616556982587   0.43972993315098107825   5.6469683516338431417    1.1908914222307733777 
3  -0                        0.39108438099526904308   0.09241267804345411341   0.06798003808408510651   0.18741219613966816904   4.83781038005959374      0.14906439062095017123
4  -0                        0.42561534587797134055   0.06939580885446533509   0.46996530849252954321   0.23213783914133390152   4.9657532429699990928    0.37978041048796967738
5  -0                        0.43509752303620274905   0.60659859399371751643   0.74470844784116108084   0.20919793297750827188   4.6028273155409067385    1.025157339012473301  
6  -0                        0.47793202055942551887   0.78480738540850758511   0.64424246712872823561   0.2520565643850845583    3.9569014749698654398    1.1830558055462081501 
7  -0                        0.52155451741105751662   0.88786760094106842445   0.2405614506603594438    0.61528569753823936228   3.6269394765885332177    1.3477521334338185    
8  -0                        0.5400723994439635689    0.25855533663801744115   0.05553612879466641311   0.7435452621317341082    3.7532028551131744187    0.79884403314994378853
9  -0                        0.6610345621157983631    0.43844311085865905753   0.10239430380854622205   0.98775965839618806719   4.5403419734876182545    1.4603883776665620431 
10  -0                        0.67936813675597496065   0.05573701868479536553   0.96391856902183925548   0.35603794313316183828   4.414114635282215815     1.3703177407321669445 
11  -0                        0.74117766466577950091   0.97658798283631631509   0.88731531992724987923   0.70279261049227614855   6.1499350434118182918    2.5796422884331238201 
12  -0                        0.84976616020914308436   0.01809722263135416995   0.95236366142992945338   0.20297011166414480332   5.9048586711823745077    1.5129639470377238553 
13  -0                        0.9752593856340412426    0.44620798393297195217   0.64109880252114925803   0.76023065850237159236   5.3662733953806416309    1.9602723546465885551 
14   1                        0.0238246759539061867    0.48074265253933673447   0.85427492023871165472   0.0713534986161052931    3.6554923476855236686    0.84757221748189826016
15   1                        0.08161659627445427834   0.25331649458718402679   0.03655225574983103631   0.39131224303676565013   3.5180858599399167375    0.16986695533915033285
16   1                        0.09602120958455401256   0.54733813426628197263   0.90270763658422681353   0.16002323853131922293   4.0147922526880508443    1.0191878287919970969 
17   1                        0.11948226544714585229   0.92619886458530065187   0.256557791433426996     0.2302055630716973722    3.2463618146301209677    0.87041083629413162903
18   1                        0.14184757816555154664   0.85796809406531238107   0.67898940633306958947   0.56957880950197081749   4.2602867595797269118    1.3903775312256945185 
19   1                        0.18881598836109414474   0.7163711643918350136    0.94862825886267898579   0.08782278468455718967   4.5314350002547243434    1.3094995773202444678 
20   1                        0.20856650674635696108   0.66457941142203746931   0.38598040827130442043   0.54065632438488686606   4.4502495745098844537    0.81004644330576225375
21   1                        0.24488513883875803745   0.23984795620940810301   0.48087597136778664764   0.45745010591332108119   4.9045887934824365928    0.46853023684243572111
22   1                        0.26265588919228316511   0.57794972047348269761   0.16945457312777978398   0.94027904614160739971   5.572938096817438236     1.1763714585397917478 
23   1                        0.32694348756106189624   0.55224064411973594613   0.08310422482600068883   0.54736020380336802837   5.4142988526402398008    0.61633154541907708701
24   1                        0.33052811419370770052   0.60815200605060715233   0.05075768462912125939   0.32412458497661272849   5.0919717787326224112    0.49488909318169260754
25   1                        0.39856681281108569115   0.35505434765085913673   0.66552663685230695201   0.79715627646100617465   7.0931601659293228579    1.2212584726839303961 
26   1                        0.48198341517475978835   0.01147801159123843819   0.27088333634913042136   0.91129579048866771185   7.8226397260665612166    1.0069384061552282272 
27   1                        0.48401463423390284069   0.51486519368990912859   0.43319455163022374533   0.2410503761407570833    6.603388865362926019     0.64112503264257503233
28   1                        0.5071505228130032128    0.80261576404855949907   0.32364440743989408844   0.80245107450020758399   7.4081520732516858985    1.4934047226093249972 
29   1                        0.51432669914940531974   0.57147135882719213296   0.99204280301929526065   0.18987558236109922105   7.5211454939569710731    1.456547490568024239  
30   1                        0.55473687706299512623   0.84811253837032996028   0.72279406753247466      0.37897285123424906406   7.2969302447880473039    1.5343378278499477663 
31   1                        0.56394820256716293727   0.89411639267627995853   0.13537468684915793249   0.9132426867692831074    7.7406075728445529194    1.7982886051551010276 
32   1                        0.58293950416495543543   0.65975576297933136161   0.75254681959295344207   0.83435896734761982874   8.2845504986023854599    1.8630543004651687333 
33   1                        0.60165493074098019832   0.96326577993372120012   0.73540542033766520547   0.97166005058858084809   8.3882328199409652569    2.5704980924687665933 
34   1                        0.62823520473675698028   0.80402675666008771582   0.18800553520675877817   0.95316716457092365289   7.888505664910054449     1.8128053955234844086 
35   1                        0.64363443114134344381   0.05958998657101532287   0.29877610702411644406   0.44438637529508828727   7.333836508889044481     0.60354612154144871017
36   1                        0.66423316451167535579   0.03063682740429342355   0.55694494550417750212   0.76806984338352224384   8.0390629798645054649    1.2013494110419578043 
37   1                        0.68144598337575923441   0.36952823565842779496   0.69550405827432493222   0.22629098532867875093   7.106063876932940282     1.0065389799973800677 
38   1                        0.69662369323256978504   0.22274220557295301703   0.33707450971777419557   0.19917207446488832678   6.6693262541173909952    0.58839732395176391755
39   1                        0.79642064721426475415   0.19760316159986032747   0.31155343411945585208   0.79393173932329086373   6.3546112866267892016    1.2566919170122630156 
40   1                        0.82092687865740776587   0.14704580394808336452   0.50059942414532399013   0.17330949696183889364   5.2371078178702656913    0.85658338606090966838
41   1                        0.86489692860769507021   0.82066556261867884547   0.45868417921631693401   0.2838799125244561572    4.2643826129891078125    1.5528448970120887207 
42   1                        0.99464535682430621488   0.27567606187697407671   0.16098232189029973438   0.31340514894328197482   3.0820593610243633975    1.0570333625244214826 
43   2                        0.03328014709830287576   0.26114239837348979245   0.7415324455875745846    0.28442081761183701794   6.3196954894761683263    0.59938712026937468469
44   2                        0.04440181578705129639   0.04773230905079569458   0.80743638874670409233   0.55219773859907816949   6.4310661916548497175    0.84248573205191135127
45   2                        0.13434373504164251467   0.8160404781457131218    0.25232660821460339839   0.97230704156037117691   6.3177584452787041158    1.5342811238294657983 
46   2                        0.14764914941965814887   0.21816352929690935314   0.94364500658950889456   0.04947592072036953448   5.7554400207313340943    0.8435939019569366204 
47   2                        0.15971107600622602707   0.9529258647870565424    0.16706899843343275824   0.96382419648948691737   6.1748467484537785666    1.7224839199533221734 
48   2                        0.18359669584026483413   0.09127565213927897603   0.44532676741511717511   0.84242713645809030876   5.8260175721205600397    0.83210725969032683924
49   2                        0.29079626833060673308   0.02456041470183068995   0.27463831294016877171   0.81094167465505695436   4.9814631864548566398    0.70905526227178206078
50   2                        0.29509917980132138737   0.23525772774667891296   0.6047293427206411609    0.21329721569579496165   4.9670264756133954975    0.46452194599166352074
51   2                        0.3536747980494226451    0.92802812474407914145   0.84291637821563436539   0.33539206732702259162   5.1404148631549952952    1.645085561488217607  
52   2                        0.37664641414132121744   0.39936350074209353567   0.46364361986882135502   0.13939556285911133826   4.5499279722989935948    0.44816280284800236178
53   2                        0.38605890253141028623   0.69914291821772767133   0.77493105205216705755   0.99632082354750506337   5.3671570745599810337    2.0482145568475478292 
54   2                        0.41002992646164027057   0.78897284096408926146   0.65489463355459609506   0.68001049092412235719   4.9953929777841024062    1.523699884462705656  
55   2                        0.44564916439392815439   0.13089368258949687918   0.15220579403457368262   0.02706372393552766362   4.1273115072967749839    0.18235092385856732644
56   2                        0.45763251690883949285   0.92347650023910132777   0.28413400711122294151   0.55974689582263748022   4.6560045863469987637    1.3093455412943562077 
57   2                        0.49028842328076444046   0.00509232706508886204   0.82445752989511411624   0.97842290595602776637   4.8110754161863527045    1.710081419520350865  
58   2                        0.57884929275206498112   0.02062374729770788742   0.52355922481966188364   0.86283421762912393405   4.582289811653961209     1.2125385797642851404 
59   2                        0.59513879683686854438   0.32854307254323339427   0.91903809300135774762   0.25738107247217117957   4.5742244716489759426    1.2304438063758136312 
60   2                        0.68432482152439766399   0.21479427636945488955   0.6161618248867247738    0.71328970265045987809   5.1458613535175929954    1.2587271256851435552 
61   2                        0.70776268407976317132   0.6959066484011492415    0.41511370147557785648   0.36652803441754727709   5.2378234370122243035    1.153706596826767683  
62   2                        0.71078771691648001685   0.31674641345644982682   0.76497652427688622723   0.87254611399223702684   5.5819575172798376883    1.7813337529609341026 
63   2                        0.72119598575895549342   0.20561868875325159389   0.9650374283532233699    0.46801756441686709342   5.3744692136418503736    1.5530569898019643826 
64   2                        0.76381735557686014637   0.29268351723642171969   0.5887414439555120893    0.72984293443473124974   5.6627385289222154086    1.3967322562029160782 
65   2                        0.85488171247832522859   0.52742456256119185642   0.5871181318087312917    0.27655722647638925071   6.0384036669369436368    1.2846090195297510395 
66   2                        0.87474357284762516151   0.11571663736452270088   0.62684892304773653926   0.63003563054232758489   6.1587620632400899012    1.4158101029451235497 
67   2                        0.87939336991854788472   0.75095223657762444347   0.36666683672896277502   0.89016962789235853926   6.4282259397209990937    2.0799278108941128274 
68   2                        0.95506709236816200725   0.62996959695079590702   0.70183483133600910175   0.80784842005554791111   6.8423721682137230715    2.2622884718125058079 
69   2                        0.98598504864005021009   0.4577036741165685374    0.72456016991579907938   0.11274142490810282191   6.3066651348623130602    1.5593581592467149477 
70   3                        0.02550389154011008588   0.8453212359858027769    0.24588781984008098447   0.08890625767524033829   3.3871525821670260825    0.67683951232491901262
71   3                        0.05903013049416014346   0.74360428800704059249   0.22327193245926685305   0.5938635178389640723    3.6412749626343150489    0.84045449546000039476
72   3                        0.09345996113528030891   0.37313716719046635673   0.35892383011871104026   0.8517150130727595414    4.5132782260833073096    0.88097903491143858545
73   3                        0.22829793324514710551   0.39267074773848770208   0.67061112667867250892   0.65492033945371408432   4.4722877781084262594    0.95865526843630244347
74   3                        0.30906312928652929228   0.0322293241043177664    0.02397497321850968963   0.26828863188258572636   4.1520727680324398534    0.12161449859806801321
75   3                        0.32367464903361969908   0.25116371211576360434   0.2010429858949601134    0.0112826508822111999    4.1405378973094277839    0.15523757004462548914
76   3                        0.34038687373054843377   0.95608987860942484804   0.19500481223478091652   0.29800920316158080459   3.5115383116737302061    1.0262699627142095604 
77   3                        0.37492323040192093719   0.49670068997999206051   0.3814576722843241452    0.78829383336666369875   4.7208745508148872716    1.0238104772625067351 
78   3                        0.42313052324185396191   0.47778015265748374762   0.23956964255300575162   0.07497206375537721068   4.182227049750506076     0.38850843221766923063
79   3                        0.45170435485516308161   0.38755133190740626015   0.19869750824167800585   0.53561539889211184917   4.3760249915647992935    0.58138075421175150481
80   3                        0.52457467082342479348   0.32020069897552039251   0.638227245015610678     0.00672139655396374828   4.5056782325584601168    0.67823614898184370059
81   3                        0.58723438408114814191   0.31229727313208799355   0.53420184047478291856   0.89329597454641385124   4.7592506107197838361    1.3752291570622918737 
82   3                        0.65880790470885297605   0.38315910430605504278   0.68179924551905113361   0.70519387683765821784   4.072067140222650039     1.3916223162678944547 
83   3                        0.69493924644937254964   0.94810881522300394231   0.56911428317174184155   0.17146892830437721056   2.935849676791281837     1.5743937331842161598 
84   3                        0.71706681660121929234   0.72770302684784471392   0.12744541934026532015   0.69100115550938090436   3.0177275440497060011    1.3863746802768688315 
85   3                        0.73292865395474449119   0.34110115564733300975   0.05601638721488797629   0.77912295103890893966   3.4853122208427369522    1.1270927858787302966 
86   3                        0.79197560677769951454   0.98928032284352940273   0.02406556884200907603   0.41748130824730761423   2.6275001433087652458    1.6178700617170522769 
87   3                        0.80124784487328681859   0.7958042581574535923    0.78048385465715175435   0.60043527746210689777   3.7808749524781326556    2.061595625477439242  
88   3                        0.82697826357162040889   0.1247165143621890987    0.55017444130549542081   0.67195246396212671147   4.5024481573126138301    1.30685579497663662   
89   3                        0.8313646133205305766    0.63391710512757226681   0.50671930771384365855   0.32062426089323692313   3.7158509094388487703    1.3058347324456607286 
90   3                        0.85854146183900104106   0.4742756486791827597    0.63573521835257651436   0.10299359582806788538   4.2138785376519951598    1.2340327480052206699 
91   3                        0.88862667122497840388   0.20869642298591706275   0.06840519911246495388   0.86835313462939878182   4.8450557387803030451    1.4381197092646409441 
92   3                        0.90404447866511639109   0.18033931299400035586   0.31924987767805573791   0.57968378590319391552   4.8030378818033581112    1.1498286348658153244 
93   3                        0.91119808945413638401   0.28426214530977006456   0.71424669119488604085   0.03090636219617592939   4.9611315075783464223    1.2770271804464450316 
94   3                        0.92448353826265861066   0.994488461470810714     0.21264835397076053969   0.75480765098678126446   4.2878876637841338848    2.266536994939650107  
95   3                        0.95044628258478969229   0.40967734984999459869   0.7987186023552712566    0.8228428717830318373    5.7665498733576248114    2.1970198700304597317 
96   3                        0.96830141522742374516   0.10278707144101779936   0.00544289936252005929   0.93408648336913591148   5.6309891368504860765    1.6559586740608200905 
97   3                        0.9832445289807497657    0.40507598477813322457   0.83072148864779660205   0.49070955945521349539   5.511345691345591824     1.8861717121703900357 
98   4                        0.00598946986766286937   0.68702714219573590704   0.01578534955898890091   0.04309490400904205515   5.4299524405850547737    0.39198171224891947828
99   4                        0.02971043768658079842   0.49431429829316081426   0.0297502875164501121    0.56780711338292044754   5.7868614313005100058    0.47817530692577592255
100   4                        0.06033817666590636508   0.27727656689781615684   0.48431763373136466067   0.90591059146959118653   6.2127239161218810182    1.0064517256388085809 
101   4                        0.08605220774050154064   0.61971589333371157604   0.18049437147017902139   0.03753461168276486098   5.391422724413198253     0.34781389959063707673
102   4                        0.0890908484703606951    0.33242198917652060475   0.59773377092968060786   0.09945247596303291582   5.5575838547448448423    0.40241639145022128909
103   4                        0.12438630718933099684   0.59360522849150132441   0.85074121274397274117   0.59142160330047399697   6.6093027518460001346    1.2952136761559034372 
104   4                        0.16359183153873119165   0.7685604105071538461    0.83894423966364572998   0.53989293145944672325   6.6945040318752582209    1.4579223856076268806 
105   4                        0.17517099762129853535   0.09931047801284829946   0.62155059867667750151   0.39584303424969385921   5.7766399950821316622    0.49198132810381117741
106   4                        0.19275818657333920747   0.73269287782271697029   0.07308076004802266379   0.20661801289082926125   5.6231085651794643354    0.5273468117532146282 
107   4                        0.21424524505209299741   0.50032225296281329641   0.17562625308978049854   0.18285477336935110348   5.4141502451452927502    0.28935761673498450186
108   4                        0.25636912617561619099   0.0873759712715111575    0.13779940346949720587   0.88453511347634139472   5.8782667892310502822    0.76174684456393704224
109   4                        0.27789709138821272472   0.47050093432760353718   0.40813626287694465544   0.45503515347443407313   5.7829710699134793117    0.5736493213699953575 
110   4                        0.31724963938567085631   0.70346303669816412363   0.94486110765134478928   0.0639302902985201954    6.3084018564045418742    1.3435608330272110766 
111   4                        0.34900954809808393264   0.45091942938950829722   0.87193051617684091958   0.52319397723469740491   6.4076442972132428011    1.2173098048780419678 
112   4                        0.49658093449486911952   0.42509291970569013097   0.61113367487283742907   0.5963580426993682071    6.0126569616126497309    1.0259087089784493241 
113   4                        0.50141078968099572766   0.75738245821776384314   0.17980611562258708158   0.86440468128034952944   6.2244124314993864999    1.4501335466550744346 
114   4                        0.51984739280954173068   0.15755070186535610754   0.11755909694488138328   0.47229750368657930082   5.375516146270094886     0.4446863498520051694 
115   4                        0.55801826725481495917   0.54301634246553664997   0.61430485186593253299   0.64391170491834903711   6.1239977553518558651    1.2543409166332939453 
116   4                        0.58858005563369486524   0.68343508216539283762   0.09839062372371336351   0.07695956288114179367   5.2967034610582413023    0.71920014654420616473
117   4                        0.62306714578044308794   0.57308437377053411677   0.44911509607385730058   0.85844068394565042901   6.1500332759007303451    1.4983481070898645449 
118   4                        0.66911101334940426      0.74603441261268088613   0.91100539619918108336   0.71603036052454971383   6.7645893951174711489    2.1593182170720446322 
119   4                        0.68929104125902318501   0.19406396900910510839   0.40155177124439545011   0.92527350037667743798   5.8859252278454059493    1.3794396530261989753 
120   4                        0.70322109613642591608   0.91492470740595011058   0.22942189777768726144   0.09529814426957121387   5.5088538812367486841    1.2496806296465989838 
121   4                        0.74660468007032865234   0.76405542449002517014   0.88352791317820733585   0.6670749505681625724    6.6288020813743360193    2.1784105586464770354 
122   4                        0.84167484125627078928   0.40100228708819535273   0.39475061426562041422   0.35227469678695189081   5.3030063392680606427    1.0190534127929447017 
123   4                        0.88145701526884390198   0.01531136124378800444   0.71707155971440295072   0.48106038197247785737   5.6070031791472896288    1.37246505335143687   
124   4                        0.92086766883099169245   0.42903249027324663611   0.26223437859542536588   0.62510880009762681553   5.4388337461772380266    1.3428367319741902897 
125   4                        0.93700034848623925399   0.83441891574543414212   0.92952744184842506225   0.05629599177099205154   6.0097552671666747415    2.2500084805019615608 
126   5                        0.03619710751068710985   0.11760260267034233772   0.84412306299715378355   0.40886282589120387376   7.2863319361921279338    0.7805135604813852046 
127   5                        0.12381195728569570347   0.72203795858426911281   0.77821278969063722997   0.01901575546875031858   6.6541484037021909614    1.0129329939829669893 
128   5                        0.1396889466968572191    0.13218277375869982859   0.76906159341266877583   0.73725997178472102433   7.5015049199702596994    1.0405762394383550884 
129   5                        0.14872866460232264663   0.30217195565583460093   0.60386541172113861187   0.50959390628747502916   7.1574085649532346309    0.63430700036045772894
130   5                        0.20119432917265089866   0.17059762628064437107   0.73861206449163430143   0.74801951622870277436   7.4697691631805840373    1.0430925580862071556 
131   5                        0.27557817953070118389   0.86142109196759319989   0.78475787720194967179   0.89836341847627498858   7.2833204207857136225    2.0576775485834115642 
132   5                        0.37186333024871148778   0.99799094512453090378   0.49854982121068747158   0.37372823419648415477   6.7170736975376570399    1.3721625522796558894 
133   5                        0.38031886453282059968   0.65591157742773920081   0.45542074785647462809   0.5007358937982320235    6.9326059183419550536    0.90986699347582622455
134   5                        0.40749650688550820288   0.87591334740722404106   0.10405232520402696306   0.72066414728310523863   6.6797381350399351874    1.3161505394169925598 
135   5                        0.4389951712579920895    0.48929745508667488174   0.97222257887297836021   0.49703904626170153369   7.2958214795187528168    1.4689849544129089942 
136   5                        0.44194238251306638965   0.41682161005698648015   0.97170511048745944471   0.73470908398151135721   7.5642688530803940949    1.6868088281228539316 
137   5                        0.53979036635900623509   0.9669832450605424512    0.70996430067391236296   0.01502769541810911567   6.6546837506135503304    1.570166280693094496  
138   5                        0.6139927528505196852    0.29098568681603892427   0.80096629038009936608   0.15291095773617527365   7.1835874769570438048    0.99781868633673442837
139   5                        0.61635765033037337446   0.35991698446774783582   0.35498797592310887827   0.9932011040349493225    7.3821518619502191072    1.4666157451922763322 
140   5                        0.624656344656985274     0.71261880123536536225   0.28308468298313316236   0.31192639496548252298   6.9520184871728840648    0.94973211788909472908
141   5                        0.63787090442373206578   0.67675700697227303415   0.30598770672687974903   0.08018654911131284369   6.9235312591415674177    0.84605489363869923469
142   5                        0.64501330530015121845   0.97136983552281042087   0.56462309124894050072   0.95103583667032320914   7.2983671550474120693    2.3858847993131795384 
143   5                        0.65119463442154112975   0.5298748498703061971    0.14991400666858861745   0.58602088676440089454   7.0785688245393787454    0.94527845785901531972
144   5                        0.75821666971086920661   0.14113153496317834557   0.99917867984510466695   0.05525333546084661845   7.4124623021513000865    1.4422007643436116631 
145   5                        0.78160441668182711883   0.42201251212926871315   0.25131182877610247495   0.63721235823752642169   7.4191106740476033821    1.1218917593893793505 
146   5                        0.7943290648689328437    0.67224365468422031533   0.14240857534632286874   0.06587210092271493511   7.1665480454768326624    0.97984911997028900643
147   5                        0.84416931609720213814   0.85441353344414694426   0.83353653325362520032   0.24469557197128785631   7.3622512152617352044    2.0159183463920844481 
148   5                        0.89871757111389138917   0.72983305239813234255   0.6506575254310522638    0.11661130316942262819   7.3945756141817788887    1.6145648099364156014 
149   5                        0.94068429862537517039   0.5163684535493069383    0.35198903015162541497   0.38776017306460075496   7.6315000071907741486    1.2804263989507860266 
150   5                        0.96194507943232199221   0.56710143810862245761   0.58246557455567304906   0.14534272420623869926   7.5866649644356707327    1.4527634818399568495 
151   5                        0.97723826952214309927   0.46384752209108492949   0.87626044223929300259   0.64636584247890060961   8.1418925520360190262    2.1678200878800542029 
152   5                        0.99010992380560136628   0.32492750182303775652   0.39921231877319801606   0.49403489691159568897   7.8596266445266484979    1.3406947787246512593 
153   6                        0.01044577354435943274   0.9114647064328810222    0.98863488798696430582   0.82888585382534329948   7.1128292046758438971    2.301776396144946002  
154   6                        0.01307691319777558314   0.88804822015204665231   0.01123300647810870044   0.31834157526920120462   5.6125340540609043316    0.77623190585709067602
155   6                        0.05174837716942382732   0.93706127150754003896   0.21117232256177168037   0.91975865451892813152   6.5716664911185613818    1.608854421890021591  
156   6                        0.06420217949342964248   0.67092340164047747919   0.54146631207537521124   0.50610099807803077265   6.3983150662697081401    0.8822665610664163216 
157   6                        0.16552551049774641423   0.16778300239885760026   0.04419507354316187103   0.85484238429806247428   6.7249811151780276575    0.68118488056235337869
158   6                        0.1683352073990589115    0.82655847349170563643   0.89292300414594882874   0.34104884852307121301   6.6608212822093797456    1.4697154347044214528 
159   6                        0.2433626470815768994    0.07514045045970484116   0.51374239289056089497   0.66204856309808057802   6.93105355209857521      0.66153616922247782117
160   6                        0.25588885991831517019   0.58432501957945648385   0.51077607968421101514   0.58162141781710585686   6.5803660864189845725    0.88461668507047530596
161   6                        0.2680298641938785309    0.55743899580404143723   0.33056055308938037118   0.11137978323441459494   6.2174494035634300104    0.41939667419109033508
162   6                        0.28690078142911679127   0.898962375315595974     0.81591238803786980682   0.72725886671972894693   6.9119720547589231785    1.9084732657178835602 
163   6                        0.30685174290343464332   0.83875451486156193948   0.01708855496465427892   0.15116157345174849325   5.7556268369129686135    0.71146708310609529935
164   6                        0.36173030877433026697   0.50815081129226624679   0.57929713880347488697   0.02082964895871226851   6.4461745574582973717    0.62255145052060956168
165   6                        0.36687087301604237588   0.52169890220316561535   0.32726919856743635906   0.22086300857944018983   6.19379452659498142      0.47279336483605338692
166   6                        0.39436371736004105504   0.0481477257637651021    0.23444568493926098984   0.65878168658883817788   6.5861692517182159889    0.55017551352922566821
167   6                        0.47571731123042232392   0.79993589301871503849   0.9274791287806534168    0.39736541883958631516   6.5680742790861952329    1.7166392290032665979 
168   6                        0.54888251773847318571   0.63762762813680518015   0.08831502250496181539   0.218845713609560788     5.6201881838733998009    0.65821470926682790203
169   6                        0.57405529923784903712   0.84330173947832121062   0.37241293888269288992   0.81875620599248366549   6.2861674602709545212    1.6836497691806713295 
170   6                        0.59673992434533773555   0.04328922441492071699   0.95624683961929912712   0.42159151018913637587   6.7456201258436836454    1.3035000079498688663 
171   6                        0.63594628738424419101   0.06732524335275526239   0.63033086398950100016   0.76679551313882587937   6.6929588091496619029    1.2505608768513494233 
172   6                        0.67347862754610332559   0.75333764149745396921   0.66234407995323285601   0.8267003496379359273    6.4070792962720721775    1.9641335269360260529 
173   6                        0.76869732583702943263   0.1917073142164636701    0.4729387400199051017    0.69733353653022400742   6.05217535036704124      1.196930724566114046  
174   6                        0.77405081908731976359   0.73809684655771046202   0.04359515206320098424   0.36289054548714555493   5.0467189637203899721    1.1401530252838907309 
175   6                        0.7792586440656471547    0.0833842072587889227    0.91426022941764917285   0.67751052517106535866   6.4967703983040809845    1.7402832447935567828 
176   6                        0.78595720393721879571   0.14880086463429054167   0.22670860228378061918   0.00233098795226099626   5.4513382358405104711    0.59125038793842643603
177   6                        0.81310693789671806275   0.07646259210548889129   0.75858997532226835059   0.8789560614626286128    6.6434119246545551007    1.841479284276870354  
178   6                        0.81860389753119178202   0.90618991564637751956   0.10935876660359994395   0.84409308441544261825   5.4910677341317084554    2.0335839959820907197 
179   6                        0.89281695895940460517   0.62185896681106156425   0.90648343422042287898   0.96542319032024204173   6.6075644589181319333    2.7272487993414209484 
180   6                        0.9166414108445498643    0.88023625398712146417   0.42947122600895148992   0.27598746273014407304   5.0940201064507713014    1.708374692050108834  
181   6                        0.95999362616054562114   0.20136965119218677711   0.54759478517426052324   0.77595700564234448837   5.9613077877866338383    1.6973477003545103248 
182   7                        0.00035752472848573811   0.76319416997097300204   0.52524920362076932268   0.98288659418068979878   8.5080756321005885923    1.6594857172272388102 
183   7                        0.05522603018005053932   0.10877150414995184757   0.00221733055129119455   0.1233270733336282593    7.1242198586010712091    0.01231677003679629637
184   7                        0.06842142320247866782   0.62436549150300346689   0.42640900439452589232   0.13591530396135415026   7.5529045698738741521    0.50231259842127595761
185   7                        0.10413915612924358467   0.36243153909743569541   0.38845748757954162711   0.48538156331176440794   7.8655166642576483937    0.44171295454318287854
186   7                        0.10920412239646634656   0.60387579880186259551   0.48988574624384889633   0.36925987219560418851   7.8446046106010154375    0.64837407023609616719
187   7                        0.13012057477564564767   0.78208041143186401989   0.07763607610520814606   0.78030045301101647048   7.8354974395596546088    1.1079944000411461325 
188   7                        0.18799527968279905465   0.56310224916206252921   0.15906305612508744862   0.34801454690378502699   7.4837353884356154765    0.41446190418513412235
189   7                        0.20662025440452161384   0.82957895534429215711   0.67402542987140490194   0.61097353824390421284   8.247203609637644206     1.4063488900365976875 
190   7                        0.23378574438993487972   0.68910582716602508668   0.40713646824917210099   0.04418244496271536703   7.415795736321011411     0.59676532344103905281
191   7                        0.23738665527137614575   0.7116679078265251146    0.85914607270600884537   0.42456492243627202976   8.2464596865185040286    1.3329859683492049083 
192   7                        0.33214945902399473088   0.98280356777990318662   0.98457370957373024911   0.57490346044090190336   8.4874977862292197983    2.1873481673706489659 
193   7                        0.41566949460740887368   0.30614546066945080849   0.93879648807803084409   0.29592016139997173729   8.2066568974765399247    1.1003835495008296164 
194   7                        0.46212647839126325122   0.8158325082286802532    0.70630293170323188434   0.83709464453465642908   8.4602652927388017901    1.9024183602887350109 
195   7                        0.46639498233571530239   0.4415084429275031308    0.69134362050130582222   0.52520663886731644432   8.1711455674799502447    1.0351668149380024442 
196   7                        0.49201758920401744701   0.90239549140222263812   0.82255593877158972305   0.26686346387836701322   7.9915187930567590513    1.6402183020887060039 
197   7                        0.51167294609445912457   0.0025667464040608017    0.8912895693581759371    0.90059071171949400814   8.7915906912731731637    1.7003723600846603059 
198   7                        0.56781155113685211067   0.94249199059756760821   0.37806860543183717915   0.42951187736110574278   7.68957838122672932      1.3869976050461840789 
199   7                        0.60600840267306388398   0.70608313654691046146   0.14539580218805833733   0.70944373624619183616   7.7604894447347536612    1.2467701086285278844 
200   7                        0.60991073857571709294   0.9468034952103169255    0.5603753160239139941    0.64919301204690538221   8.0822373769952164935    1.8308573093472950699 
201   7                        0.65544907350266568002   0.2422182490784251796    0.93464984778655924025   0.88042525683167049966   8.7800682037408499525    1.9581772793606286864 
202   7                        0.72434653881200283809   0.16147849093691410416   0.74992367333497944593   0.43293960492707317389   8.1570722342894050882    1.1619282112487447911 
203   7                        0.83685355162919816685   0.65019695805250588005   0.81784314718326633908   0.12767782625082829684   7.8255427995649675665    1.6440663055722963826 
204   7                        0.86901762159006146202   0.03914362327175764655   0.33482766250866174973   0.99030137645599924934   8.3176284139055329803    1.6834396860559313058 
205   7                        0.88584676497379477578   0.5356183987501119681    0.8979274065247567771    0.44934530375649806011   8.2426509697522760689    1.903433899588651057  
206   7                        0.90309176259652990115   0.39066269969070854806   0.53883558535083087015   0.4767533345773707909    7.9377957124072366923    1.3373675935568565265 
207   7                        0.92951731627376676936   0.37717230383706568109   0.28832780933667156997   0.93134529626261097768   8.1423685425311909114    1.7858476126658806571 
208   7                        0.99726421911298857026   0.64499620872572904773   0.55370688009022428488   0.60516629056100890161   8.0170408366811276579    1.9068561284267881994 
209   8                        0.01777386978496188832   0.5835400075017335153    0.68605478490750648746   0.61685060559512361333   6.763709442421175666     1.0594428858226536683 
210   8                        0.0413720517059257345    0.34756976433274566762   0.97682111134864890722   0.28818904334031719694   6.4022784755054047423    1.0290405039445087443 
211   8                        0.11233980108991725722   0.10582863764321166766   0.43630925681169829833   0.78586744053146517786   6.353372062361204442     0.72167757291972245426
212   8                        0.19938035036515919241   0.17643923146287893156   0.59518463301267110488   0.41498864830168635809   6.2741627326504261219    0.5046398893516332862 
213   8                        0.2188501497727935452    0.13926520949026227614   0.73051072703080965898   0.95698440037504406419   6.7132412122247888675    1.3667157292124445522 
214   8                        0.22056766153233303696   0.93274028886778748149   0.36352035610646016295   0.62351233440812492415   7.0912985536601933489    1.2934979083771862562 
215   8                        0.28079285220727162597   0.98686856389578170301   0.44375207137590089168   0.23933686583753138732   7.0690462886908278506    1.1679559604571490006 
216   8                        0.2978961360440348094    0.59159663282511676385   0.92006473975536995358   0.30518351918672759204   6.6175572056087474948    1.2355352480705954488 
217   8                        0.30230984332466259712   0.17510073697266650972   0.87254354027019431772   0.46071752853894548663   6.4188421355742226737    0.96870933918934853946
218   8                        0.31263694915562795229   0.48408708116879856087   0.37179868462677079233   0.19279729604367101814   6.2907432244564693846    0.42234580151434747419
219   8                        0.33676582750789024745   0.66214036665161613016   0.57501193613908530011   0.03228744325234728096   6.4378990182971245204    0.7699337101952528073 
220   8                        0.34703399321786920773   0.5072535985045260043    0.06136291770203106816   0.44071951945887866131   6.2634529470624915604    0.48479741431750628111
221   8                        0.3596962432869934001    0.43541982878358564957   0.6562492812295094291    0.40326428060868385606   6.4309633220871376125    0.79677308067409891024
222   8                        0.41993102997167292001   0.86839223030684331572   0.51944855910619924799   0.69283356101085280532   7.0769707070976330954    1.5221659236686915229 
223   8                        0.4280086292093639444    0.45423995493683966274   0.41858833150719021443   0.3457971769873511847    6.3118768528686164387    0.58481911825031918095
224   8                        0.53420347689981650952   0.06175090839568313922   0.46425334857410133216   0.92116184406288936781   6.3552419262164221436    1.2117511337741475597 
225   8                        0.54714003083369233682   0.26403892329242983905   0.34217682301210627926   0.56360983194494851389   6.1806742494079003336    0.69565604045857842852
226   8                        0.72963408358060621861   0.2288198191590653241    0.09462066524164300385   0.81472240304078957784   5.9352319341024823984    1.1211862184155019229 
227   8                        0.74959371688626563746   0.5990577683781873608    0.20684876596435178286   0.55091711818681032842   6.262231851611362643     1.1302587484257191619 
228   8                        0.75504922385212247526   0.35082668940881889252   0.98223275398328735442   0.33603933848255296279   6.2379216824024394938    1.6084454385618904837 
229   8                        0.76570621577783160028   0.55032273641469020564   0.42239149372614726019   0.75867815999935339644   6.3988452378005211685    1.4868418420933664503 
230   8                        0.80553646206239626348   0.30881433646865524834   0.31437044836542810122   0.12937490943758164774   5.8746860713682442778    0.74781995251658262003
231   8                        0.81089902230699051344   0.22761285168202891049   0.47975206723617203064   0.25044823447578778985   5.9053544132965489766    0.88101682797062974561
232   8                        0.83231736871235006969   0.15250716531567909406   0.76049633928120519144   0.46691348091487622218   6.0900495833919636723    1.3625565228919656047 
233   8                        0.86051951742463739237   0.53847891215572107892   0.86634757890700075933   0.30336580350328368194   6.2341750673547773332    1.7058746466328553737 
234   8                        0.91265086979899812114   0.24533453869012525339   0.78945357945502125929   0.9397447509941981858    6.4219860140798372683    2.2097559485208551067 
235   8                        0.93506215597387920546   0.86717375353332004639   0.26552926728258124944   0.40792562939411158851   6.4515248119179853248    1.6965211979798671127 
236   8                        0.96474517323000941182   0.87754701128172385438   0.80994474690825324359   0.63461159017836021867   6.835128875902293899     2.5558214124505154174 
237   9                        0.07211713570545361107   0.8101194679593014536    0.69964398776824676673   0.51576158986607612      4.1379021774854463089    1.2721148259610255415 
238   9                        0.10120893426547034055   0.2987011491280750497    0.30002265316993526056   0.17985611841824281076   3.7527779788767174907    0.16686048992237320632
239   9                        0.15214610177002524383   0.18471169502118409134   0.08443240158456200017   0.14027772764029858288   3.3633530612628597112    0.05173547567550004084
240   9                        0.17743982065595681474   0.33611362362376262514   0.27930952918885965097   0.94710661282276420447   4.233667562688038899     0.99113128615378531805
241   9                        0.24864049798917037259   0.6129953633446701966    0.79337950026089776312   0.33135803243130396156   3.7990197108973919882    1.0451383307442507764 
242   9                        0.26409154665379125371   0.46462705624118144643   0.52936756994513978203   0.16671211260247792429   3.7584828226826405562    0.50124134861824731768
243   9                        0.4010207082845784754    0.7756815736302364872    0.34652065617091037941   0.15874089075502492707   3.3127931898971434421    0.79258448039453910372
244   9                        0.45335742005830570456   0.1206549063885246631    0.12118471979377434811   0.67352492752427350897   3.5550086377313352415    0.58860511544392879468
245   9                        0.46985160766771333352   0.28070575397384955885   0.29270158845481969445   0.68663698187531840844   3.9165753967655181356    0.74490940071371958275
246   9                        0.52997382509195567479   0.779428369426966694     0.13199174918979211801   0.38082549671289173121   3.7777259223455952331    0.92659942591429256264
247   9                        0.5714322460022364103    0.64140174971646668478   0.03417778566716653255   0.26197221186896135769   3.1852020779824501417    0.69929267557243313114
248   9                        0.71588945964907524377   0.41538262821440180561   0.18599502939311671201   0.10563920844384451503   3.6978367151452884443    0.62784235936181187476
249   9                        0.73958341716499620411   0.27024913998373062407   0.21940440672808428357   0.74544655611120325123   3.8172586140379252129    1.0894688119482676125 
250   9                        0.94564022704158912092   0.97276946415118159539   0.11456627191756066364   0.52945683455128622619   3.6596158132865967971    1.9552708404001355458 
