1 5.85042687117648 0.88088497392340
2 0.60792164997650 3.78701986938977
3 2.19857772209067 0.00000000000000
4 1.82342773166628 0.00000000000000
5 3.24346015064646 0.60898899538618
6 4.29077247057979 0.82315205648397
7 5.15709876096784 5.48850008931306
8 3.24605911317016 2.52786387169267
9 4.40103535869277 6.67489758638000
10 1.08698208865139 0.71297211171985
11 0.32040724394410 0.08070071758404
12 1.68172249659529 0.08070071758404
13 5.05364963535299 3.90417879979087
14 3.25261647722104 3.75528835059991
15 1.76639899126933 5.67043585440222
16 3.54587007739194 0.89621435340748
17 6.01366757163093 8.35861595518174
18 2.32057660949019 0.97000895847113
19 3.99427906326773 0.23056550789801
20 0.74279635321821 0.00000000000000
21 3.25841856560549 5.03288143608706
22 0.61838240661000 0.24082055539472
23 6.09083507570616 2.93378184255898
24 1.71192593271568 8.61758380412856
25 5.43392924700868 5.64835434707216
26 3.66899935208581 0.52056855031568
27 1.93063766406894 2.39879425210361
28 2.57510154618657 0.13431257704044
29 3.37256683087234 0.03242267238041
30 1.21451591096486 0.00286954279340
31 2.14125891474930 0.68797122265585
32 2.92554577012131 2.54163755056795
33 2.44228588170510 1.13641699629791
34 3.95865706072671 2.80484980783017
35 4.82938969451448 1.19290722027664
36 3.18458267608261 6.04371908008445
37 1.69353115926817 3.51808283524903
38 3.44316138266136 4.80195056555814
39 2.70016344276887 2.71595310703696
40 1.81387372466987 4.27183108682291
41 1.90562044148352 0.18268992638422
42 5.22435116497612 1.96717422551204
43 3.39981387935946 4.26432626776137
44 3.54570005756205 5.23995032674066
45 6.16245922753838 5.54646042492387
46 5.01046376725567 2.01830616061248
47 2.31804738422486 7.04098566729268
48 2.32267216685386 1.50868627484388
49 2.39742924450770 1.50030322305569
50 2.76610302022855 0.07922525830883
51 2.78176614000555 1.11541469818081
52 4.07935752191839 2.78358369499350
53 2.80063236476086 1.05402388088273
54 2.99000653651554 2.96971628782091
55 1.04525808055487 2.93966607361314
56 1.36294023706817 0.77727359330635
57 2.37431790590668 3.63563084803459
58 3.09732154623455 0.57224054981060
59 1.61060025622874 3.44671818248700
60 4.81611630076436 6.35106856340280
61 4.93294587162699 8.55961020613619
62 2.59507689805222 4.97739319603451
63 5.90783255462808 3.20332830113871
64 2.98127533461188 5.63925365169575
65 5.23944854552297 6.19794972363686
66 4.94540234075984 9.66454725898732
67 5.79444887971925 2.60555483419457
68 3.25305049695619 3.99759872717300
69 3.17608111074295 0.32386425213305
70 2.07005324693492 1.06713285424122
71 1.68947421097882 1.71302364666853
72 1.20095093219507 4.52840886309719
73 1.92098544121630 2.30644028260047
74 5.06471817585166 0.36397127974317
75 3.82234215244735 2.57686763965941
76 6.32236424243395 3.87773875407252
77 3.68653302610281 2.91754216821541
78 5.54549001424411 6.12098421774336
79 5.71407968662658 3.34584191415621
80 3.84782947454775 2.71979628956328
81 4.72100129326326 4.70092565717403
82 3.70361521714856 3.62958737588488
83 5.07188890884496 2.61849128482938
84 4.51521868432733 3.34584104194278
85 3.23421411388392 3.62807695433724
86 3.62601307929913 4.20897291998729
87 4.74716920261949 8.09792167228046
88 5.71869140790389 1.34353518519145
89 6.08852800538759 0.01196078449886
90 5.48006949101770 3.04497045206464
91 4.46387274350179 0.25259167032135
92 2.61102513322205 0.02263216460124
93 5.10944841199952 2.17368950497163
94 4.27082278467109 0.24277376982211
95 1.10279846401428 0.03376893253233
96 4.68534101889438 4.45833970457586
97 5.83092654831036 6.21632710611779
98 6.24293081772979 5.61845039475120
99 4.74693126717900 0.93579266957024
100 4.11003166581716 0.78478669945263
101 4.61560584613017 0.85769590483280
102 5.08594864666838 2.28302555894416
103 3.74952350999227 1.52555866196872
104 3.74010335649669 4.88858076744066
105 0.19141092461014 0.55475937475227
106 0.81229382580497 1.90203833357888
107 6.07219777978641 8.02044040395644
108 2.01811886009006 1.89801821806784
109 4.43266189496811 1.26109280702137
110 0.54589097066565 0.28151066637591
111 3.75918172300897 1.41239569034850
112 3.68089598315523 2.32929886005318
113 4.39498202007783 4.14658930012012
114 2.29603268548203 0.39760990664056
115 1.56692458129050 0.00000000000000
116 2.03511429619041 0.90276808544806
117 3.46666627035988 0.50851294004086
118 4.45023995957642 6.02660818269678
119 3.96335254501160 2.68186705902049
120 2.04483999105498 0.00549474201134
121 3.00923891110141 4.23990116675124
122 3.73020430969148 1.94136583225376
123 3.95140761638294 0.24080675242167
124 1.84290915881186 0.08070092077310
125 5.18632549126334 2.88737854745271
126 5.05458118716972 0.50407939127357
127 6.79548757426614 7.53594189688681
128 3.75772870543737 1.52657970435071
129 1.24322852677348 2.71769977486784
130 2.90866487451300 6.73030310086890
131 1.94079514646248 0.35176260356457
132 3.66625553497807 2.00027689027387
133 1.75579527004072 1.54672090215992
134 4.18084596498339 9.89053839503544
135 1.92440995625377 4.03898109620530
136 1.75428221827944 0.05209787967313
137 4.01897164831248 1.71263215624573
138 1.28750686914274 0.24935735516633
139 3.19523604927177 0.25974733581163
140 4.01909878918309 0.16805508265526
141 2.04664906931908 0.00000000000000
142 3.53443875387055 0.00960621599869
143 1.79920216400303 0.29080678751051
144 3.48023678719956 2.02739255710116
145 1.67183337520659 3.85098391280061
146 2.73251220954240 0.40966635107827
147 5.11130559753424 3.73584899007574
148 5.08291800359912 3.62295299349261
149 0.61974755678159 0.38524268030188
150 3.62831797996861 0.75362016085100
151 2.24567762032690 1.81885669205601
152 0.79185996155067 0.35176302777985
153 6.53341577409665 7.37555133351873
154 3.46492375717943 3.82578817435919
155 2.11224210645793 4.38576735111550
156 1.77885199113096 3.52018825082629
157 6.73193260848857 4.18294835234012
158 0.99910421545868 5.27147935251262
159 4.15010236480090 3.52201068915010
160 4.94225271840732 4.97245462151750
161 2.88423179670868 0.81380779407118
162 5.03328507490834 1.20905208143051
163 1.60873009568648 1.96161198902351
164 2.88317681572323 2.12492376219679
165 1.17090494881165 1.64726100816858
166 0.70420317245254 3.07101488154351
167 3.00474623194006 2.71340090784378
168 2.14513117258558 5.44908883735008
169 2.22371484284730 1.85986850643472
170 3.39015724786093 2.19515102584050
171 2.51120986322244 1.60217737641456
172 2.51442214447709 2.20495582170922
173 3.67763086367824 0.00000000000000
174 2.95257465425133 2.68828787640017
175 2.86729034600308 2.30399785645422
176 0.87977296906239 0.00000000000000
177 2.85956516531978 8.00496834940137
178 2.48715644618334 0.21086919292294
179 2.25423210747673 2.90482086019476
180 2.67355275463367 0.08202753790737
181 4.47562205786753 6.09209951658656
182 1.29219583907278 1.80647518569550
183 1.05705935812850 0.00000000000000
184 1.04829950742328 5.44229214332319
185 1.30265333243362 0.17982054112400
186 3.15840309318950 2.19782542907012
187 1.48618991412067 5.80043463827317
188 1.77092781291895 0.89437805642258
189 2.96526692037948 3.98224068886382
190 3.23470722019395 0.96262244616124
191 3.73457813639621 4.55776394816596
192 6.36396230557470 6.39273863273610
193 1.40121880479922 5.83776846096140
194 0.33687734802773 2.80441031481402
195 4.86222248580257 6.60631585141867
196 2.83202651814265 1.62949914777081
197 4.12095738196246 4.23622853894894
198 2.84067881370206 3.28055415032517
199 3.23027487948920 4.34983945184820
200 3.84468989346021 0.80724535828609
201 3.34039678688428 2.70531402651192
202 3.12925150089234 2.06577283746697
203 3.41101628394310 4.92331740643696
204 2.97356483157055 0.91972968111864
205 1.02008187121840 4.33721878851386
206 3.23809417737293 4.06430460716486
207 3.50937993253531 0.00000000000000
208 0.71913602934613 0.06939142205530
209 2.83552438626241 3.95337878261106
210 3.70204833075751 0.30923421920058
211 2.16269047955810 0.63393820220315
212 4.17807047659345 2.97929097560151
213 1.93738732483277 5.37636673183465
214 3.46881176768635 0.73145797819553
215 1.40886997155955 3.70701142089937
216 2.69481099875992 2.77643056008909
217 0.99495787527748 5.67784606162287
218 4.33667462273979 7.40413337403227
219 4.53853473960263 5.95372262685246
220 1.30225409294626 1.57813722576678
221 0.95804863199487 7.92093829538243
222 3.62460179431538 6.99997010780342
223 2.30634752205770 3.16081709640008
224 4.45213415818484 6.78097607864141
225 4.23141915576865 5.47682201942036
226 1.31846242440413 3.71091864163211
227 3.59617303515305 0.32386425213305
228 3.24740272351318 4.68477248761038
229 5.18927247897148 4.48146192805033
230 1.06172123434834 4.55790350609170
231 2.25734787646401 1.17498639113548
232 3.79687179762599 0.32386398076950
233 4.15150754105832 1.10468909200820
234 4.59846752856350 3.84931985500892
235 0.51741410148803 2.44599749477265
236 3.29816051121783 0.32555677729158
237 2.18737511488774 3.53664680328380
238 1.57110103197325 4.10790114505854
239 2.96126194777704 2.31084716061110
240 1.27364295311436 6.55852970772091
241 1.73721125509559 4.50202090549154
242 5.52605054546384 4.11296490161978
243 2.88921606582149 4.45209589348256
244 5.20426918952953 2.31084716061110
245 3.66949632469800 5.95108010550549
246 5.21956254770422 6.10684706262197
247 4.11848957531509 8.24526826179386
248 5.36561568319364 6.10684706262197
249 6.28098265924007 12.07560044700188
250 6.28808463484247 8.05090750881211
251 6.29063679030157 7.72962740201598
252 7.74744833594915 9.21950777728820
253 6.30174256924647 3.97212584680157
254 4.80029234624807 11.75757715013039
255 4.54718356922803 5.60134166278440
256 4.86193986643019 0.00000000000000
257 4.51163992951085 4.70133867335723
258 1.88087486281063 5.11726051843490
259 3.45103140508529 3.59617030994666
260 4.88114915580036 4.70646455316940
261 3.98731001377602 4.35373413215346
262 4.95593976226898 5.77052051201429
263 5.58847310467148 12.84690845925229
264 3.68620270465694 2.29374302400601
265 3.35299112279020 0.42699943930852
266 3.11248315259213 2.12704993514892
267 3.82201291387929 1.76162363676727
268 2.20950021752493 1.21869125137086
269 2.43034375892944 0.00000000000000
270 2.62199820028456 2.29600801425351
271 1.45644435786678 1.52845340787750
272 3.74910600117163 2.08561180865326
273 4.76514265754331 2.01916842634885
274 2.54075234104946 1.73502822860576
275 5.70937237615344 12.22122190783337
276 5.04258180074182 4.43640709096028
277 5.46203059771069 4.91256848500780
278 1.64445329646277 3.50701251208099
279 4.11288469480157 3.01309860838179
280 0.51951161653951 0.00000000000000
281 2.66419536236448 0.23669134454294
282 4.84913524588673 4.96209206350487
283 5.79180507003926 1.58355809109701
284 4.46709088926948 1.96086206870774
285 2.53610915506741 6.77350488934738
286 1.40510358319632 0.58601773611554
287 3.62962364242842 2.54731695545919
288 3.59979463284429 2.56937705074890
289 2.56149126756955 2.54940499636450
290 2.28025074666273 3.30019457059135
291 2.22079418997834 9.31081905034390
292 4.21576093521379 1.64403966748946
293 3.38003606773190 0.68215227504246
294 2.93207115517973 0.70403733539183
295 5.17874773698300 1.93639103410866
296 3.93413242253752 0.00000000000000
297 4.52333750967334 2.41953437534341
298 2.29257715426813 0.00000000000000
299 2.88896660399383 0.00000000000000
300 2.79212424141874 3.32886704166443
301 5.16416458647347 0.49927247233522
302 1.82750425684690 0.69454630493148
303 1.93606021895814 4.52845262563481
304 4.99509017544556 5.69987413486481
305 2.50322975376262 0.90013060255718
306 1.81956422903007 8.71276598885456
307 2.24296460782879 1.03161432923005
308 5.66568008529209 0.81380779407118
309 6.01518249146325 2.26974584333069
310 4.38696396723184 3.20913074256310
311 5.44730450935792 0.16301955682434
312 4.49143494599573 0.02917719090668
313 1.16969832242926 0.00000000000000
314 1.22324403062832 0.00000000000000
315 3.21531540782957 3.16211907720083
316 3.87491030901862 0.81747841410963
317 1.07787647221593 3.58618038008549
318 1.99525675808427 3.43423786154341
319 2.43385092501334 3.43423786154341
320 0.66096417707589 16.63008564201341
321 1.89015076902987 9.46767800663693
322 0.63870021685777 9.88145239325041
323 6.00188331073739 3.55601338411389
324 2.02279794081737 2.40939864321696
325 1.88286668424016 0.06763830956424
326 5.57517415672737 4.97170216814843
327 3.15707855958608 3.54390058906237
328 5.63254873592533 1.84281900464059
329 1.47673138411061 5.93859070846689
330 6.08677930045038 10.06270958973261
331 4.84264433397703 7.07858236449057
332 2.64317852063488 0.41824000169915
333 0.72961842017638 0.35336490252545
334 1.55070296103153 0.35591120586658
335 2.10636045125993 4.37476678038854
336 1.11724764019270 1.11423013603330
337 1.95233302584933 0.03804352944725
338 1.22702586939456 0.46982904748775
339 4.19669936687705 4.12732216504600
340 3.88070723540797 4.48474578320497
341 4.69581406929030 2.50547733611337
342 5.63768909782679 14.81378821368765
343 4.94440658062525 7.11141563333640
344 2.35025428524311 7.59047426670249
345 4.54522310833654 2.22138351082743
346 6.87573225734795 7.00031431661528
347 2.18877237359683 6.19607692793917
348 0.91272416722503 0.83912503110107
349 6.25665087971490 3.83784622438573
350 5.04134111396197 9.67869739410600
351 0.64270135652430 0.08070071758404
352 0.53034189885391 0.08070071758404
353 0.14167984927416 0.00000000000000
354 0.18855561803922 0.00000000000000
355 0.72086173705225 0.00000000000000
356 0.14800349502331 0.00000000000000
357 0.15077453742735 0.00000000000000
358 0.15121946711577 0.00000000000000
359 0.15156564375094 0.00000000000000
360 0.14523713004267 0.00000000000000
361 0.15080106902851 0.00000000000000
362 1.14261194095342 0.08070092077310
363 1.06094938467363 0.00000000000000
364 0.51370361277635 0.00000000000000
365 0.15148345283672 0.00000000000000
366 0.14429087995055 0.00000000000000
367 0.14934358848515 0.00000000000000
368 1.15034006549402 1.03434348696129
369 0.80594404079610 0.00000000000000
370 0.14630396011673 0.00000000000000
371 0.14853324415328 0.00000000000000
372 0.14986195909087 0.00000000000000
373 0.31706899420918 0.00000000000000
374 0.14330313941729 0.00000000000000
375 0.14957850847535 0.00000000000000
376 0.14944828955345 0.00000000000000
377 0.14283572686378 0.00000000000000
378 0.15106663264050 0.00000000000000
379 0.14812524072596 0.00000000000000
380 0.15165361434836 0.00000000000000
381 0.15228527613825 0.00000000000000
382 0.15073039149873 0.00000000000000
383 0.17338773749140 0.00000000000000
384 0.15346059386521 0.00000000000000
385 0.15276526787015 0.00000000000000
386 0.32784191285313 0.08070071758404
387 0.48059409929551 0.00000000000000
388 0.15217741859207 0.00000000000000
389 0.14163393806231 0.00000000000000
390 0.14990003857531 0.00000000000000
391 0.15326892290568 0.00000000000000
392 0.14237211558560 0.00000000000000
393 0.14919129917347 0.00000000000000
394 0.15250175316103 0.00000000000000
395 0.15116694641475 0.00000000000000
396 0.15182072359741 0.00000000000000
397 0.15164567593973 0.00000000000000
398 0.15320928689800 0.00000000000000
399 0.15325296235465 0.00000000000000
400 0.17709692924883 0.00000000000000
401 0.14160797052640 0.00000000000000
402 0.13797438457035 0.00000000000000
403 0.15038638276569 0.00000000000000
