1  -0                       -0                      -10                       -1                        9.0433103022199894383   -6.558351576977159425     2.5415150800650216922  3287.6998637592269006     8934045.5192089509219       
2  -0                       -0                      -10                        9                       -3.4423550017210144958    8.8417769309097522523   -2.3645927241122670637  5316184.831394485198         86066943.102121382952        
3  -0                       -0                       -9                       -2                        5.0321055183727541049   -4.8595297897905345152    5.0023183377398510174  4102.0586745673972473     877278.89526316989213      
4  -0                       -0                       -8                       -9                        0.47238805233190639399   1.2015806389577114999    0.80669509869757050069 5316357.228177559562         1019.8490070237994587    
5  -0                       -0                       -7                       -1                        4.3868241588421348354    8.9851465631707441162   -2.0752706125021678218  1267.5025285786118729     95330467.903923928738        
6  -0                       -0                       -3                       -4                       -5.1955094499902187977   -5.352944928336842878    -5.9268218026991315028  44708.448347624595044      1315426.6168007692322       
7  -0                       -0                       -3                        5                       -1.9151971042890103547   -2.4586048731051599603   -1.0043788005408522679  158216.24582699869643       1490.5832594187309041    
8  -0                       -0                       -2                       -5                        2.0980995494701595305    7.057130471424063245    -7.4842328244151552497  160269.13900407293113       12913351.701489072293        
9  -0                       -0                       -1                       -4                        5.3185416788404875632    9.2528649897836814375   -8.1356970427607677721  46022.708502293164202      118521402.92457535863         
10  -0                       -0                       -1                        4                       -1.7425047409919454111   -4.1622484189569863844   -6.1100244843790232352  44419.685817379198852      124973.3596118161804       
11  -0                       -0                        4                        2                       -1.9989390496295129651   -6.9728057520866411068    9.8086158335428521582  12176.972344127416363      12098023.975350733846        
12  -0                       -0                        4                        6                        0.96927048034383567199  -9.0919178393949966477   -7.5397430381464305427  472434.56291329266969       103432072.59783288836         
13  -0                       -0                        4                        9                        6.3597435301475151448   -7.760778204269356273     6.9186079678534895265  5319003.9559725774452        29546601.782739479095        
14  -0                       -0                        6                        3                       -0.8101340398082950145    9.07987820380896693      5.5953602603492829104  8694.6889527256571455     103093264.74126246572         
15  -0                       -0                        7                        1                        1.1795120201025888207    6.8647006897672504522   -7.7168722265539066996  4003.8739332958020896     10936181.544438799843        
16  -0                       -0                        8                       -3                        3.9902818586255541788   -2.9176618925702770824   -5.5223905534169750453  9585.8545469930832041     52560.860111193927878     
17  -0                       -0                        8                        6                       -1.1533581652702995513    3.1501690161963651349    7.3982038961918803466  470288.74230285349768       55901.948762435466051     
18  -0                       -0                        9                        1                       -2.3938014894443355729    5.2119702102511240582   -0.83775750843888907582 596.48563356939916957    1335922.7200703748967       
19  -0                       -0                        9                        1                        4.1682330086819838755   -5.413409001203715043     0.9793483623321908027  1763.0634887982125747     1844462.3705397208687       
20  -0                       -0                        9                        6                       -3.2668803391335590192    0.75998478612063813387  -6.5035735698524934634  469358.69112894055434       30681.881758836094377     
21  -0                        1                       -9                       -5                        0.90043946187620704791   6.7983927424727248479   -5.5904149602544137565  158906.06931403902126       10400320.268883565441        
22  -0                        1                       -9                       -1                       -3.8755506572556033262   -9.3244697135098579821   -9.1617479350994024401  10982.9708774845476        129591284.19376060367         
23  -0                        1                       -7                        7                        8.7266189133577540815   -3.7780236489021810087   -0.40202246905750627093 1178969.6277724104002        270615.58162474993151      
24  -0                        1                       -6                       -4                        2.3909212804511330575   -7.200294095198026767    -2.7678972410362501222  44048.099375944002531      15777346.772217689082        
25  -0                        1                       -6                       -1                        1.6137906868308959929    8.7271875381832373364    8.434034756179840997   6322.0304894619766856     74860822.076153367758        
26  -0                        1                       -5                      -10                       -5.0039341490392281742    4.4549708678249011484   -4.2720929353865342293  10001872.096262354404         291083.3527972145821       
27  -0                        1                       -5                       -9                       -4.7952559193585200248   -0.03283291418603795364  -3.2263892886024203577  5316490.4544564550743        3579.1316502450531516    
28  -0                        1                       -5                       -2                        6.6976482416131766229    7.6001771858361557577    5.6075028324517202094  2765.6784022713700324     24714427.549756877124        
29  -0                        1                       -5                        0                       -7.4483968708444248108    3.8342091250512577716    0.70813810611665850558 1667.3487181371747283     165150.1656350325211       
30  -0                        1                       -5                        7                        8.3297543275671728225    1.7422596406389772028    1.2148282848599158967  1178050.3239155560732        35743.086138753860723     
31  -0                        1                       -5                        8                       -6.3571901256251921453   -7.3254945116675873606    8.9891957914231994664  2631133.7329730377533        18595138.368864361197        
32  -0                        1                       -4                       -9                        9.7342055940780873868    0.57606241184261541832  -9.7174148700207307883  5324915.5282408297062        300686.44478864048142      
33  -0                        1                       -4                       -3                       -2.5394244231076097407   -0.30568778506013849494   9.7279011789741041127  18095.863959129732393      58578.302195127718733     
34  -0                        1                       -4                        6                        7.2076747461639136816   -1.4327359433960822344    3.9703004342434695673  468654.72022590559209       48339.16201606192044      
35  -0                        1                       -3                       -5                        3.5455863192683860774    6.3858321988389938895    9.9698138579788988523  167178.30491087961127       5799487.1214131601155       
36  -0                        1                       -3                       -4                       -0.48489870734360707161   0.39726789674791085361   2.0296682085777923987  42609.270779426362424        0                     
37  -0                        1                       -3                        5                        6.7490577928869370794    0.91189906957636779339   6.8096077510843358027  159874.79570831370074       41946.653225649053638     
38  -0                        1                       -2                       -3                        8.6493723770252834981   -3.0953772698817658693    2.3882032559225798707  9231.9563505542482744     128747.19416562115657      
39  -0                        1                       -2                       -2                        7.5062348707626860289   -8.5316683107495343563   -0.7256996687860848283  3522.4932323323532728     62278404.897652104497        
40  -0                        1                       -1                       -9                       -5.1194193798062768153   -3.4025779161940867823    1.0820401236140249068  5316519.4146727025509        6645.3239786254362116    
41  -0                        1                       -1                       -5                        0.2948247493398969965    1.3828694490742492462   -8.6513756132870796023  163203.0263563391054        19123.661121279459621     
42  -0                        1                       -1                        2                        4.900254818115307387    -6.4504746483889441322   -3.2970117670310621349  3179.5206052653102233     6287095.3199161374941       
43  -0                        1                       -0                        1                        7.3455835029289602289    4.1500285382332755546    5.4643261108231566681  1840.9576979613402727     164369.03691758215427      
44  -0                        1                        0                        8                        2.1787298624952970982   -6.3902277817793855519   -7.2800355355840800087  2626625.3099013972096        5761773.2953757764772       
45  -0                        1                        0                        9                       -7.3625161890185841784   -3.3518443346111004288   -0.02004562869602644071 5316514.1025909464806        29637.252011931064771     
46  -0                        1                        1                        8                        1.9940970674143407848   -9.7407688648900734307   -4.2263294302454053053  2624747.6956947897561        179607812.26133853197         
47  -0                        1                        2                        1                        2.015814862763198434    -9.0170164699639308026   -1.7780284669265604691  2796.5664753667606419     96106417.01202057302         
48  -0                        1                        2                        9                       -9.056623609437087552     6.3419894188773540122   -0.47604537956590675662 5315437.5216783359647        6055760.1856290511787       
49  -0                        1                        3                       -7                       -4.8397936642528698314    7.7228364726548441865   -9.5255205901831470072  1185487.8787905063946        27516388.578832302243        
50  -0                        1                        4                        9                       -5.6957748604097009348   -2.8230503556904427143   -6.8771237526933752804  5318400.0225074151531        19996.17285340752278      
51  -0                        1                        5                       -7                       -9.956611916479264579    -0.74963288774339531528  -1.7354236292036766542  1178079.3523608599789        107753.18172635248629      
52  -0                        1                        5                        7                       -6.2892389044572958312   -2.5556150506612880235   -0.60550152018927505537 1178184.0533706918359        6107.2036941019050573    
53  -0                        1                        6                       -7                        1.0333307372550244452    3.5145970384258440333    4.4287753060660133286  1177651.37246008683          25489.576913281718589     
54  -0                        1                        7                       -6                       -4.3528750677483332154   -1.4957381850397926115   -0.55295767942013362983 467986.02325902611483        43.646610850015512995  
55  -0                        1                        8                       -4                        0.18235529672076644658   4.7151550429808644083   -8.7637997215130294393  47508.863897108196397      558124.2964140670374       
56  -0                        1                        8                        4                        2.9787607067015606788   -0.98879376224513393367   6.0235646344377045125  43457.571719784216839      4864.9720312135659697    
57  -0                        1                        8                        8                        4.2957755476525854021    7.8641758836090431828    2.9687170477311592975  2621923.9873026008718        33387511.511289287359        
58  -0                        1                        9                       -6                       -0.24209436221097035968  -5.1990495329853594342    1.6185676831529214326  468424.05017061933177       1247261.5690851430409       
59  -0                        1                        9                       -3                        2.255329989129254642     5.6645048345057151806   -1.3393455761676200666  7827.1402940625985138     2484542.4229916161858       
60  -0                        1                        9                        4                       -3.0886042504578110623   -0.65957709304113620874   9.7130444520948486797  51106.531546000551316      64560.727014785676147     
61  -0                        1                       10                        2                        8.6240022729672496382    5.6037199534750570251   -3.7499758366046282987  1308.454171245717589      2681114.3374729906209       
62  -0                        2                      -10                        7                       -1.0112235636409963035   -6.8939183007346143128   -1.5129195561296722161  1179885.3869684685487        12102504.319680739194        
63  -0                        2                       -8                       -4                        3.6687835583490429059    3.7435056216683690877   -2.6066214452712639371  42631.097694131494791      88733.29542740706529      
64  -0                        2                       -8                        5                        5.5513360089908285744    4.9523370085771851734   -7.3951205110099511586  160752.89465470460709       909810.74392632837407      
65  -0                        2                       -8                        7                       -8.0789796115216159222    9.6492198838833900254   -1.7067529173417312904  1178096.9659407299478        171570983.04414835572         
66  -0                        2                       -7                        3                        3.4089054142345265319   -9.248380804206199457     6.3005148951397806911  12299.722116919769178      120350618.1754783541          
67  -0                        2                       -5                        4                       -8.2976875737736470739    1.5220756415495433345   -9.557238117781755804   51115.881689870831906      238966.3845964258071       
68  -0                        2                       -4                       -9                       -6.0111871122541682411    2.9768256186919366257   -3.0723152446529367054  5315998.5434968667105        39226.514172513336234     
69  -0                        2                       -4                       -3                        1.8164393764493151906    0.55733783920632617992   8.6940268485959286693  14560.902194269523534      27599.428851489457884     
70  -0                        2                       -3                       -8                        8.0388867811124278262    1.9808799583952527712    9.8338824389381720437  2632046.6639799359255        197459.78605838643853      
71  -0                        2                       -3                       -6                       -2.6220573105301969719    3.5811005287227537508   -4.8148922880614000164  468360.16586633695988       23202.581683427051757     
72  -0                        2                       -2                       -2                       -7.2803108404577496771   -3.7575242542496303244    0.44972787109430001351 2848.1479030081218298     64971.329182055473211     
73  -0                        2                       -1                       -2                        4.9173779063333107331    0.41045455625524240872   1.8914242691772855665  1943.2192697163206958     4487.7653914997699758    
74  -0                        2                        0                       -2                        7.7069983561639361369    8.328879668014860016     9.9237707449877099464  10935.195313886391887      51275599.078157097101        
75  -0                        2                       -0                        4                       -9.2945094113059063545   -6.8372671129667885737    7.242652823253752814   46382.125280506355921      10645610.303921865299        
76  -0                        2                        1                        7                        2.5490378260294264123    1.7060376765586404701   -3.3878671522423573492  1177668.0814470464829         60.995535805348815472  
77  -0                        2                        2                       10                       -9.2564355377505354028   -6.6536635010960791803   -1.5505686227383232989  10002520.386600513011         8620695.9300554599613       
78  -0                        2                        2                       10                        3.8390717535969365315    2.7457259720464133324   -2.2246808205056920471  10000894.659603467211         213.38885649254169152   
79  -0                        2                        3                       -4                       -7.4129383538680206911    2.9173308719887973695    0.9218540479313634961  42029.406999900180381      71671.330784346515429     
80  -0                        2                        3                       -3                        7.2945449166353064641   -1.3480068007828691634    3.2544525470179230808  8653.3449691576297482     54915.646037200873252     
81  -0                        2                        5                       -9                       -7.8071834218505467007    1.5982111351161236712    9.3309397121131887332  5323117.6461016274989        200602.0143232011178       
82  -0                        2                        5                        2                        3.1778101042393558373    7.5956723690155953932    1.3267794613755530264  1055.6315944589691753     24321661.359160598367        
83  -0                        2                        6                       -6                        5.4857102198925407066   -7.9098153355986653423   -0.68324467393379251234 468798.60046968591632       34084800.468711450696        
84  -0                        2                        6                        2                        8.4389341787259688488    7.4890946671507592214   -8.3968673844681411822  5951.4691596006505279     22508523.145730752498        
85  -0                        2                        7                       -6                       -9.5257849329776700387    2.4557371616094147981   -6.3960948791744947073  469279.35157322353916       249714.39810486361966      
86  -0                        2                        7                       -5                       -2.8390285910996340135   -1.6873578171050027663   -7.7854812646051323455  161234.58234823614475       12521.664866868055469     
87  -0                        2                        8                       -7                       -6.4903870759742305907    7.8930733864212783146   -6.4390747409670989754  1178753.3382972548716        34348099.272388763726        
88  -0                        2                        9                       -2                       -8.8239809296548852302    6.1720091249395991895    9.0426892332898596294  8023.539926605499204      5668772.0141429351643       
89   1                       -0                      -10                       -7                        0.56441870866446208765  -1.5934575575787768287   -7.0847156121659295991  1181479.0474911066703        34252.035581702359195     
90   1                       -0                      -10                        4                        0.57866863922517808305   2.3340565385941669518    2.9769447273188482939  43051.202386841134285      24466.119964897421596     
91   1                       -0                      -10                        9                        6.6321736789849055071    9.3429671649887886531   -9.3769475631694785278  5323644.5743053508922        133879648.33859448135         
92   1                       -0                       -9                       -0                       -1.8621877038929639525   -5.909639152371174653     1.6824619319881062296  3086.2501087666669264     3500400.0749879372306       
93   1                       -0                       -9                        3                        4.5922475984900721357    2.6696275854578832565   -7.0882552138934773467  11612.6684557870758        68150.431998617365025     
94   1                       -0                       -7                       -7                       -2.9494295791804656659    9.4569172920858228792    1.371452762106704526   1177799.3117943736725        143127990.55946290493         
95   1                       -0                       -7                        2                        8.3432789953559520768    5.5867421384869953016   -9.3199623981503947334  9499.0988775277310197     2464787.74091131147         
96   1                       -0                       -7                        5                       -8.6127649665241179378   -8.9229909856823983461    2.3036554728543379156  159919.2052077614062        91592788.433090388775        
97   1                       -0                       -6                      -10                       -9.6583498291674079184   -1.8927610158271459539    8.0635430104114114158  10006579.939555279911         271201.77298016042914      
98   1                       -0                       -6                       -9                       -9.9039713607345234436    9.9025803837565327115    4.5497106156926587772  5316257.3984020026401        209509368.38662782311         
99   1                       -0                       -6                       -8                        8.1447978253680410887   -0.8670158589946996841   -3.5737735415747797774  2623435.1126002543606        145847.86596656980691      
100   1                       -0                       -6                       -1                        3.744669991752022753    -3.945191057638941956     1.7962242904309970726  2331.5345398312638281     138986.96379029704258      
101   1                       -0                       -6                        4                        2.9109980328266971128   -2.591766806403919432    -8.6279551164777839034  48617.155465305695543      87287.316114906338044     
102   1                       -0                       -5                        7                       -9.5737593806420697717    5.8623538854078418581    7.3368567810978611021  1180860.8471188347321        3821310.2152115837671       
103   1                       -0                       -4                       -6                       -1.3233752833700478391    6.2360998147983082163    3.6617050238363404446  467842.85826254537096       4701920.2519242186099       
104   1                       -0                       -4                        8                        1.7360468057434061961    6.0747488786507410907    7.5631694426009090648  2625764.6011918000877        3938495.9455597973429       
105   1                       -0                       -3                      -10                        6.8618555120868691688    3.3961347875508920424    7.6503803679836863694  10004527.294649461284         114605.31382475352439      
106   1                       -0                       -3                       -4                        5.9513704267217235611    9.5767075852170648886    0.74784657143704791338 41727.815920019442274      157118812.97173810005         
107   1                       -0                       -3                       -3                       -1.5563917869999581711   -9.8315445315764957712    8.1615589608149257117  14965.41314644877275       193404954.01626574993         
108   1                       -0                       -2                       -1                        6.4667532050605345262   -1.1975997249856327187    1.8437693018368577214  1545.6735253047263541     70885.095014371632715     
109   1                       -0                       -1                        2                        8.5166439562775373417   -9.4089099716482405      -7.9431945885133252716  7480.5532502542846487     137669716.77871787548         
110   1                       -0                       -1                        9                        8.5007726030924928295    9.4226293016344300213   -5.1513199162156997346  5315715.3763189539313        139125632.02168351412         
111   1                       -0                        0                        1                       -2.4886521373549665981   -5.7235999346200241433    7.6832405422608864853  5718.145298477702454      2276133.3474567262456       
112   1                       -0                        0                        2                        8.9141106695734606546    4.8398686290146208933    5.2815352341749139953  2172.376076075718629      731254.51438786811195      
113   1                       -0                       -0                        8                       -6.2521528237421151175    5.0970112455236815663    8.623726464048498741   2627969.8360516987741        1149568.2072918284684       
114   1                       -0                        1                        1                       -4.4584769726334849693   -8.191610477190906181     4.0131895691852328412  2950.6964917497903116     44287755.990798257291        
115   1                       -0                        1                        3                        3.9168023839532288832    8.1963748407874312818    3.46532662728592733    7977.2969142623996959     44496432.886944815516        
116   1                       -0                        2                        6                       -7.1381338032084560297   -8.0075652652969893097   -7.8433543208355711585  473016.46876224409789       37418188.724064074457        
117   1                       -0                        2                        6                       -0.05973147683438106981   0.29581521955952894132   7.0142035203021109169  470143.43452594312839       27573.561789044513716     
118   1                       -0                        3                       -5                        5.6221605759697794724    0.70690243356423110299  -0.21740028132823674412 157232.58797502782545       33344.965115537233942     
119   1                       -0                        4                       -8                       -6.8291741858836605417    1.1221144833952845232   -3.6715768867738098891  2622777.3363260529004        93183.619137060304638     
120   1                       -0                        4                        5                        2.946316109804708816     7.1678251330000612995    5.5383900018265457277  157638.1338125638722        15143060.194006746635        
121   1                       -0                        5                       -7                        1.8501731139924117997    9.959998457643337133    -3.1784465050008527953  1176921.0386642373633        215193664.18795472383         
122   1                       -0                        5                        4                        0.42351166220663216677   7.6920337156207772011   -2.1144076745957409713  41406.239332079407177      26882520.476594313979        
123   1                       -0                        5                        7                        5.859899620559442468     7.2415858163062978292    3.4258446862249556375  1176999.8463211406488        16847569.387997768819        
124   1                       -0                        6                       -7                        5.7133171987983679685    7.3306377652937584344   -5.0600468783180474475  1177481.7089942651801        18430651.614838592708        
125   1                       -0                        6                       -6                       -4.9561469431132687546    3.7912008163831334429   -7.7094663703536827626  470861.98109816369833       194285.1299320225371       
126   1                       -0                        7                        5                        7.1135534357078284984    0.15853877043317510243   0.36307211670430916683 157141.19997089664685       72469.017155970490421     
127   1                       -0                        8                       -8                       -3.6908556659385292065   -2.4094269052835040057    2.080156083436985881   2622845.0708034760319        14185.440246159441813     
128   1                       -0                        8                       -5                       -9.1109876290421709655   -4.6082159823823696243   -9.9441837478166075215  167933.74135640321765       827097.00258804869372      
129   1                       -0                        8                       -5                        4.2580454883367320207    2.1284705279428024483   -2.2831362271808464115  156958.12786850420525       17646.293240823804808     
130   1                       -0                        8                        1                        1.2956658480113407705    3.2418754519060897223    3.0372965192043448468  715.1429252438332469     37918.45692150107061      
131   1                       -0                        8                        9                        7.5727466143072028615   -6.4604487197614393068   -5.8516163079786949197  5317453.0567863853648        7551811.7237893361598       
132   1                       -0                        8                       10                       -9.3792172826312523171   -2.2896941367679097823   -6.672895285670454868   10003539.981916006655         224887.6753908515384       
133   1                       -0                        9                       -3                       -7.4962167120030915868    6.1242936507822030023   -1.2618052690965999574  7917.0221744460250193     5031772.5822513783351       
134   1                       -0                       10                       -6                       -4.8936535853977574106   -0.1668726134635551972   -2.5086694533524465101  467698.34202891745372       36598.691572878691659     
135   1                       -0                       10                        3                       -1.6014722330898276681   -7.2819485103237058254   -1.84602582125133452    9431.9250278284871456     18499668.783882007003        
136   1                        1                      -10                        3                       -0.32138165715315736293  -6.1432906234837485471    3.1913269038691094437  10441.151305828620025      4922887.9665846293792       
137   1                        1                       -9                       -7                        6.0137170041810179555   -4.3278343175103772822    2.2533698852763901499  1179036.6641115578823        385817.97362670669099      
138   1                        1                       -9                       -1                       -8.4835525921873511379   -7.0951710753297891898   -0.13835984620693153602 3346.7698748802768023     15271025.660262297839        
139   1                        1                       -9                        2                        9.6299718392151305579   -1.6384764504442443922   -9.0358771998452276364  9408.4222654841614712     347418.49048543476965      
140   1                        1                       -9                        4                       -9.7887266482799013545   -9.0804087741554209146   -0.27001547569575556906 44745.517188416328281      106915308.65005637705         
141   1                        1                       -9                        4                        1.4972360180717725342   -6.23183177752230133      5.8177684758764698358  45011.876271530025406      5359952.2800082303584       
142   1                        1                       -9                        5                       -5.440127508198605355    -5.4646241916693600871   -2.84768624413272331    159251.22404956546961       1999262.114265257027        
143   1                        1                       -8                       -4                        6.2977548436821919609   -3.2233196579905500911    6.5457392637824156623  45023.293842175262398      118805.10314977061353      
144   1                        1                       -8                        7                       -4.6655645757068402446    3.6809950987863935268   -2.5497809173355836521  1178148.3759744116105        116565.41935459910019      
145   1                        1                       -8                        9                       -9.8647317788381769788   -7.401540706327011776    -6.5160535928265179706  5319544.469288370572         21415059.767628666013        
146   1                        1                       -7                        0                        9.5095308288721192014   -3.0413146566230144785   -5.1374362159773863112  2772.0499846631137189     264028.35029046278214      
147   1                        1                       -7                        5                        4.6729539821559917812   -0.34621541989779203163  -9.8446330359908227337  167377.38864253764041       109716.20271698136639      
148   1                        1                       -7                        5                        8.1820370182685735472    2.182189424072369377     5.8382567532782232433  158841.05572848088923       72737.189088616636582     
149   1                        1                       -7                        9                       -3.9340461778300923612   -2.0222188546640111895   -2.3048293908437242905  5316559.4906290294603        1513.7209576731670495    
150   1                        1                       -6                       -7                       -6.747988576682681483     8.2751033951503636388    1.5865323677893776733  1177685.2051116146613        49258731.569812826812        
151   1                        1                       -6                       -1                       -6.4340847087039012564   -8.7364347802194046722   -1.9035636001308091636  3282.2079235272749429     76062924.967634469271        
152   1                        1                       -6                        3                       -5.6483391460809055928   -4.7382133906031134174    2.5829279110261538221  9819.2185892357138073     552797.09195443987846      
153   1                        1                       -5                       -6                        2.2917552334669686331    3.8932950904078325038   -9.3057244056948889011  475186.96533503377577       114144.49923840448901      
154   1                        1                       -5                       -5                       -1.2347701970169655539    4.1715122986718142784    9.0956307421062341234  164266.98155789554585       185058.63672240072628      
155   1                        1                       -5                       -2                        0.68111287948701360051  -0.45692766504357251733  -5.2865181110335521808  3023.7670008281793343     723.21448090151022825   
156   1                        1                       -5                        2                       -6.1436834936497799475    7.2876691345994792925    7.4665578619931523008  4859.6540511058847187     17818894.467043295503        
157   1                        1                       -5                        8                        8.2500166365926723699   -9.9061839915327496442    6.2229534360034861606  2626082.1041283425875        209507484.57841968536         
158   1                        1                       -4                       -0                        5.719888903534545932     7.1029535668676153648   -4.4742996467583440179  1185.9993377048187995     14093906.459149515256        
159   1                        1                       -3                       -7                       -5.8403091991613669265    4.5653345029786933651   -5.9832391364460901784  1178858.8658318847883        386033.96938282047631      
160   1                        1                       -3                       -5                        9.006400759965341507     9.1095415593712587565    9.4935855717150445798  164975.84747756231809       106108420.55432982743         
161   1                        1                       -3                       -3                        9.6611898757260661341   -2.1167366619227570013   -5.7271698545295404159  9922.3971924325251166     223543.75762000499526      
162   1                        1                       -2                       -7                       -0.38393072625247981478  -8.6712026657768923599   -8.1873226531419120988  1183706.6419541530777        69582192.741411283612        
163   1                        1                       -2                       -5                       -7.1941378880544615271    5.1842631099975093889   -8.5401823782289287834  162576.38238440454006       1214766.8253425967414       
164   1                        1                       -2                        8                        0.82823215931247062827   4.6352673772338945923   -7.2472897578407025065  2625033.0052245785482        356063.14025161589961      
165   1                        1                       -1                       -6                        5.491266408178120173     8.4747990071814669477   -2.4399892479008311597  467081.90861699130619       58165802.432210870087        
166   1                        1                       -1                        1                        0.13583369292820535179   2.5854126274219151327    6.0868263610308659395  2327.1361807760790725     2285.1759016514488394    
167   1                        1                       -1                        1                        0.35859894080986265408   0.64771101980782574969   5.0582469277286001841  1805.965273188714491      376.70232769456595179   
168   1                        1                       -1                       10                        1.4157991434949916965    1.003054343330987308    -9.6321770990076220897  10009690.264920882881         58501.261598397846683     
169   1                        1                       -0                        1                        2.7211521622009051669   -3.1930548126660083241   -8.2342520634656963807  6149.3604022599502059     33682.081765584414825     
170   1                        1                        0                        3                       -8.3438696768403275428   -2.7798822841959331953   -8.8320135965352637442  15138.418586747022346      122625.96117778845655      
171   1                        1                        0                        8                       -5.3937961578687314557    6.468987090595696543    -5.7909040045969826238  2623289.4968099594116        6571176.787025410682        
172   1                        1                        1                        3                       -0.61436670456815356545  -5.7861807715182083101   -8.6884653471283641579  14955.059967773511744      2460777.1345367878675       
173   1                        1                        1                        4                       -6.548780548460830353    -4.7741846687632509827   -2.9239712405839330955  42985.824287953313615      505339.88893984613242      
174   1                        1                        1                        5                       -8.9665365959240173055    9.8774123165204947838    0.1403477631703040629  156904.2567908061028        203370733.03269129992         
175   1                        1                        1                        6                        9.1784988694109017615   -6.0045307807235746012   -3.9946203952509629076  468708.11610422591912       3984668.1032173330896       
176   1                        1                        2                      -10                        5.3827380066763890198   -6.7544993403128712472    3.8772150945962984281  10002220.960318172351         9127072.9031075909734       
177   1                        1                        2                       -3                       -3.1484334650728529326   -8.3268621944119907141    6.4129954175122563242  11435.177779228284635      50387706.357503645122        
178   1                        1                        2                       -2                        5.1143308660215129891    5.2985515647797249983   -7.1442535508161206792  3708.5350448004678583     1183024.8122810586356       
179   1                        1                        2                        7                       -9.3660193704322161068   -5.9893920128342079678    8.3641920721873290745  1183592.4947174380068        3796146.1919634602964       
180   1                        1                        2                       10                        7.890421558984186845    -7.5041027541448208638    6.6361921976604278939  10004060.938092896715         22645259.246881674975        
181   1                        1                        3                       -1                        4.8084000165726852316   -4.4032756657081160157    2.7479258824816881202  1603.3090339163888984     252539.16200651714462      
182   1                        1                        3                       -1                        5.9147743902369871449   -5.8615207202410140042   -7.6424255126653832804  5197.1975142425098966     2989583.5227077277377       
183   1                        1                        3                       -0                       -4.4442761770153529355   -5.0330860595894577614   -4.4081926617125235524  2200.8761589336691031     760776.22075110848527      
184   1                        1                        3                        4                        4.5082175469810117363   -3.0199910702429955123    6.461305455877749182   44025.094929820603284      35833.411480114380538     
185   1                        1                        4                       -8                        9.4598057147188185922    3.2628898508727104399   -8.468192355204285704   2627083.3417894341983        184304.46898174387752      
186   1                        1                        4                       -8                        9.7935417584328092744   -8.1702747861319853229    6.3501888305231979359  2625219.3399632396176        45014015.567356839776        
187   1                        1                        4                       -7                        2.6204524777677704606   -0.54115358108747990684   8.5037129962925241955  1182679.0498408672865        29649.175295948982239     
188   1                        1                        4                       -2                        5.2632487236403324715   -7.1675652333592783094    5.0989630335706674913  3294.3846467827161177     15212968.709144281223        
189   1                        1                        4                        0                        9.3382880196696405051   -1.7655974833015068981   -1.6457881020488649426  1074.232847159405992      140519.553923624655        
190   1                        1                        4                        2                       -3.0596890873082056572    8.6462313861228139444    9.4290853450874259067  8890.3646062743737275     69148578.598507225513        
191   1                        1                        4                        6                       -1.0590055748492019916    1.6478522614687349801    1.2787218957524437712  467339.81006739870645         0                     
192   1                        1                        5                       -3                        4.1760084036482254533    7.7946280227229820525    8.8525289027541766984  13633.773335174806562      30012916.962520688772        
193   1                        1                        5                       -1                        6.0650565292571592124    4.7519916929059782262   -4.9000248536833490576  944.64369834941771842    527847.34280508477241      
194   1                        1                        5                        6                        7.863169572470518176    -9.4384792768419512043    4.9290028467675597312  469532.85839359136298       142097124.21423223615         
195   1                        1                        5                        7                        1.2270069702857391292   -3.4964999327993382394   -6.7083073352782243148  1179872.7978168695699        34461.433432324323803     
196   1                        1                        6                       -9                       -7.9513706344598773512   -3.6505272627659701712   -5.3966616668531086631  5316852.1516055390239        104392.62519303029694      
197   1                        1                        6                       -9                       -3.6274687732633825732   -0.18295827617338922266   4.0590146512462705886  5315656.2756603118032        2665.4262337154477791    
198   1                        1                        6                       -8                       -6.6857258560002943426   -0.47471390496018095462   4.867694324270750883   2623104.9327500560321        34183.775610939374019     
199   1                        1                        6                       -8                        6.6271956709343378122    8.9659620350347069007    9.5458581717292716462  2629847.8782692272216        93553079.374803990126        
200   1                        1                        6                       -7                        7.0841076149069301948   -1.2315178416875802725   -4.547632560208221264   1177848.5699355953839        56543.845149187807692     
201   1                        1                        6                       -5                        6.5696660167134410813   -7.0635441426269185428   -6.0011818316501788217  159422.88217190452269       13901238.89536511898         
202   1                        1                        6                       -2                       -6.8702583698453318917   -2.673072089930448314     9.2136136089084175183  9254.527666866502841      96332.436672781521338     
203   1                        1                        6                        4                        6.4375329847934068539    8.9136736892694514722   -6.1337257277531840316  42482.777598091219261      89555875.380253359675        
204   1                        1                        6                        8                       -5.5957680796529292166   -4.6488880623711477114    9.425350798466155311   2631008.2101481338032        556450.269870538963        
205   1                        1                        7                       -6                       -4.2551037778740514739   -4.2139554162475709731    6.7055926418377325149  470119.51850287569687       211799.08726486290107      
206   1                        1                        7                       -0                       -7.2370382338449381621   -2.7104782265801699026   -5.3633086344341336371  2226.5361344613006622     44016.12878498617647      
207   1                        1                        7                        1                       -6.6630499247807923879   -1.3837194396344560943    7.8300654224921828472  4962.1838077003330909     59537.383015485444048     
208   1                        1                        7                        1                       -6.2195340361159008324    2.1088673529601678069   -4.9553032199016353587  1385.1953079136449105     48049.249006136204116     
209   1                        1                        7                        4                       -6.0929671883533433885    4.3964790756140743611   -6.2033785320759768922  43008.908273925662797      417069.15992514305981      
210   1                        1                        7                        6                       -5.3257180697710388984    5.0301580155005929385   -1.3780487500811773316  467061.37739152106224       985123.45418779610191      
211   1                        1                        8                       -9                        7.4266674438620086107   -5.5194058691096836711   -3.8557656251755654253  5316171.2955151749775        2165423.8751070168801       
212   1                        1                        8                       -5                       -7.8903518741828140293   -5.6123519123294549615   -3.1203692192558527552  158214.84279563999735       2381957.5985990897752       
213   1                        1                        8                       -4                        6.9473494749460193987    8.0174015771238984485    7.7156426246813296643  44591.580888290562143      38981833.656583681703        
214   1                        1                        8                       -2                        4.5580806281120427315   -4.392823785568379158    -6.3170397076562601058  3604.6461249952290018     371599.71402065816801      
215   1                        1                        8                       -0                       -8.7257975722357290493    0.24597096561992337627   1.4340570701565056311  1044.6707606177419621     86248.085361241566716     
216   1                        1                        8                        7                       -0.92404678963085906673   9.5037945963218319889   -7.3307656858686947032  1179527.49109852314          150169702.93781632185         
217   1                        1                        9                       -8                        9.9256649101512124389   -1.8232590915489801375   -8.9866700879067540342  2628901.6342320325784        379935.25177884072764      
218   1                        1                        9                       -4                       -7.5669301521089096241   -4.9469663900931486467   -8.001672521553258477   46788.021782568685012      1010175.8322059129132       
219   1                        1                        9                       -4                        1.5717055287811483311    7.4127036010277365108    2.8892655128820958765  41189.93927545947372       20774370.725673403591        
220   1                        1                        9                       -3                       -8.1467284548038847447   -5.1408032971695600821   -0.91003341582903729545 9073.0252923140305938     1320495.769788200967        
221   1                        1                        9                       -3                        4.7983665998223035132   -8.8182549864362318459    9.6013843418501352289  17966.421461511439702      83514402.404975429177        
222   1                        1                        9                       -1                        3.0658227289581390096    9.3027813032242683278    9.2955194894446826481  7544.5725521642907552     127319939.04260276258         
223   1                        1                        9                        9                       -1.6788139757218552006    1.181336757589575015    -6.9350034430139109176  5317428.6711394386366        10429.807961821305071     
224   1                        1                       10                       -8                       -2.986399736485071621    -9.599022690871768404     3.5654351794745657855  2624077.8387677832507        163808284.32358172536         
225   1                        1                       10                       -6                       -2.0544001041506021465    5.8939368784047641014   -3.519626265372993501   467020.1854180796654        3505678.9923997055739       
226   1                        1                       10                       -4                       -8.859531891013919136    -2.0863960651349797715    0.45995453042708867031 42282.859470526738733      82443.359911886858754     
227   1                        1                       10                       -4                        8.9428139756234017455    4.105535034833302177    -1.1965475463034263015  41249.780367147955985      362224.31697177072056      
228   1                        2                      -10                       -4                       -3.2108773961289438503   -6.2954718177628672393   -6.2330232194369106224  45610.516172961819393      5889574.119102973491        
229   1                        2                       -9                        2                        2.5121506761089325011   -0.22930647857238284359   0.02448246196216352644 2613.8475725908274399     2146.2177492234850433    
230   1                        2                       -9                        4                       -5.7410383265660840379    3.4530541829688807809   -9.2061264693485203026  49926.062803791486658      201439.06717494386248      
231   1                        2                       -8                       -3                        9.1379307090559400706    5.3471360378309960026   -4.7138207142572827735  9058.7792564397987007     1737019.433816392906        
232   1                        2                       -8                        7                        0.07482233792955206297   6.6138574892088577428    4.3459505962614244368  1178143.2914019057062        8358083.3863301184028       
233   1                        2                       -8                        9                       -9.4696032044706335284    0.19252246787730520339   8.2972227791217996185  5321278.6314494824037        219307.58433489210438      
234   1                        2                       -6                       -8                        1.7081137556302223857    0.49017448733398438776  -6.9936305972666152897  2625400.4088937374763        3389.6613133933801691    
235   1                        2                       -6                       -2                       -7.0108292380971768409   -8.3531863803600199248    3.5325527317664935367  3993.3529545991932537     53205350.017355576158        
236   1                        2                       -6                        2                       -5.7816089278775955052   -2.370473506454422008     3.9339323157290788657  2998.1128362627296156     7499.1273205087873066    
237   1                        2                       -6                        9                        4.419077370666151694    -4.0648084029040987275   -8.2939376425815467542  5321300.518817609176         214251.52021376366611      
238   1                        2                       -5                       -1                       -0.8803107158867025106    6.5579569985659560416    4.6335150506624991351  1475.3981081705665019     7282327.2812191341072       
239   1                        2                       -5                       10                       -7.6945416154027848066   -1.8311764401788899193   -6.743040963129315557   10004074.997727615759         57953.702141353547631     
240   1                        2                       -4                        1                        4.0024498894018094575   -4.5566510900820658136   -7.5541485060032673715  5318.0165298884594449     362769.04966962710023      
241   1                        2                       -4                        2                        7.6054909693090024803   -8.4194877065098321367   -3.4661004485649815621  3519.8437120353651153     56526224.040653988719        
242   1                        2                       -3                        3                        2.8544637702665305312    8.7927640517624539029    1.5207844344847671891  7955.8394759749553486     78735251.484330385923        
243   1                        2                       -3                        4                       -3.3661572703680260332    5.7608106577078981303   -2.8735533566651492166  41959.474728585417324      2453681.9967185165733       
244   1                        2                       -2                       -8                        8.839550323075112459    -2.1731354011226695633    3.7260145503522714705  2623115.4782888470218        125081.12863465145347      
245   1                        2                       -2                       -3                        5.2129284457732829594   -0.73971681533574340506   7.1134169064659751314  11161.8488258519792        29934.309794309370773     
246   1                        2                       -2                       -2                       -8.2429032606505234781    8.4570707481886486789    6.8730635634128347533  3744.0886382981270799     58429316.097708418965        
247   1                        2                       -2                        0                        5.0183605339620420693    2.4865213634647709284    8.8575116286720323444  7109.6155133418287733     48517.85941399494186      
248   1                        2                       -1                       -8                       -5.9996278510028950848   -9.9961185669650465258    0.65504547347531882906 2624517.318365000654         221059102.78013283014         
249   1                        2                       -1                       -5                        7.4554702141118731618    1.295649057595776199     4.7396871816758672225  157736.050084141345         36467.669885580020491     
250   1                        2                        0                       -6                       -0.00380526645463774571  -1.0657950141154675094    4.8319625337017342304  468391.77377313037869         0                     
251   1                        2                       -0                       -0                        5.1865988951278225727    4.2674869195116560405   -2.6430534737883597529  703.92806979564238645    157461.59597399676568      
252   1                        2                        1                       -9                       -8.5387360407628634107   -5.30997275751249731      6.7728027231528820096  5318625.9960151640698        1308645.9470344821457       
253   1                        2                        1                       -0                        1.3564376749462532246    2.5378256761789845797    6.5922772604488457659  2680.9830329579390309     1713.0728056249170095    
254   1                        2                        2                       -8                        9.4004794043157282601    9.1713577396036640721    5.7693405942853459578  2622801.2760999542661        111660045.53764042258         
255   1                        2                        2                        0                       -7.6447300197793808252   -0.07365302466506662427  -0.36220344966727857638 1253.2191954383390566     33615.837591440955293     
256   1                        2                        2                        2                       -0.69960487974864804528   0.01577256189228215533   0.29965109331857853192 1685.5981434079753853       0                     
257   1                        2                        3                       -4                        8.7637208339540713098   -8.9026630321224438092    7.7972902203704173019  47004.499549811102042      88548862.232966244221        
258   1                        2                        4                       -3                       -4.1284969939484224       8.1069598019505164643   -5.0012885331644882925  8308.0377528988465201     40903752.664629757404        
259   1                        2                        4                        2                       -4.172856675727358855     4.6144895338287525988    7.8989083356254710111  5123.4543043486419265     424851.95895993127488      
260   1                        2                        5                        6                       -4.7051279960511482869   -6.591045651323339527     1.1868092924059663318  468584.35959958581952       7792625.2418634565547       
261   1                        2                        7                        0                        3.4557117349531374373    8.6094981800853460641    4.2410852100197082848  441.83033130236367469    67675575.343850031495        
262   1                        2                        7                        3                       -4.5463873275896506954   -9.1470421474037593157    0.23522154175432063994 9755.5874035220786027     110247563.54897806048         
263   1                        2                        9                       -8                        9.2162223642729728112    1.4326370456797636876   -9.1213178676769004483  2628902.9404654875398        217694.13333371817134      
264   2                       -0                       -9                       -1                       -7.7512683058376712353    4.0457018832250355445    4.5928506982429606609  2773.1803638990818399     471856.86684499360854      
265   2                       -0                       -9                        2                        3.140576983162867819    -7.9953740330535261194   -9.824486733280235029   13689.091157079577897      38370677.589588090777        
266   2                       -0                       -8                       -9                        1.8991354509820208563    3.6352336046501001476   -2.0348680641583332118  5316412.3658881178126        68421.887982505053515     
267   2                       -0                       -8                        1                       -8.9757112639433955792    2.9040109883304729976    7.9516557795947413467  6351.397595759925025      418415.44864567922195      
268   2                       -0                       -8                        6                       -1.2679864678557137836   -9.698590845158660656    -4.5739501519666738716  471048.55081990174949       176579265.07692089677         
269   2                       -0                       -8                        8                        0.99776129300121851884   2.3574098226648168009    1.7152875972115779746  2623564.3446371308528        12862.029024956147623     
270   2                       -0                       -7                       -1                        9.8827371573733948651    0.84686435023083461715  -1.0889900738913222966  2092.1322820269565455     212162.9639088603144       
271   2                       -0                       -7                        0                       -8.4070737300723230589   -9.7966784797933730289    0.54526295315397277363 4173.1347213016260866     192109963.41152071953         
272   2                       -0                       -7                       10                        5.828230231348348056    -5.7103610071876662602   -1.0735482652643320023  10003045.766367826611         2762695.5540897706524       
273   2                       -0                       -1                       -6                       -2.0843653734969835867   -8.2789376399064895651    4.7992750205363972071  470211.47941043187166       47822742.926369644701        
274   2                       -0                       -0                        5                        6.1329259742493889007   -0.59203001027075963236  -3.7856126277873594077  158112.87399381637806       73905.672868644818664     
275   2                       -0                        1                       -2                        3.2989283851844284357   -1.9487812673553772669   -0.94926964395296664634 2445.3088593904340087     22475.513952180310298     
276   2                       -0                        2                       -0                       -5.2175509986641568361    1.85966476579255513     -4.7762332151189461626  1995.8616154292574265     72136.936103285872377     
277   2                       -0                        3                       -1                       -5.2864998771744344808    8.3440475700958067762   -9.9320108296324391972  10720.061304341532377      51983087.88411539048         
278   2                       -0                        3                        3                       -8.7649109114544998533    3.9682204609529758699   -6.5950003401431187555  10535.149895305570681      473378.00164127943572      
279   2                       -0                        4                        9                       -7.0481239308914727104   -3.6955250155003973589    7.2694452524746040467  5319358.7125670695677        171205.73485012550373      
280   2                       -0                        5                       -1                        9.3044770869004480573   -4.026788987850888013    -3.3630829131743471549  2017.4470680564841132     500536.56632640934549      
281   2                       -0                        6                      -10                       -5.0708258583042695733   -3.3033701606335510448    2.2022916670428358543  10001983.36884271726          39668.91575503788772      
282   2                       -0                        6                       -9                       -3.9585047018085450787   -0.84620982445521875093   7.0342153129713196336  5318440.0041022663936        54665.387040079818689     
283   2                       -0                        9                       -5                       -6.9651260932493652689    9.6745934458224027708    0.08597283832335733678 157063.6031362026406        174879822.00783708692         
284   2                       -0                       10                        7                        9.9703448321601229054    5.7950524413747075414    1.9701009759210705852  1177187.322223497089         3675944.9720719321631       
285   2                        1                       -9                       -9                        0.72679287760277588859   2.8399035692573981748   -4.3638178407662522318  5316781.9114779755473        14413.219746214390398     
286   2                        1                       -9                       -7                        7.9780566056340909142   -7.7000551582413994112    2.4239551729179282802  1179972.8213110845536        28951834.432041227818        
287   2                        1                       -7                        4                       -5.504536156453849749     2.7126761042974862903   -4.0502622249786295328  43176.524258715151518      54700.775018188440299     
288   2                        1                       -7                        5                       -4.6186672439642606491    4.9918082826552208076    5.1754442899962942448  158702.47739096573787       940126.9588931039907       
289   2                        1                       -7                        7                       -4.300955911223732997    -6.0716721957982420221    5.9774195511639742762  1180879.7943692451809        4209440.8838377576321       
290   2                        1                       -7                        9                       -2.2313822623348826824   -7.793584740925417087     4.1560607773482143301  5318092.6377391312271        30636745.416957370937        
291   2                        1                       -6                       -8                        3.3276615881924413998    6.6677456277247735272   -4.13729748981875467    2623090.4343639845029        8407887.3662535734475       
292   2                        1                       -5                      -10                        3.6287466732985080853   -8.611559740809221708     8.5549636158920812079  10008592.920723892748         66812661.477242305875        
293   2                        1                       -5                       -6                        4.7127035752134727176    4.9054030545966487153    8.6461311859651779343  473499.76944425416877       699442.95093633746728      
294   2                        1                       -5                        8                        7.7819376751272812953   -7.8334246209700850727    4.1763384680142081606  2624787.7099533258006        32246840.965931430459        
295   2                        1                       -4                       -9                       -2.7327998780222877429   -0.94015386624065655496  -5.213154499608361192   5317126.7003361927345        7552.1092567639852859    
296   2                        1                       -4                       -2                       -2.4089149992534633071   -7.610690555803838464     3.2629051002820279592  3808.9761122111922305     24406619.095564808697        
297   2                        1                       -4                       -1                        6.2209257309041134931    5.4141094474886521937   -1.2506046320828687612  1222.3473075461986355     1520621.1395360508468       
298   2                        1                       -4                        6                       -1.4531405380984239173    1.0471486532172598061    5.4190337251982647615  469132.10683138377499       6779.8435693961864672    
299   2                        1                       -4                        6                       -0.205996648296780549    -4.4914385584928115946   -3.8918800474558015168  469232.17353512335103       282626.39120436197845      
300   2                        1                       -4                       10                        8.1034437039176552275   -5.2496892757962534404    0.90942138253731030773 10002470.789833497256         1473151.0245193177834       
301   2                        1                       -3                       -5                       -8.0335170567645892703   -5.5966290641302105513   -3.6259225828899559474  159188.01639012910891       2032391.7087572638411       
302   2                        1                       -3                        5                       -0.51940112192568932414  -3.8567774744104807993    4.5115273670020883401  158923.87515713350149       60220.397247165717999     
303   2                        1                       -3                        8                       -8.6503781793556786539    6.6941133972543021002    2.8137202115761397181  2622883.027997746598         9290817.5814078487456       
304   2                        1                       -2                      -10                       -1.4129582579610442394   -7.4523517630517499555   -1.9430544236276219294  10002847.229663701728         20105548.931313179433        
305   2                        1                       -2                      -10                        6.2500428500236111518   -8.7715949531977592812   -9.7114416975787474229  10011876.880140386522         77309833.036449879408        
306   2                        1                       -2                        7                        2.4338676247558499455    5.4792701107700914065    2.1465637233050376409  1177591.8271799315698        1582392.4339254077058       
307   2                        1                       -1                       -7                       -2.666682123814137384     7.9817762096370046265    3.1039724657620642034  1177559.7518337632064        35488673.10476449132         
308   2                        1                       -1                        6                       -2.3108932377962219107   -3.4745846472255514925    0.1900888516877170531  468644.62324798258487       13367.973330879116475     
309   2                        1                       -0                        3                        2.665854803188736355     0.92198685426444271229  -4.0716157750659398573  8898.9834702917414688     4167.9481336087637828    
310   2                        1                        1                        2                        4.0983871100965600931   -4.8538329284364367666    2.4963032358816334977  2737.6694208155381602     563543.41640492435545      
311   2                        1                        1                        5                        9.5515414317690883195    8.5501118302827840978   -9.4566912705942467454  164911.00754854816478       64042187.338881485164        
312   2                        1                        2                       -5                       -9.6245078227539799798   -9.5318642402973505767   -4.3218015118320005641  159848.84369570075069       152362184.843513906           
313   2                        1                        2                        5                       -7.8651667091282408961    9.764147274753245398    -2.7097479871397123219  157194.82511344339582       184995225.34006842971         
314   2                        1                        2                        8                       -0.66367889102035348969   6.0196443762675961864    8.0286131508049791705  2626434.2021831325255        3553202.7340648588724       
315   2                        1                        3                        3                       -0.43025122906918866761   6.4537344308562119011    7.155387432051281138   10669.741346306709602      6298627.761263070628        
316   2                        1                        3                        7                        2.7639982953583839276   -4.9805415266480759229    6.2409148210422280556  1179996.8296612184495        743265.71124491235241      
317   2                        1                        3                        8                       -9.1840226111231153538    7.4317552773821518031   -8.961111174854043071   2628856.4540912513621        21451699.373039018363        
318   2                        1                        3                        9                       -6.6027433065238279042   -9.3067784684825767272    8.2838714824586006102  5322160.3463047202677        125821368.18324635923         
319   2                        1                        4                        6                       -1.8141326441129841385   -2.2709011854968528255    5.3637892664658455288  468996.34327229653718       5329.383091853703263     
320   2                        1                        5                       -4                       -9.7639846175492568392   -1.3035236232489832986    0.62850035492861344721 42647.43982696456078       126298.61334181322309      
321   2                        1                        7                       -4                       -2.1577420691129418628    3.1399303014782482535   -5.665849668654378668   42882.593799396207032      26809.072962459664268     
322   2                        1                        7                       -2                       -3.7786857222622929342   -3.9160687772760862657   -0.77264055904428374788 2448.5647841280692774     112166.17690281536488      
323   2                        1                        7                        1                        0.7524803009704879031    6.8338082649823732595   -5.6432188816070070203  1594.8768847732362701     10526563.934368861839        
324   2                        1                        7                        5                       -4.0785071922515907517   -8.0717739724455146444    8.2183095910695556086  163376.06925832486013       40631220.078416779637        
325   2                        1                       10                        7                       -0.15004260064536012464   4.325926268376194983     3.8107975285059758619  1177405.1240511366632        385104.16470203298377      
326   2                        2                      -10                        8                       -2.7914951996458858829    5.5060520152741769806    1.1057012093965195021  2623387.9738416168839        2194097.8428388787434       
327   2                        2                       -9                      -10                       -2.897890267477412074     1.8228734481667334677   -7.9114582449789896401  10006050.879855122417         18166.03518137426363      
328   2                        2                       -8                       -3                        1.1058574790048876224    5.9844608806303583037    5.2148810615132497048  9621.6065068461775809     3691966.1169294319116       
329   2                        2                       -8                        1                        1.4448622008956579776   -9.646891157725834276     3.3530198488075519947  3884.5291168070179992     168967085.60511374474         
330   2                        2                       -8                        5                        3.7882979104467686682    3.0677124833779263469   -5.431125678242379351   158889.5944943454524        26717.773379981630569     
331   2                        2                       -6                       -7                        6.8447952635025330892    1.8906898653545418654    6.1312672064812225869  1179540.1374354187865        31805.268658091554244     
332   2                        2                       -6                        3                        2.131945709768537256    -6.1997605420315871072   -8.9125785920498916681  16433.83213406379582       4757583.88416873198         
333   2                        2                       -4                       -2                        7.7184122331450062404   -1.1197289186475956058    5.9339262403127825962  3669.6904450698839355     82311.547946834369213     
334   2                        2                       -2                       -8                       -1.1153655083386873059   -6.731087536907542912     9.1487235441418484072  2631079.3660050421022        8715898.4986565243453       
335   2                        2                       -2                       -8                        7.0274407120685005168   -8.4698042180418653402   -1.4840291140464074715  2624304.7508444418199        58365227.733219027519        
336   2                        2                       -2                        5                       -4.0338920616490643312    6.9976243432539178002    4.3302869213582688701  157679.68337017000886       12344988.256019996479        
337   2                        2                       -1                       -6                        0.01267105075160479544   2.0019082464282185185    3.6325324643212937303  468014.6716668237932          0                     
338   2                        2                       -0                       -6                       -5.9050891871609199058    1.3673027732000804235    8.929209861508720536   474347.24178847053554       86403.009048285370227     
339   2                        2                       -0                       -5                       -3.3847619494587357636    3.3450079603325271194   -6.8565922829055141463  159625.90508079447318       21670.131054111308913     
340   2                        2                        1                       -9                       -3.7710224729163428492   -7.5558796454916556939   -0.29465885078742637404 5317060.810741873458         22616692.319563046098        
341   2                        2                        1                        3                       -2.1925211720350743505   -3.5738298720885328663   -4.6358809449593927354  9662.2583928906515212     16824.370158132191136     
342   2                        2                        1                        8                       -1.5189626504345365987   -2.9130960536984886744   -8.108301356499952206   2627556.0346415173262        8683.0876046651592333    
343   2                        2                        1                        9                       -3.5815005179850691874   -4.2686139481900617909    7.5013875564862857459  5319633.2008067397401        177422.14782889562775      
344   2                        2                        3                        4                       -3.4993134614510985614    8.1546774900878489234   -8.423970548947201209   46692.951071282324847      42891552.614750161767        
345   2                        2                        3                        6                        3.2244752675617949222    2.2748870488896244524    2.6874987625121971035  467571.96351218194468         0                     
346   2                        2                        4                       -9                        3.5346321009080323705   -6.9425681106013765742    2.652165405524266717   5316691.3823086610064        11450375.430821366608        
347   2                        2                        5                       -0                       -8.1889728195207851513    4.4919514354399421308    5.6894441990256989783  2017.4950510410917559     536160.43145640776493      
348   2                        2                        5                        0                       -0.78720183844513158533   0.0687920072143093364   -0.08396932978275550852 1185.132394053382086        0                     
349   2                        2                        5                       10                        7.1947826948137780789    9.7754110195816288353   -3.0104318115019710334  10000471.745750490576         187568943.57171282172         
350   2                        2                        6                        3                        0.27168888020933934513   6.9288173206051340003    8.7773209092420536592  13772.596017873835081      11691973.982306517661        
