1 A 0.000738 0.585069 0.461444 0.832317 1.154804 0.000000
2 A 0.072004 0.310303 0.834470 0.372674 1.094018 0.000000
3 A 0.091306 0.216832 0.490054 0.423384 0.856102 0.000000
4 A 0.108974 0.821285 0.445614 0.980450 2.262039 0.000000
5 A 0.131697 0.361768 0.668347 0.024342 1.328021 0.000000
6 A 0.145874 0.335266 0.717570 0.394765 1.660987 0.000000
7 A 0.244316 0.451253 0.646275 0.241389 2.554176 0.000000
8 A 0.508075 0.170043 0.965184 0.022108 1.421397 0.000000
9 A 0.603745 0.027452 0.582568 0.175655 0.614982 0.000000
10 A 0.611187 0.852731 0.101551 0.560962 0.758950 0.000000
11 A 0.665789 0.981319 0.210013 0.235515 1.294394 0.000000
12 A 0.695751 0.011010 0.624622 0.043188 1.059759 0.000000
13 A 0.929038 0.429819 0.096013 0.388290 1.880922 0.000000
14 A 0.973590 0.176394 0.407410 0.624135 2.219686 0.000000
15 B 0.006507 0.209230 0.517513 0.601941 0.893915 0.000000
16 B 0.038778 0.015568 0.045556 0.529242 0.687964 0.000000
17 B 0.097640 0.269572 0.387207 0.579683 1.025176 0.000000
18 B 0.123003 0.773285 0.010837 0.322442 0.370580 0.000000
19 B 0.252404 0.465415 0.943378 0.676532 2.888236 0.000000
20 B 0.274474 0.028483 0.715464 0.821004 3.199284 0.000000
21 B 0.283660 0.515603 0.021117 0.572114 2.063151 0.000000
22 B 0.307206 0.573820 0.703062 0.090378 2.195907 0.000000
23 B 0.320711 0.402558 0.377660 0.228740 2.143317 0.000000
24 B 0.332304 0.042461 0.939985 0.867983 4.196136 0.000000
25 B 0.354194 0.504619 0.542131 0.870247 3.590343 0.000000
26 B 0.386580 0.938202 0.417915 0.118018 2.464388 0.000000
27 B 0.397742 0.990292 0.677872 0.304551 2.977974 0.000000
28 B 0.518847 0.588410 0.882888 0.976182 5.600505 0.000000
29 B 0.583653 0.662333 0.277631 0.058448 3.744907 0.000000
30 B 0.584118 0.718576 0.507756 0.227670 3.992273 0.000000
31 B 0.597410 0.812950 0.249519 0.960211 4.962516 0.000000
32 B 0.670426 0.003179 0.672539 0.086185 4.245885 0.000000
33 B 0.678645 0.405973 0.280930 0.928672 4.846519 0.000000
34 B 0.699207 0.898500 0.995170 0.693508 4.893720 0.000000
35 B 0.716879 0.264034 0.752484 0.319305 4.029952 0.000000
36 B 0.725540 0.238028 0.830290 0.749604 4.773310 0.000000
37 B 0.762035 0.894974 0.747770 0.414530 3.297984 0.000000
38 B 0.779111 0.954081 0.640963 0.570206 3.129847 0.000000
39 B 0.837320 0.910622 0.116634 0.255789 1.427006 0.000000
40 B 0.866750 0.356455 0.161782 0.168680 1.184880 0.000000
41 B 0.884840 0.577721 0.566168 0.310144 1.225238 0.000000
42 B 0.985828 0.460012 0.569071 0.211055 0.207591 0.000000
43 C 0.024940 0.433661 0.978398 0.637147 3.827961 0.000000
44 C 0.034374 0.386226 0.382179 0.267486 3.272107 0.000000
45 C 0.064938 0.805056 0.787097 0.721816 3.888576 0.000000
46 C 0.079261 0.647101 0.314502 0.434372 3.338694 0.000000
47 C 0.087977 0.801373 0.450910 0.181203 3.333463 0.000000
48 C 0.149095 0.242383 0.292745 0.556526 2.876487 0.000000
49 C 0.159458 0.831672 0.052052 0.545622 2.982937 0.000000
50 C 0.182282 0.499571 0.388243 0.674535 2.924431 0.000000
51 C 0.204955 0.190122 0.260166 0.534236 2.513313 0.000000
52 C 0.240931 0.118770 0.305867 0.451466 2.254422 0.000000
53 C 0.329193 0.470598 0.649106 0.333907 1.974736 0.000000
54 C 0.375116 0.379866 0.004439 0.005475 1.482337 0.000000
55 C 0.420746 0.859646 0.084572 0.102514 1.559936 0.000000
56 C 0.428759 0.542253 0.430057 0.360831 1.524824 0.000000
57 C 0.442598 0.352320 0.124685 0.152167 1.259471 0.000000
58 C 0.535831 0.422601 0.233462 0.906138 1.448084 0.000000
59 C 0.547499 0.932362 0.657622 0.470853 1.820030 0.000000
60 C 0.607217 0.251876 0.843723 0.607800 1.857213 0.000000
61 C 0.618116 0.114528 0.374505 0.521746 1.515640 0.000000
62 C 0.634826 0.811280 0.685404 0.315873 1.960009 0.000000
63 C 0.656611 0.950624 0.048783 0.141528 1.928531 0.000000
64 C 0.700133 0.105386 0.764073 0.148367 1.857835 0.000000
65 C 0.721987 0.997668 0.454867 0.814845 2.694377 0.000000
66 C 0.731501 0.915355 0.602001 0.640127 2.727063 0.000000
67 C 0.754262 0.683773 0.216055 0.691205 2.518000 0.000000
68 C 0.916910 0.326323 0.680668 0.061734 3.071971 0.000000
69 C 0.943244 0.649925 0.867833 0.859727 4.008148 0.000000
70 C 0.982644 0.694569 0.919751 0.853325 4.126191 0.000000
71 D 0.011074 0.383365 0.320797 0.358325 0.978798 0.000000
72 D 0.118145 0.598524 0.870611 0.716250 1.521389 0.000000
73 D 0.175808 0.786141 0.109588 0.965821 1.081416 0.000000
74 D 0.195357 0.348356 0.152815 0.106853 0.673845 0.000000
75 D 0.221979 0.099901 0.758603 0.993792 2.542365 0.000000
76 D 0.227854 0.061634 0.296609 0.621721 1.387901 0.000000
77 D 0.277617 0.347424 0.001131 0.593247 0.900660 0.000000
78 D 0.303380 0.285165 0.805373 0.491534 1.760756 0.000000
79 D 0.350142 0.816422 0.184377 0.379312 0.699522 0.000000
80 D 0.391257 0.670622 0.302303 0.910573 1.768584 0.000000
81 D 0.426069 0.145207 0.692095 0.075476 1.968423 0.000000
82 D 0.466119 0.458396 0.031106 0.984746 1.917383 0.000000
83 D 0.505229 0.686471 0.194252 0.215583 0.791486 0.000000
84 D 0.592375 0.768376 0.984717 0.301283 1.035910 0.000000
85 D 0.613279 0.614212 0.148653 0.646366 0.467541 0.000000
86 D 0.627513 0.602923 0.528523 0.398697 0.568782 0.000000
87 D 0.630107 0.111311 0.823114 0.784621 1.760105 0.000000
88 D 0.683436 0.493591 0.129380 0.524314 0.116040 0.000000
89 D 0.690150 0.516716 0.171996 0.653273 0.253647 0.000000
90 D 0.708303 0.880266 0.611141 0.788226 0.512534 0.000000
91 D 0.756721 0.084931 0.634446 0.330136 0.937631 0.000000
92 D 0.800765 0.633924 0.710607 0.036805 0.653202 0.000000
93 D 0.814094 0.292527 0.425451 0.193390 0.811966 0.000000
94 D 0.823970 0.930370 0.562898 0.514813 0.518039 0.000000
95 D 0.851874 0.922921 0.207834 0.614802 0.507586 0.000000
96 D 0.923062 0.343363 0.891139 0.946664 3.024665 0.000000
97 D 0.978302 0.594599 0.989963 0.845636 2.952222 0.000000
98 E 0.115612 0.017737 0.176196 0.494445 2.519122 0.000000
99 E 0.155066 0.535445 0.188248 0.738425 3.013922 0.000000
100 E 0.170109 0.047881 0.549953 0.385106 2.675376 0.000000
101 E 0.210102 0.609401 0.689487 0.124839 2.893971 0.000000
102 E 0.218124 0.926598 0.733438 0.162905 3.296862 0.000000
103 E 0.234765 0.890783 0.855687 0.763205 4.052013 0.000000
104 E 0.267148 0.081655 0.090506 0.810118 2.789271 0.000000
105 E 0.295760 0.064318 0.895108 0.632491 3.394100 0.000000
106 E 0.407616 0.761634 0.907748 0.587741 3.786152 0.000000
107 E 0.434657 0.564212 0.998744 0.157151 3.336548 0.000000
108 E 0.445826 0.442936 0.762158 0.134611 2.795259 0.000000
109 E 0.454659 0.166881 0.062379 0.927917 2.855919 0.000000
110 E 0.477621 0.673899 0.202591 0.591286 2.892683 0.000000
111 E 0.480729 0.962551 0.911081 0.883533 4.253760 0.000000
112 E 0.542783 0.272209 0.253354 0.353893 2.342255 0.000000
113 E 0.557340 0.090489 0.477833 0.203317 2.284483 0.000000
114 E 0.571087 0.143925 0.707392 0.475080 2.832916 0.000000
115 E 0.577224 0.860572 0.526087 0.754088 3.418483 0.000000
116 E 0.637214 0.306331 0.924197 0.178693 2.919505 0.000000
117 E 0.764811 0.569521 0.330623 0.351534 2.449302 0.000000
118 E 0.772976 0.373486 0.819813 0.457119 2.961048 0.000000
119 E 0.784554 0.058801 0.076716 0.008293 1.709867 0.000000
120 E 0.794510 0.134097 0.630903 0.660869 2.761107 0.000000
121 E 0.807848 0.223875 0.956725 0.236955 2.874872 0.000000
122 E 0.810506 0.545627 0.396142 0.259386 2.348455 0.000000
123 E 0.841432 0.410753 0.344562 0.064933 1.985560 0.000000
124 E 0.914251 0.120974 0.271895 0.914207 2.584734 0.000000
125 E 0.946729 0.967214 0.222471 0.776974 3.038686 0.000000
126 F 0.021778 0.224594 0.737909 0.499533 4.256313 0.000000
127 F 0.041013 0.851343 0.355496 0.324991 3.689866 0.000000
128 F 0.141222 0.502312 0.324357 0.131189 3.792021 0.000000
129 F 0.184727 0.070384 0.228587 0.285427 4.031881 0.000000
130 F 0.198768 0.560046 0.589903 0.501928 4.018516 0.000000
131 F 0.214785 0.905058 0.850751 0.288312 3.796092 0.000000
132 F 0.228222 0.751254 0.510679 0.700007 3.986108 0.000000
133 F 0.251393 0.052261 0.928251 0.278717 4.238850 0.000000
134 F 0.308972 0.637442 0.863032 0.797067 4.383423 0.000000
135 F 0.359907 0.228703 0.182659 0.892541 4.074813 0.000000
136 F 0.371336 0.605529 0.213225 0.746855 3.886064 0.000000
137 F 0.411061 0.946889 0.137388 0.000527 3.570828 0.000000
138 F 0.512924 0.969984 0.225523 0.959486 3.836249 0.000000
139 F 0.552820 0.549963 0.400547 0.922775 4.234241 0.000000
140 F 0.561428 0.390521 0.034240 0.731106 3.977787 0.000000
141 F 0.565595 0.100070 0.586195 0.260130 4.254653 0.000000
142 F 0.590763 0.782436 0.435009 0.649523 4.070490 0.000000
143 F 0.648231 0.728632 0.441983 0.076622 3.921070 0.000000
144 F 0.687192 0.959823 0.879252 0.364435 4.149369 0.000000
145 F 0.742807 0.508350 0.846844 0.070654 4.206357 0.000000
146 F 0.768727 0.180462 0.810115 0.898375 5.084192 0.000000
147 F 0.854343 0.005672 0.420823 0.671268 4.883851 0.000000
148 F 0.882955 0.259041 0.310580 0.840379 4.787417 0.000000
149 F 0.890928 0.163301 0.783843 0.681827 5.122817 0.000000
150 F 0.893492 0.798820 0.358492 0.340680 4.397238 0.000000
151 F 0.901906 0.778886 0.947139 0.565891 4.835663 0.000000
152 F 0.926947 0.474584 0.350092 0.919906 4.815943 0.000000
153 F 0.960113 0.425324 0.872016 0.732010 5.208520 0.000000
154 G 0.050749 0.417469 0.898291 0.199093 3.747444 0.000000
155 G 0.124143 0.736366 0.639128 0.146372 3.387328 0.000000
156 G 0.135297 0.833648 0.912209 0.454350 3.710412 0.000000
157 G 0.286292 0.978869 0.146982 0.371941 2.870040 0.000000
158 G 0.297924 0.489654 0.605907 0.581399 3.715319 0.000000
159 G 0.318125 0.752584 0.595368 0.631132 3.619959 0.000000
160 G 0.342417 0.733470 0.172585 0.477263 3.049976 0.000000
161 G 0.377540 0.840071 0.366802 0.188231 3.060367 0.000000
162 G 0.451896 0.581732 0.797527 0.902120 4.256344 0.000000
163 G 0.463922 0.766238 0.459061 0.044182 3.072995 0.000000
164 G 0.485260 0.453662 0.134458 0.015431 2.869293 0.000000
165 G 0.527972 0.174934 0.107736 0.831738 3.478218 0.000000
166 G 0.531838 0.051916 0.112480 0.953205 3.827500 0.000000
167 G 0.550671 0.525558 0.027714 0.765136 3.049355 0.000000
168 G 0.573724 0.724072 0.697394 0.872471 3.786753 0.000000
169 G 0.621793 0.329247 0.475150 0.819252 3.538941 0.000000
170 G 0.640129 0.297862 0.468843 0.463539 3.055093 0.000000
171 G 0.652253 0.641061 0.932733 0.204367 3.227632 0.000000
172 G 0.704176 0.214864 0.730430 0.684828 3.427690 0.000000
173 G 0.736214 0.392268 0.535338 0.221172 2.758836 0.000000
174 G 0.781551 0.539280 0.237157 0.467065 2.377739 0.000000
175 G 0.797548 0.020272 0.617968 0.082086 2.883417 0.000000
176 G 0.817819 0.709371 0.480535 0.712872 2.723018 0.000000
177 G 0.873373 0.554546 0.973462 0.185277 2.842081 0.000000
178 G 0.877431 0.077496 0.245361 0.484512 2.453898 0.000000
179 G 0.905911 0.740811 0.559671 0.837561 2.872623 0.000000
180 G 0.909553 0.186019 0.015374 0.442264 2.100413 0.000000
181 G 0.950852 0.616667 0.982558 0.244717 2.741988 0.000000
182 H 0.044865 0.039240 0.921468 0.033392 4.954473 0.000000
183 H 0.092015 0.072983 0.748792 0.407144 5.154456 0.000000
184 H 0.103247 0.877423 0.742776 0.445774 5.168574 0.000000
185 H 0.105797 0.207433 0.815890 0.710113 5.521165 0.000000
186 H 0.179979 0.093889 0.284271 0.280204 4.560749 0.000000
187 H 0.259452 0.155492 0.579448 0.092605 4.663158 0.000000
188 H 0.271288 0.700207 0.950506 0.792159 5.700779 0.000000
189 H 0.312442 0.792725 0.521185 0.609313 5.075885 0.000000
190 H 0.337387 0.483572 0.900180 0.876843 5.741049 0.000000
191 H 0.395798 0.158994 0.599342 0.804535 5.390001 0.000000
192 H 0.416826 0.131282 0.538615 0.666321 5.192870 0.000000
193 H 0.439557 0.872135 0.793765 0.167661 4.876897 0.000000
194 H 0.459318 0.339539 0.411599 0.508698 4.885909 0.000000
195 H 0.491800 0.706217 0.370257 0.269142 4.562815 0.000000
196 H 0.494762 0.744361 0.968160 0.120119 5.007073 0.000000
197 H 0.498856 0.844284 0.121430 0.861103 4.889664 0.000000
198 H 0.522873 0.531022 0.512842 0.758912 5.210531 0.000000
199 H 0.536421 0.679912 0.081176 0.726444 4.727200 0.000000
200 H 0.644243 0.317334 0.141647 0.400199 4.496767 0.000000
201 H 0.732841 0.520454 0.067868 0.996883 4.980651 0.000000
202 H 0.747986 0.629854 0.167430 0.113987 4.177534 0.000000
203 H 0.830346 0.791075 0.887743 0.889960 5.632864 0.000000
204 H 0.856615 0.412679 0.790341 0.824196 5.536589 0.000000
205 H 0.952324 0.657902 0.265815 0.554747 4.682411 0.000000
206 H 0.959346 0.720838 0.240298 0.249671 4.337486 0.000000
207 H 0.971006 0.370802 0.339624 0.382066 4.642299 0.000000
208 H 0.994066 0.885269 0.340137 0.431746 4.577840 0.000000
209 I 0.013967 0.868350 0.661817 0.480937 4.072322 0.000000
210 I 0.018741 0.900133 0.496934 0.933333 4.274041 0.000000
211 I 0.055675 0.623920 0.041128 0.949226 3.428230 0.000000
212 I 0.056877 0.712637 0.826681 0.616408 4.017333 0.000000
213 I 0.062941 0.824905 0.802751 0.517616 4.095861 0.000000
214 I 0.139200 0.244111 0.955537 0.803499 3.826014 0.000000
215 I 0.160086 0.202203 0.612841 0.541919 3.370945 0.000000
216 I 0.166192 0.138881 0.019385 0.436297 3.025451 0.000000
217 I 0.202293 0.626147 0.272757 0.416540 3.501535 0.000000
218 I 0.260823 0.652335 0.038808 0.096639 3.420420 0.000000
219 I 0.290421 0.479709 0.572391 0.275345 3.375478 0.000000
220 I 0.361126 0.300993 0.722526 0.941667 3.747428 0.000000
221 I 0.366198 0.838148 0.621994 0.507222 3.993427 0.000000
222 I 0.381298 0.438370 0.415532 0.780767 3.488883 0.000000
223 I 0.414076 0.126332 0.291934 0.031544 2.989670 0.000000
224 I 0.471777 0.665956 0.495032 0.299121 3.539070 0.000000
225 I 0.473792 0.291669 0.467964 0.550035 3.289289 0.000000
226 I 0.663142 0.278324 0.500694 0.216533 3.040070 0.000000
227 I 0.673418 0.322564 0.555347 0.053452 2.981037 0.000000
228 I 0.715505 0.283795 0.652925 0.136037 2.986211 0.000000
229 I 0.788734 0.315298 0.859718 0.425645 3.220011 0.000000
230 I 0.844395 0.985762 0.395693 0.596726 3.906819 0.000000
231 I 0.863683 0.866180 0.778377 0.108717 3.512759 0.000000
232 I 0.868249 0.690059 0.726410 0.991776 3.869349 0.000000
233 I 0.933451 0.758184 0.056006 0.770810 3.211340 0.000000
234 I 0.937292 0.396647 0.436245 0.887753 3.132894 0.000000
235 I 0.966835 0.943274 0.774451 0.774267 4.037515 0.000000
236 I 0.999688 0.919893 0.075402 0.971076 3.419893 0.000000
237 J 0.028309 0.696375 0.317206 0.705778 1.121684 0.000000
238 J 0.069476 0.993295 0.962060 0.659845 1.380336 0.000000
239 J 0.081809 0.972726 0.157191 0.293898 0.946925 0.000000
240 J 0.190822 0.253488 0.485707 0.048587 0.379530 0.000000
241 J 0.238462 0.447750 0.838815 0.338450 0.698174 0.000000
242 J 0.327892 0.034313 0.197044 0.016026 0.440518 0.000000
243 J 0.346797 0.235569 0.545332 0.849919 1.172861 0.000000
244 J 0.403633 0.194385 0.093419 0.699278 0.289432 0.000000
245 J 0.501277 0.556960 0.258285 0.347469 0.878679 0.000000
246 J 0.750531 0.196390 0.332988 0.742211 0.682960 0.000000
247 J 0.827861 0.151242 0.664201 0.410716 0.159922 0.000000
248 J 0.833945 0.263668 0.768979 0.972959 1.157286 0.000000
249 J 0.896026 0.484826 0.363736 0.939563 1.675262 0.000000
250 J 0.990223 0.367048 0.070827 0.538322 -0.147879 0.000000
251 A 0.614790 0.006469 0.204772 0.531529 0.488451 0.000000
252 A 0.619132 0.024461 0.200921 0.534393 0.493122 0.000000
253 A 0.623359 0.029770 0.192227 0.546307 0.504804 0.000000
254 A 0.615022 0.002226 0.192709 0.523670 0.468018 0.000000
255 A 0.610522 0.029208 0.200512 0.525399 0.476811 0.000000
256 A 0.607326 0.451615 0.180623 0.528261 0.542088 0.000000
257 A 0.605889 0.033603 0.176021 0.530527 0.457804 0.000000
258 A 0.607495 0.003156 0.203386 0.529709 0.484689 0.000000
259 A 0.601990 0.003460 0.203956 0.534052 0.494133 0.000000
260 A 0.598674 0.004334 0.201347 0.528157 0.489575 0.000000
261 A 0.603982 0.001192 0.201571 0.532656 0.488446 0.000000
262 A 0.604264 0.027394 0.198742 0.533314 0.484418 0.000000
263 A 0.611572 0.003545 0.201921 0.526919 0.479603 0.000000
264 A 0.603740 0.007685 0.202523 0.527039 0.483156 0.000000
265 A 0.612166 0.001719 0.203684 0.535640 0.490687 0.000000
266 A 0.601667 0.002098 0.191499 0.530189 0.478077 0.000000
267 A 0.599129 0.006941 0.202404 0.530745 0.492349 0.000000
268 A 0.605621 0.004500 0.206093 0.522079 0.480317 0.000000
269 A 0.594038 0.000938 0.208656 0.571602 0.553790 0.000000
270 A 0.607912 0.027445 0.191360 0.522431 0.464332 0.000000
271 A 0.588444 0.035369 0.168577 0.512136 0.455180 0.000000
272 A 0.578331 0.035834 0.177857 0.514870 0.498506 0.000000
273 A 0.612580 0.021309 0.164297 0.496517 0.411545 0.000000
274 A 0.587030 0.028057 0.158833 0.561451 0.503753 0.000000
275 A 0.637905 0.044851 0.165592 0.497882 0.473383 0.000000
276 A 0.632434 0.049828 0.166697 0.498603 0.457342 0.000000
277 A 0.646148 0.047540 0.165809 0.502790 0.515477 0.000000
278 A 0.632370 0.030640 0.128027 0.490848 0.405473 0.000000
279 A 0.630766 0.038153 0.134553 0.494237 0.412548 0.000000
280 A 0.633698 0.038167 0.130779 0.487565 0.411295 0.000000
281 A 0.631504 0.049825 0.129437 0.493440 0.411992 0.000000
282 A 0.671547 0.056689 0.124035 0.485280 0.621198 0.000000
283 A 0.632288 0.038537 0.101735 0.495822 0.385980 0.000000
284 A 0.633892 0.042824 0.142398 0.496947 0.434156 0.000000
285 B 0.638934 0.044653 0.104208 0.493087 4.354721 0.000000
286 A 0.687121 0.061676 0.143524 0.469945 0.759606 0.000000
287 A 0.664740 0.029538 0.130718 0.499916 0.576199 0.000000
288 A 0.633856 0.074883 0.099307 0.490668 0.394712 0.000000
289 A 0.628554 0.081147 0.103205 0.483886 0.375862 0.000000
290 B 0.640594 0.076250 0.098379 0.486478 4.321517 0.000000
291 A 0.631144 0.054497 0.094445 0.458279 0.343703 0.000000
292 J 0.631253 0.083163 0.090482 0.471308 -0.010760 0.000000
293 J 0.656918 0.072637 0.092253 0.465432 0.278884 0.000000
294 J 0.661571 0.080627 0.092219 0.465374 0.340582 0.000000
295 J 0.655425 0.095350 0.095229 0.473634 0.285007 0.000000
296 J 0.662881 0.102707 0.089618 0.455627 0.363920 0.000000
297 J 0.682917 0.100898 0.088012 0.455621 0.550171 0.000000
298 J 0.652953 0.085467 0.103297 0.461623 0.245343 0.000000
299 J 0.659511 0.080077 0.098930 0.465951 0.321077 0.000000
300 J 0.663355 0.084671 0.101677 0.450348 0.361810 0.000000
301 J 0.659092 0.083656 0.097017 0.457991 0.312182 0.000000
302 J 0.664821 0.089924 0.099437 0.450369 0.380712 0.000000
303 J 0.695268 0.108544 0.096426 0.462983 0.619842 0.000000
304 J 0.659805 0.084152 0.065722 0.440838 0.287177 0.000000
305 J 0.666789 0.083110 0.067711 0.444607 0.370338 0.000000
306 J 0.663986 0.088445 0.064001 0.441138 0.338215 0.000000
307 J 0.664757 0.090122 0.056229 0.443147 0.343455 0.000000
308 J 0.660082 0.093429 0.061012 0.440437 0.293746 0.000000
309 J 0.664013 0.091499 0.071133 0.437821 0.344347 0.000000
310 J 0.704065 0.112623 0.055846 0.415069 0.566709 0.000000
311 J 0.677761 0.099358 0.068807 0.432779 0.483007 0.000000
312 J 0.659453 0.085277 0.072247 0.436945 0.286566 0.000000
313 J 0.670203 0.089309 0.073392 0.440927 0.413379 0.000000
314 J 0.660210 0.112963 0.055083 0.420937 0.294706 0.000000
315 J 0.686174 0.119381 0.050903 0.394802 0.523052 0.000000
316 J 0.662398 0.129943 0.078925 0.416344 0.347706 0.000000
317 J 0.658508 0.130859 0.074861 0.429038 0.306122 0.000000
318 J 0.655875 0.131471 0.077020 0.417653 0.269928 0.000000
319 J 0.715349 0.143874 0.045137 0.420483 0.539872 0.000000
320 J 0.696673 0.124963 0.077835 0.406169 0.588386 0.000000
321 J 0.656268 0.120037 0.057571 0.427692 0.257835 0.000000
322 J 0.689089 0.130715 0.055017 0.416724 0.559586 0.000000
323 J 0.661074 0.159075 0.027653 0.424069 0.320412 0.000000
324 J 0.655125 0.162854 0.025567 0.432322 0.254307 0.000000
325 J 0.653071 0.156722 0.006312 0.382705 0.185450 0.000000
326 J 0.658334 0.175300 0.002329 0.379116 0.259237 0.000000
327 J 0.653649 0.153844 0.004771 0.397134 0.195819 0.000000
328 J 0.686611 0.161376 0.030388 0.398389 0.542861 0.000000
329 J 0.650412 0.152885 0.004373 0.393397 0.153028 0.000000
330 J 0.711956 0.165622 0.004710 0.376310 0.523885 0.000000
331 J 0.651635 0.148821 0.001373 0.390548 0.161430 0.000000
332 J 0.691294 0.177228 0.006610 0.386104 0.552090 0.000000
333 J 0.654493 0.163207 0.021797 0.369811 0.213815 0.000000
334 J 0.650091 0.142662 0.013914 0.366385 0.136836 0.000000
335 J 0.683052 0.150716 0.005606 0.370333 0.483033 0.000000
336 J 0.650054 0.184887 0.026012 0.394596 0.188386 0.000000
337 J 0.648270 0.180097 0.025105 0.394822 0.162463 0.000000
338 J 0.649552 0.185938 0.019229 0.396924 0.179228 0.000000
339 J 0.645435 0.195303 0.019211 0.367458 0.122429 0.000000
340 J 0.647930 0.179603 0.000268 0.359202 0.124790 0.000000
341 J 0.704763 0.179864 0.018053 0.355231 0.560308 0.000000
342 J 0.645658 0.211793 0.000417 0.386593 0.131688 0.000000
343 J 0.645702 0.206021 0.000781 0.384458 0.127457 0.000000
344 J 0.644520 0.188425 0.005218 0.385680 0.104292 0.000000
345 J 0.643873 0.205476 0.003642 0.372024 0.101663 0.000000
346 J 0.640645 0.215384 0.000512 0.368088 0.066624 0.000000
347 J 0.639878 0.204785 0.022223 0.360348 0.062371 0.000000
348 J 0.640121 0.200246 0.013581 0.363791 0.057376 0.000000
349 J 0.642087 0.211083 0.001234 0.324990 0.065483 0.000000
350 J 0.642684 0.212860 0.001317 0.330598 0.075659 0.000000
351 J 0.638856 0.210689 0.000157 0.320014 0.025411 0.000000
352 J 0.635980 0.212906 0.004000 0.340897 0.004463 0.000000
353 J 0.635632 0.214203 0.001212 0.324187 -0.005900 0.000000
354 J 0.627822 0.212517 0.000214 0.322838 -0.086087 0.000000
355 J 0.623565 0.211496 0.004144 0.317767 -0.121520 0.000000
356 J 0.624570 0.223901 0.003026 0.319470 -0.105167 0.000000
357 J 0.622207 0.221435 0.001798 0.319642 -0.126007 0.000000
358 J 0.626483 0.217943 0.002144 0.308832 -0.096988 0.000000
359 J 0.625430 0.217027 0.000748 0.316482 -0.105324 0.000000
360 J 0.574638 0.217289 0.000128 0.317211 -0.078102 0.000000
361 J 0.567479 0.211860 0.035673 0.308142 0.010522 0.000000
362 J 0.577033 0.218109 0.036280 0.318555 -0.073570 0.000000
363 J 0.576856 0.229184 0.038149 0.313355 -0.065126 0.000000
364 J 0.568489 0.229978 0.034403 0.313586 0.012631 0.000000
365 J 0.567006 0.228848 0.038296 0.318931 0.031683 0.000000
366 J 0.572477 0.232877 0.033318 0.318281 -0.024715 0.000000
367 J 0.563472 0.226242 0.038089 0.322087 0.069561 0.000000
368 J 0.568435 0.236555 0.034000 0.316548 0.018101 0.000000
369 J 0.563304 0.225706 0.043794 0.316423 0.073083 0.000000
370 J 0.563248 0.235447 0.041350 0.317843 0.078868 0.000000
371 J 0.556799 0.232829 0.036553 0.309630 0.146421 0.000000
372 J 0.574019 0.250510 0.040061 0.318052 -0.023634 0.000000
373 J 0.576892 0.252725 0.036425 0.301321 -0.054819 0.000000
374 J 0.579815 0.248961 0.034056 0.300860 -0.082503 0.000000
375 J 0.577530 0.259716 0.035622 0.297519 -0.057301 0.000000
376 J 0.542438 0.256748 0.034771 0.298386 0.328073 0.000000
377 J 0.572793 0.248151 0.035925 0.300629 -0.021269 0.000000
378 J 0.573606 0.254026 0.034995 0.292365 -0.027960 0.000000
379 J 0.581379 0.251343 0.041735 0.286236 -0.091550 0.000000
380 J 0.577749 0.267277 0.039124 0.282221 -0.056069 0.000000
381 J 0.582687 0.246961 0.040348 0.289602 -0.103542 0.000000
382 J 0.580529 0.269800 0.045047 0.288469 -0.071217 0.000000
383 J 0.583682 0.270083 0.042465 0.282769 -0.096068 0.000000
384 J 0.539239 0.271360 0.047192 0.276784 0.375710 0.000000
385 J 0.587183 0.250961 0.043801 0.287893 -0.126630 0.000000
386 J 0.582436 0.255116 0.049181 0.255731 -0.098708 0.000000
387 J 0.583682 0.261831 0.050168 0.267315 -0.099914 0.000000
388 J 0.583727 0.254599 0.048108 0.255884 -0.108303 0.000000
389 J 0.582990 0.275763 0.049325 0.247950 -0.091204 0.000000
390 J 0.585766 0.274877 0.053402 0.258672 -0.104618 0.000000
391 J 0.586776 0.273953 0.054319 0.247480 -0.112481 0.000000
392 J 0.586603 0.278949 0.051034 0.239959 -0.111838 0.000000
393 J 0.590688 0.282403 0.051601 0.253842 -0.126639 0.000000
394 J 0.526072 0.286195 0.059127 0.236022 0.514132 0.000000
395 J 0.589128 0.282081 0.055108 0.253038 -0.118029 0.000000
396 J 0.590249 0.288803 0.056739 0.256044 -0.117498 0.000000
397 J 0.594777 0.307747 0.052188 0.257634 -0.124387 0.000000
398 J 0.544960 0.308684 0.059685 0.247342 0.333654 0.000000
399 J 0.591670 0.291260 0.056049 0.260356 -0.121302 0.000000
400 J 0.591359 0.293664 0.059862 0.262399 -0.116039 0.000000
401 J 0.601510 0.292112 0.064628 0.257937 -0.135284 0.000000
402 J 0.593254 0.293472 0.056696 0.257086 -0.125784 0.000000
403 J 0.591834 0.292378 0.065582 0.259219 -0.115900 0.000000
404 J 0.592879 0.303018 0.062191 0.262008 -0.114796 0.000000
405 J 0.591615 0.297688 0.075373 0.260579 -0.106081 0.000000
406 J 0.593160 0.297769 0.068498 0.224454 -0.121787 0.000000
407 J 0.598935 0.302775 0.074962 0.231292 -0.126523 0.000000
408 J 0.596776 0.300331 0.077077 0.228345 -0.124019 0.000000
409 J 0.598568 0.302169 0.076703 0.222957 -0.126756 0.000000
410 J 0.600071 0.335234 0.071914 0.220927 -0.112583 0.000000
411 J 0.598280 0.334855 0.076454 0.220128 -0.108692 0.000000
412 J 0.606143 0.350288 0.075268 0.224011 -0.098765 0.000000
413 J 0.597608 0.320772 0.077707 0.222595 -0.114457 0.000000
414 J 0.550143 0.326585 0.077220 0.226751 0.288569 0.000000
415 J 0.598713 0.298812 0.077112 0.209087 -0.130547 0.000000
416 J 0.600013 0.307649 0.074697 0.193201 -0.129979 0.000000
417 J 0.597748 0.311022 0.073186 0.202858 -0.125358 0.000000
418 J 0.598011 0.307716 0.114072 0.186487 -0.106792 0.000000
419 B 0.603809 0.301506 0.077061 0.204391 3.935622 0.000000
420 J 0.547815 0.320951 0.069509 0.232418 0.309860 0.000000
421 J 0.604609 0.363432 0.085294 0.208138 -0.090799 0.000000
422 J 0.518038 0.292862 0.068788 0.235712 0.582388 0.000000
423 J 0.547396 0.337786 0.114441 0.199409 0.343748 0.000000
424 J 0.598181 0.312295 0.064998 0.233082 -0.125584 0.000000
425 J 0.613250 0.310204 0.067562 0.217262 -0.104598 0.000000
426 J 0.605906 0.316968 0.084723 0.237438 -0.110076 0.000000
427 J 0.595632 0.295388 0.112766 0.183835 -0.110103 0.000000
428 J 0.614260 0.349079 0.063973 0.219261 -0.080019 0.000000
429 J 0.556762 0.326728 0.080514 0.171546 0.204633 0.000000
430 J 0.602532 0.289265 0.063763 0.260730 -0.136759 0.000000
431 J 0.612887 0.299798 0.114476 0.269376 -0.076492 0.000000
432 J 0.597299 0.319135 0.083111 0.201535 -0.114709 0.000000
433 J 0.551960 0.293968 0.085884 0.189155 0.248436 0.000000
434 C 0.615156 0.310052 0.063816 0.262435 1.422310 0.000000
435 J 0.597519 0.288053 0.090235 0.204765 -0.128125 0.000000
436 J 0.530727 0.289422 0.113836 0.158337 0.496163 0.000000
437 J 0.596045 0.289055 0.092164 0.197710 -0.124559 0.000000
438 J 0.550545 0.293062 0.092205 0.245276 0.276482 0.000000
439 J 0.613028 0.287883 0.060205 0.265940 -0.114203 0.000000
440 J 0.595496 0.357462 0.110906 0.202537 -0.075591 0.000000
441 J 0.558852 0.283953 0.060325 0.234486 0.151868 0.000000
442 J 0.618037 0.306229 0.089511 0.172308 -0.074655 0.000000
443 J 0.594504 0.337278 0.066114 0.248359 -0.100790 0.000000
444 J 0.559527 0.282558 0.087297 0.273002 0.166349 0.000000
445 B 0.615200 0.313780 0.062507 0.209826 3.921090 0.000000
446 J 0.590086 0.305706 0.114616 0.232671 -0.078613 0.000000
447 J 0.618653 0.281316 0.094220 0.262832 -0.069234 0.000000
448 J 0.557558 0.337240 0.060817 0.187054 0.191615 0.000000
449 J 0.594450 0.303778 0.059664 0.244969 -0.123876 0.000000
450 J 0.531235 0.365924 0.088876 0.213436 0.524776 0.000000
451 J 0.598464 0.275751 0.057990 0.232528 -0.151498 0.000000
452 J 0.618613 0.273502 0.105401 0.237159 -0.072381 0.000000
453 J 0.567162 0.322876 0.059264 0.197970 0.075174 0.000000
454 J 0.616057 0.275403 0.083555 0.224685 -0.100688 0.000000
455 J 0.596984 0.310624 0.055089 0.176083 -0.137556 0.000000
456 J 0.599275 0.347817 0.051966 0.144968 -0.123782 0.000000
457 J 0.619591 0.376042 0.026117 0.158893 -0.062392 0.000000
458 J 0.562238 0.347790 0.082086 0.143199 0.151059 0.000000
459 C 0.602735 0.328435 0.123912 0.174739 1.387074 0.000000
460 J 0.616501 0.314817 0.026324 0.188590 -0.113384 0.000000
461 J 0.593693 0.346230 0.054211 0.156637 -0.111570 0.000000
462 J 0.537732 0.312386 0.080462 0.205304 0.423171 0.000000
463 J 0.569588 0.328656 0.101572 0.218680 0.079102 0.000000
464 J 0.600412 0.273485 0.025456 0.171748 -0.181998 0.000000
465 J 0.616694 0.266235 0.024693 0.168730 -0.144995 0.000000
466 J 0.617626 0.270073 0.037034 0.168490 -0.129538 0.000000
467 J 0.615767 0.266885 0.028825 0.189639 -0.144989 0.000000
468 J 0.617870 0.269664 0.020274 0.131475 -0.141349 0.000000
469 J 0.614485 0.265877 0.020388 0.127502 -0.162164 0.000000
470 J 0.619549 0.258629 0.028369 0.130513 -0.132739 0.000000
471 B 0.621445 0.261702 0.023540 0.141748 3.887004 0.000000
472 J 0.621051 0.266327 0.028501 0.123055 -0.117945 0.000000
473 J 0.624634 0.267763 0.025012 0.167548 -0.089196 0.000000
474 J 0.618170 0.242904 0.042862 0.112797 -0.143022 0.000000
475 J 0.607432 0.244700 0.027694 0.104720 -0.196787 0.000000
476 J 0.611769 0.243977 0.022368 0.108896 -0.187499 0.000000
477 D 0.619421 0.245318 0.018186 0.112209 0.400763 0.000000
478 J 0.623302 0.250589 0.021922 0.082498 -0.116851 0.000000
479 J 0.622186 0.241725 0.021501 0.131248 -0.129646 0.000000
480 J 0.628995 0.241296 0.023323 0.127973 -0.071732 0.000000
481 J 0.621543 0.262768 0.026892 0.099536 -0.118582 0.000000
482 J 0.626875 0.245815 0.023717 0.124838 -0.087880 0.000000
483 J 0.612455 0.266141 0.023072 0.095730 -0.170504 0.000000
484 J 0.616309 0.266667 0.025661 0.089714 -0.150316 0.000000
485 J 0.610056 0.259274 0.026198 0.103971 -0.181346 0.000000
486 J 0.614026 0.269460 0.027208 0.101556 -0.158785 0.000000
487 J 0.616610 0.271042 0.021662 0.068281 -0.148827 0.000000
488 C 0.626543 0.261831 0.022463 0.068422 1.432232 0.000000
489 J 0.623539 0.265650 0.021301 0.089806 -0.105593 0.000000
490 J 0.628275 0.241861 0.022127 0.106058 -0.079705 0.000000
491 J 0.612653 0.265851 0.023236 0.092516 -0.169854 0.000000
492 J 0.616666 0.238251 0.024046 0.088697 -0.167690 0.000000
493 J 0.614003 0.240435 0.023389 0.069538 -0.180650 0.000000
494 J 0.634864 0.234656 0.020818 0.059659 -0.020769 0.000000
495 J 0.614246 0.263117 0.020612 0.086476 -0.166344 0.000000
496 J 0.611118 0.261060 0.025607 0.087197 -0.177453 0.000000
497 J 0.617159 0.265322 0.022716 0.072625 -0.148613 0.000000
498 J 0.635128 0.240558 0.024588 0.081299 -0.011257 0.000000
499 J 0.618544 0.259499 0.018030 0.094267 -0.146591 0.000000
500 B 0.630907 0.259051 0.019736 0.044478 3.830353 0.000000
501 J 0.611027 0.240082 0.020966 0.095539 -0.194123 0.000000
502 J 0.613521 0.242904 0.017981 0.069085 -0.184777 0.000000
503 J 0.636722 0.242180 0.020161 0.092316 0.004490 0.000000
504 D 0.614480 0.231522 0.019120 0.076247 0.443878 0.000000
505 J 0.638834 0.263721 0.019744 0.060257 0.041242 0.000000
506 J 0.618098 0.233188 0.020329 0.101867 -0.164795 0.000000
507 J 0.681600 0.235996 0.018366 0.105073 0.493148 0.000000
508 J 0.616539 0.237882 0.037463 0.096819 -0.159705 0.000000
509 J 0.635845 0.236856 0.040242 0.097091 0.004610 0.000000
510 J 0.618147 0.243214 0.034759 0.070028 -0.149239 0.000000
511 J 0.613252 0.231095 0.016460 0.032167 -0.195099 0.000000
512 J 0.639238 0.230807 0.022471 0.030497 0.026011 0.000000
513 J 0.678053 0.226442 0.017267 0.066891 0.458195 0.000000
514 J 0.640413 0.238288 0.036039 0.046295 0.053387 0.000000
515 C 0.618023 0.255798 0.012317 0.079986 1.391467 0.000000
516 J 0.611912 0.196318 0.040201 0.065565 -0.207808 0.000000
517 J 0.609133 0.193378 0.000288 0.066646 -0.247104 0.000000
518 J 0.569479 0.203446 0.042532 0.020495 -0.040601 0.000000
519 J 0.572806 0.191619 0.002282 0.053437 -0.109496 0.000000
520 J 0.638098 0.194399 0.035855 0.071073 -0.002116 0.000000
521 J 0.614007 0.217756 0.013970 0.043002 -0.202355 0.000000
522 J 0.610206 0.223699 0.009950 0.040701 -0.216046 0.000000
523 J 0.611287 0.222427 0.001215 0.033022 -0.219221 0.000000
524 J 0.610916 0.192951 0.008386 0.007361 -0.236237 0.000000
525 J 0.577250 0.191372 0.005515 0.008376 -0.147367 0.000000
526 J 0.607273 0.200124 0.006260 0.028568 -0.242927 0.000000
527 E 0.580089 0.195520 0.001167 0.025155 1.894420 0.000000
528 J 0.606665 0.206261 0.000924 0.036095 -0.243566 0.000000
529 J 0.639692 0.196692 0.006018 0.035746 -0.003518 0.000000
530 B 0.608028 0.175545 0.005108 0.003034 3.908132 0.000000
531 J 0.638894 0.211370 0.004413 0.044207 -0.003387 0.000000
532 J 0.578919 0.221129 0.002253 0.028350 -0.142329 0.000000
533 D 0.608056 0.196617 0.000837 0.052225 0.499136 0.000000
534 J 0.571363 0.224406 0.039842 0.044900 -0.047319 0.000000
535 J 0.609261 0.184786 0.016717 0.002335 -0.241416 0.000000
536 J 0.639012 0.188198 0.014158 0.009087 -0.011597 0.000000
537 J 0.578139 0.173792 0.000564 0.025838 -0.171145 0.000000
538 J 0.566986 0.171485 0.014637 0.028392 -0.056331 0.000000
539 J 0.604178 0.182947 0.000318 0.003542 -0.264383 0.000000
540 J 0.576933 0.178010 0.000716 0.002181 -0.157897 0.000000
541 J 0.582402 0.202508 0.003940 0.022992 -0.180052 0.000000
542 J 0.557585 0.175557 0.000562 0.021274 0.042832 0.000000
543 J 0.547279 0.197917 0.000365 0.036496 0.182167 0.000000
544 C 0.583275 0.198496 0.001331 0.001288 1.233042 0.000000
545 J 0.576780 0.175977 0.000068 0.053862 -0.158417 0.000000
546 J 0.555344 0.210174 0.036609 0.023890 0.119156 0.000000
547 J 0.604524 0.191499 0.017186 0.044706 -0.245674 0.000000
548 J 0.583975 0.163702 0.000177 0.040568 -0.221535 0.000000
549 J 0.556919 0.161153 0.017629 0.043218 0.052746 0.000000
550 J 0.526452 0.163191 0.038806 0.025845 0.404886 0.000000
551 J 0.581265 0.176196 0.001828 0.050011 -0.192420 0.000000
552 J 0.579762 0.182906 0.015406 0.017460 -0.166567 0.000000
553 J 0.540876 0.187843 0.002754 0.057809 0.251343 0.000000
554 E 0.557959 0.169979 0.002366 0.001874 1.874704 0.000000
555 J 0.578917 0.201336 0.036081 0.039544 -0.132662 0.000000
556 J 0.588334 0.143543 0.038124 0.046082 -0.233068 0.000000
557 J 0.583150 0.148079 0.000086 0.054912 -0.228022 0.000000
558 B 0.513063 0.152541 0.040656 0.055439 3.676328 0.000000
559 J 0.562712 0.145856 0.039311 0.038233 -0.009903 0.000000
560 J 0.588081 0.142992 0.021760 0.062650 -0.244222 0.000000
561 D 0.533839 0.149330 0.000326 0.055995 0.991951 0.000000
562 J 0.549625 0.138038 0.040705 0.022341 0.139940 0.000000
563 J 0.586444 0.164882 0.000834 0.058825 -0.234840 0.000000
564 J 0.595250 0.139774 0.018899 0.058667 -0.275800 0.000000
565 J 0.564706 0.135634 0.000814 0.049055 -0.069028 0.000000
566 J 0.588763 0.138814 0.018871 0.061847 -0.252928 0.000000
567 J 0.590011 0.123324 0.000408 0.059373 -0.285175 0.000000
568 J 0.565519 0.124309 0.018070 0.060839 -0.073215 0.000000
569 J 0.583519 0.132946 0.000505 0.000152 -0.242110 0.000000
570 J 0.539447 0.145257 0.000103 0.000328 0.233325 0.000000
571 F 0.582001 0.121498 0.000841 0.040781 4.108734 0.000000
572 J 0.550935 0.140228 0.044069 0.017181 0.128296 0.000000
573 J 0.511212 0.165122 0.016788 0.038943 0.486682 0.000000
574 J 0.584672 0.157601 0.037984 0.036644 -0.202614 0.000000
575 C 0.555583 0.120683 0.039869 0.016288 1.121357 0.000000
576 J 0.579042 0.157216 0.000156 0.000534 -0.191167 0.000000
577 J 0.584411 0.140036 0.038401 0.044161 -0.213436 0.000000
578 J 0.539818 0.133250 0.040848 0.033920 0.251002 0.000000
579 J 0.589105 0.116496 0.040542 0.058655 -0.255077 0.000000
580 J 0.560740 0.139530 0.042885 0.039974 0.010648 0.000000
581 J 0.523151 0.106474 0.042209 0.065620 0.392369 0.000000
582 J 0.589957 0.114150 0.041300 0.022879 -0.260335 0.000000
583 J 0.565596 0.107830 0.043133 0.016384 -0.067635 0.000000
584 J 0.591802 0.116584 0.041988 0.048536 -0.265326 0.000000
585 J 0.585188 0.116490 0.047321 0.000815 -0.229185 0.000000
586 J 0.548952 0.111139 0.044554 0.002396 0.130710 0.000000
587 E 0.536682 0.120760 0.045106 0.021159 1.893657 0.000000
588 J 0.586386 0.126983 0.047741 0.001056 -0.227997 0.000000
589 J 0.566202 0.115390 0.047588 0.005101 -0.065079 0.000000
590 J 0.588315 0.137303 0.020512 0.055894 -0.250708 0.000000
591 J 0.585211 0.135409 0.020303 0.019046 -0.235453 0.000000
592 J 0.557392 0.136298 0.019145 0.018320 0.029577 0.000000
593 D 0.586234 0.113996 0.018379 0.019914 0.735193 0.000000
594 J 0.567207 0.125011 0.000331 0.057838 -0.104889 0.000000
595 B 0.520333 0.140119 0.020870 0.005001 3.714846 0.000000
596 J 0.540666 0.111150 0.001106 0.025977 0.193333 0.000000
597 J 0.591585 0.154938 0.025719 0.002424 -0.248134 0.000000
598 J 0.568752 0.151600 0.049939 0.001468 -0.063830 0.000000
599 J 0.591298 0.129713 0.030672 0.022921 -0.262134 0.000000
600 F 0.585502 0.108559 0.049965 0.019145 4.119964 0.000000
601 J 0.551727 0.129337 0.035178 0.056348 0.104297 0.000000
602 J 0.586033 0.153573 0.031034 0.005042 -0.218720 0.000000
603 J 0.506763 0.126731 0.051040 0.021745 0.497534 0.000000
604 J 0.566378 0.098342 0.029269 0.056341 -0.094209 0.000000
605 J 0.587474 0.157107 0.019225 0.000964 -0.232714 0.000000
606 J 0.590075 0.131905 0.052530 0.003178 -0.239224 0.000000
607 J 0.542270 0.147062 0.024914 0.001392 0.221582 0.000000
608 J 0.565654 0.105213 0.051806 0.027513 -0.063621 0.000000
609 J 0.590818 0.141456 0.022478 0.072990 -0.257164 0.000000
610 J 0.589467 0.131759 0.055060 0.025703 -0.234765 0.000000
611 C 0.589767 0.162219 0.032351 0.072458 1.238342 0.000000
612 G 0.564862 0.136734 0.054269 0.029245 2.792379 0.000000
613 J 0.529722 0.165582 0.022946 0.023181 0.365970 0.000000
614 J 0.594846 0.133652 0.024124 0.048460 -0.275550 0.000000
615 E 0.594349 0.102998 0.034151 0.071773 1.906866 0.000000
616 J 0.595150 0.129435 0.051812 0.049062 -0.258787 0.000000
617 J 0.564677 0.131196 0.050182 0.072984 -0.034329 0.000000
618 J 0.599165 0.117566 0.055318 0.053374 -0.271863 0.000000
619 J 0.595300 0.105294 0.021851 0.057728 -0.300455 0.000000
620 J 0.598981 0.102101 0.056347 0.076149 -0.282234 0.000000
621 B 0.597999 0.099900 0.061312 0.078027 3.965948 0.000000
622 J 0.595351 0.100194 0.054554 0.053047 -0.279086 0.000000
623 D 0.563545 0.061534 0.065446 0.081925 0.976052 0.000000
624 J 0.596731 0.106582 0.059449 0.055269 -0.273489 0.000000
625 J 0.596179 0.072955 0.060696 0.061691 -0.297241 0.000000
626 J 0.551364 0.062714 0.060855 0.074416 0.077096 0.000000
627 J 0.596926 0.096954 0.064637 0.055414 -0.277193 0.000000
628 J 0.594493 0.072180 0.073128 0.061007 -0.284065 0.000000
629 J 0.567881 0.078981 0.060506 0.075327 -0.100614 0.000000
630 J 0.597775 0.065558 0.072955 0.060163 -0.296303 0.000000
631 J 0.547907 0.094551 0.074519 0.062321 0.153521 0.000000
632 J 0.569746 0.066294 0.074400 0.079533 -0.118896 0.000000
633 F 0.595530 0.063397 0.081843 0.062797 4.158032 0.000000
634 J 0.600193 0.072302 0.069071 0.052602 -0.296641 0.000000
635 J 0.596191 0.087962 0.101341 0.055043 -0.255243 0.000000
636 C 0.572339 0.071557 0.102006 0.079278 1.145393 0.000000
637 J 0.544606 0.094140 0.090962 0.056443 0.204327 0.000000
638 J 0.592715 0.081077 0.076260 0.058203 -0.269425 0.000000
639 J 0.564253 0.074189 0.118986 0.081891 -0.020888 0.000000
640 H 0.594519 0.066270 0.098529 0.053796 4.143638 0.000000
641 J 0.570247 0.094891 0.078987 0.049261 -0.099106 0.000000
642 G 0.598084 0.080209 0.077312 0.085895 2.770882 0.000000
643 J 0.528219 0.104200 0.099276 0.049980 0.390573 0.000000
644 J 0.549029 0.053196 0.069945 0.078875 0.104817 0.000000
645 J 0.594713 0.090540 0.083157 0.056433 -0.263179 0.000000
646 J 0.599494 0.090300 0.121116 0.061526 -0.244237 0.000000
647 J 0.575001 0.073572 0.110581 0.091195 -0.136279 0.000000
648 E 0.571358 0.106705 0.085754 0.051260 1.906710 0.000000
649 J 0.597379 0.093176 0.095891 0.076929 -0.257347 0.000000
650 J 0.595319 0.069303 0.109812 0.116226 -0.259316 0.000000
651 J 0.600431 0.066391 0.117746 0.113290 -0.263184 0.000000
652 J 0.600101 0.049903 0.131002 0.100080 -0.265824 0.000000
653 B 0.637560 0.053785 0.143699 0.118302 3.957077 0.000000
654 J 0.638278 0.058165 0.115877 0.110136 -0.039159 0.000000
655 J 0.633691 0.068194 0.143058 0.107885 -0.062258 0.000000
656 D 0.633319 0.045833 0.145068 0.112323 0.648229 0.000000
657 J 0.600839 0.071731 0.115416 0.087775 -0.261930 0.000000
658 J 0.601438 0.075745 0.136531 0.091572 -0.244005 0.000000
659 J 0.601386 0.049436 0.128099 0.087919 -0.269091 0.000000
660 J 0.636206 0.055827 0.134995 0.094744 -0.050368 0.000000
661 J 0.565051 0.045536 0.128192 0.110663 -0.043129 0.000000
662 J 0.625368 0.071130 0.122081 0.115156 -0.153422 0.000000
663 J 0.628926 0.056374 0.116909 0.090718 -0.137332 0.000000
664 J 0.602495 0.080292 0.111191 0.082350 -0.258914 0.000000
665 F 0.603613 0.025239 0.154285 0.089867 4.195282 0.000000
666 J 0.629490 0.074710 0.132268 0.084564 -0.107763 0.000000
667 J 0.548974 0.043650 0.156786 0.111152 0.164817 0.000000
668 C 0.570538 0.088447 0.110875 0.130590 1.155320 0.000000
669 J 0.605999 0.065979 0.109035 0.079154 -0.267582 0.000000
670 J 0.572818 0.049464 0.123588 0.075662 -0.124583 0.000000
671 J 0.631770 0.060565 0.106021 0.070012 -0.115239 0.000000
672 J 0.603405 0.026007 0.093806 0.043764 -0.313656 0.000000
673 H 0.606970 0.031808 0.094951 0.043124 4.133818 0.000000
674 G 0.629473 0.022578 0.096293 0.036372 2.745681 0.000000
675 J 0.603473 0.098279 0.135941 0.042032 -0.228925 0.000000
676 J 0.572018 0.044325 0.084702 0.065116 -0.150887 0.000000
677 J 0.649271 0.100557 0.090830 0.039421 0.103414 0.000000
678 J 0.627310 0.082630 0.123009 0.075646 -0.128889 0.000000
679 J 0.553051 0.104289 0.152057 0.095130 0.153805 0.000000
680 E 0.602660 0.062704 0.089382 0.041813 1.872126 0.000000
681 J 0.576750 0.035557 0.105209 0.064240 -0.184849 0.000000
682 J 0.628361 0.080346 0.129229 0.039864 -0.116987 0.000000
683 J 0.604090 0.104730 0.079915 0.069817 -0.263116 0.000000
684 B 0.603669 0.023682 0.079704 0.094811 4.011059 0.000000
685 J 0.652279 0.056148 0.099834 0.075509 0.114685 0.000000
686 J 0.629164 0.096601 0.075355 0.068017 -0.136530 0.000000
687 D 0.492074 0.070317 0.111600 0.093333 1.363958 0.000000
688 J 0.576087 0.088911 0.142574 0.060377 -0.112979 0.000000
689 I 0.601701 0.109431 0.088097 0.076093 2.909758 0.000000
690 J 0.626024 0.054502 0.073213 0.051263 -0.198907 0.000000
691 J 0.607515 0.071777 0.119609 0.101470 -0.252104 0.000000
692 J 0.535253 0.034625 0.093404 0.086772 0.265745 0.000000
693 J 0.646358 0.094823 0.073585 0.055312 0.050864 0.000000
694 J 0.576524 0.109298 0.104700 0.069944 -0.128731 0.000000
695 F 0.559104 0.079772 0.152359 0.036128 4.111330 0.000000
696 J 0.605847 0.051374 0.074096 0.125470 -0.304465 0.000000
697 J 0.620307 0.024959 0.070370 0.131123 -0.267205 0.000000
698 J 0.671645 0.020256 0.074910 0.132343 0.290754 0.000000
699 J 0.644448 0.025021 0.089577 0.141079 -0.011626 0.000000
700 J 0.626951 0.051910 0.083763 0.120819 -0.182945 0.000000
701 C 0.663481 0.043033 0.070242 0.118888 1.512634 0.000000
702 J 0.627437 0.031664 0.067569 0.105915 -0.208732 0.000000
703 J 0.648857 0.017013 0.098529 0.142813 0.043070 0.000000
704 J 0.610029 0.045074 0.068780 0.104808 -0.304668 0.000000
705 G 0.623283 0.044556 0.066713 0.130967 2.721768 0.000000
706 J 0.610119 0.020891 0.070936 0.112437 -0.322382 0.000000
707 J 0.642855 0.047660 0.066673 0.113249 -0.032282 0.000000
708 H 0.622710 0.015670 0.065270 0.122004 4.185122 0.000000
709 J 0.649119 0.015946 0.100680 0.145110 0.047324 0.000000
710 J 0.671025 0.001135 0.062862 0.098898 0.256323 0.000000
711 E 0.612095 0.037306 0.085113 0.110285 1.931590 0.000000
712 J 0.622477 0.055253 0.062997 0.098918 -0.234106 0.000000
713 J 0.611811 0.028890 0.127521 0.132910 -0.263704 0.000000
714 J 0.644015 0.015549 0.130895 0.084197 0.006212 0.000000
715 J 0.623328 0.024316 0.095344 0.152937 -0.223877 0.000000
716 B 0.667410 0.035207 0.062875 0.145862 3.826987 0.000000
717 J 0.608880 0.040468 0.087215 0.132324 -0.295768 0.000000
718 J 0.580784 0.052524 0.067984 0.092742 -0.232553 0.000000
719 J 0.605335 0.062976 0.087553 0.123579 -0.285678 0.000000
720 J 0.631647 0.065294 0.091629 0.129532 -0.121935 0.000000
721 D 0.578439 0.042570 0.103224 0.140153 0.943096 0.000000
722 I 0.607549 0.001627 0.081109 0.155065 2.900452 0.000000
723 J 0.554652 0.057002 0.083469 0.110417 0.051970 0.000000
724 J 0.644864 0.036116 0.106994 0.121002 0.015028 0.000000
725 J 0.577572 0.068222 0.062535 0.088643 -0.199215 0.000000
726 J 0.607740 0.016970 0.086569 0.079459 -0.320080 0.000000
727 J 0.625021 0.015848 0.101323 0.103557 -0.214813 0.000000
728 J 0.677565 0.020669 0.085746 0.119682 0.353554 0.000000
729 F 0.647096 0.040901 0.112289 0.094288 4.240083 0.000000
730 J 0.609247 0.043157 0.079836 0.078780 -0.300311 0.000000
731 J 0.626632 0.020833 0.074022 0.082840 -0.220114 0.000000
732 J 0.614490 0.006034 0.083369 0.073692 -0.307903 0.000000
733 C 0.606690 0.001078 0.089711 0.072104 1.223404 0.000000
734 J 0.650734 0.066414 0.094632 0.069111 0.099324 0.000000
735 J 0.608385 0.001460 0.066163 0.076319 -0.349242 0.000000
736 J 0.633319 0.011671 0.065129 0.060047 -0.171931 0.000000
737 J 0.580352 0.001022 0.060876 0.079359 -0.279235 0.000000
738 H 0.579217 0.000839 0.060124 0.065336 4.125353 0.000000
739 J 0.574316 0.005182 0.062571 0.053441 -0.223917 0.000000
740 J 0.555154 0.021177 0.061690 0.070758 -0.002149 0.000000
741 G 0.584428 0.002660 0.077951 0.085973 2.840948 0.000000
742 J 0.611896 0.025991 0.060656 0.043138 -0.321827 0.000000
743 J 0.630202 0.024094 0.058325 0.040466 -0.198411 0.000000
744 E 0.665022 0.022991 0.056238 0.043822 1.826386 0.000000
745 J 0.613998 0.036701 0.082476 0.074416 -0.285575 0.000000
746 J 0.652801 0.003612 0.083015 0.104496 0.065983 0.000000
747 J 0.620598 0.033623 0.085281 0.084609 -0.247449 0.000000
748 J 0.647771 0.001362 0.087381 0.076010 0.004972 0.000000
749 B 0.616789 0.026510 0.058103 0.098368 3.994946 0.000000
750 J 0.628022 0.030897 0.074386 0.072752 -0.199245 0.000000
751 J 0.606418 0.043327 0.059911 0.107201 -0.322331 0.000000
752 D 0.676450 0.037724 0.097779 0.116880 0.418354 0.000000
753 J 0.641215 0.040345 0.076128 0.108650 -0.050075 0.000000
754 J 0.610958 0.043252 0.055082 0.151072 -0.312062 0.000000
755 I 0.654807 0.014021 0.096188 0.154978 2.874722 0.000000
756 J 0.613072 0.045985 0.056565 0.143909 -0.300748 0.000000
757 J 0.638798 0.000167 0.074987 0.143970 -0.110949 0.000000
758 J 0.671805 0.042187 0.104642 0.154112 0.335294 0.000000
759 J 0.623323 0.040474 0.059311 0.126864 -0.241749 0.000000
760 J 0.618010 0.018674 0.081719 0.131758 -0.277681 0.000000
761 F 0.659763 0.019907 0.091389 0.150470 4.271618 0.000000
762 J 0.637068 0.017412 0.111496 0.136428 -0.086146 0.000000
763 J 0.618676 0.041556 0.083871 0.160922 -0.251281 0.000000
764 J 0.647867 0.000372 0.096578 0.116344 0.014209 0.000000
765 J 0.691173 0.021601 0.078162 0.127453 0.430578 0.000000
766 C 0.618196 0.050005 0.055491 0.143345 1.296276 0.000000
767 J 0.633087 0.037222 0.111284 0.160594 -0.111809 0.000000
768 J 0.613507 0.056005 0.078344 0.123844 -0.274212 0.000000
769 J 0.635490 0.024073 0.055782 0.135817 -0.144034 0.000000
770 H 0.656652 0.021052 0.096014 0.117125 4.210091 0.000000
771 J 0.613219 0.044991 0.069991 0.105322 -0.291715 0.000000
772 G 0.617321 0.053518 0.056890 0.101907 2.720128 0.000000
773 J 0.607285 0.054660 0.057209 0.103758 -0.313626 0.000000
774 J 0.671343 0.042346 0.068461 0.109311 0.299714 0.000000
775 J 0.639171 0.057550 0.104171 0.099948 -0.038585 0.000000
776 J 0.611757 0.037582 0.074176 0.123603 -0.299595 0.000000
777 E 0.648623 0.059482 0.085139 0.144115 1.944540 0.000000
778 J 0.612587 0.039408 0.108679 0.167605 -0.264638 0.000000
779 J 0.629817 0.060208 0.076439 0.116217 -0.156084 0.000000
780 J 0.672402 0.037666 0.091162 0.129762 0.325551 0.000000
781 J 0.608102 0.066057 0.052454 0.139390 -0.304758 0.000000
782 J 0.658023 0.065903 0.118270 0.152603 0.209342 0.000000
783 B 0.629739 0.038600 0.050566 0.149267 3.985988 0.000000
784 J 0.643580 0.052952 0.074187 0.167288 -0.010084 0.000000
785 D 0.613177 0.032618 0.051879 0.127727 0.685016 0.000000
786 J 0.608972 0.061062 0.096246 0.136992 -0.272201 0.000000
787 I 0.636004 0.023307 0.080773 0.109062 2.880720 0.000000
788 J 0.610380 0.071035 0.051348 0.170142 -0.292857 0.000000
789 J 0.660264 0.047874 0.058860 0.175078 0.177999 0.000000
790 J 0.687320 0.023162 0.051424 0.161318 0.394688 0.000000
791 J 0.628248 0.071639 0.048816 0.152747 -0.181632 0.000000
792 J 0.611950 0.042248 0.074343 0.130070 -0.294605 0.000000
793 F 0.646725 0.039715 0.106027 0.138855 4.244298 0.000000
794 J 0.614759 0.018842 0.077160 0.171053 -0.296423 0.000000
795 J 0.657577 0.015532 0.071679 0.165447 0.128490 0.000000
796 J 0.629823 0.001414 0.122915 0.178270 -0.161699 0.000000
797 J 0.610929 0.049889 0.070754 0.181601 -0.291321 0.000000
798 J 0.639822 0.020740 0.069057 0.170669 -0.084672 0.000000
799 C 0.706995 0.047598 0.051783 0.185314 1.766465 0.000000
800 J 0.675025 0.029020 0.070483 0.152848 0.327652 0.000000
801 J 0.618878 0.051661 0.095544 0.148883 -0.233762 0.000000
802 J 0.613068 0.000368 0.048714 0.179707 -0.344406 0.000000
803 J 0.651525 0.013552 0.050689 0.155561 0.033365 0.000000
804 J 0.630218 0.000179 0.052047 0.178239 -0.219272 0.000000
805 G 0.614340 0.019002 0.050622 0.135106 2.739421 0.000000
806 H 0.634100 0.001627 0.048526 0.165150 4.213449 0.000000
807 J 0.609712 0.030734 0.073577 0.139797 -0.311911 0.000000
808 J 0.609011 0.027032 0.093331 0.136141 -0.301063 0.000000
809 J 0.732620 0.030009 0.106815 0.128921 0.270780 0.000000
810 J 0.652292 0.019484 0.119070 0.145972 0.104064 0.000000
811 E 0.602650 0.000741 0.092688 0.144773 1.971770 0.000000
812 J 0.633284 0.021802 0.089909 0.124013 -0.141222 0.000000
813 J 0.601891 0.035425 0.109942 0.140385 -0.291333 0.000000
814 J 0.582513 0.021595 0.122139 0.131196 -0.225050 0.000000
815 J 0.665072 0.000804 0.083973 0.158941 0.213935 0.000000
816 J 0.626461 0.035998 0.099423 0.117302 -0.187567 0.000000
817 B 0.579011 0.015797 0.070833 0.120919 4.012434 0.000000
818 D 0.603881 0.034822 0.086747 0.180933 0.778308 0.000000
819 I 0.643965 0.049484 0.068301 0.144174 2.878773 0.000000
820 J 0.623466 0.020796 0.106732 0.114053 -0.218586 0.000000
821 J 0.585048 0.052861 0.131687 0.160088 -0.208860 0.000000
822 J 0.607650 0.034856 0.071140 0.137702 -0.316146 0.000000
823 J 0.576202 0.016228 0.092494 0.146797 -0.202887 0.000000
824 J 0.602726 0.002231 0.052816 0.108349 -0.368011 0.000000
825 J 0.590429 0.014614 0.045251 0.116664 -0.339600 0.000000
826 J 0.567526 0.000547 0.046434 0.107449 -0.174172 0.000000
827 F 0.591917 0.014689 0.050270 0.118007 4.179053 0.000000
828 J 0.635770 0.003303 0.047386 0.108222 -0.168056 0.000000
829 J 0.581719 0.018908 0.042634 0.165057 -0.285557 0.000000
830 J 0.626678 0.025290 0.044998 0.103697 -0.240253 0.000000
831 J 0.603613 0.001007 0.064321 0.141383 -0.356774 0.000000
832 C 0.574680 0.001760 0.044402 0.135898 1.114996 0.000000
833 J 0.564382 0.001601 0.060823 0.122395 -0.125544 0.000000
834 J 0.596979 0.000589 0.064822 0.100681 -0.354986 0.000000
835 H 0.592407 0.001569 0.044982 0.103238 4.148016 0.000000
836 J 0.557887 0.000040 0.059182 0.142641 -0.052746 0.000000
837 G 0.604568 0.029310 0.043048 0.121202 2.748460 0.000000
838 J 0.646048 0.027094 0.062600 0.101564 -0.014683 0.000000
839 J 0.587191 0.000038 0.040289 0.141734 -0.340623 0.000000
840 J 0.578491 0.001393 0.040426 0.147588 -0.280214 0.000000
841 J 0.557712 0.019208 0.046565 0.130860 -0.045527 0.000000
842 J 0.619810 0.000357 0.041748 0.155126 -0.315889 0.000000
843 J 0.656303 0.000199 0.297531 0.188402 0.268322 0.000000
844 E 0.681168 0.016095 0.040584 0.158580 1.928491 0.000000
845 J 0.632726 0.000959 0.450257 0.159524 0.075935 0.000000
846 J 0.619725 0.023210 0.038964 0.146688 -0.298855 0.000000
847 B 0.593252 0.019093 0.044039 0.175495 4.052234 0.000000
848 J 0.584275 0.028413 0.063160 0.139221 -0.278467 0.000000
849 J 0.624723 0.019969 0.046723 0.186693 -0.254527 0.000000
850 J 0.604335 0.000430 0.064991 0.119146 -0.357191 0.000000
851 J 0.541080 0.018778 0.383937 0.151429 0.386235 0.000000
852 D 0.579214 0.002102 0.042136 0.130727 0.917112 0.000000
853 I 0.561661 0.001274 0.064196 0.115609 2.918832 0.000000
854 J 0.640954 0.000168 0.037731 0.157843 -0.118637 0.000000
855 J 0.602413 0.000615 0.061597 0.134400 -0.360549 0.000000
856 J 0.663224 0.017478 0.065351 0.139331 0.189920 0.000000
857 J 0.623854 0.001206 0.064058 0.172065 -0.264183 0.000000
858 J 0.597487 0.031614 0.086221 0.128311 -0.310424 0.000000
859 F 0.566764 0.000384 0.094054 0.119746 4.164461 0.000000
860 J 0.594295 0.018635 0.087659 0.126697 -0.312891 0.000000
861 J 0.540536 0.018263 0.078777 0.109576 0.183521 0.000000
862 J 0.512387 0.028661 0.078061 0.117570 0.425025 0.000000
863 J 0.579272 0.017547 0.100732 0.102751 -0.222544 0.000000
864 J 0.559750 0.035324 0.066855 0.158790 -0.036478 0.000000
865 J 0.591854 0.018077 0.086994 0.129655 -0.305819 0.000000
866 J 0.582611 0.001789 0.113640 0.134878 -0.248009 0.000000
867 J 0.550257 0.016879 0.088860 0.155305 0.079205 0.000000
868 H 0.591488 0.001083 0.128821 0.099213 4.227892 0.000000
869 G 0.525469 0.000148 0.105878 0.181991 2.999315 0.000000
870 J 0.569439 0.018539 0.059807 0.123033 -0.165595 0.000000
871 C 0.591649 0.034030 0.043231 0.103760 1.182770 0.000000
872 J 0.566618 0.034161 0.085992 0.135006 -0.100495 0.000000
873 J 0.589387 0.019453 0.064407 0.161390 -0.311419 0.000000
874 J 0.543443 0.018925 0.056820 0.195534 0.138228 0.000000
875 J 0.575844 0.019693 0.038600 0.182321 -0.240111 0.000000
876 J 0.531499 0.001962 0.089975 0.165215 0.277956 0.000000
877 J 0.555654 0.029782 0.107483 0.156496 0.039982 0.000000
878 J 0.001003 0.021253 0.070829 0.144090 0.409268 0.000000
879 A 0.587140 0.033617 0.144144 0.181240 0.205060 0.000000
880 E 0.582757 0.000973 0.038986 0.169084 2.000803 0.000000
881 B 0.602517 0.019367 0.056052 0.153419 4.039119 0.000000
882 J 0.563530 0.035910 0.081354 0.133658 -0.068965 0.000000
883 J 0.597448 0.016464 0.121150 0.124005 -0.294810 0.000000
884 J 0.575254 0.036108 0.099493 0.155566 -0.172341 0.000000
885 I 0.626099 0.017523 0.061355 0.139597 2.886156 0.000000
886 D 0.472930 0.000704 0.038015 0.194567 1.420212 0.000000
887 J 0.600171 0.040097 0.084913 0.121671 -0.307895 0.000000
888 J 0.547038 0.000341 0.115559 0.113728 0.123682 0.000000
889 J 0.590617 0.037611 0.093783 0.098224 -0.280907 0.000000
890 J 0.562875 0.000319 0.123882 0.117426 -0.056776 0.000000
891 J 0.597696 0.037332 0.083933 0.122979 -0.308234 0.000000
892 J 0.626510 0.036111 0.140536 0.099463 -0.156340 0.000000
893 F 0.610358 0.042551 0.674661 0.114676 4.258239 0.000000
894 J 0.639390 0.034437 0.102265 0.097742 -0.055411 0.000000
895 J 0.573301 0.000756 0.077479 0.166474 -0.200892 0.000000
896 J 0.600255 0.020972 0.077560 0.096217 -0.330496 0.000000
897 J 0.618889 0.020089 0.064058 0.093169 -0.287440 0.000000
898 C 0.581668 0.018736 0.072926 0.098672 1.145354 0.000000
899 J 0.644663 0.018347 0.100516 0.089854 -0.007655 0.000000
900 J 0.604138 0.000777 0.043968 0.145312 -0.374635 0.000000
901 J 0.525144 0.050743 0.040721 0.150379 0.333533 0.000000
902 J 0.429711 0.031367 0.038564 0.182790 -0.097824 0.000000
903 H 0.552293 0.016499 0.039010 0.167300 4.204300 0.000000
904 G 0.592786 0.051544 0.057609 0.144163 2.779837 0.000000
905 J 0.572292 0.018404 0.036378 0.132105 -0.214306 0.000000
906 J 0.504178 0.033813 0.066929 0.153507 0.445768 0.000000
907 J 0.600706 0.001611 0.055758 0.119981 -0.365494 0.000000
908 J 0.625566 0.000692 0.035532 0.173825 -0.276434 0.000000
909 E 0.601676 0.000132 0.052911 0.141228 1.963021 0.000000
910 J 0.575750 0.019447 0.055189 0.112800 -0.229477 0.000000
911 J 0.629819 0.000819 0.040028 0.193000 -0.231983 0.000000
912 A 0.605695 0.001024 0.035653 0.123297 0.052669 0.000000
913 J 0.554327 0.019648 0.056616 0.160673 0.005843 0.000000
914 J 0.587181 0.048606 0.065624 0.142401 -0.276429 0.000000
915 J 0.653146 0.021694 0.038667 0.103209 0.047295 0.000000
916 B 0.621201 0.032791 0.056759 0.120884 3.993820 0.000000
917 J 0.569289 0.016603 0.035410 0.145183 -0.186167 0.000000
918 I 0.601779 0.001491 0.074088 0.171002 2.903708 0.000000
919 J 0.536374 0.000522 0.057945 0.099566 0.195534 0.000000
920 J 0.637895 0.051203 0.033437 0.132241 -0.113638 0.000000
921 D 0.587137 0.032804 0.070849 0.114661 0.864679 0.000000
922 J 0.608724 0.019131 0.051962 0.150210 -0.342360 0.000000
923 J 0.672527 0.020051 0.034236 0.190983 0.268452 0.000000
924 J 0.624958 0.046221 0.052194 0.165593 -0.227337 0.000000
925 F 0.651195 0.018191 0.034949 0.197586 4.253463 0.000000
926 J 0.623260 0.001003 0.050565 0.155833 -0.282399 0.000000
927 J 0.611330 0.000576 0.035415 0.177129 -0.363633 0.000000
928 J 0.650170 0.001287 0.031657 0.179944 -0.009851 0.000000
929 J 0.640251 0.018121 0.033801 0.093299 -0.117070 0.000000
930 J 0.667775 0.033552 0.033523 0.146155 0.227395 0.000000
931 J 0.693276 0.000359 0.052981 0.192997 0.402044 0.000000
932 J 0.618323 0.052259 0.030094 0.093111 -0.292508 0.000000
933 H 0.614121 0.019372 0.051658 0.117299 4.166333 0.000000
934 C 0.635438 0.034731 0.068278 0.139260 1.367630 0.000000
935 J 0.613121 0.020642 0.031501 0.172456 -0.342073 0.000000
936 J 0.641526 0.019374 0.035202 0.183334 -0.094451 0.000000
937 J 0.612515 0.000219 0.026461 0.180890 -0.367436 0.000000
938 G 0.657014 0.000898 0.028954 0.200405 2.632145 0.000000
939 J 0.629291 0.014908 0.027146 0.198917 -0.235195 0.000000
940 J 0.605126 0.000708 0.033408 0.177038 -0.380887 0.000000
941 J 0.661149 0.003744 0.028101 0.211733 0.126740 0.000000
942 E 0.633944 0.002853 0.027079 0.198960 1.998759 0.000000
943 J 0.610687 0.000693 0.024513 0.209631 -0.372418 0.000000
944 J 0.620909 0.002217 0.023017 0.210805 -0.318576 0.000000
945 J 0.638080 0.003027 0.019653 0.213700 -0.160130 0.000000
946 J 0.653975 0.002812 0.024747 0.204287 0.034803 0.000000
947 B 0.674401 0.002559 0.024165 0.214521 3.844491 0.000000
948 A 0.626224 0.020750 0.020995 0.208109 0.082618 0.000000
949 J 0.618269 0.000163 0.022137 0.185309 -0.341698 0.000000
950 J 0.641411 0.000572 0.019674 0.187502 -0.127325 0.000000
951 J 0.683779 0.000498 0.026145 0.212634 0.336464 0.000000
952 D 0.611244 0.000093 0.021911 0.186842 0.703693 0.000000
953 I 0.623399 0.021844 0.024828 0.184125 2.883914 0.000000
954 J 0.600627 0.021817 0.020738 0.203860 -0.372186 0.000000
955 J 0.580977 0.021471 0.019249 0.212840 -0.293944 0.000000
956 J 0.596177 0.018383 0.020405 0.206560 -0.369748 0.000000
957 J 0.565053 0.023216 0.019788 0.216425 -0.142223 0.000000
958 J 0.583569 0.000114 0.017438 0.202121 -0.335217 0.000000
959 F 0.558525 0.018195 0.015458 0.201209 4.139155 0.000000
960 J 0.569050 0.000710 0.017172 0.197585 -0.210965 0.000000
961 J 0.584918 0.029727 0.019480 0.230268 -0.310101 0.000000
962 J 0.580541 0.035168 0.017671 0.229005 -0.277268 0.000000
963 J 0.544391 0.020577 0.030868 0.182257 0.104208 0.000000
964 J 0.591405 0.017816 0.017092 0.213982 -0.358130 0.000000
965 C 0.547299 0.000426 0.019353 0.227635 1.048454 0.000000
966 J 0.573388 0.038504 0.019782 0.214939 -0.213952 0.000000
967 J 0.563297 0.000928 0.015510 0.197366 -0.150218 0.000000
968 J 0.585026 0.020516 0.034544 0.226103 -0.306109 0.000000
969 J 0.535510 0.000810 0.014827 0.199767 0.171768 0.000000
970 H 0.591806 0.037977 0.029375 0.185710 4.210129 0.000000
971 J 0.592399 0.018113 0.032341 0.207894 -0.348274 0.000000
972 J 0.514121 0.019043 0.014741 0.234110 0.364245 0.000000
973 G 0.557548 0.000263 0.034835 0.213150 2.866428 0.000000
974 J 0.570560 0.018676 0.000806 0.206668 -0.223644 0.000000
975 J 0.585469 0.000538 0.016417 0.181890 -0.349863 0.000000
976 J 0.534163 0.020821 0.014415 0.186013 0.202887 0.000000
977 E 0.552858 0.001030 0.001848 0.222914 2.070093 0.000000
978 A 0.577176 0.036266 0.017775 0.240682 0.135486 0.000000
979 J 0.585247 0.000326 0.033103 0.199972 -0.330877 0.000000
980 J 0.554592 0.001154 0.016702 0.200545 -0.046851 0.000000
981 J 0.515650 0.017139 0.015520 0.211336 0.351972 0.000000
982 J 0.535724 0.001494 0.030561 0.182310 0.183270 0.000000
983 B 0.567620 0.019639 0.036123 0.230714 4.060333 0.000000
984 J 0.576095 0.037437 0.012285 0.198866 -0.248235 0.000000
985 J 0.588281 0.001460 0.038044 0.179371 -0.344076 0.000000
986 D 0.490320 0.018438 0.035535 0.169648 1.349583 0.000000
987 I 0.588269 0.036982 0.001399 0.176470 2.899826 0.000000
988 J 0.552239 0.584337 0.032434 0.177133 0.363098 0.000000
989 J 0.571299 0.000401 0.015581 0.185213 -0.236840 0.000000
990 J 0.593878 0.048698 0.242012 0.211460 -0.171486 0.000000
991 J 0.553790 0.018040 0.038445 0.239308 0.004363 0.000000
992 J 0.585463 0.000048 0.037816 0.185915 -0.329595 0.000000
993 F 0.593811 0.000510 0.019745 0.175451 4.185830 0.000000
994 J 0.563701 0.032677 0.001084 0.218464 -0.135518 0.000000
995 J 0.525731 0.019465 0.039382 0.197464 0.304619 0.000000
996 J 0.591448 0.052424 0.016784 0.178524 -0.331328 0.000000
997 J 0.570171 0.034230 0.036953 0.214828 -0.171208 0.000000
998 J 0.599775 0.000525 0.037368 0.196297 -0.376926 0.000000
999 C 0.605274 0.019335 0.042428 0.179706 1.228192 0.000000
1000 J 0.600668 0.048061 0.040788 0.170927 -0.334741 0.000000
1001 J 0.593075 0.018677 0.000731 0.202163 -0.380307 0.000000
1002 J 0.607556 0.036650 0.011558 0.236140 -0.355913 0.000000
1003 H 0.617967 0.057499 0.005175 0.237402 4.234741 0.000000
1004 J 0.631307 0.040267 0.003804 0.214439 -0.211874 0.000000
1005 G 0.606889 0.036346 0.004347 0.242824 2.713468 0.000000
1006 J 0.627101 0.020426 0.016056 0.234295 -0.255350 0.000000
1007 J 0.606505 0.054109 0.004009 0.223683 -0.351083 0.000000
1008 J 0.601203 0.060148 0.007872 0.242023 -0.343719 0.000000
1009 J 0.599909 0.056570 0.001014 0.247416 -0.351462 0.000000
1010 E 0.570993 0.063082 0.002954 0.239645 2.080609 0.000000
1011 J 0.590780 0.053923 0.005964 0.251604 -0.326695 0.000000
1012 J 0.454634 0.063051 0.004114 0.240970 0.142213 0.000000
1013 J 0.546266 0.057274 0.003705 0.264424 0.103160 0.000000
1014 A 0.571680 0.060062 0.001403 0.276506 0.151394 0.000000
1015 J 0.599645 0.048558 0.002782 0.229027 -0.360032 0.000000
1016 B 0.595467 0.046763 0.016827 0.221973 4.072873 0.000000
1017 J 0.574404 0.040510 0.000643 0.226224 -0.237289 0.000000
1018 J 0.559846 0.038572 0.021925 0.251044 -0.061639 0.000000
1019 D 0.595423 0.038019 0.000359 0.226573 0.747086 0.000000
1020 J 0.600579 0.060434 0.018478 0.218469 -0.337781 0.000000
1021 J 0.574433 0.031430 0.002925 0.210449 -0.246132 0.000000
1022 I 0.629621 0.051754 0.022162 0.226079 2.882891 0.000000
1023 J 0.549228 0.029206 0.022778 0.250820 0.057095 0.000000
1024 J 0.584330 0.035603 0.023897 0.219439 -0.298820 0.000000
1025 J 0.613673 0.021383 0.002256 0.208593 -0.362189 0.000000
1026 J 0.640824 0.063757 0.003378 0.205732 -0.088922 0.000000
1027 J 0.621540 0.052542 0.001061 0.238084 -0.283676 0.000000
1028 F 0.645449 0.035335 0.018949 0.204202 4.233876 0.000000
1029 J 0.612683 0.022463 0.001777 0.248138 -0.359705 0.000000
1030 J 0.622198 0.072034 0.000427 0.276145 -0.254565 0.000000
1031 J 0.649835 0.050059 0.004702 0.254835 0.016789 0.000000
1032 J 0.606909 0.034246 0.012549 0.282269 -0.349255 0.000000
1033 C 0.633389 0.059872 0.001610 0.280693 1.361518 0.000000
1034 J 0.619535 0.073180 0.003551 0.269871 -0.270826 0.000000
1035 J 0.660390 0.043272 0.017725 0.254534 0.151434 0.000000
1036 J 0.607485 0.033468 0.000063 0.248347 -0.367490 0.000000
1037 H 0.642822 0.074522 0.001989 0.258657 4.250083 0.000000
1038 G 0.606433 0.059622 0.002374 0.243024 2.700938 0.000000
1039 J 0.629559 0.048352 0.018741 0.265762 -0.199178 0.000000
1040 J 0.602829 0.075597 0.000555 0.240973 -0.336587 0.000000
1041 J 0.608407 0.504125 0.000884 0.285581 -0.040692 0.000000
1042 J 0.632859 0.035457 0.001575 0.272263 -0.192418 0.000000
1043 E 0.667057 0.048618 0.000399 0.244992 2.024871 0.000000
1044 J 0.603935 0.032531 0.026264 0.240445 -0.351253 0.000000
1045 A 0.576045 0.030115 0.024151 0.228072 0.142571 0.000000
1046 J 0.597377 0.056925 0.023345 0.228880 -0.331731 0.000000
1047 J 0.626090 0.024407 0.022530 0.249619 -0.251800 0.000000
1048 J 0.645143 0.034092 0.000175 0.228205 -0.064191 0.000000
1049 B 0.707300 0.074515 0.024540 0.248312 3.577575 0.000000
1050 J 0.582719 0.019811 0.024548 0.225424 -0.301099 0.000000
1051 J 0.615964 0.049097 0.633902 0.265486 0.066233 0.000000
1052 D 0.599891 0.018258 0.025359 0.211305 0.761748 0.000000
1053 J 0.564198 0.049721 0.022702 0.236271 -0.103336 0.000000
1054 I 0.623941 0.022288 0.001203 0.215023 2.879305 0.000000
1055 J 0.651377 0.035931 0.278938 0.250074 0.227188 0.000000
1056 J 0.590743 0.075896 0.407943 0.198925 -0.052737 0.000000
1057 J 0.608819 0.020287 0.320425 0.222641 -0.141109 0.000000
1058 J 0.585805 0.045672 0.028729 0.236567 -0.291928 0.000000
1059 J 0.627690 0.018036 0.021051 0.271175 -0.240598 0.000000
1060 J 0.563685 0.065522 0.704514 0.212136 0.297213 0.000000
1061 J 0.603678 0.020523 0.031009 0.199362 -0.363980 0.000000
1062 F 0.653820 0.461740 0.034995 0.291851 4.038690 0.000000
1063 J 0.626009 0.056938 0.032079 0.200665 -0.222898 0.000000
1064 J 0.667033 0.041087 0.032474 0.228726 0.233894 0.000000
1065 J 0.639848 0.031315 0.001074 0.242926 -0.126216 0.000000
1066 C 0.609776 0.070797 0.035404 0.202915 1.271174 0.000000
1067 J 0.607752 0.020192 0.019135 0.248306 -0.361489 0.000000
1068 J 0.639452 0.021362 0.039875 0.273967 -0.098153 0.000000
1069 H 0.619549 0.018937 0.035369 0.259503 4.292286 0.000000
1070 J 0.598606 0.034605 0.000165 0.254224 -0.369854 0.000000
1071 J 0.686060 0.018178 0.019969 0.255334 0.367751 0.000000
1072 G 0.576358 0.037456 0.015265 0.288402 2.802029 0.000000
1073 J 0.597695 0.021378 0.000786 0.261364 -0.379127 0.000000
1074 J 0.545736 0.017417 0.515343 0.294366 0.421589 0.000000
1075 J 0.760809 0.017903 0.021169 0.262656 -0.172216 0.000000
1076 E 0.574271 0.000470 0.037690 0.200548 2.037075 0.000000
1077 J 0.587097 0.019457 0.019328 0.222716 -0.333347 0.000000
1078 A 0.623001 0.037717 0.001345 0.268932 0.088457 0.000000
1079 J 0.643641 0.020862 0.000921 0.199117 -0.098099 0.000000
1080 J 0.599794 0.035306 0.040577 0.220270 -0.339693 0.000000
1081 J 0.562844 0.408091 0.020122 0.246066 0.155250 0.000000
1082 J 0.619137 0.000549 0.000218 0.199884 -0.355688 0.000000
1083 B 0.660857 0.018107 0.000382 0.197639 3.902848 0.000000
1084 J 0.637825 0.000605 0.017710 0.218418 -0.166520 0.000000
1085 J 0.670648 0.037222 0.001049 0.198352 0.236010 0.000000
1086 I 0.627509 0.018511 0.000610 0.232232 2.876938 0.000000
1087 J 0.642580 0.808317 0.000811 0.199233 0.349197 0.000000
1088 J 0.619125 0.037111 0.027255 0.280953 -0.281792 0.000000
1089 D 0.621897 0.017370 0.022187 0.218766 0.627291 0.000000
1090 J 0.656951 0.017565 0.039820 0.257575 0.107379 0.000000
1091 J 0.610211 0.048064 0.000404 0.191310 -0.354547 0.000000
1092 J 0.639240 0.000667 0.018693 0.235079 -0.146925 0.000000
1093 F 0.691964 0.000057 0.039113 0.208981 4.324445 0.000000
1094 J 0.595241 0.036523 0.021796 0.241069 -0.344619 0.000000
1095 J 0.615202 0.019906 0.000366 0.191681 -0.360128 0.000000
1096 J 0.579737 0.052581 0.038433 0.216464 -0.239653 0.000000
1097 J 0.607164 0.036171 0.019700 0.188566 -0.356285 0.000000
1098 J 0.584432 0.055394 0.037005 0.183372 -0.275292 0.000000
1099 C 0.602807 0.031926 0.021670 0.189386 1.221540 0.000000
1100 J 0.632643 0.018931 0.041964 0.188938 -0.186327 0.000000
1101 J 0.564480 0.065662 0.000166 0.192418 -0.118321 0.000000
1102 H 0.649036 0.430919 0.036161 0.173109 4.147601 0.000000
1103 J 0.613094 0.039725 0.019768 0.208942 -0.331584 0.000000
1104 J 0.586810 0.022840 0.021021 0.170538 -0.333188 0.000000
1105 J 0.547884 0.045532 0.000047 0.193781 0.058810 0.000000
1106 G 0.624750 0.023034 0.578401 0.216613 3.248715 0.000000
1107 J 0.600772 0.019719 0.044301 0.174063 -0.356040 0.000000
1108 J 0.571443 0.058329 0.044233 0.195458 -0.159581 0.000000
1109 J 0.670385 0.077443 0.023462 0.223736 0.291776 0.000000
1110 E 0.590283 0.018404 0.020330 0.172939 1.999474 0.000000
1111 J 0.617879 0.037067 0.043260 0.212575 -0.288145 0.000000
1112 J 0.642569 0.019028 0.041955 0.267316 -0.063457 0.000000
1113 J 0.599006 0.000213 0.000363 0.191093 -0.412785 0.000000
1114 A 0.526513 0.000084 0.022486 0.248094 0.507815 0.000000
1115 J 0.571775 0.014261 0.001484 0.213981 -0.238288 0.000000
1116 J 0.548240 0.014682 0.000277 0.167217 0.023084 0.000000
1117 J 0.722495 0.015666 0.023570 0.229313 0.301470 0.000000
1118 I 0.575226 0.000136 0.019187 0.196584 2.908605 0.000000
1119 B 0.590722 0.000951 0.042750 0.186836 4.067993 0.000000
1120 D 0.559077 0.033672 0.020479 0.291020 1.009939 0.000000
1121 J 0.626764 0.019757 0.039415 0.227357 -0.238704 0.000000
1122 J 0.603664 0.049341 0.000215 0.254576 -0.357211 0.000000
1123 J 0.586612 0.061435 0.001694 0.277882 -0.298197 0.000000
1124 J 0.614681 0.058940 0.345383 0.259961 -0.075771 0.000000
1125 J 0.393751 0.082380 0.000368 0.303114 -0.163619 0.000000
1126 J 0.635876 0.048522 0.020195 0.250205 -0.136395 0.000000
1127 J 0.658811 0.047752 0.000672 0.259843 0.122269 0.000000
1128 J 0.596694 0.070645 0.018598 0.238883 -0.321204 0.000000
1129 F 0.574284 0.036539 0.016655 0.280290 4.147584 0.000000
1130 J 0.610762 0.035968 0.000930 0.233324 -0.357663 0.000000
1131 J 0.626404 0.071114 0.001082 0.266328 -0.223188 0.000000
1132 C 0.649695 0.054858 0.000477 0.239758 1.438211 0.000000
1133 J 0.615313 0.071510 0.020371 0.245368 -0.287357 0.000000
1134 J 0.537319 0.050564 0.017624 0.224207 0.204288 0.000000
1135 J 0.589750 0.038071 0.017975 0.290940 -0.317041 0.000000
1136 H 0.634950 0.051518 0.020250 0.266731 4.279768 0.000000
1137 J 0.559915 0.080097 0.000737 0.214410 -0.050593 0.000000
1138 J 0.610660 0.032571 0.019722 0.248877 -0.341162 0.000000
1139 G 0.582278 0.035471 0.002034 0.225242 2.764185 0.000000
1140 J 0.649146 0.055783 0.033423 0.212722 0.031486 0.000000
1141 J 0.673653 0.028919 0.034684 0.237810 0.294016 0.000000
1142 J 0.602747 0.032333 0.001826 0.270364 -0.368692 0.000000
1143 J 0.622952 0.020727 0.998901 0.207055 0.227061 0.000000
1144 J 0.592633 0.021132 0.019352 0.292866 -0.342090 0.000000
1145 E 0.560837 0.036528 0.000028 0.233414 2.077479 0.000000
1146 J 0.637229 0.018744 0.034969 0.277505 -0.129190 0.000000
1147 J 0.578693 0.032203 0.018071 0.204856 -0.268716 0.000000
1148 B 0.617777 0.537920 0.035916 0.264380 3.851461 0.000000
1149 J 0.596347 0.018510 0.017449 0.194208 -0.374219 0.000000
1150 J 0.564527 0.018628 0.043010 0.187702 -0.123069 0.000000
1151 A 0.548629 0.001650 0.036434 0.196716 0.313524 0.000000
1152 D 0.585215 0.000036 0.021015 0.175566 0.863598 0.000000
1153 J 0.591936 0.022299 0.034768 0.197620 -0.341913 0.000000
1154 I 0.569501 0.017729 0.044048 0.210433 2.917230 0.000000
1155 J 0.541182 0.048580 0.024219 0.187159 0.160717 0.000000
1156 J 0.599353 0.018638 0.018199 0.172659 -0.379982 0.000000
1157 J 0.609452 0.034899 0.045819 0.179091 -0.329592 0.000000
1158 J 0.631270 0.017300 0.001129 0.634307 0.008977 0.000000
1159 J 0.600264 0.057565 0.047005 0.169908 -0.321467 0.000000
1160 F 0.628003 0.000166 0.000642 0.165688 4.224369 0.000000
1161 J 0.657072 0.038023 0.021222 0.189298 0.100212 0.000000
1162 J 0.578308 0.018332 0.000131 0.164162 -0.299561 0.000000
1163 J 0.601368 0.034053 0.030906 0.192994 -0.353434 0.000000
1164 J 0.508701 0.017664 0.019429 0.171613 0.381023 0.000000
1165 J 0.612562 0.067191 0.000103 0.205906 -0.327291 0.000000
1166 J 0.569680 0.001107 0.044780 0.169323 -0.193948 0.000000
1167 C 0.636561 0.000559 0.000086 0.222298 1.346376 0.000000
1168 J 0.594532 0.050569 0.031552 0.191430 -0.328907 0.000000
1169 J 0.615308 0.000106 0.048012 0.207924 -0.331572 0.000000
1170 H 0.653380 0.034415 0.021801 0.173750 4.190593 0.000000
1171 J 0.556753 0.021186 0.019274 0.225433 -0.047848 0.000000
1172 G 0.680906 0.048254 0.036378 0.183632 2.557166 0.000000
1173 J 0.580239 0.080198 0.046440 0.246001 -0.209470 0.000000
1174 J 0.627013 0.018128 0.019021 0.207614 -0.259421 0.000000
1175 J 0.603118 0.033148 0.047947 0.169480 -0.341297 0.000000
1176 J 0.525030 0.062828 0.475387 0.193370 0.619622 0.000000
1177 E 0.805119 0.017853 0.000370 0.302927 1.979138 0.000000
1178 J 0.585147 0.043669 0.022143 0.272249 -0.288628 0.000000
1179 A 0.621662 0.034174 0.033470 0.228172 0.097292 0.000000
1180 J 0.641355 0.018447 0.018567 0.166094 -0.114129 0.000000
1181 J 0.602066 0.000265 0.043988 0.581903 -0.182244 0.000000
1182 B 0.125353 0.000220 0.047841 0.251867 0.697287 0.000000
1183 J 0.569357 0.050429 0.000655 0.205306 -0.182103 0.000000
1184 J 0.593626 0.081805 0.000019 0.342777 -0.293292 0.000000
1185 J 0.617376 0.019867 0.020600 0.188075 -0.329643 0.000000
1186 I 0.555531 0.034459 0.029969 0.224375 2.922189 0.000000
1187 D 0.653210 0.000333 0.047413 0.210803 0.503920 0.000000
1188 J 0.580809 0.063662 0.019621 0.162739 -0.260155 0.000000
1189 J 0.626357 0.037256 0.018721 0.254286 -0.240419 0.000000
1190 J 0.602892 0.019164 0.046825 0.188528 -0.352749 0.000000
1191 J 0.635348 0.050567 0.029731 0.232110 -0.135183 0.000000
1192 J 0.580425 0.019672 0.000214 0.164923 -0.314652 0.000000
1193 F 0.538506 0.036655 0.018249 0.205171 4.111770 0.000000
1194 J 0.608587 0.017218 0.046361 0.274451 -0.332064 0.000000
1195 J 0.560157 0.062299 0.536580 0.185125 0.261873 0.000000
1196 J 0.665885 0.017608 0.000382 0.222287 0.169340 0.000000
1197 J 0.596727 0.033591 0.035741 0.243725 -0.337610 0.000000
1198 C 0.619109 0.000232 0.021054 0.165500 1.270811 0.000000
1199 J 0.645531 0.049653 0.050200 0.202127 -0.005222 0.000000
1200 J 0.577095 0.080144 0.032132 0.238089 -0.197291 0.000000
1201 J 0.603967 0.017200 0.742248 0.182942 0.047320 0.000000
1202 J 0.700076 0.032629 0.018428 0.219235 0.412578 0.000000
1203 H 0.635250 0.063735 0.000619 0.298522 4.290214 0.000000
1204 G 0.587027 0.017800 0.046842 0.194471 2.803203 0.000000
1205 J 0.619630 0.033613 0.000287 0.266314 -0.309549 0.000000
1206 J 0.568180 0.049052 0.029741 0.215459 -0.144040 0.000000
1207 J 0.598177 0.016498 0.018316 0.164023 -0.381290 0.000000
1208 J 0.537961 0.000354 0.049684 0.168740 0.174613 0.000000
1209 E 0.586473 0.017161 0.374663 0.161400 2.130092 0.000000
1210 J 0.560136 0.000078 0.050493 0.159288 -0.085724 0.000000
1211 J 0.551659 0.037232 0.030712 0.182187 0.032463 0.000000
1212 J 0.598124 0.000638 0.049805 0.160077 -0.367127 0.000000
1213 J 0.570495 0.019483 0.051931 0.156436 -0.180355 0.000000
1214 J 0.590864 0.014491 0.054669 0.163478 -0.330382 0.000000
1215 J 0.577561 0.019230 0.048771 0.158782 -0.248213 0.000000
1216 D 0.598566 0.015731 0.054050 0.176095 0.797245 0.000000
1217 A 0.614032 0.001752 0.598158 0.166867 0.626608 0.000000
1218 J 0.550917 0.016045 0.034882 0.159219 0.024154 0.000000
1219 J 0.629801 0.000178 0.052609 0.184074 -0.222188 0.000000
1220 I 0.587785 0.038222 0.032924 0.154257 2.905003 0.000000
1221 J 0.606606 0.000934 0.052617 0.184186 -0.359944 0.000000
1222 B 0.567736 0.000127 0.031460 0.176992 4.028004 0.000000
1223 J 0.533131 0.032758 0.031898 0.156409 0.237519 0.000000
1224 J 0.646543 0.017977 0.050015 0.193839 -0.021155 0.000000
1225 J 0.627614 0.000462 0.021630 0.157961 -0.273295 0.000000
1226 F 0.595125 0.033584 0.019644 0.190827 4.171081 0.000000
1227 J 0.612174 0.031938 0.054841 0.179654 -0.314904 0.000000
1228 J 0.095175 0.639642 0.032671 0.196019 0.785252 0.000000
1229 J 0.571308 0.051403 0.017906 0.171820 -0.189025 0.000000
1230 J 0.656501 0.615680 0.049539 0.157058 0.457377 0.000000
1231 J 0.586411 0.018273 0.031225 0.199865 -0.322800 0.000000
1232 C 0.624150 0.000790 0.425154 0.177918 1.365162 0.000000
1233 J 0.601892 0.028544 0.020586 0.158107 -0.370890 0.000000
1234 J 0.543944 0.065370 0.052727 0.164984 0.164909 0.000000
1235 J 0.558372 0.047074 0.056562 0.161869 -0.018913 0.000000
1236 G 0.578991 0.031942 0.936816 0.144399 3.699573 0.000000
1237 H 0.595744 0.000104 0.039210 0.152415 4.191611 0.000000
1238 J 0.507988 0.052162 0.032429 0.155279 0.424161 0.000000
1239 J 0.572954 0.033606 0.053796 0.150827 -0.190934 0.000000
1240 J 0.581543 0.017871 0.035687 0.173840 -0.290709 0.000000
1241 J 0.601441 0.060794 0.018692 0.183608 -0.341746 0.000000
1242 E 0.558260 0.078994 0.051475 0.202280 2.055324 0.000000
1243 J 0.600425 0.000870 0.021581 0.152036 -0.395934 0.000000
1244 A 0.526788 0.000367 0.018646 0.174188 0.469999 0.000000
1245 J 0.593795 0.034829 0.019626 0.198294 -0.350371 0.000000
1246 J 0.634595 0.000114 0.018632 0.153504 -0.208189 0.000000
1247 J 0.613811 0.035864 0.020218 0.206135 -0.331826 0.000000
1248 J 0.482862 0.018562 0.844069 0.178438 0.811234 0.000000
1249 J 0.574062 0.050216 0.034890 0.210686 -0.197333 0.000000
1250 J 0.549758 0.680525 0.019451 0.156087 0.427048 0.000000
