1 A 0.078547 0.372978 0.447735 0.026395 0.642176 0.000000
2 A 0.148655 0.160114 0.670486 0.290463 1.404689 0.000000
3 A 0.162114 0.869455 0.326206 0.732341 2.345294 0.000000
4 A 0.343401 0.194933 0.679273 0.871524 3.391526 0.000000
5 A 0.362907 0.228254 0.592922 0.395525 2.595164 0.000000
6 A 0.556743 0.028907 0.261631 0.200128 0.468510 0.000000
7 A 0.606117 0.240265 0.996733 0.978222 1.970493 0.000000
8 A 0.630822 0.279953 0.864824 0.595142 1.342817 0.000000
9 A 0.683216 0.597224 0.442834 0.107740 1.297017 0.000000
10 A 0.691504 0.740348 0.378139 0.802861 2.101419 0.000000
11 A 0.763842 0.959114 0.892725 0.379842 2.935208 0.000000
12 A 0.833523 0.468899 0.587333 0.283489 2.655357 0.000000
13 A 0.839544 0.049169 0.456486 0.638763 2.737783 0.000000
14 A 0.886762 0.768562 0.697256 0.848850 3.153223 0.000000
15 B 0.020885 0.208405 0.060031 0.938917 1.311589 0.000000
16 B 0.034118 0.179187 0.141225 0.316062 0.306282 0.000000
17 B 0.067957 0.006486 0.649764 0.792762 1.696717 0.000000
18 B 0.121605 0.449317 0.910094 0.304947 1.333182 0.000000
19 B 0.202108 0.840672 0.481758 0.964942 2.199752 0.000000
20 B 0.214785 0.646136 0.591508 0.601294 1.812771 0.000000
21 B 0.237316 0.966476 0.078116 0.700019 1.670395 0.000000
22 B 0.254082 0.232455 0.436672 0.563622 2.117891 0.000000
23 B 0.260002 0.763481 0.777177 0.950698 3.053040 0.000000
24 B 0.270978 0.016052 0.018396 0.826789 2.674037 0.000000
25 B 0.304253 0.804240 0.652056 0.806788 2.970251 0.000000
26 B 0.330023 0.481781 0.035563 0.988053 3.311613 0.000000
27 B 0.369297 0.846205 0.128166 0.779922 3.110011 0.000000
28 B 0.453012 0.142013 0.343323 0.900048 4.557876 0.000000
29 B 0.500858 0.366922 0.351323 0.787192 4.576547 0.000000
30 B 0.594020 0.608421 0.775570 0.483502 4.716882 0.000000
31 B 0.620325 0.152422 0.639729 0.495733 4.752136 0.000000
32 B 0.658482 0.908382 0.478139 0.821320 4.653190 0.000000
33 B 0.669686 0.675534 0.126771 0.547158 3.986975 0.000000
34 B 0.749077 0.065753 0.180354 0.094697 3.054177 0.000000
35 B 0.769067 0.522896 0.537915 0.162177 2.853734 0.000000
36 B 0.776551 0.716448 0.551820 0.921411 3.845017 0.000000
37 B 0.804533 0.738018 0.162187 0.437733 2.263449 0.000000
38 B 0.810191 0.486387 0.332120 0.182976 2.101351 0.000000
39 B 0.849921 0.259075 0.569180 0.208451 1.822344 0.000000
40 B 0.900085 0.270256 0.317103 0.382047 1.033083 0.000000
41 B 0.944729 0.559311 0.424624 0.532503 0.680592 0.000000
42 C 0.086565 0.834242 0.101314 0.524327 3.325939 0.000000
43 C 0.094272 0.759590 0.750617 0.516115 3.596843 0.000000
44 C 0.127699 0.947252 0.805012 0.675077 3.712084 0.000000
45 C 0.131037 0.207627 0.364134 0.117094 2.826234 0.000000
46 C 0.144166 0.214338 0.107696 0.018818 2.726233 0.000000
47 C 0.247773 0.666459 0.675552 0.004382 2.350179 0.000000
48 C 0.258625 0.273883 0.355597 0.763084 2.354125 0.000000
49 C 0.267012 0.854951 0.922493 0.219677 2.523440 0.000000
50 C 0.279769 0.312503 0.533688 0.034155 1.988525 0.000000
51 C 0.282409 0.994653 0.741649 0.014349 2.305744 0.000000
52 C 0.294676 0.571090 0.386697 0.385043 2.157402 0.000000
53 C 0.423884 0.544376 0.975974 0.657850 2.026431 0.000000
54 C 0.480681 0.649325 0.467648 0.112867 1.384802 0.000000
55 C 0.491755 0.060333 0.901080 0.347372 1.344518 0.000000
56 C 0.508720 0.530277 0.812043 0.258642 1.476667 0.000000
57 C 0.522513 0.882205 0.915053 0.555703 1.959589 0.000000
58 C 0.537482 0.683298 0.233941 0.543679 1.496441 0.000000
59 C 0.596855 0.104829 0.978166 0.335026 1.559653 0.000000
60 C 0.637231 0.293254 0.667174 0.790485 2.023284 0.000000
61 C 0.675203 0.519480 0.938975 0.340180 2.126304 0.000000
62 C 0.695848 0.723029 0.747842 0.645082 2.510211 0.000000
63 C 0.701995 0.436637 0.849869 0.098827 2.005235 0.000000
64 C 0.713282 0.288771 0.394843 0.846274 2.249864 0.000000
65 C 0.738630 0.248418 0.294566 0.683365 2.254124 0.000000
66 C 0.775567 0.641014 0.737323 0.717320 3.009357 0.000000
67 C 0.796237 0.012652 0.007578 0.358363 2.295486 0.000000
68 C 0.803174 0.111311 0.493590 0.854494 2.805345 0.000000
69 C 0.853265 0.930698 0.525895 0.321617 3.238741 0.000000
70 C 0.923150 0.600749 0.735578 0.935786 3.874387 0.000000
71 D 0.000650 0.418554 0.795742 0.888481 2.078348 0.000000
72 D 0.019269 0.838993 0.904531 0.860642 1.693445 0.000000
73 D 0.029753 0.407118 0.382058 0.297024 0.983568 0.000000
74 D 0.038556 0.684522 0.608489 0.741604 1.306235 0.000000
75 D 0.153002 0.157606 0.454808 0.409323 1.223561 0.000000
76 D 0.178336 0.707236 0.248850 0.134333 0.401878 0.000000
77 D 0.210211 0.803420 0.613439 0.478280 0.803860 0.000000
78 D 0.249917 0.670075 0.057201 0.156996 0.351681 0.000000
79 D 0.289102 0.981694 0.289323 0.606273 0.604960 0.000000
80 D 0.319004 0.700993 0.307655 0.066278 0.781770 0.000000
81 D 0.373902 0.432450 0.780067 0.435663 1.774046 0.000000
82 D 0.405362 0.710327 0.890118 0.710174 1.942379 0.000000
83 D 0.419480 0.725105 0.200727 0.445510 0.982103 0.000000
84 D 0.446783 0.615317 0.800081 0.175451 1.606055 0.000000
85 D 0.478388 0.567719 0.869409 0.455174 1.758277 0.000000
86 D 0.496583 0.089886 0.280646 0.366412 1.546305 0.000000
87 D 0.512065 0.754029 0.419267 0.269570 0.930077 0.000000
88 D 0.519313 0.442530 0.841127 0.468437 1.714103 0.000000
89 D 0.572750 0.323891 0.596933 0.756755 1.621534 0.000000
90 D 0.583617 0.827386 0.625101 0.678861 0.957808 0.000000
91 D 0.615833 0.044504 0.085350 0.994014 1.670742 0.000000
92 D 0.732220 0.534315 0.552028 0.648038 0.586423 0.000000
93 D 0.875529 0.339597 0.547221 0.328437 1.452247 0.000000
94 D 0.938034 0.828448 0.933967 0.441420 1.931485 0.000000
95 D 0.948302 0.862159 0.093496 0.523376 1.182053 0.000000
96 D 0.954736 0.403732 0.816048 0.839739 2.849773 0.000000
97 D 0.995913 0.461808 0.703406 0.223507 2.247727 0.000000
98 E 0.049011 0.074025 0.990882 0.450301 3.436412 0.000000
99 E 0.108990 0.506166 0.692297 0.684446 3.385877 0.000000
100 E 0.135752 0.879152 0.322014 0.736743 3.403843 0.000000
101 E 0.324169 0.227286 0.726852 0.215874 2.742014 0.000000
102 E 0.335212 0.512184 0.896414 0.312830 3.293164 0.000000
103 E 0.355637 0.751247 0.252834 0.049790 2.497960 0.000000
104 E 0.358521 0.583992 0.846545 0.915638 3.861457 0.000000
105 E 0.429990 0.126039 0.404170 0.081992 2.168660 0.000000
106 E 0.433799 0.394676 0.964369 0.876969 3.857653 0.000000
107 E 0.449928 0.457817 0.054546 0.420753 2.512797 0.000000
108 E 0.458271 0.351695 0.499051 0.412601 2.673264 0.000000
109 E 0.472326 0.428063 0.011700 0.875079 2.931925 0.000000
110 E 0.541408 0.963943 0.186190 0.402417 2.947620 0.000000
111 E 0.550556 0.936295 0.166918 0.635450 3.141243 0.000000
112 E 0.642212 0.589908 0.621252 0.809399 3.287750 0.000000
113 E 0.699386 0.219911 0.632981 0.926960 3.130281 0.000000
114 E 0.720508 0.360555 0.880545 0.929836 3.567848 0.000000
115 E 0.728028 0.784232 0.643194 0.726234 3.354268 0.000000
116 E 0.890578 0.102617 0.328155 0.614391 2.335987 0.000000
117 E 0.911066 0.920083 0.021587 0.625003 2.823768 0.000000
118 E 0.914983 0.632068 0.400784 0.204083 2.282237 0.000000
119 E 0.924723 0.798915 0.707070 0.694928 3.260958 0.000000
120 E 0.934535 0.697518 0.242412 0.272164 2.290695 0.000000
121 E 0.943935 0.135961 0.924600 0.232945 2.660641 0.000000
122 E 0.961343 0.955581 0.877441 0.101263 3.057818 0.000000
123 E 0.967553 0.122403 0.003611 0.084028 1.630833 0.000000
124 E 0.970133 0.244036 0.147191 0.073824 1.682758 0.000000
125 E 0.973229 0.426803 0.646874 0.060833 2.173037 0.000000
126 F 0.005052 0.489523 0.987144 0.780473 4.525678 0.000000
127 F 0.009146 0.625422 0.244108 0.054934 3.700699 0.000000
128 F 0.089857 0.000247 0.509842 0.982181 4.500735 0.000000
129 F 0.105652 0.985901 0.435129 0.582561 3.760735 0.000000
130 F 0.165288 0.767098 0.046336 0.460893 3.638979 0.000000
131 F 0.171359 0.541353 0.715055 0.325444 3.963388 0.000000
132 F 0.286280 0.466492 0.838221 0.840980 4.482196 0.000000
133 F 0.345927 0.298504 0.336031 0.262412 3.961258 0.000000
134 F 0.366138 0.113275 0.074922 0.337510 3.996623 0.000000
135 F 0.379342 0.352028 0.995899 0.023803 3.879878 0.000000
136 F 0.380673 0.341601 0.916339 0.248767 4.089791 0.000000
137 F 0.396825 0.782613 0.517145 0.550922 3.932062 0.000000
138 F 0.460844 0.370198 0.313601 0.169401 3.937245 0.000000
139 F 0.484627 0.080459 0.887035 0.188607 4.211272 0.000000
140 F 0.493457 0.144092 0.372750 0.513857 4.209800 0.000000
141 F 0.562537 0.309164 0.277254 0.508791 4.135603 0.000000
142 F 0.651001 0.538357 0.298573 0.568015 4.155798 0.000000
143 F 0.667093 0.099837 0.025426 0.764855 4.248008 0.000000
144 F 0.677579 0.969292 0.752873 0.000179 3.809606 0.000000
145 F 0.687842 0.934327 0.631052 0.697866 4.283085 0.000000
146 F 0.711798 0.592049 0.949436 0.108126 4.154815 0.000000
147 F 0.840220 0.918424 0.491507 0.590017 4.408991 0.000000
148 F 0.876823 0.679868 0.683879 0.009452 4.311514 0.000000
149 F 0.894703 0.578756 0.398843 0.122754 4.436215 0.000000
150 F 0.896659 0.661577 0.540744 0.623716 4.686524 0.000000
151 F 0.906035 0.076978 0.685603 0.899331 5.274312 0.000000
152 F 0.917155 0.810116 0.221499 0.730797 4.471829 0.000000
153 F 0.984127 0.744582 0.043767 0.769138 4.478248 0.000000
154 G 0.012722 0.093755 0.409527 0.536817 3.530055 0.000000
155 G 0.083449 0.038105 0.256132 0.665689 3.612186 0.000000
156 G 0.097206 0.043167 0.013926 0.243720 3.098764 0.000000
157 G 0.141153 0.167897 0.723586 0.817525 4.311236 0.000000
158 G 0.192186 0.848925 0.215498 0.277183 2.964928 0.000000
159 G 0.196318 0.689937 0.111143 0.396813 2.982842 0.000000
160 G 0.221066 0.267428 0.149210 0.177433 3.182588 0.000000
161 G 0.310625 0.188282 0.209334 0.390599 3.327691 0.000000
162 G 0.338767 0.068223 0.361462 0.374864 3.517850 0.000000
163 G 0.393517 0.732125 0.834687 0.940387 4.391035 0.000000
164 G 0.467181 0.631713 0.757666 0.418848 3.507058 0.000000
165 G 0.504238 0.410912 0.955664 0.691427 4.008593 0.000000
166 G 0.532982 0.815213 0.193713 0.609891 2.885580 0.000000
167 G 0.546954 0.300508 0.066250 0.617262 2.995383 0.000000
168 G 0.554758 0.203018 0.207337 0.832477 3.510675 0.000000
169 G 0.565029 0.287468 0.771114 0.145354 3.436543 0.000000
170 G 0.579189 0.391475 0.522947 0.883451 3.792013 0.000000
171 G 0.602068 0.304186 0.581923 0.908323 3.903231 0.000000
172 G 0.783364 0.347517 0.170930 0.653788 2.581120 0.000000
173 G 0.786635 0.186521 0.764098 0.265219 2.987101 0.000000
174 G 0.790191 0.693151 0.031255 0.497740 2.098174 0.000000
175 G 0.818956 0.498897 0.530215 0.706069 2.865486 0.000000
176 G 0.827868 0.623703 0.657106 0.127950 2.563307 0.000000
177 G 0.931034 0.924323 0.391697 0.960187 2.884021 0.000000
178 G 0.959474 0.940002 0.564000 0.754942 2.571766 0.000000
179 G 0.991595 0.905995 0.959731 0.368731 2.591346 0.000000
180 G 0.999483 0.236859 0.558475 0.036163 2.473347 0.000000
181 H 0.047891 0.052549 0.786871 0.166459 4.952776 0.000000
182 H 0.057013 0.318912 0.036134 0.227654 4.259779 0.000000
183 H 0.068809 0.021856 0.217343 0.954869 5.171880 0.000000
184 H 0.114095 0.056271 0.875887 0.353242 5.227713 0.000000
185 H 0.226743 0.087193 0.810943 0.886089 5.692672 0.000000
186 H 0.243076 0.548530 0.501147 0.184623 4.656369 0.000000
187 H 0.272349 0.254145 0.231981 0.866046 5.082765 0.000000
188 H 0.297088 0.196919 0.301224 0.559292 4.847617 0.000000
189 H 0.315058 0.873515 0.855137 0.507091 5.301544 0.000000
190 H 0.323507 0.997160 0.605598 0.957440 5.491907 0.000000
191 H 0.349443 0.025715 0.083600 0.138918 4.220536 0.000000
192 H 0.384400 0.503092 0.861613 0.491250 5.310221 0.000000
193 H 0.390445 0.118785 0.132223 0.149046 4.271042 0.000000
194 H 0.400734 0.150654 0.116524 0.894231 4.997443 0.000000
195 H 0.411457 0.890970 0.471019 0.598970 4.989154 0.000000
196 H 0.526252 0.617504 0.718495 0.294408 4.941249 0.000000
197 H 0.528043 0.415776 0.460277 0.968134 5.380001 0.000000
198 H 0.588866 0.885953 0.267451 0.856829 5.009243 0.000000
199 H 0.611299 0.572647 0.711837 0.640305 5.274954 0.000000
200 H 0.619182 0.792054 0.420895 0.714205 5.026961 0.000000
201 H 0.627629 0.333024 0.856109 0.426519 5.236540 0.000000
202 H 0.634512 0.895660 0.198043 0.745214 4.817945 0.000000
203 H 0.661765 0.864455 0.236790 0.475605 4.586254 0.000000
204 H 0.717976 0.898555 0.412915 0.155098 4.425759 0.000000
205 H 0.742087 0.222806 0.174539 0.252187 4.390268 0.000000
206 H 0.759351 0.605217 0.120332 0.501508 4.520504 0.000000
207 H 0.767193 0.446149 0.572492 0.947598 5.444617 0.000000
208 H 0.863748 0.562616 0.089284 0.749433 4.731563 0.000000
209 I 0.024647 0.137321 0.358047 0.486208 3.192935 0.000000
210 I 0.053176 0.775555 0.345104 0.140616 3.649937 0.000000
211 I 0.117032 0.552256 0.473289 0.796011 3.680928 0.000000
212 I 0.138105 0.385514 0.561092 0.828304 3.612059 0.000000
213 I 0.159164 0.638146 0.601561 0.997114 4.005039 0.000000
214 I 0.172781 0.818340 0.487546 0.772192 4.043581 0.000000
215 I 0.216694 0.182373 0.578502 0.088676 3.079472 0.000000
216 I 0.229175 0.010834 0.963283 0.246028 3.231093 0.000000
217 I 0.303561 0.975185 0.431413 0.974931 4.357597 0.000000
218 I 0.414352 0.777596 0.968175 0.671640 4.219351 0.000000
219 I 0.426375 0.510853 0.931683 0.905867 4.066195 0.000000
220 I 0.436208 0.376854 0.820694 0.565645 3.564740 0.000000
221 I 0.441682 0.901380 0.830548 0.530564 4.210062 0.000000
222 I 0.469277 0.791754 0.275387 0.457767 3.701265 0.000000
223 I 0.584706 0.397501 0.284818 0.986980 3.339166 0.000000
224 I 0.653419 0.262921 0.945052 0.300448 3.213576 0.000000
225 I 0.707198 0.131030 0.191025 0.917252 3.015542 0.000000
226 I 0.724270 0.950394 0.505409 0.195653 3.812170 0.000000
227 I 0.746612 0.820510 0.048500 0.363549 3.482777 0.000000
228 I 0.753075 0.473756 0.451473 0.586379 3.275637 0.000000
229 I 0.792907 0.478774 0.179682 0.076724 2.993760 0.000000
230 I 0.812133 0.033302 0.729120 0.663785 3.217264 0.000000
231 I 0.821699 0.713763 0.157012 0.309254 3.280613 0.000000
232 I 0.847751 0.356784 0.982931 0.465002 3.279728 0.000000
233 I 0.864593 0.174247 0.690037 0.028054 2.726569 0.000000
234 I 0.868623 0.330790 0.153160 0.130036 2.801648 0.000000
235 I 0.977145 0.168194 0.512386 0.572997 2.855390 0.000000
236 I 0.983875 0.915667 0.271043 0.348484 3.456700 0.000000
237 J 0.042780 0.452624 0.112057 0.044209 0.604752 0.000000
238 J 0.062367 0.585460 0.368561 0.429510 0.888839 0.000000
239 J 0.073166 0.656961 0.791782 0.723416 1.366899 0.000000
240 J 0.101079 0.979174 0.661074 0.237913 1.093836 0.000000
241 J 0.180184 0.492246 0.619755 0.043930 0.554156 0.000000
242 J 0.185633 0.280003 0.068475 0.815243 0.750394 0.000000
243 J 0.190092 0.728439 0.942036 0.286226 0.685402 0.000000
244 J 0.206071 0.421778 0.139444 0.629101 0.528854 0.000000
245 J 0.235530 0.383232 0.309007 0.579802 0.633625 0.000000
246 J 0.568585 0.327031 0.099695 0.196516 0.084684 0.000000
247 J 0.645360 0.527585 0.761152 0.057775 0.530927 0.000000
248 J 0.830419 0.858671 0.799150 0.228030 0.377828 0.000000
249 J 0.858133 0.655933 0.825998 0.405305 0.762497 0.000000
250 J 0.883052 0.989149 0.227983 0.069977 0.905626 0.000000
251 J 0.190377 0.721326 0.104352 0.051141 0.414669 0.000000
252 J 0.196884 0.708160 0.103567 0.050711 0.393149 0.000000
253 J 0.193941 0.706392 0.107416 0.043909 0.400140 0.000000
254 J 0.193432 0.707844 0.099694 0.041965 0.399004 0.000000
255 J 0.250014 0.709052 0.094048 0.051704 0.582616 0.000000
256 J 0.189839 0.709812 0.105180 0.051578 0.412354 0.000000
257 J 0.183153 0.716360 0.094909 0.048633 0.436924 0.000000
258 J 0.191786 0.726566 0.100489 0.051834 0.410938 0.000000
259 J 0.183780 0.737054 0.099515 0.046648 0.443688 0.000000
260 A 0.204773 0.727899 0.100694 0.043631 1.850375 0.000000
261 J 0.182950 0.712793 0.131888 0.051738 0.450442 0.000000
262 J 0.253150 0.709125 0.128062 0.038985 0.618627 0.000000
263 J 0.241237 0.701234 0.132678 0.046924 0.531829 0.000000
264 J 0.251171 0.706415 0.139870 0.057302 0.607496 0.000000
265 J 0.257342 0.702944 0.137771 0.050817 0.651076 0.000000
266 J 0.171930 0.675859 0.104596 0.023019 0.484499 0.000000
267 J 0.177524 0.672890 0.099885 0.055366 0.449802 0.000000
268 J 0.175294 0.686924 0.100030 0.018777 0.467417 0.000000
269 J 0.175616 0.671967 0.102836 0.016897 0.460865 0.000000
270 J 0.176821 0.744564 0.095467 0.014847 0.479170 0.000000
271 J 0.175380 0.676960 0.092461 0.015535 0.460073 0.000000
272 J 0.173864 0.667879 0.074539 0.017563 0.457982 0.000000
273 J 0.159042 0.685547 0.075805 0.015346 0.560809 0.000000
274 J 0.200158 0.679119 0.095898 0.016393 0.374096 0.000000
275 J 0.201589 0.668448 0.105395 0.009166 0.372312 0.000000
276 J 0.201495 0.666207 0.103351 0.011107 0.370701 0.000000
277 J 0.178967 0.675332 0.100818 0.005465 0.443400 0.000000
278 J 0.193829 0.669887 0.090703 0.001379 0.379654 0.000000
279 J 0.206409 0.669455 0.064833 0.003174 0.355514 0.000000
280 J 0.203818 0.676781 0.072756 0.006469 0.361547 0.000000
281 J 0.203197 0.668359 0.064842 0.004670 0.355169 0.000000
282 J 0.208157 0.663050 0.061725 0.002887 0.352586 0.000000
283 J 0.204348 0.654192 0.068269 0.000070 0.350489 0.000000
284 J 0.209103 0.652599 0.057993 0.000774 0.347563 0.000000
285 J 0.207753 0.654049 0.057927 0.002854 0.347054 0.000000
286 J 0.211016 0.648815 0.064111 0.000013 0.350771 0.000000
287 J 0.209334 0.652110 0.053451 0.003583 0.345708 0.000000
288 J 0.209964 0.646724 0.050260 0.000404 0.342818 0.000000
289 J 0.213121 0.648563 0.058784 0.003926 0.351897 0.000000
290 J 0.211247 0.650087 0.063441 0.002623 0.351347 0.000000
291 J 0.219484 0.647227 0.056509 0.000659 0.366755 0.000000
292 J 0.216232 0.634662 0.055782 0.002146 0.351737 0.000000
293 J 0.216043 0.645767 0.057781 0.002074 0.356730 0.000000
294 J 0.217143 0.645252 0.052728 0.001442 0.357312 0.000000
295 J 0.214498 0.641508 0.055819 0.000758 0.350514 0.000000
296 J 0.219650 0.644808 0.056685 0.001421 0.366365 0.000000
297 J 0.220119 0.646825 0.065125 0.001966 0.372265 0.000000
298 J 0.218250 0.644633 0.054745 0.002260 0.361080 0.000000
299 J 0.221977 0.640895 0.054007 0.004546 0.371842 0.000000
300 J 0.221008 0.642809 0.054716 0.000606 0.369376 0.000000
301 J 0.218374 0.639630 0.048435 0.001061 0.356715 0.000000
302 B 0.224713 0.619087 0.030180 0.003583 0.938580 0.000000
303 J 0.232017 0.643766 0.047868 0.001815 0.417881 0.000000
304 J 0.235889 0.630088 0.058007 0.024321 0.439185 0.000000
305 J 0.265917 0.648359 0.001624 0.028078 0.635684 0.000000
306 J 0.215075 0.650009 0.035836 0.002660 0.346989 0.000000
307 J 0.217556 0.608158 0.024077 0.000840 0.330249 0.000000
308 A 0.223819 0.621616 0.036521 0.027734 1.852931 0.000000
309 J 0.212472 0.604039 0.019406 0.000665 0.314720 0.000000
310 J 0.211912 0.607071 0.018174 0.028373 0.314613 0.000000
311 J 0.237776 0.597720 0.030724 0.029859 0.425292 0.000000
312 J 0.272372 0.625693 0.015407 0.028846 0.673747 0.000000
313 J 0.212996 0.616443 0.026056 0.030675 0.324090 0.000000
314 J 0.245406 0.605290 0.022015 0.029955 0.476623 0.000000
315 B 0.213252 0.612143 0.038129 0.027639 0.853699 0.000000
316 J 0.239755 0.606882 0.007087 0.000407 0.431698 0.000000
317 J 0.212951 0.631560 0.036939 0.026311 0.335248 0.000000
318 J 0.140573 0.618554 0.030227 0.027290 0.636616 0.000000
319 J 0.263689 0.629953 0.037806 0.027249 0.627858 0.000000
320 J 0.155220 0.652474 0.073021 0.072862 0.572911 0.000000
321 J 0.214862 0.605306 0.002461 0.021945 0.312458 0.000000
322 J 0.240885 0.582316 0.000157 0.030178 0.424939 0.000000
323 J 0.209464 0.599540 0.021047 0.025825 0.309312 0.000000
324 J 0.210144 0.595469 0.017875 0.027417 0.306831 0.000000
325 J 0.206501 0.603382 0.015503 0.030054 0.306492 0.000000
326 J 0.152982 0.600787 0.015568 0.088597 0.541873 0.000000
327 J 0.254931 0.589136 0.024436 0.028499 0.540309 0.000000
328 J 0.207076 0.568945 0.000329 0.030035 0.284060 0.000000
329 B 0.242493 0.560704 0.015360 0.073760 1.123852 0.000000
330 J 0.232029 0.605982 0.028581 0.030948 0.393438 0.000000
331 J 0.281293 0.571156 0.002680 0.029834 0.691151 0.000000
332 J 0.206736 0.587374 0.036835 0.067452 0.309236 0.000000
333 A 0.205574 0.589831 0.026216 0.069890 1.687247 0.000000
334 J 0.231658 0.613595 0.035377 0.098639 0.398612 0.000000
335 J 0.157346 0.579766 0.013405 0.030271 0.500867 0.000000
336 J 0.259004 0.620382 0.000610 0.072612 0.574055 0.000000
337 J 0.206567 0.601044 0.039049 0.035102 0.315921 0.000000
338 J 0.199987 0.597245 0.029226 0.036707 0.312395 0.000000
339 J 0.197969 0.601406 0.036222 0.066885 0.320288 0.000000
340 J 0.157344 0.567398 0.034819 0.068577 0.505298 0.000000
341 J 0.200120 0.599410 0.000487 0.038456 0.300319 0.000000
342 J 0.194228 0.592875 0.001042 0.036511 0.307830 0.000000
343 J 0.189471 0.592959 0.018626 0.089363 0.330122 0.000000
344 J 0.160834 0.586354 0.016165 0.091717 0.482107 0.000000
345 B 0.125041 0.555141 0.018637 0.106405 0.315681 0.000000
346 B 0.133613 0.543455 0.000175 0.107697 0.369679 0.000000
347 B 0.184335 0.559396 0.023239 0.070284 0.673195 0.000000
348 B 0.194901 0.596173 0.000456 0.093533 0.737761 0.000000
349 B 0.162741 0.570667 0.032361 0.061412 0.519414 0.000000
350 J 0.134416 0.598506 0.019358 0.041574 0.658673 0.000000
351 J 0.194877 0.586476 0.000023 0.084916 0.303497 0.000000
352 J 0.240467 0.579365 0.017522 0.114218 0.430201 0.000000
353 J 0.183816 0.549708 0.001513 0.083373 0.323935 0.000000
354 J 0.163580 0.551317 0.004040 0.075159 0.441455 0.000000
355 J 0.187318 0.603407 0.000462 0.090318 0.334294 0.000000
356 B 0.120025 0.536811 0.000782 0.085750 0.289506 0.000000
357 B 0.141005 0.552588 0.001895 0.091196 0.401577 0.000000
358 B 0.185432 0.529982 0.000117 0.091591 0.701965 0.000000
359 B 0.166856 0.565761 0.023024 0.106779 0.563446 0.000000
360 B 0.108909 0.590105 0.027330 0.123980 0.221801 0.000000
361 B 0.118670 0.586001 0.022469 0.078512 0.255842 0.000000
362 B 0.107928 0.586167 0.016935 0.115245 0.214267 0.000000
363 B 0.123602 0.540198 0.019733 0.121586 0.322173 0.000000
364 B 0.117264 0.524437 0.022227 0.124281 0.297550 0.000000
365 B 0.115938 0.522273 0.020299 0.113841 0.286694 0.000000
366 B 0.116115 0.515187 0.000120 0.124667 0.295839 0.000000
367 B 0.109616 0.528164 0.036428 0.123350 0.256611 0.000000
368 B 0.092163 0.521305 0.037270 0.129759 0.179294 0.000000
369 B 0.095074 0.523287 0.037595 0.134063 0.193987 0.000000
370 B 0.093621 0.518561 0.016894 0.138647 0.190944 0.000000
371 B 0.093398 0.511442 0.037070 0.140003 0.195307 0.000000
372 B 0.084807 0.512972 0.037167 0.154211 0.164166 0.000000
373 B 0.100931 0.515447 0.041793 0.161475 0.241818 0.000000
374 B 0.107410 0.511057 0.039486 0.144712 0.265566 0.000000
375 B 0.094351 0.523035 0.039893 0.158383 0.204860 0.000000
376 B 0.087444 0.515698 0.039915 0.156515 0.176032 0.000000
377 B 0.101171 0.511419 0.040768 0.166993 0.248434 0.000000
378 B 0.089537 0.508978 0.041116 0.162496 0.192572 0.000000
379 B 0.088887 0.517729 0.043371 0.159855 0.183807 0.000000
380 B 0.087895 0.517619 0.040721 0.153205 0.175140 0.000000
381 B 0.090512 0.508950 0.042023 0.162142 0.196840 0.000000
382 B 0.085988 0.512274 0.043455 0.162595 0.175383 0.000000
383 B 0.086078 0.506709 0.080603 0.162577 0.183161 0.000000
384 B 0.085803 0.507162 0.045720 0.161914 0.176896 0.000000
385 B 0.089117 0.494025 0.077967 0.169256 0.206915 0.000000
386 B 0.085129 0.491121 0.078646 0.166565 0.189031 0.000000
387 B 0.078328 0.492036 0.072348 0.162032 0.155562 0.000000
388 B 0.083330 0.495443 0.082546 0.165634 0.179060 0.000000
389 B 0.083589 0.485266 0.075780 0.175671 0.190854 0.000000
390 B 0.078850 0.484430 0.077912 0.167930 0.166185 0.000000
391 B 0.086548 0.487652 0.078824 0.171315 0.200154 0.000000
392 B 0.080820 0.474539 0.085184 0.200560 0.203910 0.000000
393 B 0.077783 0.475510 0.080743 0.195330 0.185887 0.000000
394 B 0.079975 0.481594 0.081208 0.193374 0.190680 0.000000
395 B 0.079070 0.484719 0.076784 0.202376 0.191450 0.000000
396 B 0.077361 0.467588 0.080408 0.198935 0.190767 0.000000
397 B 0.071580 0.473029 0.081175 0.200889 0.166039 0.000000
398 B 0.069781 0.484975 0.079792 0.184876 0.140759 0.000000
399 B 0.063831 0.463449 0.082409 0.208850 0.147031 0.000000
400 B 0.067548 0.460459 0.079702 0.211716 0.164705 0.000000
401 B 0.061480 0.463055 0.078692 0.203741 0.133725 0.000000
402 B 0.061304 0.459979 0.078835 0.206377 0.136705 0.000000
403 B 0.066911 0.461314 0.080434 0.210638 0.161045 0.000000
404 B 0.056089 0.459315 0.119515 0.189697 0.113297 0.000000
405 B 0.036851 0.454623 0.120037 0.194326 0.055049 0.000000
406 B 0.034303 0.451480 0.120554 0.210642 0.061676 0.000000
407 B 0.036435 0.439818 0.124058 0.225099 0.086876 0.000000
408 B 0.032853 0.446234 0.121701 0.213763 0.062771 0.000000
409 B 0.035164 0.442928 0.135781 0.215702 0.076588 0.000000
410 B 0.034836 0.439021 0.125796 0.217854 0.076718 0.000000
411 B 0.033067 0.447491 0.130120 0.221739 0.071534 0.000000
412 B 0.028753 0.436680 0.120735 0.220056 0.060552 0.000000
413 B 0.031911 0.443379 0.124479 0.220084 0.067332 0.000000
414 B 0.032013 0.440545 0.155327 0.219804 0.077448 0.000000
415 B 0.026035 0.434059 0.153536 0.222086 0.064873 0.000000
416 B 0.032277 0.449125 0.126132 0.222236 0.067769 0.000000
417 B 0.027707 0.449091 0.154094 0.218701 0.059395 0.000000
418 B 0.030404 0.443739 0.151963 0.220565 0.070738 0.000000
419 B 0.028802 0.440413 0.158279 0.220544 0.069714 0.000000
420 B 0.030562 0.442243 0.164637 0.222542 0.077629 0.000000
421 B 0.029972 0.436998 0.160855 0.225868 0.080144 0.000000
422 B 0.029285 0.445070 0.160598 0.221785 0.070560 0.000000
423 B 0.024033 0.437060 0.154786 0.235385 0.069773 0.000000
424 B 0.029431 0.438265 0.151369 0.229866 0.078449 0.000000
425 B 0.025978 0.435085 0.163275 0.227801 0.072181 0.000000
426 B 0.029208 0.431252 0.171484 0.230290 0.088177 0.000000
427 B 0.031625 0.434553 0.165797 0.232434 0.093528 0.000000
428 B 0.028827 0.436205 0.163582 0.233704 0.084964 0.000000
429 B 0.027130 0.432013 0.159555 0.233999 0.081187 0.000000
430 B 0.001848 0.433538 0.164288 0.259006 0.041957 0.000000
431 B 0.003295 0.423588 0.152934 0.258827 0.046341 0.000000
432 B 0.003995 0.404598 0.152538 0.258514 0.056970 0.000000
433 B 0.007555 0.410977 0.150631 0.263986 0.066672 0.000000
434 B 0.004413 0.411839 0.152401 0.257753 0.053508 0.000000
435 B 0.008444 0.406257 0.143519 0.258594 0.063741 0.000000
436 B 0.002179 0.409725 0.147446 0.259677 0.049991 0.000000
437 B 0.000425 0.408126 0.182385 0.264481 0.063223 0.000000
438 B 0.000730 0.407498 0.187953 0.257267 0.059207 0.000000
439 B 0.001510 0.409769 0.181236 0.261782 0.061670 0.000000
440 B 0.001459 0.412045 0.190073 0.259586 0.061557 0.000000
441 B 0.007816 0.408091 0.193923 0.264847 0.084488 0.000000
442 B 0.000838 0.402976 0.189476 0.277622 0.082594 0.000000
443 B 0.011800 0.411289 0.185664 0.263652 0.088064 0.000000
444 B 0.003914 0.386762 0.143667 0.252844 0.057637 0.000000
445 B 0.004859 0.375439 0.141406 0.254696 0.066542 0.000000
446 B 0.000314 0.387506 0.144049 0.251930 0.048628 0.000000
447 B 0.000951 0.374973 0.178110 0.251812 0.067127 0.000000
448 B 0.003290 0.365573 0.208468 0.256970 0.093611 0.000000
449 B 0.006916 0.386459 0.181136 0.289639 0.113950 0.000000
450 A 0.004467 0.394381 0.141914 0.252886 0.222640 0.000000
451 B 0.006174 0.375201 0.140542 0.280753 0.095439 0.000000
452 B 0.002824 0.408032 0.180761 0.251849 0.055671 0.000000
453 B 0.000361 0.410027 0.181959 0.309074 0.109225 0.000000
454 B 0.003323 0.387993 0.205673 0.255445 0.079850 0.000000
455 B 0.000110 0.411602 0.179878 0.278410 0.073986 0.000000
456 B 0.050895 0.365316 0.144399 0.252703 0.201673 0.000000
457 B 0.017452 0.416857 0.132116 0.268092 0.086826 0.000000
458 B 0.015523 0.396231 0.178311 0.298663 0.138628 0.000000
459 B 0.049414 0.376924 0.203130 0.250014 0.208655 0.000000
460 B 0.048116 0.415155 0.122263 0.271901 0.180207 0.000000
461 B 0.000569 0.395319 0.147335 0.250920 0.045270 0.000000
462 B 0.000297 0.396423 0.140023 0.247108 0.038458 0.000000
463 B 0.003602 0.396815 0.142686 0.248391 0.047432 0.000000
464 B 0.000856 0.351262 0.221462 0.287583 0.132061 0.000000
465 B 0.003227 0.390426 0.176070 0.251363 0.063232 0.000000
466 B 0.000460 0.394435 0.144863 0.320758 0.118499 0.000000
467 B 0.017211 0.398640 0.195413 0.251695 0.100080 0.000000
468 B 0.015430 0.414998 0.142531 0.276839 0.094334 0.000000
469 B 0.046755 0.361186 0.174444 0.247483 0.194342 0.000000
470 B 0.015926 0.393002 0.150835 0.294635 0.127827 0.000000
471 B 0.044276 0.417119 0.173632 0.269070 0.178794 0.000000
472 B 0.015532 0.415855 0.122688 0.245966 0.058690 0.000000
473 B 0.016667 0.378437 0.120302 0.246864 0.080537 0.000000
474 A 0.050797 0.395532 0.203538 0.246569 0.322153 0.000000
475 B 0.018609 0.421836 0.136399 0.291486 0.112763 0.000000
476 B 0.002628 0.354063 0.121986 0.245622 0.058596 0.000000
477 B 0.043193 0.402240 0.121767 0.274016 0.172387 0.000000
478 B 0.016518 0.345892 0.187456 0.241316 0.111985 0.000000
479 B 0.001612 0.419144 0.165605 0.299920 0.091483 0.000000
480 B 0.043053 0.364694 0.119940 0.268615 0.184803 0.000000
481 B 0.000985 0.386531 0.147607 0.247763 0.047678 0.000000
482 B 0.018451 0.389074 0.226854 0.249083 0.118882 0.000000
483 B 0.002965 0.345737 0.171107 0.285450 0.117403 0.000000
484 B 0.045628 0.381077 0.135641 0.320898 0.245748 0.000000
485 B 0.016797 0.413928 0.191945 0.264838 0.102759 0.000000
486 C 0.000123 0.397522 0.118269 0.249730 3.228296 0.000000
487 B 0.042027 0.362999 0.150455 0.243315 0.166279 0.000000
488 B 0.019902 0.418385 0.169196 0.277997 0.113690 0.000000
489 B 0.000584 0.383227 0.140560 0.301600 0.101404 0.000000
490 B 0.000438 0.404718 0.209997 0.241553 0.053983 0.000000
491 B 0.048557 0.416451 0.221174 0.241007 0.185291 0.000000
492 B 0.020661 0.327313 0.198406 0.239438 0.134585 0.000000
493 B 0.043943 0.363784 0.247418 0.271088 0.237472 0.000000
494 B 0.022442 0.391857 0.180362 0.241059 0.101726 0.000000
495 B 0.002104 0.420461 0.119634 0.282889 0.060487 0.000000
496 B 0.000887 0.416598 0.120489 0.268723 0.045458 0.000000
497 B 0.023643 0.420379 0.124683 0.284274 0.116205 0.000000
498 B 0.040261 0.423660 0.115326 0.313896 0.193890 0.000000
499 B 0.022420 0.378656 0.116515 0.268465 0.115534 0.000000
500 B 0.051834 0.424145 0.151751 0.296492 0.222396 0.000000
501 A 0.001006 0.350913 0.113112 0.237402 0.204647 0.000000
502 B 0.021804 0.404039 0.136624 0.206072 0.050262 0.000000
503 B 0.020798 0.399699 0.137284 0.194402 0.040936 0.000000
504 B 0.021127 0.401380 0.157894 0.331710 0.181640 0.000000
505 B 0.019564 0.374374 0.140834 0.187155 0.045984 0.000000
506 B 0.048483 0.335411 0.134316 0.184454 0.148677 0.000000
507 B 0.022156 0.367269 0.141727 0.190485 0.059121 0.000000
508 B 0.054940 0.361503 0.143731 0.190374 0.164969 0.000000
509 B 0.021233 0.380474 0.137036 0.190309 0.048603 0.000000
510 B 0.019961 0.376519 0.159423 0.194510 0.056956 0.000000
511 B 0.021684 0.342544 0.164004 0.188527 0.075593 0.000000
512 C 0.056845 0.373494 0.139936 0.191509 3.150438 0.000000
513 B 0.022603 0.312310 0.152234 0.202265 0.099806 0.000000
514 B 0.041210 0.372308 0.158181 0.203706 0.127676 0.000000
515 B 0.022768 0.351898 0.134750 0.185176 0.062679 0.000000
516 B 0.000460 0.381643 0.164833 0.233686 0.041562 0.000000
517 B 0.019129 0.381269 0.165058 0.238579 0.090668 0.000000
518 B 0.044036 0.364906 0.137870 0.236544 0.162069 0.000000
519 B 0.000760 0.388724 0.167284 0.202657 0.013636 0.000000
520 B 0.018893 0.333497 0.109630 0.190175 0.059048 0.000000
521 B 0.055545 0.341362 0.114859 0.205461 0.181222 0.000000
522 B 0.000504 0.387239 0.110103 0.208932 0.002924 0.000000
523 D 0.017520 0.385280 0.167376 0.210051 0.782944 0.000000
524 B 0.000606 0.389927 0.132638 0.233174 0.027701 0.000000
525 B 0.040615 0.389421 0.146259 0.233942 0.138844 0.000000
526 B 0.001360 0.387619 0.163817 0.208563 0.018999 0.000000
527 B 0.037755 0.391342 0.210466 0.209267 0.130960 0.000000
528 B 0.000149 0.378289 0.172701 0.181963 0.004034 0.000000
529 A 0.002749 0.369152 0.167358 0.177473 0.224753 0.000000
530 B 0.001200 0.397772 0.195749 0.182886 0.005700 0.000000
531 B 0.035851 0.364426 0.211872 0.179365 0.116758 0.000000
532 B 0.020888 0.392824 0.193441 0.186026 0.057035 0.000000
533 B 0.000108 0.379971 0.174550 0.214245 0.028358 0.000000
534 B 0.002822 0.397470 0.204235 0.207598 0.031379 0.000000
535 B 0.000787 0.393094 0.224835 0.200980 0.032776 0.000000
536 B 0.000530 0.382790 0.235713 0.213515 0.052349 0.000000
537 B 0.019909 0.350259 0.251472 0.208711 0.118776 0.000000
538 B 0.000700 0.327471 0.214394 0.178948 0.044659 0.000000
539 C 0.056952 0.330383 0.237805 0.186593 3.146220 0.000000
540 B 0.000022 0.294861 0.230418 0.177819 0.065857 0.000000
541 B 0.028826 0.316936 0.208910 0.209461 0.141001 0.000000
542 B 0.019781 0.355629 0.228624 0.211465 0.107000 0.000000
543 B 0.001410 0.389494 0.198833 0.180516 0.009843 0.000000
544 B 0.038821 0.376652 0.199488 0.184730 0.118516 0.000000
545 B 0.000521 0.355337 0.196606 0.180384 0.024029 0.000000
546 B 0.002617 0.325096 0.201880 0.142404 0.021921 0.000000
547 B 0.042122 0.335512 0.213284 0.148117 0.131553 0.000000
548 B 0.021132 0.299419 0.199080 0.175230 0.099048 0.000000
549 D 0.000413 0.317280 0.252765 0.143291 0.938298 0.000000
550 B 0.059859 0.354776 0.222960 0.175854 0.204932 0.000000
551 B 0.000929 0.339684 0.193941 0.176743 0.029174 0.000000
552 B 0.023528 0.320948 0.192650 0.178161 0.094246 0.000000
553 B 0.038702 0.338382 0.209709 0.175383 0.134942 0.000000
554 B 0.022335 0.348557 0.188581 0.195288 0.088010 0.000000
555 B 0.022254 0.285098 0.210403 0.159141 0.103391 0.000000
556 B 0.056057 0.318768 0.180342 0.198671 0.208414 0.000000
557 B 0.040924 0.358415 0.220269 0.179428 0.139264 0.000000
558 B 0.019607 0.368549 0.263782 0.199781 0.108172 0.000000
559 B 0.001547 0.336663 0.194742 0.145956 0.012973 0.000000
560 B 0.000549 0.310029 0.197050 0.145038 0.024514 0.000000
561 B 0.001297 0.273892 0.199019 0.136332 0.040172 0.000000
562 B 0.000268 0.319329 0.240513 0.158789 0.046445 0.000000
563 B 0.000420 0.259887 0.197794 0.144078 0.049058 0.000000
564 A 0.000042 0.290557 0.229974 0.133642 0.304178 0.000000
565 B 0.037986 0.334744 0.203598 0.144563 0.112775 0.000000
566 B 0.022416 0.296217 0.219294 0.144377 0.093329 0.000000
567 E 0.039312 0.252196 0.188499 0.143435 2.239856 0.000000
568 C 0.056889 0.306855 0.181059 0.168305 3.120695 0.000000
569 B 0.023567 0.283684 0.212561 0.136461 0.095457 0.000000
570 B 0.019116 0.312912 0.253694 0.148247 0.094688 0.000000
571 B 0.000068 0.341054 0.234731 0.167667 0.038052 0.000000
572 B 0.037890 0.331713 0.241466 0.172387 0.148049 0.000000
573 B 0.018859 0.274554 0.273285 0.122475 0.109819 0.000000
574 B 0.020288 0.341777 0.232230 0.155190 0.077031 0.000000
575 B 0.056712 0.341188 0.199202 0.171726 0.187423 0.000000
576 B 0.038453 0.303819 0.229599 0.179683 0.163143 0.000000
577 B 0.017970 0.323683 0.196949 0.149793 0.061649 0.000000
578 D 0.002268 0.354163 0.178089 0.130714 0.825407 0.000000
579 B 0.035979 0.361413 0.207596 0.178335 0.116149 0.000000
580 B 0.001123 0.277636 0.176165 0.159615 0.042832 0.000000
581 B 0.017190 0.271604 0.188821 0.153208 0.084563 0.000000
582 B 0.002396 0.281738 0.180018 0.126361 0.026295 0.000000
583 B 0.056949 0.223486 0.216543 0.118126 0.223929 0.000000
584 B 0.000082 0.260129 0.255431 0.129886 0.066702 0.000000
585 B 0.000105 0.274117 0.176778 0.117351 0.019657 0.000000
586 B 0.000532 0.287623 0.176928 0.107972 0.009700 0.000000
587 A 0.000315 0.239024 0.176227 0.122119 0.264619 0.000000
588 B 0.037074 0.274886 0.192260 0.123525 0.124313 0.000000
589 B 0.022715 0.286926 0.176526 0.109050 0.064239 0.000000
590 B 0.039742 0.253689 0.172802 0.140149 0.144750 0.000000
591 B 0.022370 0.280677 0.197951 0.113129 0.076243 0.000000
592 B 0.058589 0.268175 0.224694 0.111268 0.208037 0.000000
593 B 0.019736 0.302025 0.173183 0.153210 0.070318 0.000000
594 B 0.000714 0.295632 0.199263 0.132942 0.026347 0.000000
595 E 0.000445 0.314334 0.241691 0.106113 2.258751 0.000000
596 B 0.036856 0.241062 0.202068 0.135111 0.150316 0.000000
597 C 0.019915 0.288339 0.221539 0.102878 3.159143 0.000000
598 B 0.040929 0.314656 0.195796 0.132339 0.122326 0.000000
599 B 0.000897 0.295761 0.210714 0.145469 0.038214 0.000000
600 B 0.023063 0.298769 0.235833 0.145443 0.101940 0.000000
601 B 0.060479 0.258555 0.205690 0.130513 0.220801 0.000000
602 B 0.019670 0.292608 0.217435 0.158942 0.095632 0.000000
603 B 0.000370 0.305446 0.256419 0.104303 0.033346 0.000000
604 B 0.041598 0.303957 0.265864 0.107204 0.150293 0.000000
605 B 0.019242 0.238175 0.295877 0.104962 0.134006 0.000000
606 B 0.034558 0.314992 0.242428 0.129748 0.121488 0.000000
607 F 0.000506 0.278526 0.228167 0.100619 3.883695 0.000000
608 D 0.021145 0.267786 0.266992 0.151255 0.991794 0.000000
609 B 0.052733 0.328457 0.241890 0.123686 0.170711 0.000000
610 B 0.000292 0.301138 0.211472 0.167103 0.047744 0.000000
611 B 0.000102 0.301365 0.200467 0.145818 0.029689 0.000000
612 B 0.034075 0.296251 0.192332 0.137788 0.111851 0.000000
613 B 0.019152 0.256447 0.206766 0.112115 0.082910 0.000000
614 B 0.060316 0.309074 0.255676 0.153924 0.231054 0.000000
615 B 0.037842 0.281143 0.215903 0.095374 0.121037 0.000000
616 A 0.000327 0.320859 0.230173 0.142218 0.296180 0.000000
617 B 0.019011 0.218942 0.191915 0.128411 0.103102 0.000000
618 B 0.000644 0.335079 0.187967 0.158797 0.016866 0.000000
619 B 0.039415 0.337469 0.182422 0.172830 0.125210 0.000000
620 B 0.000038 0.338557 0.222642 0.161439 0.029717 0.000000
621 B 0.021455 0.331759 0.248477 0.162310 0.097370 0.000000
622 B 0.018680 0.310100 0.222634 0.164980 0.090391 0.000000
623 B 0.050187 0.339027 0.284860 0.150124 0.193443 0.000000
624 B 0.000059 0.302232 0.229997 0.116415 0.026719 0.000000
625 B 0.037065 0.326434 0.257850 0.116808 0.124850 0.000000
626 E 0.022474 0.345817 0.235629 0.094935 2.263166 0.000000
627 B 0.000325 0.322744 0.227062 0.173459 0.048056 0.000000
628 C 0.064107 0.309162 0.190564 0.111251 3.095750 0.000000
629 B 0.000275 0.355343 0.213041 0.124264 -0.003164 0.000000
630 B 0.034968 0.351246 0.202138 0.126204 0.084906 0.000000
631 B 0.019980 0.293058 0.179479 0.095444 0.049399 0.000000
632 B 0.051045 0.353376 0.211039 0.113058 0.133446 0.000000
633 B 0.022466 0.321094 0.186461 0.138207 0.064285 0.000000
634 B 0.000492 0.353954 0.216973 0.093244 -0.013645 0.000000
635 B 0.018528 0.360861 0.179001 0.087597 0.008669 0.000000
636 F 0.035416 0.357023 0.173543 0.082999 3.835895 0.000000
637 D 0.021992 0.342724 0.173588 0.091564 0.820154 0.000000
638 B 0.017925 0.360470 0.195167 0.123694 0.028429 0.000000
639 G 0.060325 0.358087 0.169412 0.088108 3.050113 0.000000
640 B 0.041736 0.330778 0.186869 0.125260 0.109843 0.000000
641 B 0.019430 0.350068 0.197592 0.117386 0.035508 0.000000
642 B 0.036367 0.335887 0.170684 0.103948 0.075014 0.000000
643 B 0.063531 0.325842 0.198798 0.137057 0.199256 0.000000
644 B 0.020277 0.357387 0.215178 0.075651 0.025385 0.000000
645 B 0.044957 0.370611 0.187330 0.078178 0.081621 0.000000
646 B 0.020895 0.361531 0.170475 0.080888 0.009343 0.000000
647 A 0.061895 0.361429 0.168703 0.081049 0.267612 0.000000
648 B 0.034657 0.350371 0.166422 0.094353 0.057362 0.000000
649 B 0.022426 0.364409 0.185170 0.071092 0.014280 0.000000
650 B 0.055678 0.367053 0.174331 0.068630 0.112756 0.000000
651 B 0.024742 0.370372 0.180318 0.063065 0.013712 0.000000
652 B 0.043416 0.370885 0.166298 0.055891 0.063053 0.000000
653 B 0.030047 0.373191 0.166049 0.081240 0.027604 0.000000
654 B 0.056927 0.364271 0.160047 0.078857 0.116862 0.000000
655 E 0.035406 0.369537 0.182571 0.071283 2.231992 0.000000
656 B 0.025881 0.353032 0.211769 0.060121 0.037157 0.000000
657 B 0.063401 0.314960 0.168962 0.064262 0.164254 0.000000
658 C 0.022388 0.342853 0.188122 0.089601 3.178405 0.000000
659 B 0.067405 0.372878 0.207462 0.072819 0.167508 0.000000
660 B 0.042741 0.324996 0.164934 0.091568 0.093820 0.000000
661 B 0.019538 0.363072 0.218061 0.062658 0.018264 0.000000
662 B 0.044667 0.354921 0.226846 0.065713 0.101309 0.000000
663 B 0.024065 0.333709 0.218507 0.066126 0.046197 0.000000
664 B 0.067845 0.272714 0.215125 0.080557 0.224905 0.000000
665 B 0.024230 0.246108 0.197081 0.103142 0.093984 0.000000
666 B 0.043068 0.315857 0.238009 0.061089 0.119643 0.000000
667 F 0.019797 0.371086 0.184075 0.096372 3.832197 0.000000
668 D 0.035161 0.350754 0.244598 0.078657 0.871957 0.000000
669 B 0.022824 0.286866 0.210861 0.098541 0.073547 0.000000
670 B 0.068696 0.335438 0.190405 0.109080 0.197573 0.000000
671 B 0.049833 0.372079 0.216013 0.056116 0.102935 0.000000
672 G 0.019478 0.311106 0.182775 0.082686 3.047223 0.000000
673 B 0.019813 0.345515 0.238831 0.098085 0.048570 0.000000
674 B 0.040292 0.290951 0.207218 0.112854 0.127347 0.000000
675 B 0.018137 0.359698 0.162126 0.072695 -0.002270 0.000000
676 B 0.017521 0.326904 0.187763 0.056000 0.017226 0.000000
677 A 0.067271 0.328890 0.161045 0.058673 0.269052 0.000000
678 B 0.049616 0.352786 0.186210 0.052147 0.098993 0.000000
679 B 0.016829 0.360274 0.185078 0.058518 -0.001661 0.000000
680 B 0.046144 0.358642 0.160260 0.051204 0.075176 0.000000
681 B 0.019834 0.379633 0.183435 0.054276 -0.005093 0.000000
682 B 0.034255 0.381375 0.185211 0.053756 0.035297 0.000000
683 H 0.054663 0.374884 0.161681 0.066429 4.223592 0.000000
684 B 0.071675 0.356580 0.199614 0.048543 0.183479 0.000000
685 B 0.021287 0.379277 0.177705 0.069417 0.000607 0.000000
686 B 0.019565 0.380258 0.170296 0.046313 -0.012359 0.000000
687 B 0.066783 0.384753 0.158733 0.041654 0.134198 0.000000
688 E 0.040716 0.383164 0.164602 0.054053 2.217305 0.000000
689 B 0.033944 0.376835 0.176699 0.067989 0.037004 0.000000
690 B 0.021448 0.387660 0.173571 0.051232 -0.008978 0.000000
691 C 0.054146 0.390021 0.160311 0.048761 3.145513 0.000000
692 B 0.070585 0.391101 0.155042 0.045161 0.145420 0.000000
693 B 0.033221 0.374472 0.182548 0.063730 0.037006 0.000000
694 B 0.020449 0.366876 0.173078 0.076852 0.005115 0.000000
695 B 0.053135 0.399312 0.153744 0.074072 0.082398 0.000000
696 B 0.022943 0.373194 0.171224 0.042643 -0.000130 0.000000
697 B 0.066568 0.373712 0.164009 0.048087 0.141742 0.000000
698 D 0.044310 0.386027 0.156004 0.042230 0.738656 0.000000
699 B 0.031917 0.365170 0.178333 0.042979 0.031851 0.000000
700 F 0.048956 0.392639 0.152912 0.062789 3.813291 0.000000
701 B 0.021965 0.370451 0.174397 0.070998 0.006116 0.000000
702 G 0.068741 0.363089 0.179254 0.071989 3.064955 0.000000
703 B 0.050742 0.348258 0.153244 0.080419 0.101394 0.000000
704 B 0.025664 0.371089 0.185018 0.041339 0.013107 0.000000
705 B 0.033940 0.399198 0.178888 0.028690 0.019012 0.000000
706 B 0.052035 0.381064 0.176455 0.052843 0.089811 0.000000
707 B 0.069597 0.367582 0.186111 0.039490 0.162899 0.000000
708 B 0.025409 0.342725 0.147903 0.083746 0.024785 0.000000
709 B 0.022043 0.346952 0.170640 0.038801 0.009730 0.000000
710 A 0.035179 0.396338 0.164351 0.036987 0.179446 0.000000
711 B 0.072028 0.373305 0.143866 0.033903 0.154975 0.000000
712 B 0.045905 0.352192 0.162949 0.073326 0.083964 0.000000
713 B 0.022760 0.376133 0.169559 0.043778 -0.002467 0.000000
714 B 0.053546 0.404671 0.141058 0.043789 0.070314 0.000000
715 H 0.029015 0.382121 0.168430 0.027451 4.193436 0.000000
716 B 0.072631 0.402376 0.152078 0.058490 0.149836 0.000000
717 B 0.034775 0.367726 0.171634 0.081924 0.046456 0.000000
718 B 0.024067 0.377584 0.130821 0.038997 -0.012052 0.000000
719 E 0.058064 0.397804 0.134302 0.044857 2.208117 0.000000
720 B 0.024595 0.385877 0.130315 0.028036 -0.016347 0.000000
721 B 0.040856 0.400624 0.131697 0.024723 0.024617 0.000000
722 I 0.020762 0.423804 0.112637 0.026766 3.182620 0.000000
723 B 0.053092 0.384113 0.110325 0.028112 0.069018 0.000000
724 B 0.021314 0.420350 0.130870 0.038739 -0.040925 0.000000
725 C 0.069756 0.421589 0.133067 0.025215 3.119629 0.000000
726 B 0.046062 0.410517 0.104921 0.041924 0.032567 0.000000
727 B 0.036239 0.387201 0.120112 0.042274 0.016336 0.000000
728 B 0.022519 0.351486 0.129971 0.018572 -0.005794 0.000000
729 B 0.077651 0.348562 0.128819 0.029311 0.185715 0.000000
730 B 0.020405 0.350406 0.103766 0.021816 -0.016780 0.000000
731 F 0.055806 0.420009 0.109576 0.018632 3.792052 0.000000
732 B 0.044900 0.401793 0.113172 0.023323 0.032459 0.000000
733 B 0.021381 0.354443 0.098729 0.053205 -0.012518 0.000000
734 G 0.064707 0.355295 0.107530 0.019193 2.993038 0.000000
735 D 0.077736 0.346531 0.098573 0.055653 0.681436 0.000000
736 B 0.037219 0.366048 0.092367 0.053874 0.026256 0.000000
737 B 0.021434 0.377797 0.126830 0.042581 -0.019746 0.000000
738 B 0.050600 0.380953 0.101481 0.017125 0.059067 0.000000
739 B 0.023000 0.406394 0.095310 0.061964 -0.032777 0.000000
740 B 0.075355 0.416472 0.094092 0.059589 0.139873 0.000000
741 B 0.053449 0.401777 0.101493 0.039921 0.061176 0.000000
742 B 0.037330 0.379788 0.119867 0.023464 0.020871 0.000000
743 A 0.023959 0.425024 0.096634 0.066950 0.103406 0.000000
744 B 0.054692 0.368600 0.122807 0.047499 0.088264 0.000000
745 B 0.024669 0.404259 0.097268 0.073075 -0.023774 0.000000
746 B 0.035710 0.426881 0.095793 0.055198 -0.007860 0.000000
747 B 0.067598 0.420005 0.096282 0.023131 0.101420 0.000000
748 B 0.033014 0.429486 0.098901 0.045879 -0.018562 0.000000
749 H 0.075324 0.439950 0.095504 0.042795 4.130992 0.000000
750 B 0.048305 0.418356 0.091629 0.020953 0.030920 0.000000
751 B 0.043205 0.437791 0.106635 0.044924 0.010427 0.000000
752 B 0.036172 0.420121 0.088923 0.019842 -0.009633 0.000000
753 B 0.082083 0.430096 0.087436 0.022413 0.154060 0.000000
754 I 0.100256 0.459899 0.087454 0.024675 3.213161 0.000000
755 E 0.062721 0.414470 0.107508 0.054756 2.222876 0.000000
756 C 0.052585 0.432770 0.075197 0.038639 3.165202 0.000000
757 B 0.034521 0.408181 0.108089 0.058463 0.001130 0.000000
758 B 0.064146 0.458833 0.091861 0.022416 0.067799 0.000000
759 B 0.036813 0.422780 0.108147 0.052099 -0.000571 0.000000
760 B 0.084795 0.455492 0.104628 0.016574 0.155960 0.000000
761 B 0.071878 0.429938 0.066074 0.055235 0.113521 0.000000
762 B 0.097434 0.430674 0.090548 0.040825 0.225842 0.000000
763 B 0.047715 0.420754 0.109080 0.017453 0.030963 0.000000
764 B 0.040242 0.410096 0.119094 0.059581 0.020634 0.000000
765 F 0.063040 0.447746 0.074236 0.042249 3.779288 0.000000
766 G 0.039970 0.422479 0.092618 0.059382 2.921189 0.000000
767 D 0.038207 0.409172 0.120708 0.016973 0.686284 0.000000
768 B 0.054706 0.404215 0.104590 0.042323 0.065438 0.000000
769 B 0.087146 0.400316 0.068538 0.063290 0.195098 0.000000
770 B 0.034537 0.433648 0.112111 0.037881 -0.014625 0.000000
771 B 0.076182 0.430658 0.127456 0.037707 0.139336 0.000000
772 B 0.059214 0.453550 0.090670 0.018530 0.051453 0.000000
773 B 0.038177 0.435659 0.122893 0.040921 -0.001457 0.000000
774 B 0.077132 0.458214 0.111226 0.018118 0.123441 0.000000
775 B 0.054228 0.470567 0.127678 0.034238 0.034690 0.000000
776 A 0.043207 0.443898 0.123923 0.016243 0.170110 0.000000
777 B 0.033720 0.469389 0.071928 0.041074 -0.041844 0.000000
778 B 0.099105 0.477429 0.069953 0.042381 0.207338 0.000000
779 B 0.070651 0.455850 0.085036 0.014761 0.092863 0.000000
780 B 0.037249 0.477214 0.064769 0.035993 -0.036777 0.000000
781 B 0.059727 0.465348 0.065195 0.001323 0.042787 0.000000
782 B 0.076602 0.467262 0.059577 0.033929 0.109539 0.000000
783 B 0.039687 0.466697 0.084361 0.055573 -0.017409 0.000000
784 B 0.049215 0.480882 0.070046 0.019291 -0.000877 0.000000
785 H 0.036845 0.481466 0.085047 0.060705 4.141840 0.000000
786 I 0.060323 0.471581 0.064492 0.036695 3.224645 0.000000
787 E 0.100636 0.448366 0.091555 0.071829 2.258329 0.000000
788 B 0.036183 0.460774 0.082009 0.014829 -0.031455 0.000000
789 B 0.055413 0.450509 0.061694 0.012535 0.034411 0.000000
790 B 0.082849 0.437915 0.084054 0.000197 0.151865 0.000000
791 B 0.034210 0.496085 0.072941 0.020022 -0.056145 0.000000
792 C 0.064558 0.495936 0.064306 0.016775 3.167900 0.000000
793 B 0.036731 0.478530 0.071205 0.017064 -0.040164 0.000000
794 B 0.091696 0.497273 0.060210 0.009112 0.158185 0.000000
795 B 0.069040 0.486690 0.074161 0.025419 0.070185 0.000000
796 B 0.047035 0.478085 0.085112 0.015175 -0.004788 0.000000
797 F 0.077587 0.478270 0.065912 0.001486 3.761020 0.000000
798 B 0.052139 0.488463 0.086302 0.001437 0.007210 0.000000
799 D 0.046345 0.489955 0.088477 0.029731 0.565007 0.000000
800 B 0.091404 0.469467 0.059199 0.019535 0.171232 0.000000
801 B 0.038652 0.475376 0.083144 0.020898 -0.030493 0.000000
802 G 0.066717 0.471722 0.053492 0.018172 2.882644 0.000000
803 B 0.101499 0.469843 0.088100 0.000290 0.221897 0.000000
804 B 0.077993 0.500543 0.073645 0.030610 0.100136 0.000000
805 B 0.054958 0.491846 0.093461 0.020047 0.017537 0.000000
806 B 0.041644 0.491932 0.062095 0.033155 -0.031033 0.000000
807 B 0.037461 0.464623 0.058116 0.041910 -0.029721 0.000000
808 B 0.075482 0.461044 0.064867 0.035335 0.108871 0.000000
809 B 0.059728 0.496219 0.048694 0.033762 0.027753 0.000000
810 B 0.038332 0.502324 0.059275 0.035426 -0.046731 0.000000
811 B 0.075136 0.531283 0.051388 0.040202 0.071496 0.000000
812 B 0.110714 0.502757 0.057075 0.042963 0.250297 0.000000
813 B 0.048075 0.469828 0.075592 0.051538 0.006153 0.000000
814 A 0.091087 0.505771 0.057958 0.029139 0.443189 0.000000
815 H 0.039790 0.462510 0.073712 0.001855 4.071509 0.000000
816 B 0.067776 0.489800 0.048878 0.034442 0.061636 0.000000
817 B 0.043375 0.459139 0.075531 0.054365 -0.003490 0.000000
818 I 0.037857 0.480115 0.096904 0.017148 3.232145 0.000000
819 E 0.059288 0.454509 0.052437 0.000267 2.189047 0.000000
820 B 0.036373 0.490207 0.090493 0.038045 -0.041674 0.000000
821 B 0.079930 0.507807 0.077709 0.033767 0.105683 0.000000
822 C 0.057839 0.532691 0.053155 0.020063 3.202100 0.000000
823 B 0.037524 0.487476 0.097946 0.036302 -0.035613 0.000000
824 B 0.105748 0.502057 0.095427 0.033947 0.230209 0.000000
825 B 0.059367 0.538703 0.079847 0.016236 0.007432 0.000000
826 B 0.083177 0.482080 0.064386 0.040657 0.131581 0.000000
827 B 0.038881 0.500125 0.090284 0.019050 -0.041061 0.000000
828 B 0.055053 0.522801 0.102062 0.058709 0.010156 0.000000
829 B 0.041323 0.507925 0.071087 0.034613 -0.038661 0.000000
830 B 0.092401 0.501920 0.065876 0.015783 0.160130 0.000000
831 G 0.073005 0.540380 0.070786 0.069476 2.871700 0.000000
832 F 0.051457 0.502303 0.048493 0.031308 3.750378 0.000000
833 B 0.039929 0.521129 0.050040 0.053323 -0.048961 0.000000
834 D 0.074927 0.525751 0.052056 0.002132 0.459045 0.000000
835 B 0.109931 0.523342 0.043778 0.054893 0.237025 0.000000
836 B 0.065762 0.496660 0.043230 0.071204 0.057616 0.000000
837 B 0.041665 0.485905 0.073684 0.000816 -0.028573 0.000000
838 B 0.092322 0.541149 0.069716 0.003296 0.140196 0.000000
839 B 0.056316 0.515062 0.050471 0.019195 0.004536 0.000000
840 B 0.082163 0.485453 0.071203 0.002723 0.123160 0.000000
841 B 0.043842 0.484110 0.043155 0.000650 -0.024202 0.000000
842 A 0.067275 0.481737 0.039058 0.016305 0.222135 0.000000
843 B 0.096930 0.503633 0.051571 0.002024 0.178124 0.000000
844 B 0.050152 0.474190 0.071715 0.024349 0.006352 0.000000
845 B 0.122843 0.519009 0.036209 0.001505 0.300226 0.000000
846 B 0.075293 0.498087 0.082533 0.028524 0.091308 0.000000
847 H 0.048015 0.541178 0.059965 0.028656 4.082891 0.000000
848 B 0.058463 0.511694 0.079296 0.002314 0.017020 0.000000
849 B 0.040327 0.482051 0.036031 0.032374 -0.032952 0.000000
850 B 0.089561 0.483868 0.031403 0.018286 0.153077 0.000000
851 B 0.066326 0.474973 0.034298 0.032896 0.061994 0.000000
852 I 0.042467 0.498546 0.051302 0.000235 3.248522 0.000000
853 B 0.067030 0.473264 0.055346 0.018008 0.065952 0.000000
854 E 0.045145 0.523889 0.034427 0.037678 2.280366 0.000000
855 C 0.040104 0.490908 0.056430 0.001254 3.213946 0.000000
856 B 0.074970 0.552447 0.073655 0.036756 0.062486 0.000000
857 B 0.103742 0.464358 0.028096 0.021633 0.229503 0.000000
858 B 0.055730 0.512915 0.088014 0.044258 0.011880 0.000000
859 B 0.038733 0.491516 0.047478 0.019172 -0.043109 0.000000
860 B 0.090990 0.492483 0.039063 0.001151 0.155101 0.000000
861 B 0.076309 0.532883 0.048860 0.052474 0.077551 0.000000
862 B 0.043494 0.478886 0.029381 0.017573 -0.023105 0.000000
863 F 0.063574 0.471967 0.021212 0.017759 3.764419 0.000000
864 G 0.091093 0.506492 0.021572 0.049377 2.855206 0.000000
865 B 0.052903 0.486959 0.028375 0.036299 0.006620 0.000000
866 B 0.118704 0.472905 0.047221 0.017772 0.302638 0.000000
867 B 0.043448 0.516630 0.061287 0.063166 -0.031888 0.000000
868 D 0.071676 0.550791 0.033184 0.069890 0.419528 0.000000
869 B 0.053760 0.528414 0.059760 0.019078 -0.010232 0.000000
870 B 0.081374 0.510364 0.054209 0.038364 0.108115 0.000000
871 B 0.043122 0.497587 0.037210 0.001791 -0.033754 0.000000
872 B 0.107950 0.527708 0.020058 0.013910 0.217720 0.000000
873 B 0.061387 0.500213 0.037341 0.014396 0.029072 0.000000
874 A 0.043719 0.510993 0.023787 0.003050 0.094069 0.000000
875 B 0.084025 0.542432 0.042952 0.003481 0.099507 0.000000
876 B 0.062514 0.493065 0.064136 0.030224 0.041004 0.000000
877 B 0.039953 0.522200 0.021470 0.028780 -0.055487 0.000000
878 B 0.082179 0.525585 0.023864 0.002430 0.098661 0.000000
879 H 0.045098 0.558034 0.014993 0.026856 4.036300 0.000000
880 B 0.066258 0.511019 0.030199 0.018561 0.041969 0.000000
881 B 0.094667 0.488690 0.044703 0.030553 0.176219 0.000000
882 B 0.501443 0.537635 0.019600 0.002483 3.407361 0.000000
883 B 0.041596 0.520155 0.049019 0.000437 -0.048947 0.000000
884 B 0.060189 0.522368 0.053209 0.058484 0.021393 0.000000
885 I 0.041405 0.554097 0.061853 0.029640 3.308821 0.000000
886 C 0.073085 0.505052 0.067441 0.018849 3.150200 0.000000
887 B 0.040556 0.538690 0.045492 0.003564 -0.061843 0.000000
888 B 0.096883 0.528262 0.041868 0.003029 0.164694 0.000000
889 E 0.360532 0.548247 0.013450 0.001131 2.199127 0.000000
890 B 0.055537 0.519193 0.038025 0.019105 -0.001432 0.000000
891 B 0.078797 0.544942 0.049607 0.000625 0.076476 0.000000
892 B 0.040003 0.498440 0.068183 0.035716 -0.038367 0.000000
893 B 0.036114 0.562833 0.070121 0.042407 -0.081350 0.000000
894 B 0.063055 0.563224 0.066292 0.051359 0.011685 0.000000
895 B 0.039775 0.566884 0.057424 0.044578 -0.073237 0.000000
896 D 0.036094 0.563171 0.067912 0.061175 0.481726 0.000000
897 B 0.062925 0.569983 0.046989 0.040377 0.003619 0.000000
898 F 0.113450 0.568056 0.013968 0.064808 3.717137 0.000000
899 B 0.128364 0.545093 0.069960 0.041136 0.324464 0.000000
900 G 0.080017 0.529702 0.037344 0.035492 2.849612 0.000000
901 B 0.035442 0.545757 0.073177 0.059743 -0.070892 0.000000
902 B 0.055843 0.564607 0.055777 0.079856 -0.009394 0.000000
903 B 0.035417 0.540044 0.021686 0.072953 -0.069508 0.000000
904 B 0.033105 0.554460 0.001927 0.078837 -0.082370 0.000000
905 B 0.035785 0.573950 0.009853 0.085490 -0.081764 0.000000
906 B 0.033799 0.570827 0.002640 0.082791 -0.087204 0.000000
907 A 0.064841 0.569229 0.011060 0.085893 0.237257 0.000000
908 B 0.037721 0.571856 0.008791 0.077500 -0.077366 0.000000
909 B 0.032505 0.582550 0.005710 0.083423 -0.096691 0.000000
910 B 0.030484 0.579636 0.002959 0.098549 -0.095738 0.000000
911 H 0.029854 0.582405 0.005096 0.088597 4.089859 0.000000
912 B 0.057349 0.575452 0.001001 0.089938 -0.009099 0.000000
913 B 0.032531 0.578773 0.008261 0.088639 -0.092907 0.000000
914 B 0.031441 0.576490 0.016593 0.083622 -0.096491 0.000000
915 B 0.026956 0.582207 0.003665 0.091461 -0.109803 0.000000
916 B 0.023535 0.580316 0.005909 0.098634 -0.115630 0.000000
917 E 0.022863 0.585453 0.005139 0.092229 2.386717 0.000000
918 B 0.017030 0.576157 0.000515 0.086984 -0.135104 0.000000
919 I 0.024305 0.578330 0.014696 0.099454 3.335920 0.000000
920 B 0.029321 0.569861 0.002167 0.085306 -0.099052 0.000000
921 B 0.023559 0.577592 0.010284 0.092184 -0.116573 0.000000
922 C 0.020567 0.574849 0.006563 0.097024 3.279723 0.000000
923 B 0.018812 0.581122 0.002349 0.099403 -0.128380 0.000000
924 B 0.024842 0.581572 0.002481 0.097777 -0.113029 0.000000
925 B 0.023033 0.587982 0.000980 0.102194 -0.119452 0.000000
926 B 0.019251 0.618183 0.001546 0.102086 -0.144695 0.000000
927 B 0.331679 0.617873 0.002649 0.097323 1.914628 0.000000
928 B 0.021486 0.592562 0.006474 0.102184 -0.125882 0.000000
929 F 0.018736 0.590094 0.000083 0.109510 3.704962 0.000000
930 G 0.016938 0.605938 0.001666 0.096231 2.716498 0.000000
931 B 0.015073 0.580715 0.000732 0.104346 -0.135771 0.000000
932 D 0.017751 0.584236 0.012670 0.100088 0.420868 0.000000
933 B 0.017857 0.604001 0.005562 0.101471 -0.141453 0.000000
934 B 0.018930 0.619924 0.003015 0.106924 -0.144398 0.000000
935 B 0.016892 0.619059 0.001044 0.108103 -0.148748 0.000000
936 B 0.016634 0.620724 0.007926 0.102313 -0.152586 0.000000
937 B 0.016899 0.621068 0.002450 0.110232 -0.148810 0.000000
938 B 0.015234 0.625954 0.001822 0.115485 -0.153143 0.000000
939 B 0.015736 0.623756 0.001128 0.112314 -0.152205 0.000000
940 B 0.018896 0.616480 0.002148 0.117007 -0.138309 0.000000
941 B 0.008921 0.623500 0.002920 0.109472 -0.169981 0.000000
942 A 0.013721 0.623584 0.002818 0.113700 0.027042 0.000000
943 B 0.016841 0.620135 0.002912 0.111115 -0.148102 0.000000
944 B 0.018591 0.623971 0.004499 0.114668 -0.143904 0.000000
945 H 0.014965 0.629830 0.003225 0.115097 4.116244 0.000000
946 B 0.011286 0.619725 0.000856 0.111926 -0.161378 0.000000
947 B 0.012672 0.620308 0.000207 0.112617 -0.157985 0.000000
948 B 0.010537 0.622215 0.000037 0.117243 -0.162022 0.000000
949 B 0.012030 0.625039 0.000208 0.115244 -0.160740 0.000000
950 B 0.009358 0.623381 0.000065 0.118737 -0.164722 0.000000
951 I 0.001973 0.626834 0.021110 0.117281 3.395397 0.000000
952 B 0.011622 0.623268 0.001156 0.119686 -0.158787 0.000000
953 E 0.000415 0.620344 0.003462 0.126169 2.451756 0.000000
954 B 0.007794 0.630932 0.000238 0.117357 -0.172817 0.000000
955 C 0.002302 0.627940 0.000290 0.117650 3.313900 0.000000
956 B 0.013024 0.636709 0.020345 0.120191 -0.161429 0.000000
957 B 0.012045 0.639060 0.000686 0.123361 -0.163896 0.000000
958 B 0.001530 0.639620 0.023611 0.124679 -0.187218 0.000000
959 B 0.000012 0.638424 0.021570 0.131501 -0.186545 0.000000
960 B 0.007266 0.657575 0.022368 0.127722 -0.181860 0.000000
961 B 0.002729 0.640652 0.020756 0.128667 -0.183249 0.000000
962 G 0.000012 0.661308 0.023293 0.130028 2.694849 0.000000
963 F 0.009791 0.637192 0.025768 0.130106 3.684757 0.000000
964 B 0.000145 0.683998 0.028062 0.124084 -0.212456 0.000000
965 B 0.008487 0.668894 0.024070 0.127178 -0.184866 0.000000
966 B 0.002912 0.685724 0.023365 0.129118 -0.205036 0.000000
967 D 0.002032 0.688435 0.025462 0.133004 0.338710 0.000000
968 B 0.009236 0.664355 0.024498 0.133070 -0.177792 0.000000
969 B 0.003950 0.682165 0.024360 0.136991 -0.196786 0.000000
970 B 0.002275 0.688943 0.025775 0.137480 -0.203548 0.000000
971 B 0.000207 0.685485 0.026453 0.140036 -0.204872 0.000000
972 B 0.002701 0.689192 0.025540 0.143428 -0.199471 0.000000
973 A 0.008004 0.681507 0.025551 0.140488 0.055597 0.000000
974 B 0.005322 0.696615 0.027324 0.135832 -0.201389 0.000000
975 B 0.002083 0.691939 0.029929 0.139382 -0.204202 0.000000
976 B 0.002268 0.697548 0.026995 0.141779 -0.205446 0.000000
977 H 0.001538 0.699124 0.027254 0.143774 4.170791 0.000000
978 B 0.005431 0.748326 0.027211 0.140934 -0.224234 0.000000
979 B 0.001491 0.691735 0.024449 0.143195 -0.203576 0.000000
980 B 0.000116 0.744197 0.030725 0.142069 -0.233055 0.000000
981 B 0.006080 0.763422 0.026419 0.146928 -0.226963 0.000000
982 I 0.004384 0.740641 0.024904 0.148703 3.552252 0.000000
983 B 0.000494 0.749889 0.028743 0.145151 -0.233475 0.000000
984 B 0.002208 0.756595 0.028135 0.146729 -0.232240 0.000000
985 C 0.000496 0.739142 0.030258 0.143511 3.373909 0.000000
986 B 0.001944 0.770899 0.029114 0.151352 -0.237219 0.000000
987 B 0.000817 0.754563 0.028235 0.149079 -0.232882 0.000000
988 E 0.002925 0.788338 0.030640 0.149673 2.633945 0.000000
989 B 0.000003 0.763263 0.029151 0.154200 -0.235889 0.000000
990 B 0.001908 0.770787 0.031507 0.157411 -0.233440 0.000000
991 B 0.000543 0.762757 0.031758 0.151670 -0.235833 0.000000
992 B 0.000694 0.774161 0.029882 0.156794 -0.238238 0.000000
993 B 0.000337 0.766068 0.033618 0.159366 -0.233135 0.000000
994 F 0.004977 0.757181 0.034487 0.158781 3.626885 0.000000
995 B 0.001872 0.767177 0.034890 0.157778 -0.231264 0.000000
996 D 0.005275 0.766891 0.034415 0.156176 0.269423 0.000000
997 G 0.000519 0.809166 0.034535 0.161674 2.634697 0.000000
998 B 0.000158 0.774469 0.035378 0.160979 -0.236589 0.000000
999 B 0.010135 0.760035 0.031535 0.155617 -0.210350 0.000000
1000 B 0.000022 0.763147 0.037300 0.158017 -0.232922 0.000000
1001 B 0.000068 0.770801 0.036846 0.163326 -0.233360 0.000000
1002 B 0.002449 0.774725 0.037254 0.163481 -0.230031 0.000000
1003 B 0.000149 0.771667 0.037714 0.172437 -0.227604 0.000000
1004 B 0.001486 0.773177 0.038600 0.166262 -0.229475 0.000000
1005 B 0.002011 0.774690 0.040669 0.166896 -0.228511 0.000000
1006 A 0.002164 0.778655 0.035538 0.166084 0.078362 0.000000
1007 B 0.000494 0.763753 0.038459 0.172730 -0.222654 0.000000
1008 B 0.002593 0.760174 0.038470 0.170070 -0.218072 0.000000
1009 B 0.002971 0.765963 0.042299 0.174212 -0.217052 0.000000
1010 H 0.002219 0.765607 0.042405 0.165531 4.207562 0.000000
1011 B 0.002501 0.797936 0.046151 0.173970 -0.233899 0.000000
1012 B 0.000955 0.838746 0.044261 0.180258 -0.253523 0.000000
1013 B 0.001260 0.827290 0.044408 0.179682 -0.247525 0.000000
1014 B 0.003706 0.831780 0.045060 0.168298 -0.252025 0.000000
1015 I 0.000759 0.844902 0.038722 0.193221 3.721341 0.000000
1016 B 0.000427 0.823570 0.044759 0.177059 -0.249242 0.000000
1017 E 0.017703 0.824723 0.046750 0.179725 2.700647 0.000000
1018 B 0.015251 0.796590 0.046825 0.187112 -0.193902 0.000000
1019 B 0.018439 0.803669 0.045827 0.170747 -0.200721 0.000000
1020 C 0.000517 0.787561 0.049527 0.164608 3.401928 0.000000
1021 B 0.001680 0.835388 0.043859 0.178218 -0.251726 0.000000
1022 B 0.017613 0.833554 0.046211 0.187091 -0.206435 0.000000
1023 B 0.018891 0.814525 0.046786 0.185628 -0.194602 0.000000
1024 B 0.000562 0.786381 0.045566 0.172438 -0.233422 0.000000
1025 B 0.000325 0.851815 0.044261 0.171113 -0.267649 0.000000
1026 B 0.000981 0.865646 0.049231 0.190719 -0.258949 0.000000
1027 F 0.019235 0.863894 0.047101 0.186922 3.576858 0.000000
1028 B 0.000704 0.845840 0.051034 0.190062 -0.249946 0.000000
1029 G 0.001954 0.876818 0.050914 0.184377 2.620728 0.000000
1030 D 0.001664 0.841478 0.050970 0.200330 0.216990 0.000000
1031 B 0.000114 0.803209 0.051642 0.192676 -0.227904 0.000000
1032 B 0.000578 0.850415 0.050678 0.165528 -0.269452 0.000000
1033 B 0.018759 0.852464 0.335952 0.197724 -0.094295 0.000000
1034 B 0.000947 0.826474 0.054331 0.161335 -0.258973 0.000000
1035 B 0.000290 0.820034 0.054881 0.187575 -0.239339 0.000000
1036 B 0.001175 0.829751 0.058328 0.196193 -0.235520 0.000000
1037 B 0.018294 0.827350 0.052379 0.196769 -0.193794 0.000000
1038 B 0.022775 0.887381 0.055264 0.187801 -0.218253 0.000000
1039 A 0.024879 0.851343 0.052488 0.206485 0.219662 0.000000
1040 B 0.000946 0.824508 0.059247 0.181141 -0.244254 0.000000
1041 B 0.021588 0.819594 0.060499 0.188917 -0.186144 0.000000
1042 H 0.000205 0.841183 0.057100 0.180115 4.237177 0.000000
1043 B 0.018782 0.869637 0.058813 0.208348 -0.203940 0.000000
1044 B 0.000879 0.801388 0.059443 0.175707 -0.236574 0.000000
1045 B 0.022063 0.804323 0.064128 0.175754 -0.186072 0.000000
1046 B 0.000326 0.824281 0.056735 0.198761 -0.232845 0.000000
1047 B 0.302452 0.862009 0.059224 0.211421 1.587655 0.000000
1048 B 0.000102 0.800161 0.055100 0.177185 -0.237117 0.000000
1049 I 0.021793 0.800351 0.066152 0.185297 3.652815 0.000000
1050 B 0.022318 0.834048 0.384044 0.214896 -0.027419 0.000000
1051 B 0.000400 0.814222 0.057449 0.175034 -0.244713 0.000000
1052 B 0.023543 0.814320 0.072477 0.195602 -0.171664 0.000000
1053 B 0.022106 0.847511 0.059617 0.179331 -0.205646 0.000000
1054 B 0.020814 0.906984 0.057852 0.215169 -0.211840 0.000000
1055 E 0.000521 0.794866 0.067268 0.177612 2.671828 0.000000
1056 B 0.021662 0.827589 0.049401 0.196497 -0.185529 0.000000
1057 C 0.000417 0.872696 0.074752 0.171219 3.449144 0.000000
1058 B 0.671115 0.793106 0.051883 0.196651 3.458126 0.000000
1059 F 0.597477 0.820016 0.052622 0.177076 3.786148 0.000000
1060 B 0.000312 0.853147 0.076642 0.221586 -0.226280 0.000000
1061 G 0.021998 0.832522 0.048658 0.169995 2.659246 0.000000
1062 D 0.023774 0.887197 0.074621 0.191282 0.181631 0.000000
1063 B 0.019233 0.812383 0.045675 0.159672 -0.210143 0.000000
1064 B 0.022587 0.842881 0.074346 0.207299 -0.179212 0.000000
1065 B 0.022843 0.797598 0.043075 0.176559 -0.182304 0.000000
1066 B 0.000690 0.864253 0.059944 0.164528 -0.275748 0.000000
1067 B 0.021665 0.869758 0.067864 0.197943 -0.203343 0.000000
1068 B 0.020734 0.837415 0.074961 0.160062 -0.214916 0.000000
1069 B 0.021194 0.864661 0.058467 0.218183 -0.187098 0.000000
1070 B 0.000334 0.812688 0.043164 0.188045 -0.236379 0.000000
1071 B 0.000036 0.812585 0.079073 0.194181 -0.228051 0.000000
1072 B 0.023526 0.855095 0.438177 0.220889 0.014832 0.000000
1073 B 0.024655 0.821646 0.059254 0.182937 -0.183270 0.000000
1074 B 0.000739 0.830729 0.049033 0.201304 -0.234040 0.000000
1075 A 0.000563 0.882728 0.066915 0.218647 0.148531 0.000000
1076 B 0.456970 0.836975 0.083378 0.202201 3.024868 0.000000
1077 H 0.021791 0.895560 0.050849 0.190189 4.236736 0.000000
1078 B 0.021480 0.854485 0.044114 0.223736 -0.178037 0.000000
1079 I 0.020354 0.809036 0.080953 0.178812 3.669010 0.000000
1080 B 0.547534 0.832354 0.061832 0.202398 3.573676 0.000000
1081 B 0.000393 0.790423 0.047858 0.172802 -0.235345 0.000000
1082 B 0.022606 0.927577 0.078866 0.164118 -0.251810 0.000000
1083 E 0.023358 0.921073 0.081643 0.163935 2.784635 0.000000
1084 B 0.022470 0.929718 0.079564 0.163742 -0.253378 0.000000
1085 C 0.000091 0.970224 0.086275 0.159354 3.498860 0.000000
1086 B 0.027969 0.938966 0.078783 0.188415 -0.226010 0.000000
1087 B 0.408437 0.912186 0.068608 0.166776 2.538847 0.000000
1088 B 0.024743 0.899666 0.085273 0.158108 -0.234732 0.000000
1089 B 0.025568 0.867292 0.064660 0.184883 -0.201507 0.000000
1090 B 0.024632 0.845339 0.062866 0.161672 -0.208973 0.000000
1091 B 0.023501 0.812905 0.040473 0.189522 -0.179201 0.000000
1092 F 0.024599 0.887567 0.076969 0.223829 3.573445 0.000000
1093 G 0.021890 0.855646 0.062802 0.158610 2.660799 0.000000
1094 D 0.023553 0.813322 0.537455 0.201691 0.719712 0.000000
1095 B 0.020904 0.938706 0.672767 0.177110 0.193063 0.000000
1096 B 0.000162 0.824784 0.045624 0.207319 -0.227911 0.000000
1097 B 0.030917 0.961787 0.084713 0.157610 -0.248638 0.000000
1098 B 0.000185 0.950285 0.086114 0.154632 -0.322186 0.000000
1099 B 0.034449 0.951577 0.088802 0.163000 -0.228963 0.000000
1100 B 0.698749 0.992246 0.087996 0.178896 3.145807 0.000000
1101 B 0.000175 0.939117 0.091414 0.156647 -0.314457 0.000000
1102 B 0.028421 0.926373 0.090748 0.176759 -0.224632 0.000000
1103 A 0.032022 0.951093 0.090701 0.155291 0.340354 0.000000
1104 B 0.381156 0.927519 0.096192 0.178750 2.288078 0.000000
1105 B 0.030718 0.957924 0.085218 0.157513 -0.247262 0.000000
1106 B 0.037850 0.961816 0.090907 0.151351 -0.230439 0.000000
1107 B 0.029952 0.954478 0.093142 0.155403 -0.247641 0.000000
1108 H 0.027859 0.960286 0.102584 0.151540 4.248225 0.000000
1109 B 0.483408 0.999924 0.101167 0.153864 3.113008 0.000000
1110 B 0.035987 0.976225 0.085142 0.157275 -0.240829 0.000000
1111 B 0.036380 0.978828 0.103908 0.154444 -0.239101 0.000000
1112 B 0.044273 0.978645 0.104992 0.149292 -0.216811 0.000000
1113 E 0.044020 0.966959 0.105032 0.150863 2.821038 0.000000
1114 I 0.040971 0.981451 0.101764 0.164319 3.979933 0.000000
1115 B 0.039596 0.950328 0.086523 0.149661 -0.221005 0.000000
1116 C 0.041897 0.934447 0.105334 0.171351 3.450822 0.000000
1117 B 0.037382 0.980232 0.084869 0.149947 -0.242986 0.000000
1118 B 0.051697 0.987087 0.103499 0.192770 -0.167407 0.000000
1119 B 0.047917 0.958777 0.085806 0.168469 -0.186539 0.000000
1120 B 0.037459 0.918699 0.089019 0.145575 -0.213788 0.000000
1121 B 0.035248 0.972162 0.110113 0.211772 -0.197300 0.000000
1122 B 0.050127 0.941761 0.085350 0.182241 -0.161219 0.000000
1123 B 0.031852 0.994008 0.085128 0.142686 -0.270698 0.000000
1124 F 0.050905 0.994699 0.109309 0.376543 3.543821 0.000000
1125 B 0.048585 0.972582 0.105511 0.147743 -0.200199 0.000000
1126 G 0.032100 0.950249 0.086729 0.140252 2.646272 0.000000
1127 B 0.034751 0.907470 0.085485 0.172344 -0.200479 0.000000
1128 D 0.047996 0.996662 0.108006 0.195275 0.083475 0.000000
1129 B 0.049840 0.963380 0.086509 0.169814 -0.181300 0.000000
1130 B 0.033563 0.974112 0.109431 0.139801 -0.252536 0.000000
1131 B 0.031079 0.942983 0.077942 0.142686 -0.248627 0.000000
1132 B 0.048728 0.939586 0.082592 0.136671 -0.193701 0.000000
1133 B 0.057554 0.920738 0.111831 0.146888 -0.141913 0.000000
1134 B 0.032516 0.952063 0.080827 0.139954 -0.249989 0.000000
1135 B 0.031301 0.934559 0.086144 0.139574 -0.244140 0.000000
1136 A 0.433832 0.903626 0.079365 0.137316 0.645828 0.000000
1137 B 0.030064 0.932046 0.113900 0.134063 -0.243901 0.000000
1138 B 0.054827 0.944931 0.096744 0.138016 -0.171910 0.000000
1139 B 0.028513 0.953903 0.073286 0.137721 -0.264951 0.000000
1140 H 0.026259 0.953623 0.072034 0.167274 4.233786 0.000000
1141 B 0.054704 0.907699 0.074663 0.163315 -0.142614 0.000000
1142 B 0.027381 0.882090 0.102598 0.138300 -0.226797 0.000000
1143 B 0.027665 0.954746 0.072928 0.175869 -0.244498 0.000000
1144 B 0.056901 0.958271 0.074035 0.163842 -0.159783 0.000000
1145 B 0.053231 0.932663 0.114531 0.135803 -0.168853 0.000000
1146 I 0.032652 0.917080 0.076569 0.203508 3.856601 0.000000
1147 B 0.057841 0.961477 0.089376 0.171180 -0.150688 0.000000
1148 C 0.033890 0.949153 0.109565 0.145798 3.467966 0.000000
1149 E 0.029579 0.920592 0.074635 0.188113 2.807074 0.000000
1150 B 0.057954 0.891498 0.099272 0.448304 0.195088 0.000000
1151 B 0.028117 0.996161 0.095529 0.134551 -0.285150 0.000000
1152 B 0.641213 0.992152 0.116163 0.129366 3.473528 0.000000
1153 B 0.024801 0.977490 0.097590 0.132488 -0.285810 0.000000
1154 B 0.052779 0.997000 0.465885 0.131741 -0.000811 0.000000
1155 B 0.053222 0.976466 0.121990 0.135101 -0.189394 0.000000
1156 B 0.054389 0.963047 0.112464 0.135201 -0.180748 0.000000
1157 G 0.033641 0.980398 0.096327 0.152512 2.643097 0.000000
1158 B 0.033586 0.996816 0.099872 0.133374 -0.269266 0.000000
1159 F 0.058459 0.970872 0.315409 0.129257 3.555351 0.000000
1160 D 0.034370 0.991337 0.111017 0.134585 0.100472 0.000000
1161 B 0.024066 0.998514 0.116579 0.130692 -0.295211 0.000000
1162 B 0.041579 0.991797 0.123401 0.131575 -0.237670 0.000000
1163 B 0.068995 0.999714 0.119440 0.136303 -0.142217 0.000000
1164 B 0.060574 0.973421 0.118544 0.128040 -0.165793 0.000000
1165 B 0.051859 0.999483 0.585292 0.151771 0.131386 0.000000
1166 B 0.735164 0.930702 0.099541 0.128045 2.780907 0.000000
1167 B 0.028190 0.941177 0.101167 0.152526 -0.246231 0.000000
1168 B 0.067569 0.971628 0.120212 0.526218 0.318484 0.000000
1169 A 0.042229 0.903174 0.101286 0.126857 0.387365 0.000000
1170 B 0.023258 0.948970 0.096135 0.150058 -0.266335 0.000000
1171 B 0.023231 0.980728 0.115229 0.144275 -0.281584 0.000000
1172 H 0.026557 0.998688 0.127047 0.126859 4.248058 0.000000
1173 B 0.024165 0.974163 0.125155 0.150256 -0.269912 0.000000
1174 B 0.023659 0.984848 0.129767 0.122149 -0.290497 0.000000
1175 B 0.049729 0.978065 0.132765 0.140830 -0.196461 0.000000
1176 B 0.052109 0.985997 0.131425 0.122723 -0.201943 0.000000
1177 I 0.022475 0.975413 0.127983 0.131263 3.968224 0.000000
1178 B 0.519481 0.977222 0.122814 0.121000 3.335467 0.000000
1179 E 0.049721 0.998275 0.119411 0.125749 2.830194 0.000000
1180 B 0.070950 0.957285 0.119238 0.142170 -0.110089 0.000000
1181 B 0.022028 0.924763 0.112702 0.120931 -0.269603 0.000000
1182 B 0.065485 0.926133 0.133325 0.118359 -0.124569 0.000000
1183 C 0.047220 0.940392 0.124449 0.115882 3.440926 0.000000
1184 B 0.074478 0.967455 0.114777 0.116022 -0.115241 0.000000
1185 B 0.045373 0.929550 0.135988 0.144351 -0.184017 0.000000
1186 B 0.022899 0.999816 0.108338 0.123676 -0.304416 0.000000
1187 B 0.025267 0.999584 0.119253 0.117547 -0.298226 0.000000
1188 B 0.068540 0.997579 0.134984 0.118018 -0.148133 0.000000
1189 G 0.051419 0.998330 0.131039 0.117554 2.684133 0.000000
1190 F 0.024933 0.975342 0.113833 0.123680 3.526408 0.000000
1191 B 0.044872 0.973294 0.134333 0.113793 -0.223501 0.000000
1192 D 0.068394 0.999703 0.111578 0.127426 0.054799 0.000000
1193 B 0.023811 0.979483 0.112934 0.142460 -0.280921 0.000000
1194 B 0.044825 0.974028 0.136670 0.113556 -0.223499 0.000000
1195 B 0.037156 0.984797 0.117874 0.133492 -0.248420 0.000000
1196 B 0.025108 0.959972 0.136729 0.117364 -0.274473 0.000000
1197 B 0.072476 0.999874 0.133644 0.106314 -0.139159 0.000000
1198 B 0.057148 0.960820 0.138621 0.111795 -0.174569 0.000000
1199 B 0.048348 0.977825 0.140082 0.108899 -0.214742 0.000000
1200 A 0.076741 0.951273 0.114783 0.124531 0.759446 0.000000
1201 B 0.026084 0.978732 0.139210 0.133639 -0.272405 0.000000
1202 B 0.022415 0.981758 0.146161 0.409260 -0.007714 0.000000
1203 B 0.024641 0.950779 0.142804 0.350826 -0.064683 0.000000
1204 B 0.056059 0.963090 0.122489 0.114177 -0.182778 0.000000
1205 B 0.024144 0.982157 0.138876 0.135861 -0.278414 0.000000
1206 B 0.043151 0.982785 0.143774 0.107531 -0.233986 0.000000
1207 B 0.023287 0.998723 0.140498 0.120539 -0.296319 0.000000
1208 B 0.071419 0.982313 0.140917 0.106285 -0.132642 0.000000
1209 B 0.942582 0.999458 0.142006 0.125121 -0.148040 0.000000
1210 H 0.058641 0.963664 0.140968 0.107126 4.235633 0.000000
1211 I 0.047500 0.999986 0.127074 0.128054 4.016190 0.000000
1212 B 0.038495 0.980742 0.143812 0.101174 -0.250405 0.000000
1213 B 0.082154 0.952254 0.126604 0.128597 -0.066532 0.000000
1214 C 0.057110 0.971026 0.124210 0.102234 3.434519 0.000000
1215 B 0.023961 0.999630 0.115270 0.550771 0.199642 0.000000
1216 B 0.033952 0.946983 0.135553 0.136429 -0.233232 0.000000
1217 E 0.064897 0.984088 0.146209 0.120926 2.817433 0.000000
1218 B 0.349050 0.962041 0.109834 0.140070 1.941532 0.000000
1219 B 0.024067 0.980538 0.114675 0.108294 -0.297213 0.000000
1220 B 0.082561 0.981035 0.125388 0.112301 -0.087217 0.000000
1221 F 0.061089 0.965976 0.149262 0.102157 3.532282 0.000000
1222 B 0.773384 0.948817 0.113641 0.100215 2.272508 0.000000
1223 B 0.046701 0.999761 0.125976 0.123683 -0.228215 0.000000
1224 G 0.043561 0.978818 0.144319 0.101952 2.699053 0.000000
1225 B 0.070495 0.961239 0.109349 0.123299 -0.125984 0.000000
1226 B 0.279702 0.980612 0.108046 0.140118 1.278509 0.000000
1227 D 0.569132 0.941038 0.139344 0.097936 0.136705 0.000000
1228 B 0.037460 0.983717 0.108277 0.121270 -0.255238 0.000000
1229 B 0.023937 0.997725 0.123906 0.140815 -0.288011 0.000000
1230 B 0.090296 0.996984 0.137409 0.106552 -0.060362 0.000000
1231 B 0.073275 0.962973 0.149756 0.125413 -0.104178 0.000000
1232 B 0.056749 0.979751 0.121156 0.141999 -0.174929 0.000000
1233 A 0.052292 0.998179 0.144861 0.096537 0.581704 0.000000
1234 B 0.037017 0.940927 0.125787 0.139504 -0.221764 0.000000
1235 B 0.061486 0.965961 0.114252 0.121546 -0.162857 0.000000
1236 B 0.036114 0.997995 0.106183 0.095720 -0.277925 0.000000
1237 B 0.048674 0.983348 0.145076 0.095333 -0.220456 0.000000
1238 H 0.079789 0.999803 0.129615 0.099587 4.211613 0.000000
1239 B 0.034929 0.977275 0.357092 0.097454 -0.154269 0.000000
1240 B 0.062784 0.997247 0.113948 0.112917 -0.177689 0.000000
1241 I 0.095010 0.966472 0.130120 0.091046 3.945486 0.000000
1242 B 0.024220 0.980040 0.106651 0.116934 -0.294477 0.000000
1243 E 0.613517 0.977964 0.152595 0.110368 2.616566 0.000000
1244 B 0.044686 0.968536 0.104609 0.117994 -0.226915 0.000000
1245 B 0.025124 0.998870 0.127546 0.089640 -0.307658 0.000000
1246 B 0.073907 0.998834 0.146640 0.098663 -0.132301 0.000000
1247 C 0.066824 0.998899 0.134126 0.089687 3.424622 0.000000
1248 B 0.053146 0.982856 0.149872 0.094980 -0.203491 0.000000
1249 B 0.047687 0.980050 0.125501 0.094924 -0.227594 0.000000
1250 B 0.034641 0.967878 0.121637 0.115427 -0.255597 0.000000
