1 A 0.076990 0.366425 0.862533 0.519731 1.312345 0.000000
2 A 0.226807 0.917486 0.494594 0.439730 2.646968 0.000000
3 A 0.391084 0.092413 0.067980 0.187412 1.837810 0.000000
4 A 0.425615 0.069396 0.469965 0.232138 1.965753 0.000000
5 A 0.435098 0.606599 0.744708 0.209198 1.602827 0.000000
6 A 0.477932 0.784807 0.644242 0.252057 0.956901 0.000000
7 A 0.521555 0.887868 0.240561 0.615286 0.626939 0.000000
8 A 0.540072 0.258555 0.055536 0.743545 0.753203 0.000000
9 A 0.661035 0.438443 0.102394 0.987760 1.540342 0.000000
10 A 0.679368 0.055737 0.963919 0.356038 1.414115 0.000000
11 A 0.741178 0.976588 0.887315 0.702793 3.149935 0.000000
12 A 0.849766 0.018097 0.952364 0.202970 2.904859 0.000000
13 A 0.975259 0.446208 0.641099 0.760231 2.366273 0.000000
14 B 0.023825 0.480743 0.854275 0.071353 0.655492 0.000000
15 B 0.081617 0.253316 0.036552 0.391312 0.518086 0.000000
16 B 0.096021 0.547338 0.902708 0.160023 1.014792 0.000000
17 B 0.119482 0.926199 0.256558 0.230206 0.246362 0.000000
18 B 0.141848 0.857968 0.678989 0.569579 1.260287 0.000000
19 B 0.188816 0.716371 0.948628 0.087823 1.531435 0.000000
20 B 0.208567 0.664579 0.385980 0.540656 1.450250 0.000000
21 B 0.244885 0.239848 0.480876 0.457450 1.904589 0.000000
22 B 0.262656 0.577950 0.169455 0.940279 2.572938 0.000000
23 B 0.326943 0.552241 0.083104 0.547360 2.414299 0.000000
24 B 0.330528 0.608152 0.050758 0.324125 2.091972 0.000000
25 B 0.398567 0.355054 0.665527 0.797156 4.093160 0.000000
26 B 0.481983 0.011478 0.270883 0.911296 4.822640 0.000000
27 B 0.484015 0.514865 0.433195 0.241050 3.603389 0.000000
28 B 0.507151 0.802616 0.323644 0.802451 4.408152 0.000000
29 B 0.514327 0.571471 0.992043 0.189876 4.521145 0.000000
30 B 0.554737 0.848113 0.722794 0.378973 4.296930 0.000000
31 B 0.563948 0.894116 0.135375 0.913243 4.740608 0.000000
32 B 0.582940 0.659756 0.752547 0.834359 5.284550 0.000000
33 B 0.601655 0.963266 0.735405 0.971660 5.388233 0.000000
34 B 0.628235 0.804027 0.188006 0.953167 4.888506 0.000000
35 B 0.643634 0.059590 0.298776 0.444386 4.333837 0.000000
36 B 0.664233 0.030637 0.556945 0.768070 5.039063 0.000000
37 B 0.681446 0.369528 0.695504 0.226291 4.106064 0.000000
38 B 0.696624 0.222742 0.337075 0.199172 3.669326 0.000000
39 B 0.796421 0.197603 0.311553 0.793932 3.354611 0.000000
40 B 0.820927 0.147046 0.500599 0.173309 2.237108 0.000000
41 B 0.864897 0.820666 0.458684 0.283880 1.264383 0.000000
42 B 0.994645 0.275676 0.160982 0.313405 0.082059 0.000000
43 C 0.033280 0.261142 0.741532 0.284421 3.319695 0.000000
44 C 0.044402 0.047732 0.807436 0.552198 3.431066 0.000000
45 C 0.134344 0.816040 0.252327 0.972307 3.317758 0.000000
46 C 0.147649 0.218164 0.943645 0.049476 2.755440 0.000000
47 C 0.159711 0.952926 0.167069 0.963824 3.174847 0.000000
48 C 0.183597 0.091276 0.445327 0.842427 2.826018 0.000000
49 C 0.290796 0.024560 0.274638 0.810942 1.981463 0.000000
50 C 0.295099 0.235258 0.604729 0.213297 1.967026 0.000000
51 C 0.353675 0.928028 0.842916 0.335392 2.140415 0.000000
52 C 0.376646 0.399364 0.463644 0.139396 1.549928 0.000000
53 C 0.386059 0.699143 0.774931 0.996321 2.367157 0.000000
54 C 0.410030 0.788973 0.654895 0.680010 1.995393 0.000000
55 C 0.445649 0.130894 0.152206 0.027064 1.127312 0.000000
56 C 0.457633 0.923477 0.284134 0.559747 1.656005 0.000000
57 C 0.490288 0.005092 0.824458 0.978423 1.811075 0.000000
58 C 0.578849 0.020624 0.523559 0.862834 1.582290 0.000000
59 C 0.595139 0.328543 0.919038 0.257381 1.574224 0.000000
60 C 0.684325 0.214794 0.616162 0.713290 2.145861 0.000000
61 C 0.707763 0.695907 0.415114 0.366528 2.237823 0.000000
62 C 0.710788 0.316746 0.764977 0.872546 2.581958 0.000000
63 C 0.721196 0.205619 0.965037 0.468018 2.374469 0.000000
64 C 0.763817 0.292684 0.588741 0.729843 2.662739 0.000000
65 C 0.854882 0.527425 0.587118 0.276557 3.038404 0.000000
66 C 0.874744 0.115717 0.626849 0.630036 3.158762 0.000000
67 C 0.879393 0.750952 0.366667 0.890170 3.428226 0.000000
68 C 0.955067 0.629970 0.701835 0.807848 3.842372 0.000000
69 C 0.985985 0.457704 0.724560 0.112741 3.306665 0.000000
70 D 0.025504 0.845321 0.245888 0.088906 0.387153 0.000000
71 D 0.059030 0.743604 0.223272 0.593864 0.641275 0.000000
72 D 0.093460 0.373137 0.358924 0.851715 1.513278 0.000000
73 D 0.228298 0.392671 0.670611 0.654920 1.472288 0.000000
74 D 0.309063 0.032229 0.023975 0.268289 1.152073 0.000000
75 D 0.323675 0.251164 0.201043 0.011283 1.140538 0.000000
76 D 0.340387 0.956090 0.195005 0.298009 0.511538 0.000000
77 D 0.374923 0.496701 0.381458 0.788294 1.720875 0.000000
78 D 0.423131 0.477780 0.239570 0.074972 1.182227 0.000000
79 D 0.451704 0.387551 0.198698 0.535615 1.376025 0.000000
80 D 0.524575 0.320201 0.638227 0.006721 1.505678 0.000000
81 D 0.587234 0.312297 0.534202 0.893296 1.759251 0.000000
82 D 0.658808 0.383159 0.681799 0.705194 1.072067 0.000000
83 D 0.694939 0.948109 0.569114 0.171469 -0.064150 0.000000
84 D 0.717067 0.727703 0.127445 0.691001 0.017728 0.000000
85 D 0.732929 0.341101 0.056016 0.779123 0.485312 0.000000
86 D 0.791976 0.989280 0.024066 0.417481 -0.372500 0.000000
87 D 0.801248 0.795804 0.780484 0.600435 0.780875 0.000000
88 D 0.826978 0.124717 0.550174 0.671952 1.502448 0.000000
89 D 0.831365 0.633917 0.506719 0.320624 0.715851 0.000000
90 D 0.858541 0.474276 0.635735 0.102994 1.213879 0.000000
91 D 0.888627 0.208696 0.068405 0.868353 1.845056 0.000000
92 D 0.904044 0.180339 0.319250 0.579684 1.803038 0.000000
93 D 0.911198 0.284262 0.714247 0.030906 1.961132 0.000000
94 D 0.924484 0.994488 0.212648 0.754808 1.287888 0.000000
95 D 0.950446 0.409677 0.798719 0.822843 2.766550 0.000000
96 D 0.968301 0.102787 0.005443 0.934086 2.630989 0.000000
97 D 0.983245 0.405076 0.830721 0.490710 2.511346 0.000000
98 E 0.005989 0.687027 0.015785 0.043095 2.429952 0.000000
99 E 0.029710 0.494314 0.029750 0.567807 2.786861 0.000000
100 E 0.060338 0.277277 0.484318 0.905911 3.212724 0.000000
101 E 0.086052 0.619716 0.180494 0.037535 2.391423 0.000000
102 E 0.089091 0.332422 0.597734 0.099452 2.557584 0.000000
103 E 0.124386 0.593605 0.850741 0.591422 3.609303 0.000000
104 E 0.163592 0.768560 0.838944 0.539893 3.694504 0.000000
105 E 0.175171 0.099310 0.621551 0.395843 2.776640 0.000000
106 E 0.192758 0.732693 0.073081 0.206618 2.623109 0.000000
107 E 0.214245 0.500322 0.175626 0.182855 2.414150 0.000000
108 E 0.256369 0.087376 0.137799 0.884535 2.878267 0.000000
109 E 0.277897 0.470501 0.408136 0.455035 2.782971 0.000000
110 E 0.317250 0.703463 0.944861 0.063930 3.308402 0.000000
111 E 0.349010 0.450919 0.871931 0.523194 3.407644 0.000000
112 E 0.496581 0.425093 0.611134 0.596358 3.012657 0.000000
113 E 0.501411 0.757382 0.179806 0.864405 3.224412 0.000000
114 E 0.519847 0.157551 0.117559 0.472298 2.375516 0.000000
115 E 0.558018 0.543016 0.614305 0.643912 3.123998 0.000000
116 E 0.588580 0.683435 0.098391 0.076960 2.296703 0.000000
117 E 0.623067 0.573084 0.449115 0.858441 3.150033 0.000000
118 E 0.669111 0.746034 0.911005 0.716030 3.764589 0.000000
119 E 0.689291 0.194064 0.401552 0.925274 2.885925 0.000000
120 E 0.703221 0.914925 0.229422 0.095298 2.508854 0.000000
121 E 0.746605 0.764055 0.883528 0.667075 3.628802 0.000000
122 E 0.841675 0.401002 0.394751 0.352275 2.303006 0.000000
123 E 0.881457 0.015311 0.717072 0.481060 2.607003 0.000000
124 E 0.920868 0.429032 0.262234 0.625109 2.438834 0.000000
125 E 0.937000 0.834419 0.929527 0.056296 3.009755 0.000000
126 F 0.036197 0.117603 0.844123 0.408863 4.286332 0.000000
127 F 0.123812 0.722038 0.778213 0.019016 3.654148 0.000000
128 F 0.139689 0.132183 0.769062 0.737260 4.501505 0.000000
129 F 0.148729 0.302172 0.603865 0.509594 4.157409 0.000000
130 F 0.201194 0.170598 0.738612 0.748020 4.469769 0.000000
131 F 0.275578 0.861421 0.784758 0.898363 4.283320 0.000000
132 F 0.371863 0.997991 0.498550 0.373728 3.717074 0.000000
133 F 0.380319 0.655912 0.455421 0.500736 3.932606 0.000000
134 F 0.407497 0.875913 0.104052 0.720664 3.679738 0.000000
135 F 0.438995 0.489297 0.972223 0.497039 4.295821 0.000000
136 F 0.441942 0.416822 0.971705 0.734709 4.564269 0.000000
137 F 0.539790 0.966983 0.709964 0.015028 3.654684 0.000000
138 F 0.613993 0.290986 0.800966 0.152911 4.183587 0.000000
139 F 0.616358 0.359917 0.354988 0.993201 4.382152 0.000000
140 F 0.624656 0.712619 0.283085 0.311926 3.952018 0.000000
141 F 0.637871 0.676757 0.305988 0.080187 3.923531 0.000000
142 F 0.645013 0.971370 0.564623 0.951036 4.298367 0.000000
143 F 0.651195 0.529875 0.149914 0.586021 4.078569 0.000000
144 F 0.758217 0.141132 0.999179 0.055253 4.412462 0.000000
145 F 0.781604 0.422013 0.251312 0.637212 4.419111 0.000000
146 F 0.794329 0.672244 0.142409 0.065872 4.166548 0.000000
147 F 0.844169 0.854414 0.833537 0.244696 4.362251 0.000000
148 F 0.898718 0.729833 0.650658 0.116611 4.394576 0.000000
149 F 0.940684 0.516368 0.351989 0.387760 4.631500 0.000000
150 F 0.961945 0.567101 0.582466 0.145343 4.586665 0.000000
151 F 0.977238 0.463848 0.876260 0.646366 5.141893 0.000000
152 F 0.990110 0.324928 0.399212 0.494035 4.859627 0.000000
153 G 0.010446 0.911465 0.988635 0.828886 4.112829 0.000000
154 G 0.013077 0.888048 0.011233 0.318342 2.612534 0.000000
155 G 0.051748 0.937061 0.211172 0.919759 3.571666 0.000000
156 G 0.064202 0.670923 0.541466 0.506101 3.398315 0.000000
157 G 0.165526 0.167783 0.044195 0.854842 3.724981 0.000000
158 G 0.168335 0.826558 0.892923 0.341049 3.660821 0.000000
159 G 0.243363 0.075140 0.513742 0.662049 3.931054 0.000000
160 G 0.255889 0.584325 0.510776 0.581621 3.580366 0.000000
161 G 0.268030 0.557439 0.330561 0.111380 3.217449 0.000000
162 G 0.286901 0.898962 0.815912 0.727259 3.911972 0.000000
163 G 0.306852 0.838755 0.017089 0.151162 2.755627 0.000000
164 G 0.361730 0.508151 0.579297 0.020830 3.446175 0.000000
165 G 0.366871 0.521699 0.327269 0.220863 3.193795 0.000000
166 G 0.394364 0.048148 0.234446 0.658782 3.586169 0.000000
167 G 0.475717 0.799936 0.927479 0.397365 3.568074 0.000000
168 G 0.548883 0.637628 0.088315 0.218846 2.620188 0.000000
169 G 0.574055 0.843302 0.372413 0.818756 3.286167 0.000000
170 G 0.596740 0.043289 0.956247 0.421592 3.745620 0.000000
171 G 0.635946 0.067325 0.630331 0.766796 3.692959 0.000000
172 G 0.673479 0.753338 0.662344 0.826700 3.407079 0.000000
173 G 0.768697 0.191707 0.472939 0.697334 3.052175 0.000000
174 G 0.774051 0.738097 0.043595 0.362891 2.046719 0.000000
175 G 0.779259 0.083384 0.914260 0.677511 3.496770 0.000000
176 G 0.785957 0.148801 0.226709 0.002331 2.451338 0.000000
177 G 0.813107 0.076463 0.758590 0.878956 3.643412 0.000000
178 G 0.818604 0.906190 0.109359 0.844093 2.491068 0.000000
179 G 0.892817 0.621859 0.906483 0.965423 3.607564 0.000000
180 G 0.916641 0.880236 0.429471 0.275987 2.094020 0.000000
181 G 0.959994 0.201370 0.547595 0.775957 2.961308 0.000000
182 H 0.000358 0.763194 0.525249 0.982887 5.508076 0.000000
183 H 0.055226 0.108772 0.002217 0.123327 4.124220 0.000000
184 H 0.068421 0.624365 0.426409 0.135915 4.552905 0.000000
185 H 0.104139 0.362432 0.388457 0.485382 4.865517 0.000000
186 H 0.109204 0.603876 0.489886 0.369260 4.844605 0.000000
187 H 0.130121 0.782080 0.077636 0.780300 4.835497 0.000000
188 H 0.187995 0.563102 0.159063 0.348015 4.483735 0.000000
189 H 0.206620 0.829579 0.674025 0.610974 5.247204 0.000000
190 H 0.233786 0.689106 0.407136 0.044182 4.415796 0.000000
191 H 0.237387 0.711668 0.859146 0.424565 5.246460 0.000000
192 H 0.332149 0.982804 0.984574 0.574903 5.487498 0.000000
193 H 0.415669 0.306145 0.938796 0.295920 5.206657 0.000000
194 H 0.462126 0.815833 0.706303 0.837095 5.460265 0.000000
195 H 0.466395 0.441508 0.691344 0.525207 5.171146 0.000000
196 H 0.492018 0.902395 0.822556 0.266863 4.991519 0.000000
197 H 0.511673 0.002567 0.891290 0.900591 5.791591 0.000000
198 H 0.567812 0.942492 0.378069 0.429512 4.689578 0.000000
199 H 0.606008 0.706083 0.145396 0.709444 4.760489 0.000000
200 H 0.609911 0.946803 0.560375 0.649193 5.082237 0.000000
201 H 0.655449 0.242218 0.934650 0.880425 5.780068 0.000000
202 H 0.724347 0.161478 0.749924 0.432940 5.157072 0.000000
203 H 0.836854 0.650197 0.817843 0.127678 4.825543 0.000000
204 H 0.869018 0.039144 0.334828 0.990301 5.317628 0.000000
205 H 0.885847 0.535618 0.897927 0.449345 5.242651 0.000000
206 H 0.903092 0.390663 0.538836 0.476753 4.937796 0.000000
207 H 0.929517 0.377172 0.288328 0.931345 5.142369 0.000000
208 H 0.997264 0.644996 0.553707 0.605166 5.017041 0.000000
209 I 0.017774 0.583540 0.686055 0.616851 3.763709 0.000000
210 I 0.041372 0.347570 0.976821 0.288189 3.402278 0.000000
211 I 0.112340 0.105829 0.436309 0.785867 3.353372 0.000000
212 I 0.199380 0.176439 0.595185 0.414989 3.274163 0.000000
213 I 0.218850 0.139265 0.730511 0.956984 3.713241 0.000000
214 I 0.220568 0.932740 0.363520 0.623512 4.091299 0.000000
215 I 0.280793 0.986869 0.443752 0.239337 4.069046 0.000000
216 I 0.297896 0.591597 0.920065 0.305184 3.617557 0.000000
217 I 0.302310 0.175101 0.872544 0.460718 3.418842 0.000000
218 I 0.312637 0.484087 0.371799 0.192797 3.290743 0.000000
219 I 0.336766 0.662140 0.575012 0.032287 3.437899 0.000000
220 I 0.347034 0.507254 0.061363 0.440720 3.263453 0.000000
221 I 0.359696 0.435420 0.656249 0.403264 3.430963 0.000000
222 I 0.419931 0.868392 0.519449 0.692834 4.076971 0.000000
223 I 0.428009 0.454240 0.418588 0.345797 3.311877 0.000000
224 I 0.534203 0.061751 0.464253 0.921162 3.355242 0.000000
225 I 0.547140 0.264039 0.342177 0.563610 3.180674 0.000000
226 I 0.729634 0.228820 0.094621 0.814722 2.935232 0.000000
227 I 0.749594 0.599058 0.206849 0.550917 3.262232 0.000000
228 I 0.755049 0.350827 0.982233 0.336039 3.237922 0.000000
229 I 0.765706 0.550323 0.422391 0.758678 3.398845 0.000000
230 I 0.805536 0.308814 0.314370 0.129375 2.874686 0.000000
231 I 0.810899 0.227613 0.479752 0.250448 2.905354 0.000000
232 I 0.832317 0.152507 0.760496 0.466913 3.090050 0.000000
233 I 0.860520 0.538479 0.866348 0.303366 3.234175 0.000000
234 I 0.912651 0.245335 0.789454 0.939745 3.421986 0.000000
235 I 0.935062 0.867174 0.265529 0.407926 3.451525 0.000000
236 I 0.964745 0.877547 0.809945 0.634612 3.835129 0.000000
237 J 0.072117 0.810119 0.699644 0.515762 1.137902 0.000000
238 J 0.101209 0.298701 0.300023 0.179856 0.752778 0.000000
239 J 0.152146 0.184712 0.084432 0.140278 0.363353 0.000000
240 J 0.177440 0.336114 0.279310 0.947107 1.233668 0.000000
241 J 0.248640 0.612995 0.793380 0.331358 0.799020 0.000000
242 J 0.264092 0.464627 0.529368 0.166712 0.758483 0.000000
243 J 0.401021 0.775682 0.346521 0.158741 0.312793 0.000000
244 J 0.453357 0.120655 0.121185 0.673525 0.555009 0.000000
245 J 0.469852 0.280706 0.292702 0.686637 0.916575 0.000000
246 J 0.529974 0.779428 0.131992 0.380825 0.777726 0.000000
247 J 0.571432 0.641402 0.034178 0.261972 0.185202 0.000000
248 J 0.715889 0.415383 0.185995 0.105639 0.697837 0.000000
249 J 0.739583 0.270249 0.219404 0.745447 0.817259 0.000000
250 J 0.945640 0.972769 0.114566 0.529457 0.659616 0.000000
251 A 0.093423 0.787910 0.121916 0.184988 0.808903 0.000000
252 J 0.692646 0.967631 0.050745 0.328629 0.933254 0.000000
253 J 0.705705 0.968171 0.182041 0.101909 0.944782 0.000000
254 J 0.037679 0.787208 0.028483 0.156643 0.707332 0.000000
255 A 0.079088 0.784606 0.028957 0.090174 0.540172 0.000000
256 A 0.037535 0.959913 0.032786 0.172316 0.334962 0.000000
257 A 0.025505 0.947956 0.037265 0.153437 0.240068 0.000000
258 A 0.032588 0.940556 0.032977 0.170310 0.284911 0.000000
259 A 0.024896 0.948251 0.025151 0.160957 0.226572 0.000000
260 A 0.042436 0.949966 0.033831 0.160088 0.363892 0.000000
261 A 0.026757 0.958914 0.027832 0.157887 0.246626 0.000000
262 A 0.028708 0.952835 0.039204 0.165233 0.269938 0.000000
263 A 0.027961 0.947830 0.036055 0.171439 0.260817 0.000000
264 A 0.025244 0.954185 0.038219 0.167053 0.247261 0.000000
265 A 0.028799 0.949212 0.039023 0.206740 0.283630 0.000000
266 A 0.026422 0.954881 0.035518 0.205362 0.266958 0.000000
267 A 0.030409 0.950558 0.038047 0.206375 0.294432 0.000000
268 A 0.029747 0.947123 0.036997 0.204538 0.285925 0.000000
269 A 0.023199 0.951835 0.044271 0.205468 0.253266 0.000000
270 A 0.026951 0.950934 0.052353 0.206044 0.285263 0.000000
271 A 0.021324 0.951116 0.058553 0.201191 0.253890 0.000000
272 A 0.027572 0.951087 0.043572 0.215031 0.284501 0.000000
273 A 0.026877 0.950933 0.062625 0.201811 0.293319 0.000000
274 A 0.024359 0.926685 0.066263 0.200956 0.266834 0.000000
275 A 0.023077 0.924408 0.061896 0.207193 0.256028 0.000000
276 A 0.022188 0.924198 0.063672 0.204270 0.251218 0.000000
277 A 0.021601 0.919222 0.057565 0.202073 0.238235 0.000000
278 A 0.007571 0.921659 0.063725 0.218597 0.182462 0.000000
279 A 0.007269 0.916648 0.059925 0.232609 0.181899 0.000000
280 A 0.002554 0.923542 0.067021 0.236604 0.175067 0.000000
281 A 0.002085 0.920826 0.074768 0.232806 0.178509 0.000000
282 A 0.010113 0.922175 0.067716 0.229212 0.202431 0.000000
283 A 0.008150 0.920682 0.074394 0.235398 0.202834 0.000000
284 A 0.003498 0.921113 0.073232 0.232659 0.182085 0.000000
285 A 0.005308 0.924414 0.074556 0.232116 0.191181 0.000000
286 A 0.002354 0.919439 0.071490 0.236958 0.177696 0.000000
287 A 0.000913 0.919702 0.078185 0.237814 0.179910 0.000000
288 A 0.004618 0.919130 0.086654 0.237540 0.201344 0.000000
289 A 0.000334 0.912433 0.081837 0.234313 0.177895 0.000000
290 A 0.005134 0.912967 0.086544 0.232388 0.198703 0.000000
291 A 0.000866 0.911278 0.083925 0.231348 0.179995 0.000000
292 A 0.006091 0.888680 0.085911 0.234499 0.194615 0.000000
293 A 0.003468 0.901000 0.092728 0.234353 0.195900 0.000000
294 A 0.002335 0.901632 0.097593 0.240522 0.200026 0.000000
295 A 0.002867 0.898437 0.089529 0.237300 0.191259 0.000000
296 A 0.002019 0.897661 0.085507 0.235253 0.183232 0.000000
297 A 0.000155 0.900181 0.087786 0.240498 0.182823 0.000000
298 A 0.002584 0.895446 0.092504 0.235256 0.191440 0.000000
299 A 0.005472 0.897775 0.095326 0.258349 0.216464 0.000000
300 A 0.001188 0.899148 0.082021 0.236782 0.178218 0.000000
301 A 0.001328 0.887484 0.095746 0.248368 0.194786 0.000000
302 A 0.000037 0.892129 0.106573 0.272494 0.215530 0.000000
303 A 0.001100 0.894462 0.090427 0.253938 0.193464 0.000000
304 A 0.000854 0.884605 0.085711 0.256608 0.186713 0.000000
305 A 0.055131 0.885388 0.109066 0.255473 0.537630 0.000000
306 A 0.000812 0.862398 0.082677 0.259262 0.179335 0.000000
307 A 0.002404 0.860960 0.079019 0.261357 0.180891 0.000000
308 A 0.051185 0.859161 0.080161 0.270480 0.463629 0.000000
309 A 0.000710 0.874943 0.077962 0.257706 0.176624 0.000000
310 B 0.001051 0.854055 0.127467 0.261657 -0.178188 0.000000
311 B 0.059524 0.846952 0.134410 0.285664 0.021938 0.000000
312 B 0.054006 0.850654 0.131117 0.288855 0.002684 0.000000
313 B 0.050923 0.850762 0.128303 0.267421 -0.031003 0.000000
314 B 0.059569 0.865638 0.134571 0.279036 0.005873 0.000000
315 B 0.061841 0.848304 0.138223 0.276758 0.021629 0.000000
316 B 0.056332 0.852267 0.158642 0.287108 0.016292 0.000000
317 B 0.065328 0.856167 0.162309 0.281913 0.043504 0.000000
318 B 0.077582 0.850238 0.150543 0.291349 0.101883 0.000000
319 B 0.073038 0.848718 0.147171 0.286857 0.078164 0.000000
320 B 0.066426 0.841252 0.159139 0.292308 0.065205 0.000000
321 B 0.068135 0.849153 0.154001 0.288531 0.062253 0.000000
322 B 0.071483 0.844845 0.164162 0.291555 0.084140 0.000000
323 B 0.085587 0.839813 0.159761 0.295576 0.148813 0.000000
324 B 0.081738 0.833199 0.164393 0.302083 0.144056 0.000000
325 B 0.083508 0.826776 0.153810 0.294549 0.143276 0.000000
326 B 0.075647 0.837054 0.158287 0.285235 0.096333 0.000000
327 B 0.072739 0.834748 0.157741 0.289875 0.090374 0.000000
328 B 0.079248 0.833217 0.163544 0.292011 0.122184 0.000000
329 B 0.080848 0.834428 0.164024 0.286816 0.122971 0.000000
330 B 0.078038 0.837965 0.164272 0.295898 0.119168 0.000000
331 B 0.081432 0.832202 0.154830 0.292502 0.129725 0.000000
332 B 0.071911 0.818369 0.166054 0.288424 0.096373 0.000000
333 B 0.071346 0.817328 0.141379 0.287437 0.085991 0.000000
334 B 0.067514 0.803632 0.137004 0.313551 0.105263 0.000000
335 B 0.064950 0.813488 0.130145 0.312326 0.087195 0.000000
336 B 0.058981 0.809025 0.134724 0.319616 0.076635 0.000000
337 B 0.064594 0.803667 0.135304 0.312855 0.092717 0.000000
338 B 0.062614 0.808972 0.135255 0.321850 0.092913 0.000000
339 B 0.060379 0.813223 0.134868 0.324881 0.085880 0.000000
340 B 0.112490 0.810785 0.125694 0.312312 0.300349 0.000000
341 B 0.066522 0.807384 0.133471 0.322566 0.108988 0.000000
342 B 0.055390 0.815023 0.193482 0.324153 0.085212 0.000000
343 B 0.056430 0.852496 0.191934 0.325109 0.070732 0.000000
344 B 0.053851 0.853938 0.186736 0.324247 0.057835 0.000000
345 B 0.052388 0.854466 0.197600 0.336417 0.071106 0.000000
346 B 0.103025 0.854875 0.205093 0.357772 0.311975 0.000000
347 B 0.053621 0.857962 0.187504 0.340753 0.075064 0.000000
348 B 0.052275 0.858318 0.185255 0.340078 0.068506 0.000000
349 B 0.048515 0.856590 0.189859 0.332493 0.049002 0.000000
350 B 0.049304 0.864251 0.188442 0.339432 0.055694 0.000000
351 B 0.050456 0.856407 0.183085 0.346863 0.070696 0.000000
352 B 0.053024 0.858452 0.182897 0.351726 0.084585 0.000000
353 B 0.047854 0.855741 0.192424 0.343217 0.061178 0.000000
354 B 0.050672 0.867419 0.196813 0.345497 0.069459 0.000000
355 B 0.049889 0.867996 0.193981 0.342463 0.061644 0.000000
356 B 0.044324 0.866043 0.191503 0.368945 0.076459 0.000000
357 B 0.100801 0.870068 0.196918 0.377848 0.316342 0.000000
358 B 0.050709 0.865010 0.217916 0.347234 0.081694 0.000000
359 B 0.044215 0.862691 0.187162 0.365189 0.071273 0.000000
360 B 0.049145 0.872793 0.231644 0.339820 0.069505 0.000000
361 B 0.045480 0.873846 0.237207 0.360500 0.085084 0.000000
362 B 0.044946 0.850805 0.211569 0.340681 0.058586 0.000000
363 B 0.098711 0.850543 0.213445 0.350018 0.287124 0.000000
364 B 0.047203 0.872039 0.242635 0.338291 0.066672 0.000000
365 B 0.045447 0.871954 0.181856 0.339071 0.036014 0.000000
366 B 0.117116 0.875717 0.213123 0.341570 0.356105 0.000000
367 B 0.093943 0.871750 0.256204 0.378851 0.311347 0.000000
368 B 0.045080 0.877023 0.238912 0.340039 0.057452 0.000000
369 D 0.042981 0.877448 0.246728 0.336839 0.377477 0.000000
370 B 0.044182 0.838582 0.240315 0.379812 0.125076 0.000000
371 B 0.096004 0.880333 0.227748 0.310076 0.218237 0.000000
372 B 0.043345 0.845833 0.181643 0.392850 0.111493 0.000000
373 B 0.043042 0.875402 0.211435 0.333781 0.031652 0.000000
374 B 0.124197 0.840265 0.208417 0.273174 0.333018 0.000000
375 B 0.093263 0.880880 0.175533 0.358220 0.242044 0.000000
376 D 0.044290 0.853251 0.177925 0.309857 0.323049 0.000000
377 B 0.041607 0.827764 0.211118 0.326960 0.042583 0.000000
378 B 0.063346 0.825834 0.118918 0.326342 0.088364 0.000000
379 B 0.034522 0.828846 0.217473 0.309879 0.002969 0.000000
380 B 0.040145 0.995165 0.210204 0.272721 -0.105811 0.000000
381 B 0.037624 0.999101 0.213556 0.272535 -0.114444 0.000000
382 B 0.034136 0.988870 0.217321 0.274113 -0.116757 0.000000
383 D 0.036515 0.825704 0.220336 0.309106 0.400525 0.000000
384 B 0.038829 0.992969 0.203281 0.269197 -0.115278 0.000000
385 B 0.034913 0.994528 0.218449 0.277320 -0.113459 0.000000
386 B 0.034413 0.990917 0.259778 0.264394 -0.106449 0.000000
387 B 0.031588 0.986249 0.265551 0.272880 -0.100989 0.000000
388 B 0.035546 0.996812 0.267155 0.271150 -0.095323 0.000000
389 D 0.032341 0.991854 0.274225 0.267592 0.281714 0.000000
390 B 0.027684 0.996072 0.225152 0.273685 -0.136193 0.000000
391 B 0.026969 0.998218 0.257580 0.271887 -0.125461 0.000000
392 B 0.030635 0.988666 0.266578 0.272762 -0.104565 0.000000
393 B 0.028351 0.991256 0.263297 0.264106 -0.122859 0.000000
394 B 0.029623 0.997106 0.267243 0.271352 -0.112795 0.000000
395 D 0.030881 0.994207 0.265916 0.263508 0.271464 0.000000
396 B 0.027814 0.999053 0.266840 0.269351 -0.121189 0.000000
397 B 0.027712 0.992537 0.258358 0.266702 -0.125325 0.000000
398 B 0.024743 0.996614 0.259808 0.267477 -0.134158 0.000000
399 B 0.023693 0.998343 0.266496 0.270087 -0.131772 0.000000
400 B 0.026017 0.996200 0.261806 0.267118 -0.129723 0.000000
401 B 0.025518 0.995582 0.281830 0.267702 -0.119341 0.000000
402 B 0.028172 0.998582 0.269181 0.264782 -0.123235 0.000000
403 B 0.023215 0.999695 0.290528 0.262588 -0.127827 0.000000
404 B 0.023553 0.999887 0.291080 0.262666 -0.126602 0.000000
405 B 0.022518 0.999527 0.291668 0.261014 -0.130516 0.000000
406 B 0.023034 0.997661 0.297646 0.260386 -0.125271 0.000000
407 B 0.021804 0.980000 0.297270 0.259207 -0.121139 0.000000
408 B 0.023569 0.999578 0.302013 0.254589 -0.127753 0.000000
409 B 0.022859 0.999526 0.293648 0.254910 -0.134337 0.000000
410 B 0.022889 0.976590 0.291323 0.249739 -0.129052 0.000000
411 B 0.024268 0.975024 0.302281 0.255041 -0.112965 0.000000
412 B 0.021383 0.975738 0.299599 0.257488 -0.120412 0.000000
413 B 0.020932 0.975555 0.320852 0.249484 -0.115964 0.000000
414 B 0.018341 0.973864 0.311720 0.251997 -0.125344 0.000000
415 B 0.017964 0.974960 0.328717 0.247724 -0.120004 0.000000
416 B 0.019528 0.973313 0.308609 0.250569 -0.125246 0.000000
417 B 0.020166 0.975036 0.291426 0.248512 -0.136668 0.000000
418 B 0.020439 0.971430 0.299475 0.260110 -0.118305 0.000000
419 B 0.019441 0.970973 0.287203 0.249888 -0.137699 0.000000
420 B 0.018839 0.971751 0.311713 0.220468 -0.151204 0.000000
421 B 0.023826 0.973843 0.302895 0.218491 -0.145982 0.000000
422 B 0.020090 0.969819 0.317290 0.220114 -0.143743 0.000000
423 B 0.023128 0.969803 0.316987 0.226975 -0.129932 0.000000
424 B 0.019697 0.976060 0.318244 0.215507 -0.151127 0.000000
425 B 0.022263 0.969873 0.316321 0.218672 -0.139784 0.000000
426 B 0.014212 0.969478 0.316246 0.221068 -0.158526 0.000000
427 B 0.017558 0.968616 0.321124 0.187964 -0.172488 0.000000
428 B 0.013334 0.966357 0.323655 0.217078 -0.157742 0.000000
429 B 0.017788 0.969966 0.343307 0.190029 -0.156325 0.000000
430 B 0.020664 0.966267 0.332318 0.189318 -0.154880 0.000000
431 B 0.017145 0.966071 0.334156 0.184073 -0.166539 0.000000
432 B 0.014677 0.968030 0.343472 0.179248 -0.170861 0.000000
433 B 0.015965 0.967058 0.342324 0.187562 -0.162012 0.000000
434 B 0.014967 0.966065 0.347899 0.185230 -0.161868 0.000000
435 B 0.015679 0.963361 0.347738 0.183579 -0.160011 0.000000
436 B 0.014109 0.964477 0.347130 0.187330 -0.162243 0.000000
437 B 0.000701 0.963155 0.348166 0.181281 -0.196299 0.000000
438 B 0.010684 0.961338 0.349054 0.183189 -0.170682 0.000000
439 B 0.010967 0.962239 0.347753 0.180277 -0.173408 0.000000
440 B 0.001689 0.961318 0.347973 0.183862 -0.191552 0.000000
441 B 0.009151 0.960304 0.356095 0.182399 -0.169414 0.000000
442 B 0.003297 0.962217 0.354586 0.183640 -0.183979 0.000000
443 B 0.004155 0.939975 0.350061 0.189518 -0.169893 0.000000
444 B 0.002193 0.958939 0.345921 0.180008 -0.193399 0.000000
445 B 0.002956 0.942315 0.353703 0.186014 -0.173712 0.000000
446 B 0.000817 0.936885 0.354632 0.183861 -0.176546 0.000000
447 B 0.002381 0.940256 0.353872 0.186228 -0.173672 0.000000
448 B 0.000965 0.933956 0.355167 0.183039 -0.174967 0.000000
449 B 0.001831 0.935342 0.356276 0.184581 -0.171894 0.000000
450 C 0.003571 0.940334 0.356499 0.184435 3.535666 0.000000
451 B 0.005775 0.935467 0.375136 0.181831 -0.151315 0.000000
452 B 0.000186 0.938209 0.361503 0.179442 -0.176752 0.000000
453 B 0.001771 0.936075 0.360183 0.137525 -0.199125 0.000000
454 B 0.000259 0.939484 0.359108 0.144832 -0.200825 0.000000
455 B 0.000999 0.934901 0.390145 0.135347 -0.178899 0.000000
456 B 0.001605 0.932050 0.391217 0.140431 -0.172570 0.000000
457 B 0.000244 0.941784 0.389912 0.140678 -0.181258 0.000000
458 B 0.001666 0.938893 0.390786 0.139255 -0.176840 0.000000
459 B 0.000471 0.941968 0.391824 0.134688 -0.182605 0.000000
460 B 0.005755 0.936132 0.394687 0.124996 -0.170691 0.000000
461 B 0.006055 0.946373 0.390082 0.134629 -0.173822 0.000000
462 B 0.001899 0.937164 0.391504 0.133106 -0.178196 0.000000
463 B 0.001115 0.937300 0.392409 0.127142 -0.182309 0.000000
464 B 0.001880 0.934159 0.385663 0.141335 -0.176841 0.000000
465 B 0.001195 0.934443 0.388527 0.140417 -0.176761 0.000000
466 B 0.007196 0.931341 0.385436 0.144234 -0.162027 0.000000
467 B 0.001319 0.935277 0.410230 0.134634 -0.162696 0.000000
468 B 0.001128 0.942460 0.375660 0.113322 -0.204277 0.000000
469 B 0.001165 0.941243 0.381491 0.112544 -0.199522 0.000000
470 B 0.006581 0.937255 0.389156 0.115794 -0.178063 0.000000
471 B 0.000843 0.935425 0.383928 0.112797 -0.195330 0.000000
472 B 0.009323 0.913870 0.374989 0.114418 -0.171421 0.000000
473 B 0.001059 0.936265 0.406465 0.086713 -0.187775 0.000000
474 C 0.000991 0.934497 0.408246 0.082366 3.500855 0.000000
475 B 0.004205 0.907705 0.381766 0.108538 -0.177595 0.000000
476 B 0.000736 0.911084 0.416904 0.107891 -0.159120 0.000000
477 B 0.000515 0.928779 0.373789 0.092281 -0.208722 0.000000
478 B 0.001843 0.908934 0.374718 0.095310 -0.194102 0.000000
479 D 0.003566 0.910760 0.379286 0.090070 0.468027 0.000000
480 B 0.002491 0.917731 0.436379 0.068158 -0.155884 0.000000
481 B 0.001095 0.929910 0.396393 0.112479 -0.182443 0.000000
482 B 0.000293 0.904932 0.398785 0.116269 -0.168067 0.000000
483 B 0.039403 0.922668 0.379519 0.095387 -0.097420 0.000000
484 B 0.000188 0.911894 0.427865 0.120635 -0.145694 0.000000
485 B 0.001251 0.943998 0.405668 0.106812 -0.184167 0.000000
486 B 0.042223 0.941161 0.413058 0.102362 -0.068376 0.000000
487 B 0.035810 0.907685 0.402835 0.073645 -0.090123 0.000000
488 B 0.000774 0.947273 0.376722 0.123661 -0.201817 0.000000
489 B 0.001091 0.923157 0.452146 0.111828 -0.132055 0.000000
490 B 0.000251 0.947580 0.374711 0.084542 -0.220715 0.000000
491 B 0.037805 0.945740 0.374389 0.054493 -0.130005 0.000000
492 B 0.035444 0.905298 0.424345 0.091437 -0.066417 0.000000
493 B 0.037667 0.951670 0.406359 0.072645 -0.103840 0.000000
494 D 0.036135 0.951833 0.373874 0.119801 0.400478 0.000000
495 B 0.023314 0.920800 0.371112 0.085750 -0.153498 0.000000
496 B 0.001701 0.951205 0.404150 0.105809 -0.188443 0.000000
497 B 0.000836 0.946249 0.439477 0.127162 -0.148221 0.000000
498 B 0.035042 0.949943 0.407439 0.095501 -0.102517 0.000000
499 B 0.001339 0.950245 0.399022 0.047399 -0.210646 0.000000
500 B 0.000514 0.925113 0.425990 0.038898 -0.179078 0.000000
501 C 0.022599 0.951518 0.414190 0.049509 3.486201 0.000000
502 B 0.000204 0.924354 0.460462 0.032180 -0.149759 0.000000
503 B 0.000611 0.951848 0.427518 0.072229 -0.183550 0.000000
504 B 0.037011 0.956667 0.427978 0.056490 -0.094487 0.000000
505 D 0.000407 0.951595 0.441762 0.078018 0.490515 0.000000
506 B 0.019736 0.923604 0.370580 0.064588 -0.171213 0.000000
507 B 0.036176 0.897860 0.405191 0.038357 -0.090064 0.000000
508 B 0.023268 0.954574 0.424877 0.097356 -0.123498 0.000000
509 B 0.022233 0.922903 0.369068 0.151190 -0.128446 0.000000
510 B 0.000793 0.952866 0.399904 0.012174 -0.216625 0.000000
511 B 0.040301 0.954443 0.406552 0.022958 -0.106286 0.000000
512 B 0.021818 0.949840 0.468510 0.009755 -0.104754 0.000000
513 B 0.000679 0.903318 0.371457 0.050919 -0.209157 0.000000
514 B 0.036730 0.897421 0.372985 0.074377 -0.105114 0.000000
515 B 0.022401 0.953090 0.370815 0.092951 -0.169789 0.000000
516 B 0.000143 0.910079 0.401572 0.060485 -0.188284 0.000000
517 B 0.000065 0.903470 0.402958 0.054740 -0.185351 0.000000
518 D 0.043384 0.909650 0.410211 0.055003 0.470292 0.000000
519 B 0.019793 0.897076 0.449554 0.069818 -0.091630 0.000000
520 B 0.021445 0.902123 0.365397 0.040232 -0.164839 0.000000
521 B 0.042592 0.924454 0.404724 0.078353 -0.074254 0.000000
522 B 0.000280 0.912453 0.427507 0.022393 -0.173977 0.000000
523 B 0.021375 0.960488 0.369443 0.006231 -0.194391 0.000000
524 B 0.023435 0.952485 0.364934 0.018901 -0.187494 0.000000
525 B 0.051425 0.960840 0.376064 0.017594 -0.096869 0.000000
526 C 0.022652 0.957596 0.370701 0.014790 3.474169 0.000000
527 B 0.039112 0.961398 0.366181 0.008266 -0.145625 0.000000
528 B 0.022255 0.955539 0.364589 0.000637 -0.193192 0.000000
529 B 0.054274 0.977585 0.342805 0.033472 -0.117544 0.000000
530 B 0.023722 0.923510 0.362672 0.047480 -0.170079 0.000000
531 B 0.039973 0.900859 0.336569 0.003223 -0.133571 0.000000
532 B 0.021423 0.958766 0.367895 0.000426 -0.194620 0.000000
533 D 0.058913 0.927753 0.368155 0.008789 0.392708 0.000000
534 B 0.036624 0.953372 0.332131 0.000379 -0.173255 0.000000
535 B 0.026002 0.896284 0.384459 0.031488 -0.136404 0.000000
536 B 0.059541 0.917491 0.405616 0.046222 -0.019431 0.000000
537 B 0.022279 0.972066 0.372639 0.056896 -0.188993 0.000000
538 B 0.042442 0.966571 0.363887 0.055863 -0.133193 0.000000
539 E 0.064205 0.975876 0.380715 0.000807 2.812715 0.000000
540 B 0.021486 0.977231 0.335877 0.026295 -0.224835 0.000000
541 B 0.040049 0.976905 0.335187 0.028092 -0.170724 0.000000
542 B 0.025178 0.975318 0.333454 0.026706 -0.215390 0.000000
543 B 0.051329 0.977240 0.332574 0.037573 -0.134017 0.000000
544 B 0.025386 0.977213 0.336755 0.057465 -0.208379 0.000000
545 B 0.068256 0.981643 0.334101 0.000651 -0.075540 0.000000
546 B 0.038780 0.977503 0.338179 0.054692 -0.168604 0.000000
547 D 0.024285 0.959875 0.352012 0.025068 0.378975 0.000000
548 B 0.057928 0.978061 0.361878 0.063671 -0.085368 0.000000
549 B 0.026858 0.978714 0.333697 0.038262 -0.210726 0.000000
550 B 0.069577 0.982055 0.330797 0.027355 -0.071247 0.000000
551 B 0.043982 0.977959 0.346741 0.042423 -0.148705 0.000000
552 B 0.030730 0.957615 0.360516 0.000876 -0.173374 0.000000
553 B 0.023359 0.975866 0.331320 0.040385 -0.220252 0.000000
554 C 0.077207 0.978044 0.324383 0.037304 3.385750 0.000000
555 B 0.043770 0.974261 0.333698 0.023761 -0.158892 0.000000
556 B 0.062592 0.959281 0.341845 0.045361 -0.076782 0.000000
557 B 0.023865 0.974219 0.364484 0.078396 -0.185975 0.000000
558 B 0.053743 0.980739 0.326206 0.017623 -0.133722 0.000000
559 B 0.024361 0.958766 0.380421 0.057150 -0.170746 0.000000
560 B 0.036460 0.941870 0.351818 0.041915 -0.151033 0.000000
561 D 0.021961 0.983228 0.373161 0.022739 0.378489 0.000000
562 B 0.050477 0.957501 0.320084 0.082708 -0.124429 0.000000
563 B 0.023254 0.936392 0.351170 0.066979 -0.181562 0.000000
564 B 0.039342 0.959646 0.377839 0.002552 -0.135477 0.000000
565 B 0.083074 0.979554 0.337166 0.034127 -0.009040 0.000000
566 E 0.020925 0.938057 0.361540 0.089052 2.850789 0.000000
567 B 0.020843 0.980722 0.324134 0.060293 -0.230176 0.000000
568 B 0.058962 0.983247 0.320712 0.032955 -0.118201 0.000000
569 B 0.036935 0.949766 0.339593 0.020564 -0.164636 0.000000
570 B 0.017856 0.958564 0.354077 0.000535 -0.213884 0.000000
571 B 0.064512 0.932196 0.315519 0.011136 -0.077129 0.000000
572 F 0.021248 0.982458 0.383538 0.000347 3.508904 0.000000
573 B 0.046419 0.957414 0.350588 0.047296 -0.126835 0.000000
574 B 0.023746 0.933613 0.326346 0.071015 -0.194538 0.000000
575 B 0.079735 0.928638 0.329459 0.068362 0.003994 0.000000
576 B 0.043325 0.937942 0.321425 0.081600 -0.138075 0.000000
577 B 0.017769 0.982027 0.313710 0.101022 -0.232491 0.000000
578 D 0.065063 0.982299 0.309305 0.095755 0.272817 0.000000
579 B 0.023092 0.981504 0.313643 0.064526 -0.230150 0.000000
580 B 0.040551 0.983148 0.314988 0.067201 -0.177953 0.000000
581 B 0.047464 0.987741 0.308478 0.048381 -0.166047 0.000000
582 C 0.079405 0.998528 0.331933 0.067615 3.399809 0.000000
583 B 0.024671 0.966472 0.331260 0.104814 -0.193403 0.000000
584 B 0.053963 0.999342 0.352644 0.028020 -0.123351 0.000000
585 B 0.022320 0.981470 0.315207 0.082744 -0.225904 0.000000
586 B 0.036362 0.983230 0.305162 0.083425 -0.192306 0.000000
587 B 0.021774 0.976430 0.310837 0.114436 -0.215218 0.000000
588 B 0.061289 0.976199 0.295492 0.112924 -0.098437 0.000000
589 B 0.021147 0.981029 0.310170 0.113871 -0.219867 0.000000
590 B 0.039164 0.975495 0.284170 0.104357 -0.184321 0.000000
591 J 0.024052 0.998600 0.287725 0.119622 0.857809 0.000000
592 D 0.058710 0.999774 0.326900 0.090554 0.280413 0.000000
593 B 0.020991 0.974860 0.306349 0.125131 -0.214246 0.000000
594 B 0.089151 0.977613 0.310929 0.152705 0.045484 0.000000
595 E 0.050754 0.981231 0.303261 0.121506 2.886564 0.000000
596 B 0.040928 0.999220 0.302463 0.083046 -0.187787 0.000000
597 B 0.020246 0.977963 0.311372 0.152372 -0.199844 0.000000
598 B 0.082084 0.984586 0.287133 0.153930 -0.002548 0.000000
599 B 0.073694 0.981146 0.305922 0.099441 -0.051931 0.000000
600 F 0.054275 0.964115 0.315986 0.056417 3.535783 0.000000
601 B 0.035256 0.983094 0.329452 0.126748 -0.162196 0.000000
602 B 0.021267 0.962181 0.289115 0.089110 -0.232687 0.000000
603 B 0.061577 0.968573 0.280340 0.083159 -0.113834 0.000000
604 B 0.038778 0.959378 0.284288 0.064417 -0.190786 0.000000
605 B 0.020903 0.981636 0.307749 0.099233 -0.228486 0.000000
606 B 0.068284 0.983526 0.305806 0.044743 -0.090479 0.000000
607 B 0.048906 0.996541 0.281379 0.094449 -0.168473 0.000000
608 B 0.023990 0.997943 0.315044 0.071788 -0.233064 0.000000
609 D 0.087517 0.998700 0.307756 0.063894 0.226293 0.000000
610 B 0.035359 0.980793 0.320054 0.076718 -0.186974 0.000000
611 B 0.056954 0.962888 0.293932 0.052917 -0.128374 0.000000
612 B 0.023163 0.998741 0.319697 0.094339 -0.225330 0.000000
613 B 0.068861 0.998226 0.275255 0.081432 -0.104097 0.000000
614 B 0.036894 0.982715 0.322045 0.048179 -0.189056 0.000000
615 C 0.055241 0.998647 0.297820 0.093862 3.467644 0.000000
616 B 0.096651 0.980741 0.334738 0.067842 0.056825 0.000000
617 B 0.024847 0.967640 0.283457 0.042480 -0.241130 0.000000
618 B 0.063418 0.997791 0.276120 0.038142 -0.134735 0.000000
619 B 0.038431 0.999537 0.294586 0.043278 -0.210530 0.000000
620 B 0.075589 0.980656 0.291413 0.031959 -0.070232 0.000000
621 J 0.045209 0.984139 0.304802 0.050039 0.868684 0.000000
622 B 0.043333 0.996806 0.279007 0.031352 -0.204260 0.000000
623 E 0.072408 0.964780 0.307754 0.057851 2.807877 0.000000
624 B 0.036651 0.998267 0.296901 0.066735 -0.208894 0.000000
625 D 0.089413 0.995656 0.278123 0.073826 0.197491 0.000000
626 B 0.058197 0.968516 0.285736 0.034399 -0.134651 0.000000
627 B 0.037169 0.984324 0.300866 0.025396 -0.205552 0.000000
628 G 0.036556 0.960674 0.281044 0.065816 2.837266 0.000000
629 B 0.115336 0.997262 0.256376 0.048031 0.090228 0.000000
630 F 0.053861 0.968161 0.319155 0.085227 3.543133 0.000000
631 B 0.022595 0.999196 0.245299 0.073005 -0.276223 0.000000
632 B 0.076068 0.996342 0.244070 0.023458 -0.102395 0.000000
633 B 0.056324 0.998569 0.247402 0.053134 -0.173629 0.000000
634 B 0.025552 0.999965 0.282943 0.071534 -0.249026 0.000000
635 B 0.024092 0.999934 0.274121 0.035836 -0.265604 0.000000
636 B 0.025799 0.998831 0.253562 0.024339 -0.272556 0.000000
637 B 0.062733 0.998762 0.289920 0.025999 -0.131558 0.000000
638 B 0.023713 0.975405 0.252610 0.024207 -0.267105 0.000000
639 B 0.099957 0.979531 0.250165 0.029435 0.016189 0.000000
640 B 0.075821 0.999112 0.249608 0.079807 -0.090466 0.000000
641 D 0.053177 0.975212 0.267041 0.019295 0.250777 0.000000
642 B 0.031818 0.977292 0.272244 0.014268 -0.235472 0.000000
643 B 0.024378 0.976698 0.235441 0.021636 -0.274539 0.000000
644 B 0.051132 0.999984 0.255132 0.020086 -0.193597 0.000000
645 B 0.083105 0.972176 0.249579 0.073139 -0.048267 0.000000
646 B 0.035239 0.977345 0.239304 0.096240 -0.224080 0.000000
647 H 0.071341 0.978308 0.241458 0.021721 4.247789 0.000000
648 C 0.042199 0.999179 0.235615 0.097741 3.487674 0.000000
649 B 0.052921 0.979174 0.268258 0.061416 -0.163371 0.000000
650 B 0.032138 0.966608 0.241731 0.039729 -0.242122 0.000000
651 B 0.096084 0.968006 0.229225 0.034787 -0.005736 0.000000
652 J 0.066405 0.964531 0.237552 0.044094 0.900669 0.000000
653 B 0.035425 0.981982 0.262626 0.016037 -0.232050 0.000000
654 B 0.047274 0.984143 0.240070 0.022215 -0.206100 0.000000
655 B 0.037985 0.961101 0.266573 0.014823 -0.211722 0.000000
656 E 0.670347 0.998478 0.250024 0.061734 2.591189 0.000000
657 G 0.065489 0.998878 0.258327 0.045751 2.822856 0.000000
658 B 0.087568 0.999053 0.267663 0.076404 -0.031804 0.000000
659 D 0.036289 0.963311 0.231193 0.016680 0.244459 0.000000
660 B 0.056977 0.980460 0.274292 0.040140 -0.150610 0.000000
661 B 0.027381 0.959016 0.233471 0.058408 -0.252359 0.000000
662 F 0.056339 0.979368 0.230110 0.066074 3.525536 0.000000
663 B 0.071266 0.960665 0.248261 0.083126 -0.089348 0.000000
664 B 0.035670 0.999398 0.271464 0.094341 -0.218084 0.000000
665 B 0.109814 0.977300 0.235259 0.057652 0.063500 0.000000
666 B 0.035546 0.960975 0.250537 0.083840 -0.213889 0.000000
667 B 0.076735 0.999483 0.275901 0.044844 -0.081732 0.000000
668 B 0.050056 0.980539 0.257046 0.069684 -0.177720 0.000000
669 B 0.023260 0.959412 0.276012 0.099904 -0.229283 0.000000
670 B 0.032071 0.955595 0.236419 0.056068 -0.236227 0.000000
671 B 0.053964 0.960990 0.219896 0.096091 -0.163363 0.000000
672 B 0.092217 0.950913 0.227820 0.066989 -0.009191 0.000000
673 B 0.041149 0.954899 0.241698 0.086889 -0.196691 0.000000
674 B 0.070968 0.951968 0.257462 0.055937 -0.089064 0.000000
675 D 0.029492 0.978592 0.229290 0.074136 0.233749 0.000000
676 B 0.050075 0.960980 0.273574 0.047746 -0.164239 0.000000
677 B 0.031934 0.983504 0.276864 0.099278 -0.216490 0.000000
678 B 0.023606 0.949077 0.237955 0.032519 -0.260480 0.000000
679 C 0.068754 0.998773 0.233540 0.021336 3.412503 0.000000
680 B 0.053675 0.962755 0.250639 0.026162 -0.167813 0.000000
681 B 0.079417 0.980330 0.220617 0.033122 -0.090201 0.000000
682 B 0.502173 0.952825 0.248667 0.045042 3.269797 0.000000
683 B 0.038172 0.980243 0.261013 0.002525 -0.224073 0.000000
684 J 0.025364 0.965394 0.278893 0.057790 0.843076 0.000000
685 H 0.056687 0.999552 0.227041 0.036801 4.251348 0.000000
686 B 0.131046 0.949690 0.264938 0.015257 0.199581 0.000000
687 E 0.093819 0.977908 0.245066 0.064362 2.791075 0.000000
688 B 0.027193 0.999598 0.278094 0.040344 -0.253913 0.000000
689 B 0.023280 0.997867 0.280349 0.039048 -0.262859 0.000000
690 G 0.046811 0.987537 0.278246 0.041935 2.830770 0.000000
691 B 0.025827 0.999744 0.280255 0.052280 -0.254411 0.000000
692 D 0.060990 0.997665 0.270220 0.050701 0.222528 0.000000
693 B 0.026489 0.965915 0.281175 0.021556 -0.239655 0.000000
694 F 0.043917 0.962910 0.262463 0.001563 3.518961 0.000000
695 B 0.075044 0.947508 0.280571 0.021924 -0.063182 0.000000
696 B 0.024170 0.961516 0.251214 0.018289 -0.260111 0.000000
697 I 0.041951 0.945294 0.253344 0.017056 3.897864 0.000000
698 B 0.064520 0.963914 0.210239 0.019154 -0.147824 0.000000
699 B 0.022855 0.945620 0.227129 0.034119 -0.265619 0.000000
700 B 0.043430 0.946097 0.221393 0.003284 -0.209362 0.000000
701 B 0.085926 0.982622 0.232252 0.040810 -0.056871 0.000000
702 B 0.021766 0.943846 0.241594 0.000823 -0.263218 0.000000
703 B 0.058374 0.937555 0.208257 0.002500 -0.159152 0.000000
704 B 0.022160 0.941303 0.236519 0.001410 -0.263309 0.000000
705 B 0.038334 0.932554 0.235737 0.002901 -0.212274 0.000000
706 B 0.024084 0.954747 0.208599 0.000154 -0.277228 0.000000
707 B 0.020677 0.934270 0.217840 0.020704 -0.271400 0.000000
708 D 0.021918 0.935669 0.204181 0.002743 0.257088 0.000000
709 B 0.061336 0.930177 0.206072 0.021452 -0.144524 0.000000
710 C 0.045967 0.920737 0.233065 0.027310 3.425313 0.000000
711 B 0.025222 0.941936 0.244939 0.018058 -0.250546 0.000000
712 B 0.103542 0.921800 0.221935 0.002144 0.047344 0.000000
713 H 0.074638 0.941699 0.207287 0.000715 4.192505 0.000000
714 B 0.045069 0.923829 0.222714 0.023517 -0.191190 0.000000
715 B 0.018777 0.942185 0.244663 0.000183 -0.268813 0.000000
716 B 0.025661 0.921986 0.244731 0.019388 -0.239352 0.000000
717 J 0.021292 0.924791 0.201119 0.027065 0.812858 0.000000
718 B 0.588502 0.915298 0.237775 0.000934 3.595482 0.000000
719 B 0.055251 0.940414 0.217878 0.030133 -0.165956 0.000000
720 E 0.020036 0.918919 0.244789 0.001576 2.673458 0.000000
721 B 0.039030 0.929686 0.245312 0.022948 -0.203022 0.000000
722 G 0.020888 0.942294 0.219874 0.035033 2.769605 0.000000
723 B 0.066040 0.945584 0.198479 0.018743 -0.137659 0.000000
724 B 0.042950 0.909748 0.235111 0.038039 -0.183616 0.000000
725 B 0.854455 0.945943 0.220820 0.001223 1.047428 0.000000
726 B 0.020337 0.917899 0.248470 0.021588 -0.249759 0.000000
727 F 0.018476 0.913192 0.254619 0.017530 3.547868 0.000000
728 I 0.019088 0.919353 0.250518 0.032878 3.853443 0.000000
729 B 0.019771 0.932104 0.250707 0.001531 -0.258168 0.000000
730 D 0.045958 0.892915 0.207386 0.001411 0.281341 0.000000
731 B 0.020831 0.941050 0.253598 0.000959 -0.258376 0.000000
732 B 0.017765 0.890925 0.229145 0.000557 -0.253164 0.000000
733 B 0.017676 0.887477 0.221106 0.001056 -0.255286 0.000000
734 B 0.441895 0.889836 0.194721 0.002539 2.824860 0.000000
735 B 0.015921 0.883114 0.217698 0.002286 -0.259084 0.000000
736 B 0.016424 0.889339 0.198093 0.000590 -0.269080 0.000000
737 B 0.016623 0.886253 0.176904 0.000388 -0.274974 0.000000
738 B 0.020112 0.895908 0.195854 0.000370 -0.263669 0.000000
739 B 0.012512 0.883949 0.176343 0.007396 -0.284199 0.000000
740 B 0.019727 0.868859 0.179682 0.007603 -0.257119 0.000000
741 B 0.018490 0.887985 0.170100 0.009043 -0.273223 0.000000
742 C 0.637583 0.883249 0.175717 0.002011 1.792927 0.000000
743 D 0.015638 0.877355 0.182324 0.000242 0.297730 0.000000
744 B 0.014723 0.884309 0.193946 0.000926 -0.272490 0.000000
745 H 0.014337 0.883963 0.175498 0.013213 4.185917 0.000000
746 B 0.012801 0.894420 0.172192 0.000496 -0.290281 0.000000
747 B 0.014544 0.886188 0.167601 0.001002 -0.283403 0.000000
748 B 0.014889 0.896338 0.158954 0.000246 -0.290437 0.000000
749 B 0.016733 0.882370 0.177237 0.016253 -0.272105 0.000000
750 J 0.044917 0.884225 0.167485 0.021207 0.796869 0.000000
751 B 0.013409 0.895910 0.154853 0.020618 -0.294348 0.000000
752 B 0.794333 0.890059 0.149588 0.000650 1.987477 0.000000
753 B 0.382064 0.889228 0.164556 0.019894 2.271577 0.000000
754 G 0.009472 0.878292 0.169031 0.024519 2.739366 0.000000
755 E 0.001233 0.892516 0.180671 0.022894 2.641423 0.000000
756 B 0.000161 0.899522 0.156574 0.017727 -0.326386 0.000000
757 B 0.478343 0.873768 0.148173 0.001493 3.104822 0.000000
758 B 0.000703 0.867961 0.149573 0.018130 -0.311558 0.000000
759 B 0.002312 0.884805 0.145109 0.017434 -0.317847 0.000000
760 F 0.000600 0.884459 0.155106 0.021091 3.561042 0.000000
761 I 0.004327 0.871993 0.171135 0.020288 3.763844 0.000000
762 B 0.003586 0.896444 0.154347 0.020746 -0.317832 0.000000
763 D 0.000925 0.892243 0.121742 0.023553 0.229218 0.000000
764 B 0.001860 0.896033 0.142632 0.033028 -0.323590 0.000000
765 B 0.001080 0.866440 0.115469 0.034908 -0.317243 0.000000
766 B 0.002353 0.869288 0.110272 0.028942 -0.317827 0.000000
767 B 0.000292 0.866390 0.114305 0.023952 -0.320472 0.000000
768 B 0.000198 0.864707 0.108588 0.023690 -0.321131 0.000000
769 B 0.001011 0.866627 0.142335 0.033755 -0.310717 0.000000
770 B 0.000371 0.865084 0.149197 0.035681 -0.309056 0.000000
771 B 0.001709 0.867210 0.110378 0.036081 -0.317245 0.000000
772 B 0.005882 0.842446 0.111254 0.031389 -0.295994 0.000000
773 B 0.001344 0.836082 0.106241 0.037493 -0.303165 0.000000
774 B 0.007375 0.829696 0.106797 0.040475 -0.285852 0.000000
775 C 0.001522 0.841589 0.107877 0.043409 3.425431 0.000000
776 B 0.000095 0.825688 0.122711 0.047039 -0.295275 0.000000
777 H 0.000112 0.824954 0.117049 0.045192 4.162220 0.000000
778 B 0.002171 0.792724 0.116469 0.041431 -0.276785 0.000000
779 D 0.001358 0.796497 0.109976 0.042804 0.313119 0.000000
780 B 0.002016 0.832121 0.110133 0.043654 -0.297880 0.000000
781 B 0.000905 0.783225 0.109460 0.043329 -0.276049 0.000000
782 B 0.002890 0.821396 0.115737 0.041652 -0.289672 0.000000
783 B 0.001992 0.825822 0.131735 0.041544 -0.289916 0.000000
784 B 0.000636 0.828448 0.134079 0.046505 -0.292676 0.000000
785 J 0.000054 0.814953 0.110132 0.048939 0.869903 0.000000
786 B 0.000596 0.834461 0.135191 0.049941 -0.294807 0.000000
787 B 0.001467 0.823073 0.134792 0.052127 -0.286895 0.000000
788 G 0.007602 0.767031 0.134485 0.056622 2.758751 0.000000
789 E 0.000803 0.812195 0.130440 0.051222 2.574849 0.000000
790 B 0.007000 0.829848 0.144936 0.047868 -0.275891 0.000000
791 B 0.001043 0.836101 0.123449 0.051723 -0.297340 0.000000
792 B 0.007520 0.841507 0.100425 0.046944 -0.291613 0.000000
793 F 0.001259 0.843235 0.099337 0.039237 3.582280 0.000000
794 B 0.004261 0.801575 0.128618 0.053567 -0.271301 0.000000
795 I 0.003045 0.846513 0.142809 0.036990 3.721866 0.000000
796 B 0.008506 0.855389 0.099866 0.059168 -0.293773 0.000000
797 B 0.001774 0.846968 0.102508 0.057272 -0.304711 0.000000
798 D 0.002516 0.849054 0.000002 0.061304 0.150338 0.000000
799 B 0.004154 0.856916 0.099443 0.057756 -0.304935 0.000000
800 B 0.002666 0.853019 0.096763 0.063851 -0.305340 0.000000
801 B 0.002886 0.860489 0.096935 0.066729 -0.307809 0.000000
802 B 0.000689 0.861469 0.094760 0.061354 -0.314875 0.000000
803 B 0.000769 0.858818 0.099816 0.065485 -0.311351 0.000000
804 B 0.001129 0.858432 0.097493 0.064718 -0.311037 0.000000
805 B 0.005203 0.858962 0.095397 0.072850 -0.300458 0.000000
806 B 0.000005 0.860818 0.091308 0.072398 -0.313718 0.000000
807 B 0.001983 0.860637 0.067705 0.070706 -0.313589 0.000000
808 B 0.005323 0.861411 0.060527 0.069827 -0.307704 0.000000
809 B 0.000440 0.864838 0.060113 0.077606 -0.317966 0.000000
810 B 0.001966 0.861747 0.050377 0.076826 -0.314432 0.000000
811 C 0.321626 0.860079 0.055974 0.076402 1.999313 0.000000
812 H 0.000570 0.861734 0.058305 0.073884 4.132080 0.000000
813 B 0.001962 0.864367 0.068783 0.074521 -0.314251 0.000000
814 D 0.002601 0.865879 0.010149 0.071661 0.143766 0.000000
815 B 0.001988 0.863058 0.072403 0.081157 -0.310974 0.000000
816 J 0.002660 0.861650 0.073382 0.063204 0.829357 0.000000
817 B 0.000168 0.866895 0.053586 0.084526 -0.318092 0.000000
818 B 0.551620 0.867642 0.055919 0.084407 3.503513 0.000000
819 B 0.002383 0.867960 0.025122 0.076271 -0.318701 0.000000
820 B 0.031621 0.868493 0.027207 0.079781 -0.242746 0.000000
821 B 0.001793 0.866200 0.016514 0.085480 -0.316510 0.000000
822 G 0.001032 0.868787 0.016576 0.093745 2.584038 0.000000
823 B 0.034040 0.866490 0.046230 0.081726 -0.232528 0.000000
824 E 0.691005 0.867888 0.026654 0.105515 2.428941 0.000000
825 B 0.017571 0.871023 0.005899 0.083775 -0.282199 0.000000
826 F 0.001204 0.856413 0.070998 0.079535 3.577440 0.000000
827 B 0.001507 0.846917 0.042610 0.109235 -0.296785 0.000000
828 B 0.019142 0.869664 0.073722 0.082140 -0.272575 0.000000
829 B 0.037269 0.845242 0.048827 0.070265 -0.215279 0.000000
830 I 0.000186 0.868512 0.075668 0.089224 3.761064 0.000000
831 B 0.000758 0.806774 0.012156 0.069847 -0.293992 0.000000
832 B 0.035978 0.840645 0.044655 0.101002 -0.206889 0.000000
833 D 0.020268 0.873168 0.025859 0.071492 0.142800 0.000000
834 B 0.406231 0.873055 0.079283 0.065894 2.493471 0.000000
835 B 0.033296 0.845467 0.057458 0.102909 -0.215326 0.000000
836 B 0.018407 0.875213 0.069700 0.085121 -0.276854 0.000000
837 B 0.033692 0.813233 0.001563 0.065906 -0.213725 0.000000
838 B 0.877881 0.850571 0.050466 0.110555 0.713926 0.000000
839 B 0.016474 0.874790 0.080170 0.061954 -0.286829 0.000000
840 C 0.020337 0.846217 0.021546 0.087329 3.416837 0.000000
841 B 0.037598 0.832178 0.087979 0.062823 -0.204345 0.000000
842 B 0.000049 0.862220 0.048631 0.081356 -0.317560 0.000000
843 H 0.000147 0.812789 0.038357 0.117378 4.155709 0.000000
844 B 0.036288 0.877140 0.062853 0.094509 -0.224747 0.000000
845 B 0.000086 0.852769 0.046688 0.086057 -0.311377 0.000000
846 D 0.000163 0.844799 0.023170 0.117164 0.179929 0.000000
847 B 0.519229 0.792630 0.050176 0.094815 3.402693 0.000000
848 B 0.019956 0.829007 0.040351 0.102952 -0.246275 0.000000
849 J 0.000463 0.857508 0.066058 0.083746 0.855654 0.000000
850 B 0.616067 0.880444 0.085966 0.120414 3.582612 0.000000
851 B 0.000584 0.849187 0.030021 0.089555 -0.308577 0.000000
852 B 0.985742 0.890399 0.059340 0.076292 -0.403217 0.000000
853 G 0.963200 0.882373 0.001452 0.077909 1.606082 0.000000
854 E 0.774783 0.900981 0.050504 0.106602 2.403310 0.000000
855 B 0.975133 0.899423 0.026840 0.064590 -0.372527 0.000000
856 B 0.972362 0.898913 0.019261 0.061279 -0.359708 0.000000
857 B 0.989678 0.900330 0.018368 0.059329 -0.426557 0.000000
858 F 0.997492 0.897969 0.000958 0.057919 4.385518 0.000000
859 B 0.909076 0.903057 0.024533 0.059624 0.232454 0.000000
860 B 0.978097 0.902376 0.024722 0.453736 -0.021386 0.000000
861 B 0.938367 0.888616 0.020661 0.056993 -0.096428 0.000000
862 B 0.946509 0.896427 0.017445 0.077602 -0.171195 0.000000
863 I 0.981789 0.882343 0.034125 0.057644 3.307318 0.000000
864 B 0.994319 0.899073 0.052603 0.543908 0.078643 0.000000
865 D 0.944729 0.877842 0.013995 0.075873 0.921405 0.000000
866 B 0.956606 0.883163 0.057049 0.097604 -0.237307 0.000000
867 B 0.990296 0.902361 0.037650 0.049716 -0.430011 0.000000
868 B 0.967960 0.891989 0.039879 0.057167 -0.331722 0.000000
869 B 0.980276 0.898456 0.036715 0.056000 -0.395768 0.000000
870 B 0.975751 0.901260 0.032704 0.048142 -0.379692 0.000000
871 B 0.972911 0.903147 0.037208 0.045818 -0.366929 0.000000
872 B 0.976407 0.904686 0.000768 0.045127 -0.386049 0.000000
873 C 0.969898 0.906056 0.000505 0.037045 3.435213 0.000000
874 B 0.977253 0.905626 0.018196 0.045177 -0.389965 0.000000
875 B 0.982563 0.904304 0.028026 0.041051 -0.410692 0.000000
876 B 0.978469 0.906680 0.030146 0.046055 -0.394996 0.000000
877 H 0.979198 0.899816 0.029173 0.050734 3.885626 0.000000
878 B 0.993779 0.906521 0.004165 0.046998 -0.440856 0.000000
879 B 0.998170 0.907002 0.001123 0.046306 -0.446889 0.000000
880 B 0.993348 0.905506 0.003204 0.047538 -0.439521 0.000000
881 D 0.995958 0.907951 0.008664 0.051896 1.095883 0.000000
882 J 0.968907 0.908825 0.000168 0.053525 0.103972 0.000000
883 B 0.997271 0.907269 0.000422 0.047065 -0.445999 0.000000
884 B 0.981792 0.910380 0.015266 0.050135 -0.409845 0.000000
885 E 0.982713 0.908014 0.002941 0.044426 2.162873 0.000000
886 B 0.996051 0.904269 0.019603 0.054182 -0.441252 0.000000
887 G 0.996683 0.909878 0.021226 0.046084 1.599982 0.000000
888 B 0.958842 0.899413 0.000178 0.047008 -0.279658 0.000000
889 B 0.924057 0.908790 0.019048 0.051740 0.045125 0.000000
890 B 0.971352 0.905663 0.020691 0.036231 -0.362589 0.000000
891 B 0.969918 0.909434 0.024561 0.037910 -0.356248 0.000000
892 F 0.969493 0.910741 0.000651 0.037985 4.341162 0.000000
893 B 0.998148 0.911237 0.025824 0.042762 -0.448951 0.000000
894 B 0.952309 0.911206 0.031755 0.052912 -0.233450 0.000000
895 B 0.980723 0.912014 0.024624 0.055370 -0.405167 0.000000
896 I 0.999095 0.914085 0.026414 0.057138 3.338417 0.000000
897 B 0.976585 0.910800 0.016169 0.049543 -0.388814 0.000000
898 B 0.972615 0.908995 0.016528 0.059590 -0.366554 0.000000
899 B 0.979628 0.912401 0.015485 0.056106 -0.401249 0.000000
900 D 0.930415 0.916656 0.015111 0.055296 0.783653 0.000000
901 B 0.984277 0.917775 0.001451 0.058920 -0.420491 0.000000
902 B 0.997806 0.914287 0.000252 0.058066 -0.447744 0.000000
903 B 0.996694 0.915345 0.000903 0.060503 -0.446512 0.000000
904 B 0.999419 0.910497 0.001730 0.063236 -0.445930 0.000000
905 B 0.996831 0.920918 0.003293 0.066224 -0.448001 0.000000
906 B 0.999237 0.918963 0.002954 0.072764 -0.447450 0.000000
907 B 0.998238 0.918266 0.000245 0.067410 -0.447800 0.000000
908 B 0.998288 0.921125 0.001623 0.066958 -0.449392 0.000000
909 B 0.997884 0.924992 0.008961 0.072757 -0.449264 0.000000
910 B 0.998128 0.918712 0.000809 0.089940 -0.440877 0.000000
911 B 0.998128 0.919372 0.001226 0.091260 -0.440732 0.000000
912 B 0.999067 0.921938 0.003539 0.099294 -0.439748 0.000000
913 B 0.999995 0.926624 0.001283 0.102139 -0.441586 0.000000
914 B 0.999806 0.916362 0.000043 0.120818 -0.428116 0.000000
915 B 0.991211 0.921888 0.000640 0.125468 -0.416889 0.000000
916 B 0.994331 0.920898 0.000536 0.113213 -0.427897 0.000000
917 B 0.997496 0.921556 0.006968 0.128459 -0.425019 0.000000
918 B 0.998722 0.931282 0.002190 0.146966 -0.421043 0.000000
919 B 0.995345 0.922685 0.003501 0.153776 -0.409009 0.000000
920 C 0.997658 0.921370 0.001758 0.144467 3.460831 0.000000
921 B 0.997268 0.924708 0.000292 0.130909 -0.425157 0.000000
922 B 0.999514 0.921329 0.001886 0.134590 -0.423486 0.000000
923 B 0.999529 0.924825 0.000303 0.129983 -0.427644 0.000000
924 B 0.946703 0.923408 0.006810 0.128506 -0.165910 0.000000
925 B 0.951631 0.923865 0.000496 0.127071 -0.208825 0.000000
926 H 0.952040 0.925279 0.000831 0.131410 3.938002 0.000000
927 B 0.994271 0.925365 0.018354 0.160233 -0.404468 0.000000
928 J 0.998381 0.919616 0.000642 0.118221 -0.121472 0.000000
929 B 0.952921 0.924521 0.030339 0.114542 -0.224645 0.000000
930 B 0.997204 0.923015 0.016431 0.116212 -0.431126 0.000000
931 B 0.997930 0.924521 0.035680 0.107250 -0.435565 0.000000
932 E 0.999906 0.922128 0.039202 0.115928 2.232918 0.000000
933 G 0.934342 0.924540 0.034484 0.111350 1.639830 0.000000
934 B 0.999117 0.923725 0.000697 0.111706 -0.435510 0.000000
935 B 0.959769 0.926644 0.000249 0.105567 -0.282120 0.000000
936 B 0.955792 0.923894 0.036966 0.107810 -0.249264 0.000000
937 B 0.956128 0.923629 0.020261 0.135718 -0.239249 0.000000
938 F 0.935207 0.928208 0.019902 0.114208 4.282688 0.000000
939 B 0.998852 0.915840 0.000231 0.108213 -0.432885 0.000000
940 B 0.999535 0.910766 0.037240 0.104674 -0.430946 0.000000
941 I 0.999124 0.907374 0.035262 0.101789 3.328229 0.000000
942 B 0.961881 0.905803 0.040162 0.100850 -0.286587 0.000000
943 B 0.960097 0.894567 0.021222 0.107463 -0.267133 0.000000
944 B 0.962907 0.931214 0.037830 0.100000 -0.306658 0.000000
945 B 0.999858 0.911919 0.000221 0.145402 -0.413067 0.000000
946 B 0.999998 0.896289 0.021830 0.103110 -0.425550 0.000000
947 B 0.938383 0.928327 0.038877 0.129537 -0.088564 0.000000
948 B 0.975494 0.916660 0.021381 0.100111 -0.371492 0.000000
949 B 0.961439 0.894816 0.000175 0.154170 -0.252967 0.000000
950 B 0.980929 0.928527 0.038565 0.101116 -0.399108 0.000000
951 C 0.998723 0.891419 0.018907 0.120177 3.447949 0.000000
952 B 0.921385 0.907335 0.021142 0.095203 0.089606 0.000000
953 B 0.976126 0.931703 0.000381 0.116444 -0.375405 0.000000
954 H 0.999691 0.912818 0.041883 0.094084 3.934753 0.000000
955 B 0.948203 0.895005 0.019046 0.132409 -0.162488 0.000000
956 B 0.967885 0.913033 0.041917 0.093518 -0.330752 0.000000
957 B 0.999933 0.932130 0.000061 0.143791 -0.424130 0.000000
958 B 0.979266 0.932496 0.018540 0.097212 -0.397201 0.000000
959 B 0.958409 0.893473 0.043172 0.118053 -0.248433 0.000000
960 J 0.980323 0.910528 0.017096 0.103871 -0.019375 0.000000
961 B 0.978983 0.914898 0.019346 0.092419 -0.389010 0.000000
962 B 0.946961 0.890052 0.000400 0.119524 -0.155938 0.000000
963 B 0.999626 0.932783 0.038706 0.158977 -0.413779 0.000000
964 G 0.960342 0.934183 0.021531 0.089944 1.602148 0.000000
965 E 0.999503 0.911291 0.000767 0.089563 2.194623 0.000000
966 B 0.980400 0.890116 0.044852 0.113789 -0.371952 0.000000
967 B 0.934931 0.933134 0.019646 0.130490 -0.056850 0.000000
968 B 0.963348 0.890968 0.037544 0.086193 -0.294549 0.000000
969 B 0.980149 0.909986 0.019277 0.093103 -0.391011 0.000000
970 F 0.982614 0.934129 0.048879 0.142673 4.354733 0.000000
971 B 0.999983 0.888315 0.000006 0.117060 -0.415962 0.000000
972 I 0.962641 0.915312 0.020591 0.086011 3.393538 0.000000
973 B 0.916121 0.933118 0.033695 0.106417 0.144958 0.000000
974 B 0.942764 0.912655 0.018241 0.087058 -0.142134 0.000000
975 B 0.999896 0.891328 0.000061 0.081033 -0.431548 0.000000
976 B 0.980763 0.895724 0.044819 0.084773 -0.387572 0.000000
977 B 0.963841 0.886601 0.000457 0.082590 -0.298188 0.000000
978 B 0.981590 0.889039 0.032385 0.080138 -0.389831 0.000000
979 B 0.962043 0.936983 0.017752 0.077523 -0.312818 0.000000
980 B 0.999757 0.908497 0.052136 0.102824 -0.429384 0.000000
981 B 0.978026 0.933655 0.022904 0.086406 -0.396344 0.000000
982 B 0.944776 0.912362 0.001119 0.101052 -0.155619 0.000000
983 B 0.980562 0.886651 0.034213 0.074715 -0.386287 0.000000
984 C 0.967785 0.936128 0.051555 0.105023 3.453063 0.000000
985 B 0.999467 0.889992 0.000140 0.081485 -0.430459 0.000000
986 B 0.998696 0.888328 0.016611 0.127049 -0.409987 0.000000
987 H 0.949881 0.919182 0.019985 0.077139 3.904602 0.000000
988 B 0.999985 0.887842 0.015951 0.102895 -0.421629 0.000000
989 B 0.976787 0.917669 0.000276 0.079440 -0.385742 0.000000
990 B 0.928745 0.930688 0.000172 0.110805 0.000308 0.000000
991 B 0.962684 0.904339 0.000459 0.135404 -0.276740 0.000000
992 B 0.979598 0.887347 0.030724 0.092135 -0.377277 0.000000
993 J 0.999206 0.715706 0.019390 0.077233 -0.193412 0.000000
994 G 0.962228 0.940204 0.047878 0.119924 1.625390 0.000000
995 E 0.979575 0.907604 0.024816 0.075759 2.197483 0.000000
996 B 0.945473 0.937193 0.016955 0.100385 -0.174309 0.000000
997 B 0.980807 0.888106 0.034338 0.156392 -0.350755 0.000000
998 B 0.982262 0.917281 0.053528 0.092330 -0.400418 0.000000
999 B 0.956807 0.910970 0.001096 0.078343 -0.262694 0.000000
1000 B 0.984515 0.936029 0.001003 0.118378 -0.409489 0.000000
1001 F 0.964824 0.888395 0.035069 0.139065 4.350448 0.000000
1002 B 0.998097 0.922465 0.019230 0.100074 -0.438539 0.000000
1003 B 0.999439 0.934564 0.052132 0.112927 -0.437900 0.000000
1004 I 0.999730 0.939351 0.053314 0.158670 3.391243 0.000000
1005 B 0.929780 0.938096 0.019495 0.139295 -0.000270 0.000000
1006 B 0.904014 0.926921 0.017763 0.126020 0.310811 0.000000
1007 B 0.967797 0.931841 0.035306 0.108157 -0.334301 0.000000
1008 B 0.945269 0.940263 0.051188 0.072102 -0.181361 0.000000
1009 B 0.977920 0.916704 0.000457 0.100694 -0.382640 0.000000
1010 B 0.980388 0.937935 0.020107 0.125699 -0.391798 0.000000
1011 B 0.963756 0.917667 0.020179 0.091857 -0.309552 0.000000
1012 B 0.981819 0.920084 0.057299 0.075047 -0.405535 0.000000
1013 B 0.999302 0.942208 0.000291 0.114987 -0.443417 0.000000
1014 B 0.948311 0.943892 0.000304 0.146595 -0.180457 0.000000
1015 H 0.964280 0.943952 0.032848 0.095641 3.927783 0.000000
1016 C 0.999328 0.941724 0.018760 0.111296 3.472941 0.000000
1017 B 0.980318 0.900634 0.000217 0.082937 -0.390922 0.000000
1018 B 0.981275 0.903657 0.029953 0.070174 -0.399094 0.000000
1019 B 0.929351 0.918137 0.046667 0.074505 -0.011193 0.000000
1020 B 0.959143 0.945262 0.018902 0.122457 -0.279022 0.000000
1021 J 0.999556 0.925072 0.038084 0.093085 -0.108625 0.000000
1022 B 0.978544 0.689293 0.017142 0.066326 -0.282691 0.000000
1023 B 0.999573 0.903747 0.055094 0.139439 -0.409095 0.000000
1024 B 0.953115 0.943069 0.001441 0.071611 -0.252223 0.000000
1025 B 0.999485 0.884595 0.023024 0.103525 -0.419158 0.000000
1026 E 0.965297 0.923261 0.033019 0.071382 2.223061 0.000000
1027 B 0.979859 0.904160 0.000419 0.104458 -0.382878 0.000000
1028 B 0.999486 0.944737 0.000247 0.093619 -0.453627 0.000000
1029 G 0.939497 0.946353 0.060547 0.155368 1.652928 0.000000
1030 B 0.978864 0.942685 0.036193 0.119789 -0.389990 0.000000
1031 F 0.962567 0.939845 0.019099 0.126404 4.318963 0.000000
1032 B 0.999560 0.926186 0.038981 0.096030 -0.441975 0.000000
1033 I 0.981193 0.942844 0.062458 0.084789 3.421934 0.000000
1034 B 0.946746 0.931074 0.047137 0.070654 -0.190742 0.000000
1035 B 0.966015 0.947070 0.035321 0.091904 -0.337652 0.000000
1036 B 0.999885 0.924804 0.058844 0.098565 -0.438569 0.000000
1037 B 0.981256 0.948376 0.052247 0.069611 -0.419707 0.000000
1038 B 0.965477 0.919360 0.063065 0.093526 -0.317144 0.000000
1039 B 0.980962 0.926797 0.065454 0.064400 -0.407640 0.000000
1040 B 0.919344 0.906360 0.037353 0.068121 0.106400 0.000000
1041 B 0.999223 0.944791 0.039995 0.092697 -0.452212 0.000000
1042 B 0.946618 0.947767 0.065482 0.089785 -0.189795 0.000000
1043 B 0.979993 0.947451 0.020963 0.069901 -0.416573 0.000000
1044 B 0.962131 0.947512 0.047182 0.088981 -0.312976 0.000000
1045 B 0.999320 0.929438 0.023109 0.068428 -0.453439 0.000000
1046 C 0.979787 0.904908 0.020819 0.066263 3.445780 0.000000
1047 B 0.999839 0.904856 0.018066 0.066882 -0.442113 0.000000
1048 H 0.961444 0.663472 0.019231 0.062168 3.940745 0.000000
1049 B 0.979057 0.891799 0.036418 0.065448 -0.385276 0.000000
1050 B 0.931085 0.740646 0.016589 0.063899 0.054002 0.000000
1051 B 0.999510 0.899642 0.033282 0.067131 -0.438448 0.000000
1052 B 0.948537 0.885943 0.019372 0.063187 -0.187611 0.000000
1053 J 0.979252 0.909112 0.017398 0.082333 -0.009959 0.000000
1054 B 0.999932 0.925728 0.039823 0.069945 -0.450512 0.000000
1055 B 0.963730 0.624247 0.000016 0.060711 -0.172533 0.000000
1056 G 0.975209 0.884048 0.035164 0.065056 1.632951 0.000000
1057 B 0.977824 0.944538 0.016581 0.063035 -0.408111 0.000000
1058 E 0.999876 0.901416 0.041438 0.078608 2.175184 0.000000
1059 B 0.945059 0.928108 0.000505 0.055465 -0.180231 0.000000
1060 B 0.961894 0.383883 0.034405 0.077868 -0.034294 0.000000
1061 B 0.980471 0.949517 0.000396 0.054143 -0.423814 0.000000
1062 B 0.999645 0.911122 0.017922 0.084938 -0.439679 0.000000
1063 F 0.980916 0.917794 0.070837 0.088990 4.359913 0.000000
1064 B 0.999843 0.948206 0.042880 0.091709 -0.454454 0.000000
1065 I 0.964173 0.950400 0.050701 0.086539 3.459486 0.000000
1066 B 0.939390 0.946696 0.067201 0.072106 -0.127527 0.000000
1067 B 0.894617 0.945674 0.045822 0.093674 0.417183 0.000000
1068 B 0.981271 0.930461 0.034323 0.804889 0.576916 0.000000
1069 B 0.962251 0.588718 0.019643 0.072001 -0.141657 0.000000
1070 A 0.982299 0.528495 0.047488 0.089202 1.041306 0.000000
1071 B 0.999065 0.953267 0.068992 0.067506 -0.461192 0.000000
1072 B 0.999838 0.501315 0.069725 0.053894 -0.238933 0.000000
1073 B 0.951778 0.955542 0.069357 0.059652 -0.245989 0.000000
1074 B 0.924841 0.954967 0.050814 0.063209 0.017932 0.000000
1075 B 0.965721 0.951559 0.037684 0.045350 -0.350623 0.000000
1076 C 0.979865 0.932293 0.033251 0.074231 3.460623 0.000000
1077 B 0.999950 0.568883 0.058913 0.042346 -0.276393 0.000000
1078 B 0.980248 0.944138 0.024814 0.076331 -0.413875 0.000000
1079 H 0.950110 0.931639 0.020779 0.061836 3.887438 0.000000
1080 B 0.966443 0.953728 0.050065 0.085446 -0.344608 0.000000
1081 B 0.980714 0.932417 0.068127 0.039005 -0.414380 0.000000
1082 B 0.999654 0.950069 0.019442 0.060790 -0.466102 0.000000
1083 B 0.999941 0.956027 0.033735 0.041444 -0.472443 0.000000
1084 B 0.965109 0.955189 0.073852 0.033571 -0.346444 0.000000
1085 J 0.941447 0.955255 0.047112 0.055043 0.547346 0.000000
1086 B 0.981177 0.952958 0.071152 0.038452 -0.426080 0.000000
1087 B 0.980944 0.958041 0.036106 0.063746 -0.426339 0.000000
1088 E 0.999284 0.947788 0.049994 0.041860 2.186035 0.000000
1089 B 0.962224 0.959467 0.032846 0.063527 -0.328442 0.000000
1090 G 0.980539 0.949556 0.059270 0.037241 1.622068 0.000000
1091 B 0.999680 0.940114 0.030039 0.496840 -0.026752 0.000000
1092 B 0.920651 0.956470 0.019639 0.072493 0.066049 0.000000
1093 B 0.952145 0.934435 0.046607 0.060072 -0.240963 0.000000
1094 F 0.967844 0.959099 0.075966 0.080615 4.320714 0.000000
1095 B 0.980160 0.932259 0.027220 0.051964 -0.413688 0.000000
1096 B 0.999674 0.931882 0.018656 0.037846 -0.461565 0.000000
1097 I 0.948501 0.476234 0.058065 0.040831 2.802508 0.000000
1098 B 0.981837 0.959205 0.038338 0.033355 -0.435984 0.000000
1099 B 0.968804 0.936321 0.023927 0.034531 -0.363933 0.000000
1100 B 0.982512 0.955164 0.076546 0.034749 -0.431822 0.000000
1101 B 0.999232 0.932077 0.049814 0.052745 -0.456536 0.000000
1102 A 0.999328 0.940010 0.058290 0.031985 0.479705 0.000000
1103 B 0.962510 0.960773 0.073759 0.059905 -0.327535 0.000000
1104 B 0.934449 0.935293 0.046643 0.052375 -0.079470 0.000000
1105 B 0.999477 0.954007 0.045040 0.066102 -0.464960 0.000000
1106 B 0.967062 0.961874 0.081977 0.029912 -0.360960 0.000000
1107 B 0.999542 0.954531 0.060198 0.035880 -0.469818 0.000000
1108 B 0.978874 0.961174 0.080142 0.032709 -0.420518 0.000000
1109 C 0.949514 0.959814 0.062414 0.034037 3.432140 0.000000
1110 B 0.975453 0.025063 0.079351 0.041541 0.063845 0.000000
1111 B 0.982680 0.953243 0.057812 0.050198 -0.431353 0.000000
1112 B 0.959416 0.961321 0.055136 0.031160 -0.314146 0.000000
1113 H 0.913993 0.947057 0.040725 0.034381 3.884242 0.000000
1114 B 0.999122 0.958977 0.062789 0.055733 -0.467798 0.000000
1115 B 0.938448 0.966849 0.073217 0.051521 -0.132595 0.000000
1116 B 0.980092 0.964161 0.083222 0.028231 -0.426987 0.000000
1117 J 0.964014 0.962801 0.060359 0.050233 0.210379 0.000000
1118 B 0.999639 0.948403 0.057574 0.030000 -0.467900 0.000000
1119 B 0.983278 0.959619 0.084342 0.025812 -0.436555 0.000000
1120 B 0.955853 0.947666 0.072327 0.030995 -0.278943 0.000000
1121 E 0.999899 0.965141 0.087179 0.027564 2.193560 0.000000
1122 B 0.980931 0.943804 0.061467 0.026313 -0.423423 0.000000
1123 B 0.966879 0.961235 0.055599 0.046019 -0.360728 0.000000
1124 B 0.999652 0.937635 0.078017 0.051579 -0.456238 0.000000
1125 G 0.981844 0.963957 0.074969 0.029323 1.630100 0.000000
1126 B 0.947179 0.942953 0.088267 0.041460 -0.201449 0.000000
1127 F 0.980855 0.961145 0.074340 0.029554 4.334047 0.000000
1128 B 0.999706 0.943395 0.061882 0.052095 -0.461303 0.000000
1129 I 0.999655 0.945150 0.081214 0.053997 3.398210 0.000000
1130 B 0.934119 0.966474 0.090658 0.023857 -0.089940 0.000000
1131 B 0.966360 0.441815 0.061350 0.056156 -0.095140 0.000000
1132 B 0.965412 0.961763 0.062121 0.048942 -0.350689 0.000000
1133 B 0.979976 0.941713 0.080205 0.058727 -0.410504 0.000000
1134 A 0.999685 0.941064 0.051880 0.024622 0.468731 0.000000
1135 B 0.950373 0.966688 0.084699 0.066286 -0.235938 0.000000
1136 B 0.980939 0.937821 0.053897 0.037346 -0.419932 0.000000
1137 B 0.965384 0.962523 0.066616 0.052247 -0.349650 0.000000
1138 B 0.999827 0.933423 0.050041 0.068375 -0.453810 0.000000
1139 B 0.981541 0.966650 0.086827 0.065240 -0.426272 0.000000
1140 B 0.952557 0.941680 0.060197 0.027829 -0.252117 0.000000
1141 B 0.981187 0.949003 0.074694 0.070156 -0.416758 0.000000
1142 B 0.981649 0.213789 0.047934 0.046543 -0.059649 0.000000
1143 C 0.999154 0.970749 0.065887 0.571657 3.523025 0.000000
1144 B 0.933144 0.934334 0.092767 0.024294 -0.063289 0.000000
1145 B 0.963739 0.949493 0.043310 0.073142 -0.330020 0.000000
1146 H 0.982460 0.968240 0.048643 0.045014 3.883904 0.000000
1147 B 0.999947 0.931684 0.070275 0.072451 -0.449436 0.000000
1148 B 0.999881 0.946561 0.086761 0.071213 -0.454600 0.000000
1149 B 0.999872 0.970075 0.092910 0.074087 -0.464416 0.000000
1150 B 0.965651 0.965604 0.094435 0.074789 -0.342666 0.000000
1151 B 0.949396 0.966220 0.084590 0.422881 0.092774 0.000000
1152 J 0.979026 0.971594 0.087449 0.081521 0.036685 0.000000
1153 B 0.908596 0.970145 0.086114 0.074196 0.215800 0.000000
1154 E 0.999967 0.974300 0.097466 0.075010 2.251993 0.000000
1155 B 0.964628 0.954859 0.102367 0.077394 -0.328528 0.000000
1156 G 0.999673 0.950985 0.073543 0.057538 1.631475 0.000000
1157 B 0.970916 0.971052 0.095639 0.719798 0.448084 0.000000
1158 B 0.932529 0.951960 0.069018 0.082728 -0.057017 0.000000
1159 B 0.980852 0.975192 0.073154 0.048431 -0.433939 0.000000
1160 B 0.952292 0.947395 0.083180 0.068738 -0.241658 0.000000
1161 F 0.980231 0.948437 0.091823 0.023337 4.339491 0.000000
1162 B 0.999646 0.936398 0.065617 0.042417 -0.459116 0.000000
1163 B 0.965512 0.973923 0.098732 0.036534 -0.353620 0.000000
1164 B 0.980535 0.325533 0.067626 0.028667 -0.111709 0.000000
1165 I 0.999856 0.968246 0.072973 0.039867 3.440626 0.000000
1166 B 0.948768 0.941517 0.105262 0.611653 0.420985 0.000000
1167 B 0.981343 0.964844 0.068157 0.024520 -0.434818 0.000000
1168 B 0.999886 0.941499 0.087665 0.054406 -0.456120 0.000000
1169 A 0.999939 0.974814 0.107255 0.023501 0.494716 0.000000
1170 B 0.964539 0.951781 0.089269 0.044355 -0.336952 0.000000
1171 B 0.977783 0.954049 0.089288 0.056441 -0.406565 0.000000
1172 B 0.945551 0.974252 0.113679 0.020457 -0.200118 0.000000
1173 B 0.964654 0.363577 0.079762 0.044414 -0.045177 0.000000
1174 B 0.979828 0.935727 0.064834 0.051076 -0.410825 0.000000
1175 B 0.928416 0.952254 0.103458 0.038734 -0.017560 0.000000
1176 C 0.982667 0.937144 0.080194 0.059276 3.467401 0.000000
1177 B 0.999950 0.970204 0.064002 0.024390 -0.478822 0.000000
1178 B 0.999607 0.976030 0.090059 0.031797 -0.476675 0.000000
1179 H 0.962851 0.980965 0.113792 0.014179 3.919705 0.000000
1180 B 0.976447 0.978835 0.101344 0.022085 -0.416127 0.000000
1181 B 0.949592 0.977123 0.087169 0.017549 -0.242322 0.000000
1182 B 0.999426 0.976811 0.114755 0.028283 -0.472308 0.000000
1183 J 0.980804 0.980388 0.113683 0.018417 0.030140 0.000000
1184 B 0.999981 0.979051 0.122378 0.026591 -0.472159 0.000000
1185 B 0.962373 0.978685 0.126535 0.015723 -0.331676 0.000000
1186 B 0.977304 0.979848 0.114137 0.019376 -0.417928 0.000000
1187 E 0.999347 0.977201 0.117855 0.016235 2.201129 0.000000
1188 B 0.938323 0.984089 0.101998 0.016568 -0.139691 0.000000
1189 B 0.980451 0.982174 0.097844 0.021535 -0.435421 0.000000
1190 G 0.999995 0.973725 0.098129 0.016921 1.644474 0.000000
1191 B 0.961400 0.982083 0.123306 0.025140 -0.326845 0.000000
1192 B 0.979692 0.964980 0.088491 0.031274 -0.424536 0.000000
1193 F 0.959201 0.983957 0.089585 0.017712 4.291114 0.000000
1194 B 0.999987 0.966104 0.081119 0.036356 -0.472857 0.000000
1195 I 0.981181 0.982383 0.106658 0.013708 3.494239 0.000000
1196 B 0.965529 0.966762 0.119455 0.036437 -0.345638 0.000000
1197 B 0.908840 0.978423 0.086037 0.014264 0.197920 0.000000
1198 B 0.999747 0.964859 0.117484 0.031209 -0.465561 0.000000
1199 B 0.980721 0.980028 0.108518 0.026732 -0.432689 0.000000
1200 B 0.941335 0.984915 0.129612 0.015823 -0.162942 0.000000
1201 B 0.978695 0.964575 0.111358 0.035871 -0.415065 0.000000
1202 A 0.953819 0.962069 0.116884 0.016106 0.991854 0.000000
1203 B 0.980946 0.982826 0.093198 0.031462 -0.437489 0.000000
1204 B 0.924732 0.960076 0.132755 0.034430 0.026049 0.000000
1205 B 0.968120 0.967684 0.085125 0.016310 -0.370840 0.000000
1206 B 0.980002 0.983119 0.096200 0.040892 -0.432035 0.000000
1207 C 0.998842 0.963472 0.077709 0.016045 3.482957 0.000000
1208 B 0.999646 0.984663 0.119294 0.041486 -0.473478 0.000000
1209 B 0.949057 0.998355 0.129265 0.034373 -0.237536 0.000000
1210 B 0.963660 0.984182 0.113837 0.017682 -0.345816 0.000000
1211 H 0.999904 0.985597 0.122735 0.000667 3.906099 0.000000
1212 B 0.980699 0.983343 0.128797 0.036505 -0.428215 0.000000
1213 B 0.981150 0.963508 0.100600 0.036102 -0.426543 0.000000
1214 B 0.959103 0.985964 0.122846 0.014739 -0.313691 0.000000
1215 J 0.938937 0.999960 0.095542 0.033679 0.614157 0.000000
1216 B 0.999955 0.965989 0.492340 0.045416 -0.235483 0.000000
1217 B 0.981120 0.964148 0.080846 0.017929 -0.432299 0.000000
1218 B 0.964422 0.965312 0.107282 0.039335 -0.340269 0.000000
1219 E 0.999733 0.984947 0.078007 0.001214 2.185660 0.000000
1220 B 0.978712 0.960149 0.127383 0.039227 -0.408590 0.000000
1221 G 0.952369 0.983333 0.097253 0.017732 1.657651 0.000000
1222 B 0.982334 0.962453 0.087437 0.043450 -0.431685 0.000000
1223 B 0.966943 0.984729 0.628718 0.017089 0.015688 0.000000
1224 B 0.999354 0.999435 0.066262 0.044408 -0.490008 0.000000
1225 F 0.933306 0.995599 0.081109 0.032013 4.246273 0.000000
1226 B 0.982740 0.993455 0.071809 0.016257 -0.454361 0.000000
1227 B 0.963725 0.988140 0.115321 0.012797 -0.348176 0.000000
1228 I 0.981042 0.993812 0.104473 0.016999 3.517340 0.000000
1229 B 0.981520 0.999933 0.073506 0.000558 -0.453465 0.000000
1230 B 0.951562 0.995850 0.098692 0.016211 -0.266023 0.000000
1231 A 0.982777 0.984475 0.132297 0.028911 0.675322 0.000000
1232 B 0.964546 0.984196 0.074627 0.034148 -0.357203 0.000000
1233 B 0.999427 0.411966 0.070611 0.002251 -0.199659 0.000000
1234 B 0.982440 0.998477 0.104022 0.030936 -0.448763 0.000000
1235 B 0.890879 0.996805 0.140121 0.001180 0.444285 0.000000
1236 B 0.999879 0.999104 0.068692 0.036870 -0.491080 0.000000
1237 B 0.930209 0.978210 0.083600 0.042675 -0.053155 0.000000
1238 B 0.999911 0.969118 0.098286 0.049126 -0.469060 0.000000
1239 B 0.951971 0.974162 0.119717 0.046360 -0.250161 0.000000
1240 B 0.965987 0.977441 0.113310 0.037429 -0.355092 0.000000
1241 C 0.981840 0.978425 0.095270 0.044380 3.486938 0.000000
1242 B 0.963503 0.995963 0.129924 0.027334 -0.345896 0.000000
1243 B 0.946380 0.996992 0.099749 0.000196 -0.222700 0.000000
1244 H 0.981502 0.969344 0.120987 0.044510 3.955711 0.000000
1245 B 0.916598 0.968994 0.089096 0.048346 0.110150 0.000000
1246 B 0.999608 0.996931 0.146633 0.029177 -0.474055 0.000000
1247 B 0.729637 0.998517 0.138414 0.022338 2.787209 0.000000
1248 J 0.999014 0.999345 0.134352 0.028037 -0.053823 0.000000
1249 B 0.965357 0.980562 0.142661 0.015942 -0.347530 0.000000
1250 B 0.828028 0.997037 0.108911 0.016783 1.402877 0.000000
