1 A 0.168370 0.043524 0.923222 0.503207 1.927712 0.000000
2 A 0.174431 0.648561 0.996148 0.491969 2.647966 0.000000
3 A 0.176475 0.323518 0.589152 0.265316 1.779540 0.000000
4 A 0.228847 0.380843 0.145589 0.534430 2.127291 0.000000
5 A 0.275968 0.454989 0.574258 0.729621 3.087885 0.000000
6 A 0.292961 0.810402 0.408773 0.106538 2.358184 0.000000
7 A 0.343144 0.700775 0.666361 0.335711 2.467308 0.000000
8 A 0.404823 0.579756 0.355088 0.657822 1.969319 0.000000
9 A 0.416881 0.298887 0.793421 0.390275 2.266943 0.000000
10 A 0.427928 0.300381 0.087618 0.505719 1.542598 0.000000
11 A 0.656232 0.449422 0.509748 0.426138 1.117593 0.000000
12 A 0.798562 0.790908 0.358919 0.358595 2.461025 0.000000
13 A 0.996642 0.113095 0.953714 0.558037 2.501896 0.000000
14 B 0.083899 0.285953 0.077828 0.719437 1.065630 0.000000
15 B 0.094342 0.072168 0.872691 0.053700 1.146457 0.000000
16 B 0.162828 0.125560 0.230804 0.376889 1.052866 0.000000
17 B 0.166576 0.440190 0.736544 0.904671 2.339625 0.000000
18 B 0.204845 0.264589 0.111975 0.661575 1.698711 0.000000
19 B 0.213151 0.059336 0.033757 0.801586 2.119964 0.000000
20 B 0.251356 0.291415 0.869273 0.539854 2.589728 0.000000
21 B 0.317315 0.471410 0.971846 0.711699 3.596095 0.000000
22 B 0.325010 0.793588 0.289135 0.897411 3.009241 0.000000
23 B 0.339457 0.430363 0.543642 0.273880 2.504360 0.000000
24 B 0.373102 0.407730 0.976610 0.861115 4.462232 0.000000
25 B 0.387562 0.281650 0.054405 0.095207 2.620650 0.000000
26 B 0.433531 0.494108 0.949128 0.371162 4.072001 0.000000
27 B 0.542022 0.878991 0.372954 0.785578 4.545691 0.000000
28 B 0.545590 0.633819 0.105776 0.789868 4.562494 0.000000
29 B 0.631460 0.102530 0.223837 0.287768 4.111974 0.000000
30 B 0.671725 0.434634 0.321772 0.161329 3.709904 0.000000
31 B 0.674586 0.171565 0.535938 0.016483 3.955986 0.000000
32 B 0.732308 0.884521 0.124568 0.090816 2.826081 0.000000
33 B 0.745333 0.801262 0.477765 0.326562 3.113284 0.000000
34 B 0.749344 0.504378 0.909685 0.582390 4.192785 0.000000
35 B 0.759280 0.039320 0.040887 0.991168 4.256325 0.000000
36 B 0.859446 0.371132 0.449639 0.681891 2.173988 0.000000
37 B 0.873175 0.572742 0.668800 0.996116 2.722429 0.000000
38 B 0.884921 0.185225 0.061822 0.822281 1.952893 0.000000
39 B 0.901483 0.912868 0.046827 0.908823 1.526246 0.000000
40 B 0.944246 0.190402 0.094462 0.959571 1.504251 0.000000
41 B 0.955875 0.993017 0.694639 0.923557 1.407158 0.000000
42 B 0.969950 0.143649 0.833876 0.812013 1.731212 0.000000
43 C 0.032392 0.852000 0.900779 0.754294 4.084813 0.000000
44 C 0.069493 0.166847 0.829195 0.508492 3.411242 0.000000
45 C 0.125010 0.023194 0.743756 0.270803 2.920069 0.000000
46 C 0.128243 0.951312 0.369529 0.353163 3.298712 0.000000
47 C 0.191440 0.158936 0.504677 0.612266 2.748162 0.000000
48 C 0.263541 0.240472 0.983868 0.919339 2.939765 0.000000
49 C 0.315009 0.417943 0.402439 0.751580 2.114235 0.000000
50 C 0.355910 0.693334 0.435762 0.712964 2.039933 0.000000
51 C 0.391217 0.919372 0.058316 0.086510 1.689367 0.000000
52 C 0.423750 0.092656 0.365826 0.038732 1.173082 0.000000
53 C 0.452412 0.769279 0.386043 0.210394 1.510230 0.000000
54 C 0.475239 0.527165 0.029843 0.008260 1.275906 0.000000
55 C 0.476844 0.070659 0.649510 0.070798 1.091879 0.000000
56 C 0.529613 0.180993 0.559674 0.144151 1.188434 0.000000
57 C 0.535315 0.233964 0.298609 0.176895 1.194322 0.000000
58 C 0.570257 0.599771 0.122697 0.652289 1.475780 0.000000
59 C 0.613734 0.922816 0.817684 0.255443 1.914932 0.000000
60 C 0.761191 0.625664 0.187129 0.386855 2.455481 0.000000
61 C 0.795903 0.555712 0.863712 0.119609 2.665599 0.000000
62 C 0.808738 0.643545 0.415866 0.455887 2.872103 0.000000
63 C 0.822019 0.851514 0.750805 0.196500 3.010514 0.000000
64 C 0.830981 0.208017 0.496716 0.103016 2.642323 0.000000
65 C 0.838712 0.940075 0.706508 0.153150 3.107214 0.000000
66 C 0.922559 0.343153 0.491814 0.307032 3.206519 0.000000
67 C 0.940570 0.006907 0.755736 0.437712 3.265337 0.000000
68 C 0.974101 0.757965 0.553041 0.257815 3.508353 0.000000
69 C 0.994576 0.489203 0.050038 0.469873 3.267533 0.000000
70 D 0.009982 0.725103 0.319767 0.244110 0.605133 0.000000
71 D 0.020295 0.390927 0.012724 0.725390 0.993215 0.000000
72 D 0.025766 0.136125 0.463771 0.015392 1.313327 0.000000
73 D 0.038018 0.910986 0.469426 0.551922 0.701490 0.000000
74 D 0.063779 0.647639 0.136957 0.733220 0.829996 0.000000
75 D 0.115519 0.480210 0.568734 0.563718 1.152173 0.000000
76 D 0.143200 0.255972 0.620493 0.345284 1.267788 0.000000
77 D 0.147555 0.473932 0.809798 0.629747 1.445523 0.000000
78 D 0.181042 0.496025 0.300880 0.892237 1.374056 0.000000
79 D 0.267941 0.161470 0.444692 0.289005 1.316619 0.000000
80 D 0.269432 0.263128 0.907017 0.361848 1.704863 0.000000
81 D 0.284943 0.375307 0.881987 0.067905 1.568108 0.000000
82 D 0.347220 0.873260 0.191444 0.674517 0.892990 0.000000
83 D 0.360561 0.295723 0.645097 0.139327 1.660044 0.000000
84 D 0.367384 0.844763 0.613004 0.741846 1.503378 0.000000
85 D 0.394057 0.804676 0.703564 0.995467 2.272380 0.000000
86 D 0.480161 0.231352 0.735586 0.279670 1.883731 0.000000
87 D 0.538157 0.346079 0.341051 0.433923 1.194508 0.000000
88 D 0.567403 0.082935 0.397587 0.640339 1.525291 0.000000
89 D 0.573350 0.656579 0.268252 0.883742 1.213271 0.000000
90 D 0.581835 0.777227 0.219520 0.769533 0.756422 0.000000
91 D 0.775599 0.239478 0.791777 0.241069 0.996003 0.000000
92 D 0.778659 0.308331 0.867113 0.827448 1.570305 0.000000
93 D 0.815680 0.973368 0.362856 0.149339 0.076680 0.000000
94 D 0.882925 0.868527 0.781387 0.692241 1.522550 0.000000
95 D 0.907675 0.133030 0.658968 0.218669 2.037338 0.000000
96 D 0.926407 0.485007 0.805887 0.300461 2.002629 0.000000
97 D 0.936785 0.588000 0.116837 0.928993 2.061809 0.000000
98 D 0.985042 0.173090 0.258062 0.553045 2.226622 0.000000
99 E 0.090363 0.509853 0.859895 0.571323 3.537732 0.000000
100 E 0.103840 0.463358 0.879488 0.409520 3.372125 0.000000
101 E 0.187547 0.219001 0.851369 0.845967 3.600056 0.000000
102 E 0.224373 0.078799 0.112616 0.705754 2.699454 0.000000
103 E 0.277887 0.121698 0.546004 0.417460 2.691672 0.000000
104 E 0.300222 0.630881 0.635196 0.698985 3.392442 0.000000
105 E 0.306075 0.206179 0.606594 0.572715 2.935462 0.000000
106 E 0.334421 0.963004 0.351294 0.458512 3.182161 0.000000
107 E 0.350970 0.614159 0.724850 0.966415 3.750279 0.000000
108 E 0.398422 0.066895 0.617443 0.201124 2.507454 0.000000
109 E 0.411616 0.422885 0.165581 0.587337 2.694564 0.000000
110 E 0.442674 0.744061 0.420547 0.649361 3.168833 0.000000
111 E 0.446662 0.717962 0.245788 0.934734 3.311118 0.000000
112 E 0.592384 0.638435 0.643543 0.461725 3.042298 0.000000
113 E 0.597919 0.225397 0.392874 0.866468 2.891620 0.000000
114 E 0.618273 0.317871 0.473828 0.721774 2.851413 0.000000
115 E 0.662289 0.542989 0.251456 0.134046 2.236348 0.000000
116 E 0.696797 0.945675 0.102122 0.936234 3.342750 0.000000
117 E 0.709592 0.335826 0.239892 0.129019 2.041667 0.000000
118 E 0.730008 0.212248 0.039938 0.577998 2.357201 0.000000
119 E 0.742499 0.119726 0.945135 0.889314 3.521175 0.000000
120 E 0.755203 0.736653 0.994459 0.110940 3.248229 0.000000
121 E 0.770836 0.888096 0.382756 0.234513 2.665418 0.000000
122 E 0.791779 0.970644 0.202483 0.445588 2.836925 0.000000
123 E 0.849411 0.514068 0.198102 0.610457 2.523444 0.000000
124 E 0.865345 0.841949 0.890180 0.383503 3.337349 0.000000
125 E 0.979522 0.685552 0.004307 0.159372 2.064909 0.000000
126 F 0.050661 0.457339 0.603955 0.977613 4.361775 0.000000
127 F 0.055018 0.091590 0.344586 0.115394 3.993982 0.000000
128 F 0.085531 0.814735 0.912123 0.915326 4.427607 0.000000
129 F 0.106562 0.329333 0.517121 0.544123 4.116914 0.000000
130 F 0.133250 0.544077 0.234748 0.478967 3.840893 0.000000
131 F 0.157871 0.927290 0.730829 0.594129 3.971537 0.000000
132 F 0.202808 0.246983 0.495664 0.669175 4.210850 0.000000
133 F 0.235075 0.938148 0.175844 0.494603 3.622688 0.000000
134 F 0.259782 0.666219 0.765638 0.484603 4.045059 0.000000
135 F 0.309414 0.400753 0.756623 0.604968 4.271687 0.000000
136 F 0.413771 0.954900 0.974395 0.081603 3.647422 0.000000
137 F 0.449336 0.150160 0.778151 0.617506 4.468137 0.000000
138 F 0.459980 0.620284 0.436068 0.664324 4.048263 0.000000
139 F 0.460568 0.933234 0.169216 0.969392 3.766478 0.000000
140 F 0.500140 0.520931 0.009652 0.940771 3.843743 0.000000
141 F 0.513716 0.653814 0.963557 0.125287 3.899294 0.000000
142 F 0.627247 0.535704 0.176234 0.761705 4.089752 0.000000
143 F 0.641619 0.365722 0.927105 0.746422 4.751587 0.000000
144 F 0.653757 0.899275 0.690396 0.590394 4.217226 0.000000
145 F 0.679761 0.611528 0.678183 0.237091 4.152457 0.000000
146 F 0.693737 0.339319 0.824759 0.225994 4.335821 0.000000
147 F 0.713057 0.024579 0.917412 0.182878 4.505736 0.000000
148 F 0.725791 0.979823 0.284045 0.338347 3.977699 0.000000
149 F 0.827211 0.556341 0.416004 0.475408 4.473728 0.000000
150 F 0.861467 0.782616 0.158633 0.414628 4.291686 0.000000
151 F 0.931853 0.199311 0.206273 0.876348 4.820250 0.000000
152 F 0.988563 0.761570 0.514234 0.403879 4.649721 0.000000
153 G 0.040517 0.153636 0.855709 0.829853 4.390507 0.000000
154 G 0.059782 0.580315 0.942616 0.776162 4.178591 0.000000
155 G 0.072714 0.032658 0.152468 0.774156 3.670608 0.000000
156 G 0.119633 0.752158 0.520301 0.869181 3.910740 0.000000
157 G 0.150247 0.200587 0.549579 0.816501 4.124690 0.000000
158 G 0.192524 0.014769 0.822078 0.885196 4.661037 0.000000
159 G 0.283362 0.834200 0.023013 0.231844 2.780091 0.000000
160 G 0.291521 0.377927 0.636809 0.808841 4.136677 0.000000
161 G 0.383955 0.437722 0.082640 0.972718 3.884837 0.000000
162 G 0.400940 0.409334 0.722761 0.963967 4.496481 0.000000
163 G 0.466833 0.305494 0.502235 0.926637 4.137477 0.000000
164 G 0.468179 0.838505 0.333284 0.781346 3.381207 0.000000
165 G 0.498909 0.880324 0.214715 0.249789 2.727694 0.000000
166 G 0.506838 0.105652 0.775670 0.623255 3.887975 0.000000
167 G 0.519193 0.830805 0.577721 0.195118 3.069419 0.000000
168 G 0.603309 0.324910 0.142698 0.292597 2.726454 0.000000
169 G 0.637148 0.797609 0.563562 0.946632 3.655652 0.000000
170 G 0.690196 0.818101 0.192487 0.213197 2.309758 0.000000
171 G 0.717899 0.085804 0.263087 0.833100 3.249664 0.000000
172 G 0.721928 0.866695 0.313688 0.644661 2.590111 0.000000
173 G 0.787288 0.731618 0.161306 0.141221 2.094552 0.000000
174 G 0.801241 0.009167 0.467089 0.738541 3.132877 0.000000
175 G 0.833461 0.248202 0.305858 0.638191 2.647400 0.000000
176 G 0.845247 0.536149 0.531416 0.170122 2.453137 0.000000
177 G 0.871444 0.740297 0.885354 0.398331 2.720838 0.000000
178 G 0.892161 0.930039 0.803538 0.322492 2.485119 0.000000
179 G 0.917529 0.711898 0.486876 0.805928 2.737085 0.000000
180 G 0.934352 0.465680 0.267427 0.480876 2.212013 0.000000
181 G 0.960374 0.414287 0.663540 0.030718 2.503387 0.000000
182 H 0.001212 0.445776 0.026184 0.296658 4.322723 0.000000
183 H 0.013577 0.600613 0.713504 0.261725 4.973431 0.000000
184 H 0.029012 0.678731 0.931537 0.429575 5.356770 0.000000
185 H 0.079423 0.980998 0.959291 0.903453 5.845564 0.000000
186 H 0.096058 0.278158 0.674291 0.766685 5.435084 0.000000
187 H 0.199611 0.764827 0.581674 0.858579 5.406589 0.000000
188 H 0.219158 0.097483 0.328238 0.190694 4.514221 0.000000
189 H 0.247468 0.696627 0.097678 0.873828 4.933493 0.000000
190 H 0.298745 0.054750 0.135888 0.351618 4.483900 0.000000
191 H 0.358009 0.128971 0.938460 0.513622 5.441900 0.000000
192 H 0.370444 0.194723 0.611250 0.531151 5.126496 0.000000
193 H 0.510476 0.271685 0.770554 0.525006 5.264980 0.000000
194 H 0.521470 0.398662 0.845870 0.632934 5.432964 0.000000
195 H 0.559467 0.519155 0.225527 0.395566 4.557049 0.000000
196 H 0.591168 0.605593 0.584919 0.025767 4.531746 0.000000
197 H 0.606126 0.587041 0.425496 0.330662 4.677699 0.000000
198 H 0.634340 0.394674 0.002462 0.853645 4.800903 0.000000
199 H 0.646939 0.735617 0.784464 0.164806 4.844334 0.000000
200 H 0.664914 0.257239 0.273064 0.406269 4.641619 0.000000
201 H 0.686649 0.592028 0.292121 0.627289 4.829773 0.000000
202 H 0.737189 0.348757 0.815801 0.047167 4.806277 0.000000
203 H 0.765444 0.386978 0.682575 0.464578 5.081838 0.000000
204 H 0.782639 0.359220 0.088403 0.308502 4.334914 0.000000
205 H 0.816363 0.823211 0.241348 0.678206 4.771370 0.000000
206 H 0.877209 0.063892 0.710219 0.685646 5.383507 0.000000
207 H 0.889519 0.275636 0.129189 0.367783 4.442909 0.000000
208 H 0.980207 0.550217 0.698498 0.174456 4.754033 0.000000
209 I 0.019379 0.720391 0.376731 0.423173 3.678382 0.000000
210 I 0.067502 0.003560 0.840455 0.315584 3.265093 0.000000
211 I 0.108668 0.713024 0.991526 0.043520 3.550913 0.000000
212 I 0.139405 0.045748 0.934883 0.795042 3.744009 0.000000
213 I 0.155148 0.618393 0.965790 0.204064 3.577625 0.000000
214 I 0.208297 0.674325 0.565226 0.319558 3.630819 0.000000
215 I 0.220476 0.959844 0.283861 0.341028 4.012747 0.000000
216 I 0.237569 0.859538 0.428716 0.075730 3.764569 0.000000
217 I 0.242933 0.570858 0.595126 0.980048 3.901963 0.000000
218 I 0.323011 0.967320 0.075388 0.020921 3.920434 0.000000
219 I 0.379592 0.564100 0.406889 0.700222 3.575773 0.000000
220 I 0.428583 0.029851 0.325460 0.056476 2.979910 0.000000
221 I 0.437067 0.313355 0.456981 0.096453 3.100523 0.000000
222 I 0.487244 0.706082 0.685125 0.061513 3.482858 0.000000
223 I 0.527834 0.529914 0.065080 0.543947 3.242679 0.000000
224 I 0.548117 0.563212 0.761059 0.600910 3.692200 0.000000
225 I 0.560121 0.998435 0.148201 0.280795 3.950621 0.000000
226 I 0.577859 0.424948 0.182751 0.688375 3.209903 0.000000
227 I 0.587259 0.691013 0.628240 0.078718 3.425687 0.000000
228 I 0.649669 0.145158 0.017759 0.050675 2.884868 0.000000
229 I 0.680765 0.680759 0.338519 0.375478 3.432792 0.000000
230 I 0.702099 0.016445 0.524722 0.120538 2.890473 0.000000
231 I 0.707914 0.826721 0.480053 0.185175 3.594978 0.000000
232 I 0.898113 0.178368 0.624793 0.001015 2.670238 0.000000
233 I 0.908381 0.751270 0.598348 0.220065 3.321304 0.000000
234 I 0.951999 0.905144 0.453238 0.954010 3.820281 0.000000
235 I 0.957371 0.503701 0.443354 0.523734 3.047170 0.000000
236 I 0.967002 0.478344 0.208983 0.985420 2.982630 0.000000
237 J 0.005414 0.901241 0.311260 0.032639 0.895966 0.000000
238 J 0.047224 0.050259 0.896653 0.796214 1.271362 0.000000
239 J 0.123605 0.984933 0.985864 0.951906 1.968656 0.000000
240 J 0.254677 0.991009 0.071222 0.757578 1.142467 0.000000
241 J 0.328287 0.772256 0.838182 0.005467 0.967576 0.000000
242 J 0.490895 0.352318 0.747619 0.496217 1.042934 0.000000
243 J 0.494115 0.894648 0.797097 0.843125 1.685703 0.000000
244 J 0.555543 0.222881 0.279288 0.565231 0.444428 0.000000
245 J 0.611700 0.111146 0.389422 0.851661 0.562023 0.000000
246 J 0.621356 0.860515 0.892796 0.442113 0.489782 0.000000
247 J 0.804367 0.360881 0.717470 0.448328 0.125651 0.000000
248 J 0.842565 0.660307 0.255025 0.597468 0.521770 0.000000
249 J 0.852666 0.671462 0.536520 0.517316 0.683019 0.000000
250 J 0.914732 0.785051 0.652216 0.838525 1.569916 0.000000
251 J 0.027814 0.070988 0.224348 0.728295 0.834887 0.000000
252 J 0.005311 0.083264 0.224103 0.559206 0.695510 0.000000
253 J 0.007419 0.081942 0.222199 0.714393 0.870638 0.000000
254 J 0.007080 0.077123 0.253973 0.724807 0.905164 0.000000
255 J 0.000422 0.095268 0.227740 0.723285 0.960431 0.000000
256 J 0.011085 0.076481 0.222773 0.716513 0.853687 0.000000
257 J 0.027600 0.102253 0.224909 0.723975 0.847772 0.000000
258 J 0.013149 0.112680 0.230228 0.710087 0.862748 0.000000
259 J 0.001463 0.079436 0.225796 0.720281 0.927147 0.000000
260 J 0.002890 0.102903 0.228915 0.714438 0.918941 0.000000
261 J 0.000016 0.100275 0.220833 0.714903 0.962860 0.000000
262 J 0.005647 0.106004 0.223041 0.723619 0.910608 0.000000
263 J 0.002491 0.112089 0.219523 0.719586 0.930575 0.000000
264 J 0.033802 0.108361 0.247459 0.708565 0.841186 0.000000
265 J 0.030763 0.077658 0.249586 0.741180 0.874808 0.000000
266 J 0.029279 0.083214 0.249753 0.740366 0.877047 0.000000
267 J 0.027109 0.072238 0.252584 0.707622 0.821479 0.000000
268 J 0.037560 0.074353 0.250576 0.743845 0.881528 0.000000
269 J 0.031651 0.070611 0.254574 0.743521 0.877524 0.000000
270 J 0.035586 0.065279 0.250434 0.738857 0.865914 0.000000
271 J 0.038397 0.067811 0.252390 0.745373 0.882109 0.000000
272 J 0.034088 0.052491 0.252088 0.761339 0.896019 0.000000
273 J 0.035611 0.071950 0.278117 0.743101 0.893550 0.000000
274 J 0.046580 0.065747 0.250075 0.737810 0.880373 0.000000
275 J 0.057333 0.119126 0.265415 0.699413 0.888410 0.000000
276 J 0.028356 0.046652 0.244759 0.740820 0.852468 0.000000
277 J 0.029195 0.042505 0.197816 0.570534 0.597998 0.000000
278 A 0.064423 0.038466 0.205224 0.563407 0.532262 0.000000
279 A 0.062043 0.034242 0.198628 0.560143 0.518173 0.000000
280 A 0.063707 0.039469 0.197460 0.540339 0.498081 0.000000
281 A 0.063918 0.033897 0.202100 0.547801 0.510427 0.000000
282 A 0.063576 0.039747 0.190706 0.555594 0.507888 0.000000
283 A 0.073613 0.035632 0.197446 0.556708 0.535998 0.000000
284 A 0.067890 0.044822 0.206174 0.558767 0.535335 0.000000
285 A 0.064166 0.025863 0.194090 0.561482 0.516937 0.000000
286 A 0.076312 0.028128 0.195620 0.565364 0.549610 0.000000
287 A 0.072516 0.034315 0.189519 0.562069 0.530899 0.000000
288 A 0.072646 0.035293 0.197156 0.563243 0.540410 0.000000
289 A 0.080639 0.031758 0.190266 0.564005 0.557709 0.000000
290 A 0.084169 0.029914 0.192180 0.564566 0.572755 0.000000
291 A 0.082027 0.037115 0.190960 0.560473 0.561172 0.000000
292 A 0.072824 0.029711 0.188342 0.560972 0.528240 0.000000
293 A 0.079885 0.029060 0.187494 0.563644 0.551108 0.000000
294 A 0.084958 0.017309 0.187317 0.567143 0.569543 0.000000
295 A 0.079153 0.028401 0.186791 0.570894 0.555989 0.000000
296 A 0.080472 0.026443 0.190042 0.577313 0.570465 0.000000
297 A 0.087317 0.000318 0.181119 0.551780 0.549519 0.000000
298 A 0.092080 0.000577 0.172693 0.543659 0.552601 0.000000
299 A 0.096076 0.003893 0.173650 0.544436 0.574975 0.000000
300 A 0.081008 0.001935 0.171828 0.548533 0.514413 0.000000
301 A 0.106504 0.002526 0.164582 0.554830 0.635267 0.000000
302 A 0.072713 0.032757 0.170991 0.535107 0.482941 0.000000
303 A 0.066139 0.034272 0.172138 0.537737 0.473129 0.000000
304 A 0.064407 0.029612 0.154154 0.533624 0.447310 0.000000
305 A 0.057296 0.019363 0.159284 0.534893 0.446157 0.000000
306 A 0.061824 0.006065 0.160583 0.535053 0.449825 0.000000
307 A 0.067749 0.043006 0.149744 0.593307 0.518078 0.000000
308 A 0.060745 0.043055 0.150744 0.530947 0.437820 0.000000
309 A 0.055434 0.046192 0.144233 0.504736 0.399996 0.000000
310 A 0.062977 0.049058 0.141527 0.508953 0.409390 0.000000
311 A 0.059489 0.050014 0.136635 0.509142 0.400322 0.000000
312 A 0.056845 0.042194 0.125367 0.519557 0.396918 0.000000
313 A 0.056344 0.047578 0.152910 0.512662 0.417328 0.000000
314 A 0.062676 0.050423 0.121649 0.505380 0.385620 0.000000
315 A 0.055307 0.052653 0.134248 0.507515 0.393061 0.000000
316 A 0.058020 0.047795 0.115717 0.508109 0.376754 0.000000
317 A 0.049184 0.052780 0.122947 0.506887 0.380068 0.000000
318 A 0.053531 0.054448 0.112318 0.502414 0.365236 0.000000
319 A 0.052743 0.054413 0.115738 0.502179 0.368177 0.000000
320 A 0.049565 0.047632 0.117948 0.500109 0.368259 0.000000
321 A 0.048668 0.055176 0.116314 0.505417 0.372018 0.000000
322 A 0.053350 0.056036 0.117347 0.499863 0.367694 0.000000
323 A 0.049219 0.055457 0.117547 0.498789 0.366469 0.000000
324 A 0.055801 0.055300 0.113954 0.509362 0.375091 0.000000
325 A 0.049550 0.058111 0.099080 0.496882 0.346020 0.000000
326 A 0.052083 0.045616 0.114399 0.505309 0.369756 0.000000
327 A 0.046919 0.056952 0.109396 0.508434 0.368730 0.000000
328 A 0.049181 0.057266 0.111632 0.502514 0.364262 0.000000
329 A 0.048662 0.057556 0.115337 0.498446 0.363994 0.000000
330 A 0.048435 0.061871 0.114168 0.498605 0.362949 0.000000
331 A 0.049139 0.058637 0.112067 0.503023 0.365196 0.000000
332 A 0.044076 0.058445 0.115092 0.500150 0.367789 0.000000
333 A 0.045678 0.058834 0.114192 0.495419 0.361029 0.000000
334 A 0.042415 0.057419 0.111262 0.491684 0.357171 0.000000
335 A 0.046349 0.060122 0.110395 0.488142 0.349645 0.000000
336 A 0.047689 0.063838 0.110424 0.487354 0.348254 0.000000
337 A 0.046348 0.061801 0.107296 0.483206 0.341680 0.000000
338 A 0.043154 0.063597 0.105973 0.484040 0.343204 0.000000
339 A 0.042052 0.065119 0.104747 0.487990 0.346715 0.000000
340 A 0.046918 0.063627 0.104342 0.482229 0.337467 0.000000
341 A 0.034270 0.088854 0.098369 0.483511 0.343663 0.000000
342 A 0.041450 0.082938 0.098006 0.480410 0.331731 0.000000
343 A 0.041674 0.091330 0.087367 0.472803 0.313065 0.000000
344 A 0.036726 0.091029 0.095868 0.457864 0.312932 0.000000
345 A 0.024921 0.091849 0.096681 0.477268 0.356707 0.000000
346 A 0.025840 0.090122 0.094847 0.470971 0.346754 0.000000
347 A 0.029965 0.092943 0.088215 0.469291 0.327690 0.000000
348 A 0.023530 0.130537 0.087704 0.465970 0.331546 0.000000
349 A 0.026102 0.139677 0.088742 0.463068 0.321824 0.000000
350 A 0.024325 0.135408 0.089124 0.457753 0.322288 0.000000
351 A 0.020531 0.142980 0.087250 0.459913 0.330640 0.000000
352 A 0.018024 0.136556 0.082692 0.461351 0.336697 0.000000
353 A 0.032232 0.139436 0.083998 0.474959 0.317304 0.000000
354 A 0.020330 0.145553 0.083936 0.467572 0.334353 0.000000
355 A 0.024930 0.135485 0.055591 0.458786 0.288230 0.000000
356 A 0.022572 0.137769 0.049957 0.459718 0.288846 0.000000
357 A 0.021981 0.146542 0.047072 0.455831 0.281917 0.000000
358 A 0.015731 0.138216 0.054562 0.449360 0.304824 0.000000
359 A 0.019443 0.141395 0.045471 0.450464 0.283829 0.000000
360 A 0.016331 0.139024 0.053423 0.456079 0.307462 0.000000
361 A 0.018637 0.147823 0.049472 0.442327 0.281280 0.000000
362 A 0.016954 0.159315 0.051124 0.451304 0.292990 0.000000
363 A 0.020185 0.157603 0.051088 0.451016 0.283746 0.000000
364 A 0.015678 0.162925 0.042175 0.451594 0.287321 0.000000
365 A 0.014796 0.159235 0.045804 0.453336 0.296498 0.000000
366 A 0.017008 0.165090 0.048106 0.449759 0.286853 0.000000
367 A 0.015385 0.166447 0.046168 0.448529 0.288497 0.000000
368 A 0.017887 0.161408 0.051454 0.446009 0.285184 0.000000
369 A 0.017430 0.167286 0.041183 0.442963 0.272021 0.000000
370 A 0.015751 0.163806 0.048963 0.441334 0.284464 0.000000
371 A 0.002510 0.163963 0.043980 0.444115 0.334754 0.000000
372 A 0.015731 0.170763 0.053997 0.433808 0.281030 0.000000
373 B 0.000362 0.176361 0.054011 0.434588 0.359398 0.000000
374 A 0.017502 0.163689 0.040354 0.422977 0.254612 0.000000
375 A 0.015886 0.164077 0.037288 0.418354 0.252527 0.000000
376 A 0.015121 0.164034 0.037568 0.417843 0.254858 0.000000
377 A 0.000244 0.163678 0.036316 0.426735 0.323204 0.000000
378 A 0.015342 0.175632 0.057666 0.418027 0.271130 0.000000
379 A 0.014244 0.192547 0.056744 0.413990 0.265617 0.000000
380 A 0.014748 0.178637 0.052625 0.419059 0.267981 0.000000
381 A 0.000276 0.187544 0.056396 0.416948 0.324492 0.000000
382 A 0.015491 0.169214 0.025244 0.437873 0.257007 0.000000
383 A 0.013219 0.172849 0.010494 0.392668 0.211126 0.000000
384 A 0.013634 0.183059 0.027496 0.389960 0.221626 0.000000
385 A 0.017493 0.192730 0.024987 0.390494 0.205602 0.000000
386 A 0.013699 0.196727 0.021304 0.406855 0.224861 0.000000
387 A 0.012548 0.189259 0.022619 0.385199 0.214820 0.000000
388 A 0.005117 0.201213 0.021049 0.403896 0.251579 0.000000
389 A 0.001992 0.195623 0.020673 0.397809 0.261872 0.000000
390 A 0.003269 0.212875 0.003311 0.388883 0.225309 0.000000
391 A 0.004952 0.201549 0.016913 0.387771 0.235230 0.000000
392 A 0.008239 0.200207 0.001628 0.382805 0.203735 0.000000
393 A 0.004166 0.198341 0.003603 0.390812 0.228736 0.000000
394 A 0.000028 0.206165 0.001657 0.384182 0.236916 0.000000
395 D 0.001267 0.208188 0.001897 0.383174 0.849560 0.000000
396 A 0.000071 0.196816 0.022367 0.390893 0.266489 0.000000
397 A 0.002056 0.193605 0.020341 0.391038 0.256716 0.000000
398 A 0.002324 0.195341 0.019988 0.397453 0.259524 0.000000
399 A 0.002384 0.227987 0.016918 0.395364 0.242124 0.000000
400 B 0.001055 0.223491 0.020284 0.398074 0.283007 0.000000
401 A 0.000155 0.200927 0.000102 0.367386 0.224299 0.000000
402 A 0.001701 0.199450 0.001013 0.363601 0.215950 0.000000
403 A 0.017419 0.199938 0.003048 0.363335 0.161708 0.000000
404 A 0.002477 0.211194 0.002408 0.362457 0.208534 0.000000
405 A 0.000486 0.233524 0.005310 0.358858 0.208914 0.000000
406 A 0.000639 0.239269 0.001057 0.357646 0.200979 0.000000
407 D 0.000809 0.242052 0.003711 0.360330 0.808187 0.000000
408 A 0.004324 0.220914 0.002739 0.363865 0.198713 0.000000
409 A 0.002142 0.228490 0.005374 0.373194 0.214361 0.000000
410 A 0.003248 0.221110 0.000401 0.364331 0.200983 0.000000
411 A 0.003153 0.224754 0.001186 0.370271 0.205205 0.000000
412 A 0.811578 0.236280 0.001241 0.362307 1.935741 0.000000
413 A 0.000383 0.220444 0.001076 0.347408 0.202093 0.000000
414 A 0.002289 0.219124 0.001764 0.344584 0.193068 0.000000
415 A 0.000641 0.223621 0.000614 0.348867 0.200271 0.000000
416 A 0.001706 0.218357 0.000650 0.340271 0.191780 0.000000
417 A 0.026636 0.259025 0.002000 0.360792 0.134486 0.000000
418 A 0.001070 0.246277 0.000467 0.340237 0.183879 0.000000
419 D 0.030153 0.249686 0.003476 0.344196 0.776651 0.000000
420 A 0.029380 0.259726 0.001266 0.335151 0.114251 0.000000
421 A 0.029878 0.261730 0.000158 0.337413 0.114417 0.000000
422 A 0.032820 0.259855 0.001647 0.332851 0.112440 0.000000
423 A 0.031650 0.254617 0.000245 0.332389 0.110852 0.000000
424 C 0.032835 0.289111 0.000862 0.333427 3.123637 0.000000
425 A 0.031870 0.268633 0.020760 0.345309 0.139998 0.000000
426 B 0.035477 0.255210 0.021801 0.346211 0.288892 0.000000
427 A 0.033168 0.275344 0.022172 0.317824 0.123429 0.000000
428 A 0.032712 0.268591 0.023502 0.315518 0.123105 0.000000
429 A 0.036693 0.286283 0.024259 0.312602 0.124638 0.000000
430 A 0.033641 0.272028 0.026240 0.319452 0.128582 0.000000
431 A 0.029876 0.265432 0.019162 0.318778 0.121094 0.000000
432 A 0.032545 0.278141 0.030387 0.305124 0.123648 0.000000
433 A 0.031723 0.274457 0.027662 0.310559 0.124121 0.000000
434 A 0.034879 0.277213 0.028257 0.307668 0.123856 0.000000
435 D 0.037824 0.281496 0.018550 0.310069 0.741976 0.000000
436 A 0.034216 0.266021 0.030295 0.324525 0.135915 0.000000
437 A 0.102801 0.271998 0.030221 0.290118 0.422238 0.000000
438 A 0.035650 0.294529 0.028806 0.320670 0.134043 0.000000
439 A 0.041517 0.298465 0.030908 0.323173 0.145090 0.000000
440 A 0.037545 0.305014 0.035213 0.317347 0.141050 0.000000
441 A 0.034636 0.299878 0.031713 0.315652 0.133351 0.000000
442 A 0.037116 0.301321 0.032241 0.319572 0.138667 0.000000
443 A 0.038349 0.306961 0.030903 0.316614 0.137453 0.000000
444 A 0.103330 0.312411 0.070341 0.310256 0.508672 0.000000
445 A 0.038644 0.292528 0.033078 0.282504 0.118009 0.000000
446 C 0.084422 0.298969 0.033513 0.276585 3.021339 0.000000
447 A 0.082626 0.293522 0.032418 0.319502 0.308982 0.000000
448 A 0.041188 0.265314 0.070217 0.293034 0.161368 0.000000
449 A 0.094800 0.272960 0.073126 0.297478 0.407711 0.000000
450 D 0.039634 0.323947 0.031889 0.319343 0.713856 0.000000
451 A 0.070787 0.301775 0.033819 0.275518 0.219995 0.000000
452 A 0.040114 0.266565 0.028872 0.261496 0.101474 0.000000
453 A 0.068814 0.285562 0.026003 0.307727 0.214046 0.000000
454 A 0.037961 0.266295 0.030981 0.255653 0.098603 0.000000
455 B 0.035206 0.264082 0.064193 0.262508 0.194146 0.000000
456 A 0.094240 0.277807 0.038042 0.260102 0.350813 0.000000
457 A 0.118872 0.337187 0.030594 0.294166 0.622405 0.000000
458 A 0.036665 0.315816 0.032038 0.323903 0.142166 0.000000
459 A 0.073919 0.264100 0.071656 0.279405 0.258968 0.000000
460 A 0.036659 0.289318 0.065312 0.313402 0.166390 0.000000
461 A 0.068365 0.262497 0.029338 0.244573 0.170989 0.000000
462 A 0.052977 0.304843 0.027789 0.327631 0.172889 0.000000
463 D 0.038242 0.283526 0.029972 0.300012 0.748158 0.000000
464 A 0.062290 0.326023 0.069342 0.284639 0.230153 0.000000
465 A 0.039831 0.256819 0.030764 0.305385 0.127141 0.000000
466 A 0.087611 0.256698 0.067452 0.301489 0.344027 0.000000
467 A 0.038450 0.273638 0.025313 0.266659 0.099633 0.000000
468 A 0.061443 0.256034 0.038466 0.265015 0.160291 0.000000
469 A 0.046917 0.280785 0.062799 0.281169 0.158569 0.000000
470 A 0.075282 0.284410 0.026116 0.330299 0.261255 0.000000
471 A 0.802038 0.250548 0.024585 0.253144 1.832700 0.000000
472 A 0.041885 0.317841 0.044261 0.299945 0.147520 0.000000
473 A 0.097239 0.289971 0.022641 0.321459 0.402110 0.000000
474 A 0.060819 0.268690 0.063937 0.272792 0.191735 0.000000
475 C 0.036910 0.251077 0.037909 0.301272 3.110188 0.000000
476 A 0.035575 0.335568 0.023214 0.329196 0.137583 0.000000
477 A 0.058091 0.343386 0.023611 0.331289 0.201782 0.000000
478 A 0.033891 0.314664 0.048584 0.235738 0.106580 0.000000
479 D 0.082903 0.274430 0.061227 0.237865 0.722996 0.000000
480 A 0.059594 0.313146 0.045649 0.258588 0.176206 0.000000
481 B 0.031927 0.247737 0.019756 0.292785 0.219987 0.000000
482 A 0.829211 0.287179 0.042027 0.280354 2.046384 0.000000
483 A 0.115289 0.271224 0.067665 0.214296 0.529299 0.000000
484 A 0.035376 0.298290 0.020682 0.301329 0.113934 0.000000
485 A 0.070145 0.253022 0.021029 0.236601 0.163115 0.000000
486 A 0.035045 0.293680 0.049075 0.268787 0.123225 0.000000
487 A 0.055418 0.296888 0.048739 0.263055 0.161230 0.000000
488 A 0.051449 0.362925 0.065945 0.280336 0.194198 0.000000
489 A 0.031384 0.325550 0.015391 0.304118 0.109240 0.000000
490 A 0.081200 0.324394 0.048556 0.251164 0.294533 0.000000
491 D 0.034039 0.293538 0.022830 0.288851 0.732049 0.000000
492 A 0.061738 0.325394 0.048232 0.302249 0.216713 0.000000
493 A 0.035454 0.282157 0.019904 0.270538 0.094597 0.000000
494 A 0.095524 0.274216 0.017590 0.236832 0.326011 0.000000
495 A 0.051689 0.348298 0.067235 0.271396 0.186916 0.000000
496 A 0.075912 0.241065 0.051987 0.266306 0.231925 0.000000
497 A 0.033591 0.315069 0.016878 0.219954 0.067478 0.000000
498 A 0.049463 0.315065 0.019452 0.212873 0.094912 0.000000
499 A 0.055741 0.320136 0.019436 0.214271 0.116819 0.000000
500 C 0.783764 0.366187 0.017426 0.213213 2.397368 0.000000
501 A 0.067718 0.335299 0.015781 0.226402 0.176768 0.000000
502 A 0.050331 0.313973 0.047262 0.240182 0.137256 0.000000
503 A 0.101857 0.315853 0.018332 0.195030 0.388544 0.000000
504 A 0.080470 0.337254 0.015362 0.153481 0.224480 0.000000
505 D 0.053961 0.286987 0.073352 0.205596 0.753105 0.000000
506 B 0.029267 0.312448 0.041669 0.225336 0.115787 0.000000
507 B 0.027401 0.311314 0.041175 0.233988 0.118531 0.000000
508 B 0.029145 0.317251 0.061176 0.218594 0.109336 0.000000
509 D 0.029258 0.329178 0.059109 0.178694 0.718478 0.000000
510 A 0.057006 0.308151 0.047656 0.219273 0.147942 0.000000
511 E 0.064520 0.352519 0.074128 0.222873 2.343420 0.000000
512 B 0.028850 0.309886 0.043551 0.191672 0.089130 0.000000
513 B 0.027535 0.312105 0.042509 0.181108 0.076567 0.000000
514 B 0.029390 0.325291 0.068634 0.197555 0.090207 0.000000
515 B 0.056298 0.380734 0.069090 0.164118 0.126281 0.000000
516 B 0.027187 0.344257 0.079072 0.196281 0.075009 0.000000
517 B 0.025504 0.349788 0.060247 0.200430 0.068069 0.000000
518 B 0.026182 0.340838 0.075596 0.189667 0.068431 0.000000
519 B 0.074813 0.354231 0.076039 0.183085 0.224548 0.000000
520 B 0.172624 0.379792 0.081011 0.197068 0.754511 0.000000
521 B 0.024459 0.338974 0.071716 0.146802 0.035965 0.000000
522 B 0.053730 0.341595 0.080726 0.142797 0.125661 0.000000
523 B 0.024585 0.361731 0.080586 0.186934 0.052335 0.000000
524 B 0.024818 0.364974 0.064467 0.164643 0.033818 0.000000
525 B 0.026181 0.365092 0.074490 0.170599 0.042829 0.000000
526 B 0.023211 0.396212 0.072461 0.165703 0.015565 0.000000
527 B 0.024311 0.392381 0.079440 0.162570 0.019549 0.000000
528 B 0.027174 0.373761 0.084986 0.160176 0.036251 0.000000
529 B 0.023448 0.380539 0.084520 0.161643 0.023351 0.000000
530 B 0.018741 0.395571 0.087695 0.148652 -0.004056 0.000000
531 B 0.020456 0.405112 0.086800 0.161764 0.003478 0.000000
532 B 0.027061 0.405317 0.086488 0.130667 0.003606 0.000000
533 B 0.021514 0.403792 0.094902 0.136606 -0.006251 0.000000
534 B 0.026803 0.405369 0.088538 0.133006 0.004423 0.000000
535 B 0.019816 0.411863 0.090477 0.128431 -0.019880 0.000000
536 B 0.020354 0.404018 0.090957 0.123987 -0.016657 0.000000
537 B 0.016670 0.410435 0.092648 0.122682 -0.029778 0.000000
538 B 0.019088 0.406641 0.094880 0.112372 -0.025989 0.000000
539 B 0.020580 0.409818 0.086073 0.122212 -0.020682 0.000000
540 B 0.022403 0.405827 0.096114 0.106137 -0.019219 0.000000
541 B 0.017111 0.413865 0.097655 0.113054 -0.033889 0.000000
542 B 0.021876 0.406510 0.097685 0.107904 -0.019929 0.000000
543 B 0.020160 0.410722 0.092099 0.121381 -0.021573 0.000000
544 B 0.018525 0.416733 0.095345 0.104526 -0.035781 0.000000
545 B 0.020520 0.409276 0.093427 0.101546 -0.028383 0.000000
546 B 0.015421 0.414070 0.135068 0.110857 -0.030557 0.000000
547 B 0.016195 0.418796 0.130025 0.107339 -0.033815 0.000000
548 B 0.018182 0.429747 0.103360 0.105059 -0.041366 0.000000
549 B 0.013418 0.430654 0.130808 0.106762 -0.046750 0.000000
550 B 0.016038 0.436254 0.098879 0.104892 -0.051099 0.000000
551 B 0.014665 0.434253 0.131774 0.101780 -0.047246 0.000000
552 B 0.000525 0.433571 0.134112 0.102423 -0.078917 0.000000
553 B 0.000294 0.439102 0.135520 0.102020 -0.081961 0.000000
554 B 0.000638 0.437190 0.138328 0.097104 -0.081437 0.000000
555 B 0.003417 0.436810 0.133755 0.102774 -0.074170 0.000000
556 B 0.000475 0.437254 0.136389 0.106328 -0.078636 0.000000
557 B 0.003510 0.438935 0.134695 0.105295 -0.073736 0.000000
558 B 0.004094 0.442342 0.137914 0.100989 -0.075018 0.000000
559 B 0.003498 0.439451 0.139530 0.097357 -0.075879 0.000000
560 B 0.003423 0.439332 0.136871 0.100258 -0.075587 0.000000
561 B 0.002672 0.441898 0.136146 0.097590 -0.079772 0.000000
562 B 0.001776 0.439054 0.147716 0.085676 -0.081361 0.000000
563 B 0.005117 0.444687 0.134391 0.090117 -0.078964 0.000000
564 B 0.001365 0.442297 0.137288 0.085585 -0.086880 0.000000
565 B 0.003544 0.443829 0.132753 0.087529 -0.083415 0.000000
566 B 0.002812 0.447787 0.139839 0.083625 -0.086409 0.000000
567 B 0.001350 0.447405 0.136765 0.084179 -0.090082 0.000000
568 B 0.006238 0.446146 0.140665 0.087270 -0.076417 0.000000
569 B 0.003574 0.445630 0.138904 0.084775 -0.083519 0.000000
570 B 0.002573 0.444060 0.138493 0.080856 -0.086352 0.000000
571 B 0.006414 0.445312 0.143010 0.085065 -0.075686 0.000000
572 B 0.002896 0.447005 0.143619 0.076000 -0.087180 0.000000
573 B 0.003601 0.449978 0.153479 0.078213 -0.083496 0.000000
574 B 0.000331 0.459046 0.147652 0.075998 -0.097608 0.000000
575 B 0.001165 0.456878 0.155889 0.067606 -0.094625 0.000000
576 B 0.000742 0.456928 0.155731 0.072963 -0.094114 0.000000
577 B 0.001766 0.460408 0.150507 0.070978 -0.095804 0.000000
578 B 0.000342 0.461369 0.158620 0.074000 -0.095984 0.000000
579 B 0.006185 0.463466 0.157053 0.068376 -0.086164 0.000000
580 B 0.000149 0.464553 0.153737 0.070739 -0.100453 0.000000
581 B 0.005094 0.466200 0.163700 0.074539 -0.086131 0.000000
582 B 0.000714 0.472347 0.161420 0.066362 -0.101909 0.000000
583 B 0.002861 0.478566 0.160990 0.064892 -0.100861 0.000000
584 B 0.015902 0.470390 0.161114 0.062014 -0.066540 0.000000
585 B 0.000910 0.492588 0.162162 0.071242 -0.110031 0.000000
586 B 0.000544 0.491418 0.159724 0.068730 -0.111718 0.000000
587 B 0.000390 0.491271 0.165145 0.067319 -0.110598 0.000000
588 B 0.003595 0.494967 0.163245 0.068335 -0.105791 0.000000
589 B 0.002858 0.490201 0.163664 0.066007 -0.105527 0.000000
590 B 0.000481 0.494215 0.165040 0.039951 -0.117763 0.000000
591 B 0.001129 0.492448 0.165801 0.045364 -0.114309 0.000000
592 B 0.001829 0.493880 0.167478 0.045116 -0.112988 0.000000
593 B 0.000519 0.504699 0.169662 0.042972 -0.120877 0.000000
594 B 0.000149 0.494314 0.171369 0.036954 -0.116854 0.000000
595 B 0.001920 0.493300 0.167684 0.036347 -0.113859 0.000000
596 B 0.000110 0.492072 0.162304 0.042636 -0.117938 0.000000
597 B 0.002691 0.494939 0.174498 0.038488 -0.110336 0.000000
598 B 0.001566 0.494717 0.172651 0.039524 -0.113166 0.000000
599 B 0.006143 0.493599 0.176183 0.038479 -0.101322 0.000000
600 B 0.001781 0.496138 0.175246 0.035682 -0.113082 0.000000
601 B 0.001535 0.494302 0.176688 0.036631 -0.112055 0.000000
602 B 0.003064 0.498465 0.173331 0.035724 -0.112090 0.000000
603 B 0.000499 0.496736 0.170865 0.036031 -0.117624 0.000000
604 B 0.003597 0.494293 0.172906 0.029946 -0.109727 0.000000
605 B 0.000183 0.498724 0.176930 0.033350 -0.117557 0.000000
606 B 0.000425 0.495935 0.175856 0.028459 -0.116626 0.000000
607 B 0.000450 0.497527 0.177035 0.033860 -0.116280 0.000000
608 B 0.000142 0.496354 0.181033 0.034184 -0.114878 0.000000
609 B 0.001709 0.502649 0.184299 0.032816 -0.113633 0.000000
610 B 0.020202 0.511575 0.184318 0.019992 -0.074849 0.000000
611 B 0.018405 0.502294 0.212934 0.000319 -0.064357 0.000000
612 B 0.001509 0.525502 0.179318 0.039617 -0.126322 0.000000
613 B 0.000365 0.529589 0.179667 0.038215 -0.130928 0.000000
614 B 0.019596 0.527115 0.180439 0.035656 -0.083893 0.000000
615 B 0.000624 0.513032 0.181217 0.024955 -0.123207 0.000000
616 B 0.000575 0.541492 0.209065 0.027318 -0.126426 0.000000
617 B 0.000318 0.539063 0.180648 0.022744 -0.137296 0.000000
618 B 0.019580 0.542144 0.207815 0.015336 -0.082892 0.000000
619 B 0.020987 0.517762 0.182637 0.042674 -0.073637 0.000000
620 B 0.000680 0.526571 0.211522 0.019786 -0.118416 0.000000
621 B 0.018525 0.525284 0.204982 0.011802 -0.078583 0.000000
622 B 0.044238 0.551227 0.207036 0.024067 -0.014307 0.000000
623 B 0.020493 0.516022 0.183683 0.048037 -0.072726 0.000000
624 B 0.020809 0.533601 0.207101 0.004506 -0.076092 0.000000
625 B 0.001031 0.514908 0.177239 0.045970 -0.121717 0.000000
626 B 0.000632 0.567793 0.181650 0.029683 -0.149897 0.000000
627 B 0.023091 0.561043 0.184935 0.026001 -0.091052 0.000000
628 B 0.042945 0.517083 0.203971 0.047975 0.000735 0.000000
629 B 0.000324 0.542986 0.182317 0.023761 -0.138545 0.000000
630 B 0.021268 0.578639 0.217975 0.017686 -0.092179 0.000000
631 B 0.043055 0.534559 0.203297 0.000770 -0.012517 0.000000
632 B 0.020986 0.546900 0.185826 0.043130 -0.086954 0.000000
633 B 0.000368 0.513072 0.182722 0.023457 -0.123374 0.000000
634 B 0.000118 0.517327 0.230248 0.018330 -0.106839 0.000000
635 B 0.042691 0.560573 0.190751 0.041118 -0.028269 0.000000
636 B 0.022779 0.536138 0.207492 0.017941 -0.071303 0.000000
637 B 0.000555 0.512178 0.184746 0.048965 -0.118092 0.000000
638 B 0.042209 0.516548 0.193957 0.023585 -0.008846 0.000000
639 B 0.021372 0.547448 0.180569 0.002939 -0.091822 0.000000
640 B 0.022035 0.574673 0.221557 0.050298 -0.082136 0.000000
641 B 0.045840 0.509733 0.191115 0.027246 0.005710 0.000000
642 B 0.000365 0.531319 0.177472 0.048504 -0.130796 0.000000
643 B 0.021431 0.528782 0.212571 0.000528 -0.069768 0.000000
644 B 0.000226 0.546537 0.230146 0.049688 -0.116999 0.000000
645 B 0.043603 0.554924 0.230059 0.047519 -0.004813 0.000000
646 B 0.021060 0.586717 0.195664 0.019133 -0.105898 0.000000
647 B 0.025652 0.530919 0.233044 0.052851 -0.044601 0.000000
648 B 0.021322 0.511183 0.199635 0.024107 -0.065431 0.000000
649 B 0.000001 0.542798 0.212326 0.049011 -0.123630 0.000000
650 B 0.041288 0.569569 0.214465 0.047836 -0.026476 0.000000
651 B 0.020430 0.539741 0.235530 0.015839 -0.067126 0.000000
652 B 0.000789 0.549600 0.208229 0.000610 -0.131860 0.000000
653 B 0.043315 0.601582 0.213697 0.000855 -0.040849 0.000000
654 B 0.022931 0.552182 0.203752 0.050848 -0.075928 0.000000
655 B 0.000800 0.526339 0.232439 0.019777 -0.108756 0.000000
656 B 0.001109 0.572235 0.184389 0.049490 -0.146955 0.000000
657 B 0.021767 0.557516 0.191265 0.054064 -0.086000 0.000000
658 B 0.000606 0.587527 0.215636 0.022679 -0.147051 0.000000
659 B 0.041609 0.590869 0.214926 0.014709 -0.040041 0.000000
660 B 0.000324 0.568437 0.232645 0.003606 -0.131487 0.000000
661 B 0.000176 0.576413 0.268170 0.002805 -0.118014 0.000000
662 B 0.022726 0.612292 0.242974 0.001566 -0.094179 0.000000
663 B 0.047866 0.574133 0.269385 0.015530 0.015324 0.000000
664 B 0.022446 0.574857 0.235879 0.053725 -0.073857 0.000000
665 B 0.000065 0.598783 0.218911 0.000135 -0.153443 0.000000
666 B 0.039112 0.586963 0.271414 0.006538 -0.018883 0.000000
667 B 0.000015 0.606931 0.239434 0.000724 -0.148218 0.000000
668 B 0.022289 0.579166 0.223585 0.008970 -0.087688 0.000000
669 B 0.047260 0.620192 0.292953 0.000421 0.003028 0.000000
670 B 0.000007 0.629002 0.245117 0.022777 -0.155480 0.000000
671 B 0.023733 0.645814 0.262121 0.000117 -0.098529 0.000000
672 B 0.022377 0.631614 0.242031 0.020713 -0.104389 0.000000
673 B 0.043749 0.608759 0.248238 0.023575 -0.025956 0.000000
674 B 0.021278 0.597429 0.216762 0.053552 -0.096973 0.000000
675 B 0.021629 0.559310 0.212287 0.019869 -0.083833 0.000000
676 B 0.044701 0.599414 0.286625 0.020504 0.002092 0.000000
677 B 0.000416 0.621630 0.235368 0.003813 -0.156610 0.000000
678 B 0.020704 0.567950 0.262741 0.000138 -0.067447 0.000000
679 B 0.041612 0.637627 0.248189 0.021395 -0.047524 0.000000
680 B 0.000596 0.622746 0.233344 0.001311 -0.157757 0.000000
681 B 0.018914 0.639608 0.232646 0.000797 -0.122902 0.000000
682 C 0.021471 0.619761 0.236131 0.013791 3.304050 0.000000
683 B 0.047697 0.620600 0.272216 0.010201 -0.007216 0.000000
684 B 0.022360 0.657772 0.233112 0.017621 -0.121989 0.000000
685 B 0.037520 0.663006 0.230515 0.056319 -0.076149 0.000000
686 B 0.054050 0.643339 0.244972 0.003055 -0.010938 0.000000
687 B 0.020842 0.650862 0.219792 0.027949 -0.127696 0.000000
688 B 0.052252 0.666106 0.219083 0.025931 -0.039325 0.000000
689 B 0.024415 0.660163 0.245033 0.000816 -0.112496 0.000000
690 E 0.034018 0.626919 0.217174 0.026194 2.404259 0.000000
691 B 0.024404 0.645211 0.303273 0.000288 -0.073118 0.000000
692 B 0.052668 0.605291 0.229999 0.026439 -0.002512 0.000000
693 B 0.021127 0.629928 0.201347 0.052000 -0.120398 0.000000
694 B 0.060108 0.690597 0.262295 0.057769 0.002781 0.000000
695 B 0.038344 0.638706 0.202874 0.056297 -0.073421 0.000000
696 B 0.019998 0.600319 0.236221 0.030300 -0.096899 0.000000
697 B 0.043132 0.626103 0.203618 0.053385 -0.052220 0.000000
698 F 0.022131 0.679079 0.218924 0.026258 3.666210 0.000000
699 B 0.019472 0.587308 0.253864 0.022364 -0.083967 0.000000
700 B 0.059471 0.647476 0.202209 0.002405 -0.012574 0.000000
701 B 0.038485 0.611973 0.284965 0.053240 -0.020237 0.000000
702 B 0.019587 0.560302 0.230256 0.000160 -0.082591 0.000000
703 B 0.036663 0.588018 0.195976 0.035960 -0.059778 0.000000
704 B 0.020761 0.542225 0.220520 0.030495 -0.072977 0.000000
705 B 0.058797 0.626615 0.245853 0.054744 0.020910 0.000000
706 B 0.025430 0.652938 0.200007 0.000172 -0.126113 0.000000
707 B 0.036464 0.654485 0.235344 0.017742 -0.078599 0.000000
708 B 0.036306 0.565872 0.205152 0.001371 -0.048701 0.000000
709 C 0.000413 0.676874 0.262517 0.000288 3.338509 0.000000
710 B 0.020640 0.597502 0.220995 0.024332 -0.101402 0.000000
711 B 0.000261 0.545663 0.198969 0.032856 -0.132639 0.000000
712 B 0.058644 0.546377 0.199037 0.022954 0.034709 0.000000
713 B 0.000062 0.579853 0.238894 0.020349 -0.134009 0.000000
714 B 0.019894 0.577393 0.275789 0.000646 -0.067285 0.000000
715 B 0.000037 0.609523 0.248516 0.022448 -0.144027 0.000000
716 B 0.019076 0.604756 0.260711 0.032593 -0.089082 0.000000
717 E 0.000054 0.592130 0.245901 0.017985 2.379015 0.000000
718 B 0.018664 0.562049 0.220152 0.035239 -0.087951 0.000000
719 B 0.000311 0.614912 0.291241 0.018014 -0.123434 0.000000
720 B 0.000784 0.612097 0.311040 0.035859 -0.107164 0.000000
721 B 0.000340 0.568202 0.280740 0.059846 -0.099521 0.000000
722 B 0.039542 0.544463 0.252104 0.021193 -0.005575 0.000000
723 B 0.000605 0.587465 0.199474 0.041435 -0.151329 0.000000
724 B 0.021769 0.580277 0.212934 0.058609 -0.087597 0.000000
725 F 0.000062 0.611726 0.250932 0.040763 3.704366 0.000000
726 B 0.038783 0.595576 0.299777 0.017103 -0.007519 0.000000
727 B 0.021754 0.588679 0.202025 0.061246 -0.095733 0.000000
728 B 0.020189 0.559727 0.231576 0.039184 -0.077038 0.000000
729 B 0.042904 0.619072 0.277064 0.000524 -0.019831 0.000000
730 B 0.018183 0.579848 0.215043 0.019342 -0.102059 0.000000
731 B 0.038577 0.540852 0.197857 0.040376 -0.028849 0.000000
732 B 0.017065 0.604793 0.242583 0.058458 -0.098740 0.000000
733 B 0.060808 0.563245 0.261434 0.017681 0.062562 0.000000
734 B 0.000134 0.585911 0.220582 0.038525 -0.143160 0.000000
735 B 0.000574 0.625491 0.222770 0.043123 -0.160287 0.000000
736 B 0.000255 0.636976 0.221632 0.055785 -0.164720 0.000000
737 C 0.038166 0.634351 0.234913 0.061435 3.302992 0.000000
738 B 0.000081 0.655713 0.225013 0.042141 -0.175617 0.000000
739 B 0.020044 0.634428 0.252414 0.063335 -0.099747 0.000000
740 B 0.019283 0.589703 0.220385 0.056120 -0.096249 0.000000
741 B 0.016703 0.622055 0.226173 0.040696 -0.119503 0.000000
742 G 0.041530 0.601084 0.242743 0.040947 2.983386 0.000000
743 B 0.018968 0.576149 0.264109 0.069828 -0.065675 0.000000
744 B 0.018720 0.670089 0.222773 0.036781 -0.140442 0.000000
745 E 0.052929 0.692887 0.236556 0.032496 2.479159 0.000000
746 B 0.033967 0.672134 0.220061 0.066670 -0.093725 0.000000
747 B 0.341198 0.653393 0.260601 0.037261 2.040066 0.000000
748 B 0.000734 0.627908 0.219478 0.018611 -0.165630 0.000000
749 B 0.065052 0.702934 0.236272 0.016533 -0.003861 0.000000
750 B 0.037756 0.634138 0.252170 0.053007 -0.051253 0.000000
751 B 0.000346 0.669178 0.222323 0.016212 -0.186010 0.000000
752 B 0.000189 0.680973 0.268047 0.000162 -0.170347 0.000000
753 B 0.018915 0.725473 0.279744 0.002691 -0.141687 0.000000
754 F 0.051544 0.689440 0.281401 0.018730 3.660562 0.000000
755 B 0.034582 0.741133 0.269338 0.001550 -0.111120 0.000000
756 B 0.017841 0.728022 0.313910 0.001505 -0.125480 0.000000
757 B 0.018684 0.703752 0.280272 0.017697 -0.130522 0.000000
758 B 0.000659 0.673456 0.264325 0.000365 -0.167561 0.000000
759 H 0.000524 0.686946 0.304808 0.017524 4.322253 0.000000
760 B 0.037673 0.664870 0.280987 0.000055 -0.057124 0.000000
761 B 0.020028 0.677605 0.261861 0.000032 -0.124528 0.000000
762 B 0.057767 0.719055 0.255544 0.019743 -0.029414 0.000000
763 B 0.000095 0.665677 0.295802 0.031867 -0.145220 0.000000
764 B 0.036997 0.706212 0.287531 0.036144 -0.073552 0.000000
765 B 0.018351 0.667771 0.294577 0.033437 -0.103566 0.000000
766 B 0.021074 0.652950 0.321324 0.060806 -0.067364 0.000000
767 C 0.050825 0.670911 0.277740 0.041189 3.296338 0.000000
768 B 0.019546 0.636784 0.343595 0.023465 -0.054800 0.000000
769 B 0.000685 0.714997 0.257918 0.073055 -0.180976 0.000000
770 B 0.038102 0.714389 0.271747 0.077649 -0.073635 0.000000
771 G 0.070563 0.692509 0.302503 0.065398 3.025071 0.000000
772 B 0.018780 0.673524 0.255040 0.054625 -0.123331 0.000000
773 B 0.037071 0.732303 0.263995 0.017510 -0.101348 0.000000
774 E 0.000544 0.650677 0.244393 0.046751 2.459514 0.000000
775 B 0.018295 0.624231 0.324142 0.018864 -0.065172 0.000000
776 B 0.051215 0.709791 0.294050 0.073896 -0.016757 0.000000
777 B 0.000099 0.691362 0.253289 0.037308 -0.180644 0.000000
778 B 0.033269 0.687691 0.266493 0.048649 -0.085145 0.000000
779 B 0.018807 0.715613 0.284858 0.078053 -0.122017 0.000000
780 B 0.000137 0.692743 0.252365 0.000322 -0.184504 0.000000
781 B 0.069480 0.744264 0.260381 0.036514 0.006806 0.000000
782 B 0.000218 0.754555 0.250477 0.017573 -0.215569 0.000000
783 B 0.035517 0.785777 0.299114 0.000913 -0.113685 0.000000
784 F 0.411295 0.750692 0.269260 0.000738 3.669152 0.000000
785 B 0.000416 0.698861 0.248683 0.053687 -0.183054 0.000000
786 B 0.019514 0.695846 0.247472 0.058247 -0.135558 0.000000
787 B 0.000414 0.715659 0.269629 0.058152 -0.179605 0.000000
788 B 0.037598 0.756728 0.253150 0.083286 -0.104328 0.000000
789 H 0.001078 0.704960 0.244030 0.066124 4.309987 0.000000
790 B 0.000380 0.679441 0.277276 0.056896 -0.157674 0.000000
791 B 0.020008 0.683327 0.354598 0.081623 -0.056992 0.000000
792 B 0.019563 0.715508 0.321716 0.070922 -0.099740 0.000000
793 B 0.000142 0.687406 0.293264 0.053748 -0.153738 0.000000
794 B 0.048646 0.696760 0.335726 0.057269 0.002861 0.000000
795 C 0.035177 0.732577 0.311263 0.055970 3.359383 0.000000
796 B 0.020537 0.676012 0.295117 0.073520 -0.093078 0.000000
797 B 0.053722 0.660218 0.289194 0.049033 0.007868 0.000000
798 B 0.020431 0.692012 0.273299 0.080522 -0.111615 0.000000
799 B 0.034483 0.759705 0.305146 0.049503 -0.095246 0.000000
800 G 0.000878 0.655410 0.286614 0.085857 2.960420 0.000000
801 B 0.017781 0.719894 0.270883 0.036503 -0.144073 0.000000
802 B 0.036759 0.702291 0.259510 0.063234 -0.082285 0.000000
803 I 0.280651 0.773209 0.276053 0.037977 3.597283 0.000000
804 B 0.018836 0.686454 0.246141 0.018355 -0.139395 0.000000
805 B 0.062323 0.666241 0.304759 0.055884 0.046872 0.000000
806 E 0.000409 0.641089 0.263866 0.034549 2.448469 0.000000
807 B 0.000559 0.728039 0.283042 0.020171 -0.184009 0.000000
808 B 0.000065 0.747019 0.238541 0.014084 -0.218184 0.000000
809 B 0.000432 0.739229 0.246135 0.000363 -0.210219 0.000000
810 B 0.036778 0.804479 0.273777 0.014256 -0.133286 0.000000
811 B 0.019103 0.741631 0.245883 0.012686 -0.166764 0.000000
812 B 0.052492 0.754068 0.257762 0.001159 -0.065369 0.000000
813 B 0.021273 0.736540 0.283217 0.020449 -0.138209 0.000000
814 F 0.000143 0.781951 0.248851 0.001070 3.609291 0.000000
815 B 0.035563 0.729617 0.267688 0.016851 -0.102712 0.000000
816 B 0.017556 0.771522 0.328239 0.037858 -0.135903 0.000000
817 B 0.020870 0.743353 0.236746 0.000584 -0.167690 0.000000
818 B 0.069461 0.747751 0.238336 0.014264 -0.008264 0.000000
819 H 0.053221 0.765324 0.258882 0.000259 4.250159 0.000000
820 B 0.036815 0.733697 0.240098 0.019090 -0.114764 0.000000
821 B 0.035400 0.729961 0.279975 0.019139 -0.096483 0.000000
822 B 0.075570 0.712076 0.292062 0.001580 0.062318 0.000000
823 B 0.022947 0.748956 0.253447 0.044469 -0.152764 0.000000
824 B 0.055438 0.798956 0.265328 0.059484 -0.066380 0.000000
825 B 0.053241 0.751199 0.313215 0.035522 -0.027125 0.000000
826 D 0.030927 0.769168 0.250508 0.018525 0.462765 0.000000
827 I 0.021207 0.716737 0.277336 0.051593 3.528016 0.000000
828 B 0.075879 0.744383 0.234908 0.000396 0.017318 0.000000
829 C 0.045827 0.708238 0.258494 0.081447 3.334003 0.000000
830 B 0.018907 0.731073 0.290232 0.019974 -0.137745 0.000000
831 B 0.033008 0.761202 0.238800 0.039795 -0.138233 0.000000
832 B 0.018897 0.791612 0.261955 0.065572 -0.175873 0.000000
833 B 0.145576 0.702983 0.274820 0.080021 0.425410 0.000000
834 B 0.019396 0.795813 0.304427 0.069049 -0.151679 0.000000
835 G 0.053107 0.718532 0.239330 0.019670 2.932315 0.000000
836 B 0.019477 0.691154 0.270593 0.000929 -0.128103 0.000000
837 B 0.037365 0.775904 0.235476 0.062310 -0.129349 0.000000
838 E 0.000451 0.818707 0.258034 0.031127 2.610701 0.000000
839 B 0.000196 0.682201 0.292885 0.089718 -0.140978 0.000000
840 B 0.020668 0.737418 0.231097 0.016999 -0.167324 0.000000
841 B 0.069510 0.742453 0.259316 0.055866 0.010844 0.000000
842 B 0.051316 0.784040 0.234133 0.031499 -0.094089 0.000000
843 B 0.082813 0.720587 0.287897 0.065624 0.094786 0.000000
844 B 0.037897 0.762236 0.274066 0.043628 -0.105150 0.000000
845 B 0.035280 0.704363 0.323858 0.023643 -0.057166 0.000000
846 F 0.021025 0.734219 0.250578 0.082805 3.653640 0.000000
847 B 0.055430 0.697074 0.377315 0.049433 0.054316 0.000000
848 B 0.020259 0.806686 0.233399 0.020594 -0.201704 0.000000
849 B 0.069478 0.791581 0.222773 0.018691 -0.036998 0.000000
850 H 0.054931 0.835959 0.240795 0.018666 4.249335 0.000000
851 B 0.037501 0.813221 0.229619 0.001124 -0.158060 0.000000
852 B 0.074299 0.823045 0.227076 0.015742 -0.031623 0.000000
853 B 0.049003 0.811577 0.226490 0.001766 -0.121291 0.000000
854 B 0.095253 0.810764 0.260920 0.035499 0.084641 0.000000
855 B 0.038526 0.853142 0.230050 0.000218 -0.174633 0.000000
856 B 0.088593 0.787350 0.224045 0.015998 0.046044 0.000000
857 D 0.056131 0.828776 0.252620 0.001365 0.379401 0.000000
858 B 0.070519 0.859722 0.237949 0.000712 -0.060646 0.000000
859 I 0.050781 0.862202 0.272588 0.036124 3.753173 0.000000
860 C 0.036515 0.843968 0.224666 0.033306 3.403262 0.000000
861 B 0.068664 0.764122 0.258371 0.018894 -0.009334 0.000000
862 B 0.035682 0.808015 0.241223 0.037568 -0.152763 0.000000
863 B 0.177831 0.774602 0.271793 0.019218 0.584464 0.000000
864 B 0.121718 0.847468 0.222596 0.049912 0.183125 0.000000
865 B 0.041760 0.749132 0.250667 0.068621 -0.093085 0.000000
866 B 0.034169 0.796374 0.227883 0.001420 -0.160601 0.000000
867 G 0.081924 0.793750 0.218485 0.002759 2.900376 0.000000
868 E 0.065381 0.804380 0.228715 0.017836 2.566980 0.000000
869 B 0.057798 0.828822 0.242137 0.013762 -0.091258 0.000000
870 B 0.101589 0.783424 0.215846 0.018534 0.105053 0.000000
871 B 0.046765 0.761140 0.251294 0.002782 -0.091759 0.000000
872 B 0.037393 0.873061 0.230002 0.000555 -0.188137 0.000000
873 B 0.082670 0.872269 0.216138 0.000735 -0.026433 0.000000
874 B 0.088159 0.828847 0.256904 0.033068 0.040832 0.000000
875 B 0.061828 0.899119 0.231319 0.033726 -0.114759 0.000000
876 B 0.071504 0.848789 0.212151 0.000901 -0.062856 0.000000
877 F 0.051450 0.738738 0.248087 0.032157 3.638620 0.000000
878 B 0.037324 0.921490 0.266731 0.024761 -0.193097 0.000000
879 B 0.038476 0.933656 0.269269 0.045495 -0.191330 0.000000
880 B 0.092599 0.930696 0.304505 0.047256 0.038994 0.000000
881 H 0.056047 0.904322 0.285340 0.029868 4.304032 0.000000
882 B 0.073934 0.922180 0.274800 0.023053 -0.058163 0.000000
883 B 0.216099 0.943272 0.309422 0.054961 0.809102 0.000000
884 B 0.302201 0.971546 0.276176 0.022335 1.516848 0.000000
885 B 0.064842 0.885323 0.270299 0.064104 -0.070965 0.000000
886 B 0.046186 0.918002 0.266427 0.039958 -0.161112 0.000000
887 B 0.046161 0.948533 0.290897 0.084800 -0.151682 0.000000
888 D 0.101677 0.913016 0.265353 0.072211 0.252512 0.000000
889 B 0.069683 0.908698 0.293970 0.047068 -0.054226 0.000000
890 I 0.119148 0.929705 0.341659 0.048867 3.880202 0.000000
891 C 0.048483 0.892293 0.258453 0.071747 3.418649 0.000000
892 B 0.034469 0.957294 0.262601 0.035491 -0.220613 0.000000
893 B 0.032702 0.724117 0.319130 0.031611 -0.076950 0.000000
894 B 0.038180 0.964322 0.293773 0.023971 -0.196776 0.000000
895 B 0.090251 0.963851 0.311029 0.023099 0.012346 0.000000
896 B 0.069554 0.987339 0.290919 0.024772 -0.099041 0.000000
897 B 0.063458 0.995585 0.284769 0.020635 -0.130686 0.000000
898 B 0.057900 0.949614 0.299818 0.037758 -0.117553 0.000000
899 G 0.084360 0.958960 0.329823 0.019127 2.931264 0.000000
900 E 0.998031 0.873517 0.266765 0.041375 2.181541 0.000000
901 B 0.038804 0.932232 0.254872 0.000046 -0.201273 0.000000
902 B 0.061622 0.972793 0.282585 0.001863 -0.128287 0.000000
903 B 0.082266 0.917983 0.303407 0.022627 -0.004667 0.000000
904 B 0.047386 0.944342 0.256345 0.000563 -0.178732 0.000000
905 B 0.095231 0.927379 0.270922 0.017009 0.029607 0.000000
906 B 0.055637 0.946317 0.260906 0.001791 -0.148734 0.000000
907 B 0.061137 0.962208 0.286439 0.040043 -0.119414 0.000000
908 B 0.106874 0.939675 0.252903 0.001328 0.069539 0.000000
909 F 0.082207 0.975721 0.313786 0.000844 3.512476 0.000000
910 B 0.046029 0.949550 0.279971 0.032731 -0.171055 0.000000
911 B 0.072708 0.947959 0.349598 0.043473 -0.026608 0.000000
912 H 0.121776 0.931742 0.319325 0.062679 4.356985 0.000000
913 B 0.388470 0.999567 0.289361 0.086856 2.348033 0.000000
914 B 0.048824 0.885560 0.275759 0.054296 -0.128266 0.000000
915 B 0.079521 0.962323 0.294579 0.033571 -0.042591 0.000000
916 B 0.046836 0.938210 0.304534 0.033259 -0.148268 0.000000
917 B 0.065107 0.971737 0.279095 0.062601 -0.108706 0.000000
918 B 0.437047 0.903331 0.259673 0.018072 2.806890 0.000000
919 B 0.040009 0.948200 0.333356 0.035975 -0.156711 0.000000
920 C 0.105863 0.889698 0.260327 0.049447 3.244543 0.000000
921 D 0.044481 0.927750 0.272914 0.019097 0.313596 0.000000
922 B 0.072933 0.979645 0.297047 0.001379 -0.079294 0.000000
923 I 0.040479 0.909007 0.250411 0.067036 3.843048 0.000000
924 B 0.057530 0.937995 0.275329 0.085489 -0.115457 0.000000
925 B 0.036826 0.869841 0.248120 0.000697 -0.179616 0.000000
926 B 0.102247 0.881948 0.249973 0.035807 0.076751 0.000000
927 B 0.077669 0.875752 0.361920 0.022872 0.035915 0.000000
928 B 0.066140 0.924763 0.249581 0.051620 -0.099347 0.000000
929 B 0.085611 0.857764 0.286391 0.000757 0.028925 0.000000
930 G 0.046196 0.957553 0.244998 0.031162 2.811879 0.000000
931 E 0.038478 0.907232 0.315028 0.061122 2.760146 0.000000
932 B 0.056143 0.958311 0.265943 0.019713 -0.149492 0.000000
933 B 0.036509 0.862749 0.244956 0.041687 -0.175132 0.000000
934 B 0.076065 0.861706 0.284079 0.075209 -0.003779 0.000000
935 B 0.059517 0.881483 0.249737 0.082579 -0.094346 0.000000
936 B 0.090147 0.899511 0.266131 0.051481 0.022362 0.000000
937 B 0.038825 0.873014 0.298346 0.089354 -0.131643 0.000000
938 B 0.037247 0.834855 0.246078 0.062520 -0.154032 0.000000
939 B 0.060249 0.853338 0.275907 0.047817 -0.072838 0.000000
940 B 0.034724 0.914551 0.307756 0.037864 -0.172371 0.000000
941 F 0.071664 0.944444 0.311618 0.072393 3.550378 0.000000
942 B 0.096830 0.915189 0.321386 0.064459 0.080791 0.000000
943 B 0.062657 0.892977 0.298523 0.091122 -0.058701 0.000000
944 H 0.048520 0.924011 0.345661 0.046977 4.382752 0.000000
945 B 0.084579 0.913483 0.243482 0.040721 -0.022876 0.000000
946 B 0.037493 0.980736 0.405242 0.070227 -0.120507 0.000000
947 B 0.054342 0.886428 0.284673 0.036816 -0.107733 0.000000
948 B 0.036003 0.846811 0.328411 0.047786 -0.119775 0.000000
949 B 0.073975 0.952974 0.258630 0.031592 -0.081086 0.000000
950 B 0.130815 0.871847 0.294144 0.062508 0.260861 0.000000
951 D 0.035429 0.930814 0.239152 0.092442 0.286506 0.000000
952 B 0.055480 0.913331 0.270504 0.028875 -0.126042 0.000000
953 I 0.246490 0.967918 0.304826 0.048121 3.944046 0.000000
954 B 0.538097 0.894859 0.256335 0.027837 3.488529 0.000000
955 C 0.035314 0.940510 0.282606 0.073330 3.466464 0.000000
956 B 0.068857 0.979754 0.246755 0.051791 -0.117614 0.000000
957 J 0.366623 0.871587 0.236128 0.029373 0.483668 0.000000
958 B 0.034219 0.852307 0.265776 0.017588 -0.169093 0.000000
959 G 0.051739 0.926977 0.284071 0.051471 2.871660 0.000000
960 B 0.109066 0.954447 0.240373 0.020994 0.067827 0.000000
961 B 0.032154 0.904721 0.261669 0.074973 -0.193037 0.000000
962 B 0.029224 0.880022 0.233332 0.095468 -0.196329 0.000000
963 E 0.030585 0.841274 0.216523 0.099338 2.680925 0.000000
964 B 0.027681 0.865807 0.230207 0.074780 -0.202075 0.000000
965 B 0.027362 0.868753 0.205874 0.116416 -0.199293 0.000000
966 B 0.022769 0.895248 0.208705 0.122617 -0.221176 0.000000
967 B 0.031087 0.894614 0.198129 0.108908 -0.207967 0.000000
968 B 0.060046 0.886230 0.209395 0.110255 -0.102715 0.000000
969 B 0.027023 0.869584 0.204822 0.128611 -0.195213 0.000000
970 B 0.027197 0.888631 0.202630 0.138496 -0.199948 0.000000
971 B 0.071481 0.866296 0.196824 0.145779 -0.035913 0.000000
972 F 0.027759 0.886155 0.193869 0.132275 3.582567 0.000000
973 B 0.053172 0.891234 0.200827 0.130587 -0.123862 0.000000
974 B 0.028434 0.901692 0.203429 0.124553 -0.209847 0.000000
975 B 0.754245 0.902543 0.201788 0.129520 2.593886 0.000000
976 B 0.035063 0.897413 0.205128 0.141224 -0.178780 0.000000
977 B 0.025423 0.905176 0.199310 0.124739 -0.221650 0.000000
978 B 0.074396 0.896272 0.200736 0.120436 -0.050803 0.000000
979 B 0.319217 0.877152 0.203283 0.146595 1.731044 0.000000
980 H 0.059099 0.899601 0.205690 0.124874 4.318841 0.000000
981 B 0.053740 0.910116 0.204114 0.115399 -0.137332 0.000000
982 B 0.027620 0.874340 0.212149 0.140546 -0.186535 0.000000
983 D 0.087375 0.879630 0.202774 0.131823 0.242587 0.000000
984 B 0.068815 0.870110 0.194377 0.147313 -0.048483 0.000000
985 B 0.053154 0.911025 0.192582 0.131276 -0.136710 0.000000
986 I 0.030741 0.883821 0.192926 0.121408 3.804547 0.000000
987 B 0.085899 0.843648 0.212458 0.150159 0.044962 0.000000
988 C 0.050012 0.854845 0.194232 0.120534 3.401868 0.000000
989 J 0.029301 0.914758 0.209860 0.132914 0.807581 0.000000
990 B 0.067144 0.892683 0.214950 0.144934 -0.059247 0.000000
991 B 0.049119 0.860128 0.216045 0.115758 -0.123179 0.000000
992 G 0.040800 0.925672 0.188448 0.154173 2.769685 0.000000
993 B 0.028558 0.897663 0.222264 0.166197 -0.175755 0.000000
994 B 0.027719 0.880466 0.215035 0.130452 -0.193458 0.000000
995 B 0.072798 0.872198 0.209262 0.114428 -0.044550 0.000000
996 B 0.479280 0.879858 0.202864 0.154820 3.175116 0.000000
997 B 0.082079 0.834559 0.184270 0.138962 0.015370 0.000000
998 E 0.052604 0.907716 0.221272 0.105555 2.754135 0.000000
999 B 0.097323 0.924658 0.192434 0.119698 0.032278 0.000000
1000 B 0.062991 0.857726 0.215454 0.148589 -0.055371 0.000000
1001 B 0.030695 0.889538 0.223213 0.113576 -0.193955 0.000000
1002 B 0.066409 0.886014 0.199584 0.122781 -0.076785 0.000000
1003 B 0.086559 0.892825 0.219305 0.167037 0.036686 0.000000
1004 B 0.052531 0.862052 0.191519 0.135197 -0.112760 0.000000
1005 B 0.057618 0.911401 0.223716 0.116221 -0.115330 0.000000
1006 F 0.110248 0.842711 0.192539 0.109338 3.599928 0.000000
1007 B 0.044833 0.900683 0.215526 0.178609 -0.121844 0.000000
1008 B 0.033231 0.874373 0.189202 0.131850 -0.184077 0.000000
1009 B 0.077118 0.928537 0.225169 0.106948 -0.051361 0.000000
1010 H 0.032244 0.888195 0.225132 0.157397 4.376214 0.000000
1011 B 0.048883 0.911628 0.206873 0.140112 -0.141351 0.000000
1012 B 0.030038 0.865282 0.182528 0.114731 -0.199724 0.000000
1013 B 0.071719 0.835862 0.175122 0.101565 -0.049346 0.000000
1014 B 0.092122 0.861317 0.173750 0.121035 0.033592 0.000000
1015 B 0.062671 0.871742 0.175183 0.104851 -0.101127 0.000000
1016 B 0.051874 0.819696 0.193933 0.141825 -0.089341 0.000000
1017 B 0.152943 0.849747 0.188699 0.160648 0.395508 0.000000
1018 D 0.047719 0.878814 0.162524 0.100502 0.249710 0.000000
1019 C 0.077512 0.897250 0.209208 0.140316 3.361712 0.000000
1020 I 0.032897 0.921175 0.189196 0.113046 3.869933 0.000000
1021 B 0.066408 0.847092 0.210818 0.174437 -0.022695 0.000000
1022 J 0.030074 0.868758 0.227711 0.127210 0.798443 0.000000
1023 B 0.052449 0.929791 0.202682 0.103980 -0.157236 0.000000
1024 B 0.034570 0.900070 0.174226 0.129588 -0.199511 0.000000
1025 G 0.083474 0.894622 0.174525 0.146072 2.810465 0.000000
1026 B 0.067599 0.905801 0.159066 0.126245 -0.094889 0.000000
1027 B 0.118617 0.883993 0.162914 0.157453 0.169291 0.000000
1028 B 0.268021 0.927441 0.186516 0.125679 1.216000 0.000000
1029 E 0.050374 0.868804 0.160504 0.098462 2.685321 0.000000
1030 B 0.099410 0.902262 0.178809 0.119631 0.048287 0.000000
1031 B 0.047658 0.934879 0.193907 0.172927 -0.142267 0.000000
1032 B 0.068719 0.838665 0.203141 0.142269 -0.032516 0.000000
1033 B 0.034217 0.890015 0.230146 0.097828 -0.187193 0.000000
1034 B 0.086497 0.910710 0.231519 0.097013 -0.003328 0.000000
1035 B 0.049237 0.915972 0.227896 0.110491 -0.147793 0.000000
1036 B 0.063792 0.895105 0.230413 0.097323 -0.089179 0.000000
1037 F 0.033126 0.933494 0.182643 0.115547 3.554358 0.000000
1038 B 0.042832 0.858376 0.211913 0.094720 -0.153708 0.000000
1039 B 0.069227 0.884945 0.485136 0.092907 0.117548 0.000000
1040 B 0.031437 0.910330 0.171813 0.113004 -0.222738 0.000000
1041 H 0.033010 0.952462 0.163130 0.128293 4.284491 0.000000
1042 B 0.055112 0.917821 0.157926 0.127378 -0.147308 0.000000
1043 B 0.095524 0.938019 0.155349 0.148813 0.019620 0.000000
1044 B 0.027693 0.915775 0.178678 0.107744 -0.236165 0.000000
1045 B 0.194174 0.939173 0.157139 0.117746 0.595756 0.000000
1046 B 0.026942 0.903817 0.170099 0.109841 -0.234401 0.000000
1047 B 0.024422 0.902343 0.172285 0.110005 -0.239871 0.000000
1048 B 0.030382 0.914262 0.152733 0.160207 -0.208673 0.000000
1049 D 0.025184 0.905678 0.153557 0.171111 0.239021 0.000000
1050 B 0.025735 0.887554 0.154309 0.151164 -0.213576 0.000000
1051 I 0.023102 0.909754 0.148387 0.159631 3.851334 0.000000
1052 C 0.022643 0.895402 0.152465 0.178411 3.464799 0.000000
1053 J 0.024628 0.853480 0.154598 0.155298 0.774568 0.000000
1054 B 0.051796 0.918956 0.143286 0.139982 -0.157338 0.000000
1055 B 0.024293 0.956974 0.123145 0.118898 -0.278041 0.000000
1056 B 0.671632 0.964914 0.124269 0.135480 3.342242 0.000000
1057 B 0.023537 0.997000 0.134662 0.160317 -0.274478 0.000000
1058 G 0.023248 0.999948 0.127074 0.165580 2.654815 0.000000
1059 B 0.050749 0.988326 0.125842 0.187409 -0.170117 0.000000
1060 B 0.023029 0.986413 0.140506 0.171228 -0.261921 0.000000
1061 B 0.025358 0.964454 0.120524 0.182212 -0.242223 0.000000
1062 E 0.019797 0.985324 0.120117 0.188710 2.881413 0.000000
1063 B 0.022205 0.994505 0.114277 0.178851 -0.269703 0.000000
1064 B 0.022727 0.991464 0.118536 0.185483 -0.261101 0.000000
1065 B 0.020701 0.994590 0.121292 0.201614 -0.255408 0.000000
1066 B 0.024031 0.988174 0.115293 0.169887 -0.267402 0.000000
1067 B 0.019507 0.999613 0.117008 0.171732 -0.283654 0.000000
1068 B 0.017372 0.991649 0.112631 0.192388 -0.271672 0.000000
1069 B 0.022219 0.991942 0.114342 0.198978 -0.253686 0.000000
1070 B 0.018390 0.995389 0.113319 0.198920 -0.265829 0.000000
1071 F 0.019112 0.996329 0.114266 0.203638 3.525105 0.000000
1072 B 0.016887 0.999877 0.107431 0.189188 -0.280533 0.000000
1073 B 0.017658 0.998609 0.116316 0.208446 -0.261196 0.000000
1074 B 0.019604 0.998748 0.114966 0.205223 -0.259064 0.000000
1075 B 0.021111 0.998664 0.109469 0.205385 -0.256133 0.000000
1076 H 0.017042 0.975368 0.109890 0.204817 4.311042 0.000000
1077 B 0.019361 0.996916 0.120606 0.200481 -0.261153 0.000000
1078 B 0.020758 0.992130 0.114426 0.207842 -0.250749 0.000000
1079 B 0.049694 0.995035 0.111964 0.202101 -0.169367 0.000000
1080 B 0.018153 0.999284 0.125258 0.202233 -0.262988 0.000000
1081 B 0.019784 0.990191 0.116617 0.220930 -0.241122 0.000000
1082 B 0.018900 0.999862 0.118325 0.222173 -0.246828 0.000000
1083 D 0.050101 0.998214 0.115220 0.220294 0.090079 0.000000
1084 I 0.020835 0.995899 0.114590 0.214835 4.016429 0.000000
1085 B 0.020139 0.997327 0.107802 0.195055 -0.266364 0.000000
1086 C 0.020993 0.999318 0.109622 0.199695 3.512863 0.000000
1087 B 0.018524 0.979973 0.108560 0.229236 -0.234012 0.000000
1088 J 0.019150 0.999155 0.122507 0.195228 0.822932 0.000000
1089 B 0.017189 0.978111 0.122715 0.208758 -0.250374 0.000000
1090 B 0.018256 0.982031 0.121401 0.233365 -0.229157 0.000000
1091 B 0.018364 0.982191 0.104607 0.189364 -0.268347 0.000000
1092 G 0.017866 0.999861 0.105505 0.214029 2.633211 0.000000
1093 B 0.019836 0.978999 0.105654 0.192902 -0.260069 0.000000
1094 B 0.016427 0.979215 0.100477 0.187936 -0.273734 0.000000
1095 B 0.017607 0.976657 0.098908 0.185964 -0.271165 0.000000
1096 E 0.016367 0.977216 0.099099 0.191049 2.871101 0.000000
1097 B 0.048285 0.976880 0.096300 0.202466 -0.168059 0.000000
1098 B 0.018535 0.979599 0.100953 0.242793 -0.223267 0.000000
1099 B 0.018356 0.979711 0.126973 0.187849 -0.263053 0.000000
1100 B 0.045627 0.976955 0.097764 0.188984 -0.186877 0.000000
1101 B 0.016465 0.978200 0.130381 0.190392 -0.264433 0.000000
1102 B 0.018379 0.998620 0.126654 0.188043 -0.272387 0.000000
1103 B 0.049181 0.998782 0.126935 0.187956 -0.180044 0.000000
1104 B 0.045483 0.974722 0.099486 0.184330 -0.189253 0.000000
1105 B 0.017956 0.999283 0.099969 0.182427 -0.283887 0.000000
1106 F 0.018193 0.971802 0.130173 0.179462 3.537461 0.000000
1107 B 0.018118 0.971141 0.092515 0.180711 -0.272037 0.000000
1108 H 0.044711 0.969001 0.096007 0.181078 4.267532 0.000000
1109 B 0.015413 0.999636 0.084389 0.181233 -0.294278 0.000000
1110 B 0.016570 0.972161 0.085687 0.174681 -0.281903 0.000000
1111 B 0.018281 0.969272 0.080926 0.177890 -0.274650 0.000000
1112 B 0.047096 0.967817 0.083123 0.179693 -0.186687 0.000000
1113 B 0.016903 0.965256 0.079775 0.177807 -0.276439 0.000000
1114 B 0.016111 0.964188 0.082010 0.174171 -0.280047 0.000000
1115 B 0.017049 0.962875 0.079654 0.172786 -0.278310 0.000000
1116 I 0.015086 0.961796 0.077289 0.174792 3.938560 0.000000
1117 J 0.044209 0.966467 0.080282 0.174119 0.799207 0.000000
1118 C 0.015176 0.962370 0.086854 0.172077 3.491588 0.000000
1119 B 0.044034 0.974623 0.077096 0.181026 -0.200258 0.000000
1120 B 0.043319 0.960804 0.078271 0.173058 -0.200968 0.000000
1121 B 0.014407 0.978763 0.085845 0.229913 -0.247734 0.000000
1122 B 0.018084 0.960036 0.096192 0.172483 -0.271516 0.000000
1123 D 0.592615 0.958817 0.093845 0.188361 -0.067577 0.000000
1124 G 0.016465 0.960916 0.094241 0.223669 2.641411 0.000000
1125 B 0.043233 0.976453 0.064862 0.172239 -0.211540 0.000000
1126 B 0.017313 0.958075 0.080765 0.192918 -0.260805 0.000000
1127 B 0.045015 0.977179 0.098145 0.168117 -0.203374 0.000000
1128 B 0.018207 0.979198 0.065801 0.240699 -0.231693 0.000000
1129 E 0.058245 0.958529 0.096544 0.218744 2.878058 0.000000
1130 B 0.016776 0.999361 0.073413 0.195166 -0.282277 0.000000
1131 B 0.042582 0.976638 0.070519 0.169711 -0.214656 0.000000
1132 B 0.015332 0.957990 0.072318 0.184264 -0.273406 0.000000
1133 B 0.041135 0.953067 0.067085 0.168719 -0.208644 0.000000
1134 B 0.015117 0.953268 0.078759 0.191563 -0.265314 0.000000
1135 B 0.014066 0.957969 0.065934 0.213346 -0.255207 0.000000
1136 F 0.039053 0.953717 0.079204 0.166751 3.536352 0.000000
1137 B 0.063615 0.999395 0.088008 0.193473 -0.132699 0.000000
1138 B 0.015412 0.973839 0.062256 0.184899 -0.282028 0.000000
1139 B 0.040206 0.977427 0.062286 0.162377 -0.228486 0.000000
1140 B 0.015141 0.978802 0.098194 0.181457 -0.281867 0.000000
1141 H 0.015524 0.967332 0.062218 0.173550 4.232457 0.000000
1142 B 0.061338 0.950597 0.096652 0.223067 -0.091647 0.000000
1143 B 0.040257 0.973979 0.082926 0.161266 -0.224304 0.000000
1144 B 0.037935 0.979450 0.095136 0.179292 -0.220223 0.000000
1145 B 0.015394 0.958032 0.062372 0.211261 -0.254061 0.000000
1146 B 0.058641 0.981085 0.099093 0.242413 -0.099298 0.000000
1147 B 0.015686 0.950590 0.074785 0.181847 -0.270161 0.000000
1148 D 0.015140 0.946933 0.073725 0.160974 0.124028 0.000000
1149 B 0.013490 0.964187 0.059808 0.176615 -0.288105 0.000000
1150 B 0.014601 0.953930 0.069384 0.179052 -0.277296 0.000000
1151 C 0.012211 0.954916 0.067661 0.180589 3.486735 0.000000
1152 I 0.000182 0.948290 0.059571 0.162673 3.908944 0.000000
1153 B 0.000115 0.949065 0.055817 0.211159 -0.286039 0.000000
1154 B 0.000606 0.944161 0.055747 0.205775 -0.286845 0.000000
1155 B 0.629433 0.962386 0.055755 0.220007 3.575910 0.000000
1156 J 0.014554 0.946534 0.051501 0.232581 0.800213 0.000000
1157 G 0.001611 0.967811 0.067014 0.217690 2.595035 0.000000
1158 B 0.000032 0.946559 0.051801 0.203912 -0.291162 0.000000
1159 B 0.001776 0.947475 0.052925 0.246747 -0.251013 0.000000
1160 E 0.000208 0.965926 0.052911 0.214076 2.875955 0.000000
1161 B 0.015656 0.945191 0.052153 0.210908 -0.248434 0.000000
1162 B 0.454443 0.964835 0.072554 0.157455 2.907717 0.000000
1163 B 0.014583 0.947743 0.080793 0.201443 -0.256090 0.000000
1164 B 0.000231 0.968202 0.053759 0.237065 -0.273474 0.000000
1165 B 0.001287 0.976301 0.047419 0.237786 -0.275243 0.000000
1166 B 0.002186 0.942206 0.049534 0.219251 -0.272130 0.000000
1167 B 0.002568 0.940635 0.054707 0.230348 -0.260471 0.000000
1168 B 0.000571 0.947984 0.048000 0.235114 -0.264967 0.000000
1169 B 0.003933 0.970352 0.047940 0.248565 -0.256496 0.000000
1170 F 0.002972 0.943751 0.045693 0.253876 3.539724 0.000000
1171 B 0.013246 0.975250 0.066062 0.232207 -0.249852 0.000000
1172 B 0.000745 0.943708 0.048396 0.212866 -0.281395 0.000000
1173 H 0.002410 0.998245 0.062591 0.202381 4.264442 0.000000
1174 B 0.001307 0.963284 0.073961 0.243310 -0.260446 0.000000
1175 B 0.035139 0.978996 0.046855 0.210786 -0.211774 0.000000
1176 B 0.001632 0.943878 0.076157 0.208286 -0.279797 0.000000
1177 B 0.002103 0.937427 0.062626 0.250562 -0.240579 0.000000
1178 B 0.001933 0.944704 0.077214 0.223917 -0.266483 0.000000
1179 B 0.001648 0.959772 0.043336 0.210887 -0.289543 0.000000
1180 B 0.003372 0.940562 0.042309 0.235758 -0.255075 0.000000
1181 D 0.002769 0.967962 0.043729 0.210989 0.084226 0.000000
1182 I 0.002355 0.964659 0.043080 0.206746 3.939473 0.000000
1183 B 0.033333 0.941268 0.055696 0.227385 -0.183562 0.000000
1184 J 0.002791 0.979889 0.080878 0.246165 0.884775 0.000000
1185 C 0.001699 0.962424 0.069565 0.208719 3.495675 0.000000
1186 B 0.001789 0.980979 0.056204 0.204776 -0.303428 0.000000
1187 B 0.000839 0.998571 0.084859 0.195013 -0.317748 0.000000
1188 B 0.001518 0.998866 0.038649 0.155554 -0.348963 0.000000
1189 B 0.001766 0.998514 0.039199 0.204635 -0.313979 0.000000
1190 B 0.003025 0.998477 0.038027 0.205588 -0.310535 0.000000
1191 B 0.564560 0.997808 0.041751 0.206777 3.544434 0.000000
1192 G 0.001268 0.999936 0.033881 0.201998 2.543424 0.000000
1193 B 0.000314 0.999310 0.038909 0.220610 -0.304538 0.000000
1194 B 0.002956 0.999570 0.037876 0.219387 -0.300025 0.000000
1195 E 0.001179 0.988444 0.040059 0.219008 2.902203 0.000000
1196 B 0.014649 0.984413 0.035771 0.255955 -0.232151 0.000000
1197 B 0.724841 0.999176 0.039906 0.222638 2.917405 0.000000
1198 B 0.014894 0.999266 0.032967 0.227358 -0.265269 0.000000
1199 B 0.001104 0.999127 0.056790 0.199723 -0.317850 0.000000
1200 B 0.000479 0.999502 0.054518 0.209439 -0.312006 0.000000
1201 F 0.002693 0.984592 0.029398 0.250314 3.515063 0.000000
1202 B 0.005466 0.983154 0.053006 0.209076 -0.293264 0.000000
1203 B 0.507985 0.999533 0.033236 0.224492 3.315154 0.000000
1204 B 0.001169 0.999514 0.055194 0.257390 -0.268015 0.000000
1205 B 0.418066 0.982747 0.040038 0.203728 2.614632 0.000000
1206 H 0.015054 0.982464 0.056687 0.203477 4.256903 0.000000
1207 B 0.002436 0.997394 0.031710 0.229506 -0.291864 0.000000
1208 B 0.000020 0.997751 0.017337 0.236417 -0.291871 0.000000
1209 B 0.000058 0.998816 0.024983 0.269524 -0.260521 0.000000
1210 B 0.003468 0.999398 0.020832 0.242823 -0.279241 0.000000
1211 B 0.000218 0.978224 0.017353 0.228770 -0.288434 0.000000
1212 D 0.001571 0.999837 0.011890 0.246321 0.026489 0.000000
1213 B 0.000704 0.980268 0.013850 0.266166 -0.253651 0.000000
1214 B 0.000815 0.978385 0.025614 0.231492 -0.284496 0.000000
1215 J 0.015557 0.979364 0.014961 0.233182 0.796090 0.000000
1216 B 0.004564 0.983813 0.017708 0.260226 -0.252652 0.000000
1217 C 0.000046 0.980584 0.031201 0.236210 3.497662 0.000000
1218 B 0.001702 0.981581 0.031917 0.226876 -0.287829 0.000000
1219 I 0.000459 0.999033 0.016452 0.251063 4.002197 0.000000
1220 B 0.000805 0.981603 0.037830 0.232482 -0.284481 0.000000
1221 G 0.004056 0.999841 0.029074 0.271467 2.553214 0.000000
1222 B 0.031070 0.999964 0.004155 0.231274 -0.219298 0.000000
1223 B 0.001042 0.981114 0.034821 0.247992 -0.269853 0.000000
1224 B 0.001507 0.980580 0.033506 0.227422 -0.287179 0.000000
1225 E 0.005395 0.979513 0.013619 0.232347 2.905180 0.000000
1226 B 0.002890 0.978234 0.001136 0.261408 -0.252751 0.000000
1227 B 0.001551 0.981318 0.035899 0.256251 -0.260944 0.000000
1228 B 0.234059 0.980059 0.033260 0.226283 0.934010 0.000000
1229 B 0.029876 0.963008 0.037367 0.229279 -0.204665 0.000000
1230 B 0.003453 0.999707 0.019048 0.223212 -0.296836 0.000000
1231 B 0.003137 0.980830 0.014324 0.268973 -0.245802 0.000000
1232 B 0.017753 0.963088 0.016534 0.243101 -0.226676 0.000000
1233 B 0.000374 0.980196 0.034507 0.223573 -0.292668 0.000000
1234 B 0.000956 0.964503 0.003040 0.278304 -0.233103 0.000000
1235 B 0.000436 0.979839 0.000643 0.254183 -0.265883 0.000000
1236 F 0.002510 0.962413 0.030303 0.220449 3.525474 0.000000
1237 B 0.028792 0.978938 0.034560 0.236357 -0.209704 0.000000
1238 H 0.018342 0.956132 0.019835 0.222970 4.238938 0.000000
1239 B 0.000988 0.999790 0.043053 0.249127 -0.277603 0.000000
1240 B 0.002166 0.979793 0.019908 0.229066 -0.284648 0.000000
1241 B 0.002281 0.959820 0.018660 0.217381 -0.284396 0.000000
1242 B 0.001284 0.980838 0.016659 0.273190 -0.245534 0.000000
1243 B 0.001601 0.999045 0.046414 0.249269 -0.275468 0.000000
1244 D 0.031221 0.958434 0.025380 0.217249 0.058363 0.000000
1245 B 0.002047 0.980068 0.049933 0.220886 -0.289953 0.000000
1246 B 0.001354 0.944850 0.050759 0.214155 -0.279364 0.000000
1247 I 0.345162 0.979087 0.049262 0.211439 3.948467 0.000000
1248 J 0.001455 0.999322 0.048509 0.259111 0.897698 0.000000
1249 C 0.000618 0.961186 0.034946 0.239800 3.488965 0.000000
1250 B 0.000592 0.980263 0.001347 0.217371 -0.298638 0.000000
