1 A 0.076990 0.366425 0.862533 0.519731 1.312345 0.000000
2 A 0.226807 0.917486 0.494594 0.439730 2.646968 0.000000
3 A 0.391084 0.092413 0.067980 0.187412 1.837810 0.000000
4 A 0.425615 0.069396 0.469965 0.232138 1.965753 0.000000
5 A 0.435098 0.606599 0.744708 0.209198 1.602827 0.000000
6 A 0.477932 0.784807 0.644242 0.252057 0.956901 0.000000
7 A 0.521555 0.887868 0.240561 0.615286 0.626939 0.000000
8 A 0.540072 0.258555 0.055536 0.743545 0.753203 0.000000
9 A 0.661035 0.438443 0.102394 0.987760 1.540342 0.000000
10 A 0.679368 0.055737 0.963919 0.356038 1.414115 0.000000
11 A 0.741178 0.976588 0.887315 0.702793 3.149935 0.000000
12 A 0.849766 0.018097 0.952364 0.202970 2.904859 0.000000
13 A 0.975259 0.446208 0.641099 0.760231 2.366273 0.000000
14 B 0.023825 0.480743 0.854275 0.071353 0.655492 0.000000
15 B 0.081617 0.253316 0.036552 0.391312 0.518086 0.000000
16 B 0.096021 0.547338 0.902708 0.160023 1.014792 0.000000
17 B 0.119482 0.926199 0.256558 0.230206 0.246362 0.000000
18 B 0.141848 0.857968 0.678989 0.569579 1.260287 0.000000
19 B 0.188816 0.716371 0.948628 0.087823 1.531435 0.000000
20 B 0.208567 0.664579 0.385980 0.540656 1.450250 0.000000
21 B 0.244885 0.239848 0.480876 0.457450 1.904589 0.000000
22 B 0.262656 0.577950 0.169455 0.940279 2.572938 0.000000
23 B 0.326943 0.552241 0.083104 0.547360 2.414299 0.000000
24 B 0.330528 0.608152 0.050758 0.324125 2.091972 0.000000
25 B 0.398567 0.355054 0.665527 0.797156 4.093160 0.000000
26 B 0.481983 0.011478 0.270883 0.911296 4.822640 0.000000
27 B 0.484015 0.514865 0.433195 0.241050 3.603389 0.000000
28 B 0.507151 0.802616 0.323644 0.802451 4.408152 0.000000
29 B 0.514327 0.571471 0.992043 0.189876 4.521145 0.000000
30 B 0.554737 0.848113 0.722794 0.378973 4.296930 0.000000
31 B 0.563948 0.894116 0.135375 0.913243 4.740608 0.000000
32 B 0.582940 0.659756 0.752547 0.834359 5.284550 0.000000
33 B 0.601655 0.963266 0.735405 0.971660 5.388233 0.000000
34 B 0.628235 0.804027 0.188006 0.953167 4.888506 0.000000
35 B 0.643634 0.059590 0.298776 0.444386 4.333837 0.000000
36 B 0.664233 0.030637 0.556945 0.768070 5.039063 0.000000
37 B 0.681446 0.369528 0.695504 0.226291 4.106064 0.000000
38 B 0.696624 0.222742 0.337075 0.199172 3.669326 0.000000
39 B 0.796421 0.197603 0.311553 0.793932 3.354611 0.000000
40 B 0.820927 0.147046 0.500599 0.173309 2.237108 0.000000
41 B 0.864897 0.820666 0.458684 0.283880 1.264383 0.000000
42 B 0.994645 0.275676 0.160982 0.313405 0.082059 0.000000
43 C 0.033280 0.261142 0.741532 0.284421 3.319695 0.000000
44 C 0.044402 0.047732 0.807436 0.552198 3.431066 0.000000
45 C 0.134344 0.816040 0.252327 0.972307 3.317758 0.000000
46 C 0.147649 0.218164 0.943645 0.049476 2.755440 0.000000
47 C 0.159711 0.952926 0.167069 0.963824 3.174847 0.000000
48 C 0.183597 0.091276 0.445327 0.842427 2.826018 0.000000
49 C 0.290796 0.024560 0.274638 0.810942 1.981463 0.000000
50 C 0.295099 0.235258 0.604729 0.213297 1.967026 0.000000
51 C 0.353675 0.928028 0.842916 0.335392 2.140415 0.000000
52 C 0.376646 0.399364 0.463644 0.139396 1.549928 0.000000
53 C 0.386059 0.699143 0.774931 0.996321 2.367157 0.000000
54 C 0.410030 0.788973 0.654895 0.680010 1.995393 0.000000
55 C 0.445649 0.130894 0.152206 0.027064 1.127312 0.000000
56 C 0.457633 0.923477 0.284134 0.559747 1.656005 0.000000
57 C 0.490288 0.005092 0.824458 0.978423 1.811075 0.000000
58 C 0.578849 0.020624 0.523559 0.862834 1.582290 0.000000
59 C 0.595139 0.328543 0.919038 0.257381 1.574224 0.000000
60 C 0.684325 0.214794 0.616162 0.713290 2.145861 0.000000
61 C 0.707763 0.695907 0.415114 0.366528 2.237823 0.000000
62 C 0.710788 0.316746 0.764977 0.872546 2.581958 0.000000
63 C 0.721196 0.205619 0.965037 0.468018 2.374469 0.000000
64 C 0.763817 0.292684 0.588741 0.729843 2.662739 0.000000
65 C 0.854882 0.527425 0.587118 0.276557 3.038404 0.000000
66 C 0.874744 0.115717 0.626849 0.630036 3.158762 0.000000
67 C 0.879393 0.750952 0.366667 0.890170 3.428226 0.000000
68 C 0.955067 0.629970 0.701835 0.807848 3.842372 0.000000
69 C 0.985985 0.457704 0.724560 0.112741 3.306665 0.000000
70 D 0.025504 0.845321 0.245888 0.088906 0.387153 0.000000
71 D 0.059030 0.743604 0.223272 0.593864 0.641275 0.000000
72 D 0.093460 0.373137 0.358924 0.851715 1.513278 0.000000
73 D 0.228298 0.392671 0.670611 0.654920 1.472288 0.000000
74 D 0.309063 0.032229 0.023975 0.268289 1.152073 0.000000
75 D 0.323675 0.251164 0.201043 0.011283 1.140538 0.000000
76 D 0.340387 0.956090 0.195005 0.298009 0.511538 0.000000
77 D 0.374923 0.496701 0.381458 0.788294 1.720875 0.000000
78 D 0.423131 0.477780 0.239570 0.074972 1.182227 0.000000
79 D 0.451704 0.387551 0.198698 0.535615 1.376025 0.000000
80 D 0.524575 0.320201 0.638227 0.006721 1.505678 0.000000
81 D 0.587234 0.312297 0.534202 0.893296 1.759251 0.000000
82 D 0.658808 0.383159 0.681799 0.705194 1.072067 0.000000
83 D 0.694939 0.948109 0.569114 0.171469 -0.064150 0.000000
84 D 0.717067 0.727703 0.127445 0.691001 0.017728 0.000000
85 D 0.732929 0.341101 0.056016 0.779123 0.485312 0.000000
86 D 0.791976 0.989280 0.024066 0.417481 -0.372500 0.000000
87 D 0.801248 0.795804 0.780484 0.600435 0.780875 0.000000
88 D 0.826978 0.124717 0.550174 0.671952 1.502448 0.000000
89 D 0.831365 0.633917 0.506719 0.320624 0.715851 0.000000
90 D 0.858541 0.474276 0.635735 0.102994 1.213879 0.000000
91 D 0.888627 0.208696 0.068405 0.868353 1.845056 0.000000
92 D 0.904044 0.180339 0.319250 0.579684 1.803038 0.000000
93 D 0.911198 0.284262 0.714247 0.030906 1.961132 0.000000
94 D 0.924484 0.994488 0.212648 0.754808 1.287888 0.000000
95 D 0.950446 0.409677 0.798719 0.822843 2.766550 0.000000
96 D 0.968301 0.102787 0.005443 0.934086 2.630989 0.000000
97 D 0.983245 0.405076 0.830721 0.490710 2.511346 0.000000
98 E 0.005989 0.687027 0.015785 0.043095 2.429952 0.000000
99 E 0.029710 0.494314 0.029750 0.567807 2.786861 0.000000
100 E 0.060338 0.277277 0.484318 0.905911 3.212724 0.000000
101 E 0.086052 0.619716 0.180494 0.037535 2.391423 0.000000
102 E 0.089091 0.332422 0.597734 0.099452 2.557584 0.000000
103 E 0.124386 0.593605 0.850741 0.591422 3.609303 0.000000
104 E 0.163592 0.768560 0.838944 0.539893 3.694504 0.000000
105 E 0.175171 0.099310 0.621551 0.395843 2.776640 0.000000
106 E 0.192758 0.732693 0.073081 0.206618 2.623109 0.000000
107 E 0.214245 0.500322 0.175626 0.182855 2.414150 0.000000
108 E 0.256369 0.087376 0.137799 0.884535 2.878267 0.000000
109 E 0.277897 0.470501 0.408136 0.455035 2.782971 0.000000
110 E 0.317250 0.703463 0.944861 0.063930 3.308402 0.000000
111 E 0.349010 0.450919 0.871931 0.523194 3.407644 0.000000
112 E 0.496581 0.425093 0.611134 0.596358 3.012657 0.000000
113 E 0.501411 0.757382 0.179806 0.864405 3.224412 0.000000
114 E 0.519847 0.157551 0.117559 0.472298 2.375516 0.000000
115 E 0.558018 0.543016 0.614305 0.643912 3.123998 0.000000
116 E 0.588580 0.683435 0.098391 0.076960 2.296703 0.000000
117 E 0.623067 0.573084 0.449115 0.858441 3.150033 0.000000
118 E 0.669111 0.746034 0.911005 0.716030 3.764589 0.000000
119 E 0.689291 0.194064 0.401552 0.925274 2.885925 0.000000
120 E 0.703221 0.914925 0.229422 0.095298 2.508854 0.000000
121 E 0.746605 0.764055 0.883528 0.667075 3.628802 0.000000
122 E 0.841675 0.401002 0.394751 0.352275 2.303006 0.000000
123 E 0.881457 0.015311 0.717072 0.481060 2.607003 0.000000
124 E 0.920868 0.429032 0.262234 0.625109 2.438834 0.000000
125 E 0.937000 0.834419 0.929527 0.056296 3.009755 0.000000
126 F 0.036197 0.117603 0.844123 0.408863 4.286332 0.000000
127 F 0.123812 0.722038 0.778213 0.019016 3.654148 0.000000
128 F 0.139689 0.132183 0.769062 0.737260 4.501505 0.000000
129 F 0.148729 0.302172 0.603865 0.509594 4.157409 0.000000
130 F 0.201194 0.170598 0.738612 0.748020 4.469769 0.000000
131 F 0.275578 0.861421 0.784758 0.898363 4.283320 0.000000
132 F 0.371863 0.997991 0.498550 0.373728 3.717074 0.000000
133 F 0.380319 0.655912 0.455421 0.500736 3.932606 0.000000
134 F 0.407497 0.875913 0.104052 0.720664 3.679738 0.000000
135 F 0.438995 0.489297 0.972223 0.497039 4.295821 0.000000
136 F 0.441942 0.416822 0.971705 0.734709 4.564269 0.000000
137 F 0.539790 0.966983 0.709964 0.015028 3.654684 0.000000
138 F 0.613993 0.290986 0.800966 0.152911 4.183587 0.000000
139 F 0.616358 0.359917 0.354988 0.993201 4.382152 0.000000
140 F 0.624656 0.712619 0.283085 0.311926 3.952018 0.000000
141 F 0.637871 0.676757 0.305988 0.080187 3.923531 0.000000
142 F 0.645013 0.971370 0.564623 0.951036 4.298367 0.000000
143 F 0.651195 0.529875 0.149914 0.586021 4.078569 0.000000
144 F 0.758217 0.141132 0.999179 0.055253 4.412462 0.000000
145 F 0.781604 0.422013 0.251312 0.637212 4.419111 0.000000
146 F 0.794329 0.672244 0.142409 0.065872 4.166548 0.000000
147 F 0.844169 0.854414 0.833537 0.244696 4.362251 0.000000
148 F 0.898718 0.729833 0.650658 0.116611 4.394576 0.000000
149 F 0.940684 0.516368 0.351989 0.387760 4.631500 0.000000
150 F 0.961945 0.567101 0.582466 0.145343 4.586665 0.000000
151 F 0.977238 0.463848 0.876260 0.646366 5.141893 0.000000
152 F 0.990110 0.324928 0.399212 0.494035 4.859627 0.000000
153 G 0.010446 0.911465 0.988635 0.828886 4.112829 0.000000
154 G 0.013077 0.888048 0.011233 0.318342 2.612534 0.000000
155 G 0.051748 0.937061 0.211172 0.919759 3.571666 0.000000
156 G 0.064202 0.670923 0.541466 0.506101 3.398315 0.000000
157 G 0.165526 0.167783 0.044195 0.854842 3.724981 0.000000
158 G 0.168335 0.826558 0.892923 0.341049 3.660821 0.000000
159 G 0.243363 0.075140 0.513742 0.662049 3.931054 0.000000
160 G 0.255889 0.584325 0.510776 0.581621 3.580366 0.000000
161 G 0.268030 0.557439 0.330561 0.111380 3.217449 0.000000
162 G 0.286901 0.898962 0.815912 0.727259 3.911972 0.000000
163 G 0.306852 0.838755 0.017089 0.151162 2.755627 0.000000
164 G 0.361730 0.508151 0.579297 0.020830 3.446175 0.000000
165 G 0.366871 0.521699 0.327269 0.220863 3.193795 0.000000
166 G 0.394364 0.048148 0.234446 0.658782 3.586169 0.000000
167 G 0.475717 0.799936 0.927479 0.397365 3.568074 0.000000
168 G 0.548883 0.637628 0.088315 0.218846 2.620188 0.000000
169 G 0.574055 0.843302 0.372413 0.818756 3.286167 0.000000
170 G 0.596740 0.043289 0.956247 0.421592 3.745620 0.000000
171 G 0.635946 0.067325 0.630331 0.766796 3.692959 0.000000
172 G 0.673479 0.753338 0.662344 0.826700 3.407079 0.000000
173 G 0.768697 0.191707 0.472939 0.697334 3.052175 0.000000
174 G 0.774051 0.738097 0.043595 0.362891 2.046719 0.000000
175 G 0.779259 0.083384 0.914260 0.677511 3.496770 0.000000
176 G 0.785957 0.148801 0.226709 0.002331 2.451338 0.000000
177 G 0.813107 0.076463 0.758590 0.878956 3.643412 0.000000
178 G 0.818604 0.906190 0.109359 0.844093 2.491068 0.000000
179 G 0.892817 0.621859 0.906483 0.965423 3.607564 0.000000
180 G 0.916641 0.880236 0.429471 0.275987 2.094020 0.000000
181 G 0.959994 0.201370 0.547595 0.775957 2.961308 0.000000
182 H 0.000358 0.763194 0.525249 0.982887 5.508076 0.000000
183 H 0.055226 0.108772 0.002217 0.123327 4.124220 0.000000
184 H 0.068421 0.624365 0.426409 0.135915 4.552905 0.000000
185 H 0.104139 0.362432 0.388457 0.485382 4.865517 0.000000
186 H 0.109204 0.603876 0.489886 0.369260 4.844605 0.000000
187 H 0.130121 0.782080 0.077636 0.780300 4.835497 0.000000
188 H 0.187995 0.563102 0.159063 0.348015 4.483735 0.000000
189 H 0.206620 0.829579 0.674025 0.610974 5.247204 0.000000
190 H 0.233786 0.689106 0.407136 0.044182 4.415796 0.000000
191 H 0.237387 0.711668 0.859146 0.424565 5.246460 0.000000
192 H 0.332149 0.982804 0.984574 0.574903 5.487498 0.000000
193 H 0.415669 0.306145 0.938796 0.295920 5.206657 0.000000
194 H 0.462126 0.815833 0.706303 0.837095 5.460265 0.000000
195 H 0.466395 0.441508 0.691344 0.525207 5.171146 0.000000
196 H 0.492018 0.902395 0.822556 0.266863 4.991519 0.000000
197 H 0.511673 0.002567 0.891290 0.900591 5.791591 0.000000
198 H 0.567812 0.942492 0.378069 0.429512 4.689578 0.000000
199 H 0.606008 0.706083 0.145396 0.709444 4.760489 0.000000
200 H 0.609911 0.946803 0.560375 0.649193 5.082237 0.000000
201 H 0.655449 0.242218 0.934650 0.880425 5.780068 0.000000
202 H 0.724347 0.161478 0.749924 0.432940 5.157072 0.000000
203 H 0.836854 0.650197 0.817843 0.127678 4.825543 0.000000
204 H 0.869018 0.039144 0.334828 0.990301 5.317628 0.000000
205 H 0.885847 0.535618 0.897927 0.449345 5.242651 0.000000
206 H 0.903092 0.390663 0.538836 0.476753 4.937796 0.000000
207 H 0.929517 0.377172 0.288328 0.931345 5.142369 0.000000
208 H 0.997264 0.644996 0.553707 0.605166 5.017041 0.000000
209 I 0.017774 0.583540 0.686055 0.616851 3.763709 0.000000
210 I 0.041372 0.347570 0.976821 0.288189 3.402278 0.000000
211 I 0.112340 0.105829 0.436309 0.785867 3.353372 0.000000
212 I 0.199380 0.176439 0.595185 0.414989 3.274163 0.000000
213 I 0.218850 0.139265 0.730511 0.956984 3.713241 0.000000
214 I 0.220568 0.932740 0.363520 0.623512 4.091299 0.000000
215 I 0.280793 0.986869 0.443752 0.239337 4.069046 0.000000
216 I 0.297896 0.591597 0.920065 0.305184 3.617557 0.000000
217 I 0.302310 0.175101 0.872544 0.460718 3.418842 0.000000
218 I 0.312637 0.484087 0.371799 0.192797 3.290743 0.000000
219 I 0.336766 0.662140 0.575012 0.032287 3.437899 0.000000
220 I 0.347034 0.507254 0.061363 0.440720 3.263453 0.000000
221 I 0.359696 0.435420 0.656249 0.403264 3.430963 0.000000
222 I 0.419931 0.868392 0.519449 0.692834 4.076971 0.000000
223 I 0.428009 0.454240 0.418588 0.345797 3.311877 0.000000
224 I 0.534203 0.061751 0.464253 0.921162 3.355242 0.000000
225 I 0.547140 0.264039 0.342177 0.563610 3.180674 0.000000
226 I 0.729634 0.228820 0.094621 0.814722 2.935232 0.000000
227 I 0.749594 0.599058 0.206849 0.550917 3.262232 0.000000
228 I 0.755049 0.350827 0.982233 0.336039 3.237922 0.000000
229 I 0.765706 0.550323 0.422391 0.758678 3.398845 0.000000
230 I 0.805536 0.308814 0.314370 0.129375 2.874686 0.000000
231 I 0.810899 0.227613 0.479752 0.250448 2.905354 0.000000
232 I 0.832317 0.152507 0.760496 0.466913 3.090050 0.000000
233 I 0.860520 0.538479 0.866348 0.303366 3.234175 0.000000
234 I 0.912651 0.245335 0.789454 0.939745 3.421986 0.000000
235 I 0.935062 0.867174 0.265529 0.407926 3.451525 0.000000
236 I 0.964745 0.877547 0.809945 0.634612 3.835129 0.000000
237 J 0.072117 0.810119 0.699644 0.515762 1.137902 0.000000
238 J 0.101209 0.298701 0.300023 0.179856 0.752778 0.000000
239 J 0.152146 0.184712 0.084432 0.140278 0.363353 0.000000
240 J 0.177440 0.336114 0.279310 0.947107 1.233668 0.000000
241 J 0.248640 0.612995 0.793380 0.331358 0.799020 0.000000
242 J 0.264092 0.464627 0.529368 0.166712 0.758483 0.000000
243 J 0.401021 0.775682 0.346521 0.158741 0.312793 0.000000
244 J 0.453357 0.120655 0.121185 0.673525 0.555009 0.000000
245 J 0.469852 0.280706 0.292702 0.686637 0.916575 0.000000
246 J 0.529974 0.779428 0.131992 0.380825 0.777726 0.000000
247 J 0.571432 0.641402 0.034178 0.261972 0.185202 0.000000
248 J 0.715889 0.415383 0.185995 0.105639 0.697837 0.000000
249 J 0.739583 0.270249 0.219404 0.745447 0.817259 0.000000
250 J 0.945640 0.972769 0.114566 0.529457 0.659616 0.000000
251 A 0.903685 0.474276 0.693364 0.585663 2.837492 0.000000
252 D 0.920803 0.985480 0.354935 0.778100 1.451071 0.000000
253 I 0.126515 0.700569 0.837582 0.019016 3.505711 0.000000
254 F 0.832317 0.152507 0.760496 0.906023 5.176361 0.000000
255 F 0.665709 0.030637 0.265973 0.262292 4.330893 0.000000
256 A 0.741178 0.972792 0.887315 0.525067 2.929280 0.000000
257 G 0.785957 0.148801 0.312694 0.733762 2.932386 0.000000
258 F 0.279843 0.861421 0.784758 0.898363 4.283891 0.000000
259 H 0.959994 0.955317 0.547595 0.775957 5.121332 0.000000
260 F 0.534203 0.214247 0.464253 0.921162 4.443072 0.000000
261 D 0.732929 0.403751 0.077701 0.779123 0.444347 0.000000
262 H 0.392613 0.580001 0.159063 0.811873 4.920724 0.000000
263 I 0.935062 0.854279 0.263551 0.407926 3.428520 0.000000
264 G 0.411908 0.130894 0.090667 0.027064 3.095053 0.000000
265 E 0.091446 0.238252 0.449955 0.457450 2.710940 0.000000
266 E 0.023825 0.474197 0.837080 0.080450 2.983698 0.000000
267 B 0.994645 0.510842 0.160982 0.313405 -0.035524 0.000000
268 A 0.280335 0.595076 0.920065 0.305184 3.013192 0.000000
269 B 0.329449 0.636412 0.359535 0.192797 2.067402 0.000000
270 G 0.397358 0.780772 0.654895 0.680010 3.665584 0.000000
271 H 0.081617 0.253782 0.837098 0.365844 5.198375 0.000000
272 C 0.879393 0.508055 0.287791 0.890170 3.236565 0.000000
273 H 0.951397 0.362432 0.388457 0.485382 4.797807 0.000000
274 H 0.916641 0.880236 0.429471 0.275987 4.527546 0.000000
275 G 0.278013 0.898962 0.814540 0.727259 3.912499 0.000000
276 D 0.858901 0.180339 0.340281 0.097062 1.215492 0.000000
277 I 0.550794 0.261486 0.304693 0.563610 3.156555 0.000000
278 J 0.261388 0.471645 0.529368 0.166712 0.741591 0.000000
279 E 0.563948 0.902950 0.135375 0.474098 2.929666 0.000000
280 J 0.623180 0.712619 0.574057 0.817699 0.847615 0.000000
281 J 0.958531 0.976566 0.114566 0.698319 0.653610 0.000000
282 C 0.765706 0.522941 0.493088 0.056404 2.387807 0.000000
283 H 0.392783 0.069396 0.505889 0.235773 4.735651 0.000000
284 F 0.567812 0.205168 0.369775 0.354571 4.182988 0.000000
285 J 0.888627 0.056201 0.068405 0.868353 1.089685 0.000000
286 D 0.401103 0.489297 0.972223 0.497039 2.004223 0.000000
287 B 0.193949 0.283627 0.665527 0.356901 1.552373 0.000000
288 G 0.165526 0.167783 0.056806 0.854842 3.737592 0.000000
289 C 0.013077 0.888048 0.043267 0.318342 3.454424 0.000000
290 E 0.236022 0.334018 0.497407 0.099452 2.424785 0.000000
291 A 0.519847 0.158695 0.134831 0.413156 0.663362 0.000000
292 I 0.446734 0.272088 0.061363 0.511061 3.060814 0.000000
293 E 0.060338 0.273798 0.484318 0.905911 3.210942 0.000000
294 I 0.313716 0.480165 0.063079 0.324125 3.235566 0.000000
295 F 0.781604 0.430213 0.251312 0.637212 4.415010 0.000000
296 G 0.475717 0.799936 0.119175 0.397365 2.759770 0.000000
297 B 0.361730 0.751048 0.579297 0.006833 2.453838 0.000000
298 H 0.074572 0.384966 0.532065 0.476753 5.002488 0.000000
299 I 0.481983 0.000502 0.270883 0.911296 3.190871 0.000000
300 D 0.432019 0.477780 0.240940 0.074972 1.185529 0.000000
301 J 0.748003 0.210693 0.352188 0.745447 0.739399 0.000000
302 J 0.640591 0.535344 0.574057 0.806733 0.946203 0.000000
303 A 0.858541 0.474276 0.635735 0.102994 2.637768 0.000000
304 J 0.072117 0.270266 0.699644 0.515762 0.981494 0.000000
305 D 0.958531 0.976566 0.114566 0.698319 1.344559 0.000000
306 D 0.708782 0.327462 0.683051 0.303356 0.675062 0.000000
307 B 0.033643 0.529491 0.160982 0.312166 0.131217 0.000000
308 F 0.874111 0.635763 0.506189 0.323564 4.486019 0.000000
309 G 0.888627 0.061706 0.068405 0.081357 2.155883 0.000000
310 J 0.783434 0.432717 0.132593 0.105639 -0.093716 0.000000
311 D 0.186529 0.227878 0.279310 0.050534 0.913282 0.000000
312 B 0.890106 0.837232 0.458684 0.284681 0.881683 0.000000
313 J 0.480387 0.779428 0.154374 0.238778 0.830048 0.000000
314 J 0.233058 0.494647 0.233231 0.615286 0.671700 0.000000
315 G 0.700705 0.947903 0.256558 0.172024 2.279412 0.000000
316 G 0.025504 0.813085 0.203877 0.089081 2.823449 0.000000
317 B 0.127256 0.293793 0.019124 0.391312 0.721007 0.000000
318 C 0.461196 0.130894 0.152206 0.815074 1.219081 0.000000
319 J 0.791976 0.989280 0.050861 0.417481 0.112834 0.000000
320 C 0.005001 0.508941 0.138052 0.071353 3.263828 0.000000
321 H 0.469852 0.280071 0.079024 0.693438 4.743446 0.000000
322 J 0.717067 0.741530 0.057618 0.712198 1.132685 0.000000
323 D 0.075397 0.186479 0.084142 0.116375 0.831390 0.000000
324 J 0.114498 0.641402 0.049786 0.557284 0.943301 0.000000
325 J 0.392601 0.835221 0.203724 0.158741 0.301397 0.000000
326 D 0.924484 0.994488 0.368920 0.919846 1.792416 0.000000
327 J 0.994645 0.815526 0.168972 0.313405 -0.061958 0.000000
328 J 0.081348 0.743604 0.223272 0.637693 1.127097 0.000000
329 D 0.338066 0.991183 0.195005 0.699847 0.785212 0.000000
330 E 0.996933 0.347776 0.862533 0.548046 2.909247 0.000000
331 B 0.056107 0.545492 0.902708 0.157083 0.848917 0.000000
332 D 0.858901 0.174834 0.278242 0.884721 1.850543 0.000000
333 J 0.945640 0.949293 0.112919 0.580490 0.698825 0.000000
334 H 0.314585 0.339982 0.201043 0.916607 5.094067 0.000000
335 D 0.309063 0.016164 0.023975 0.267487 1.167966 0.000000
336 A 0.527519 0.784807 0.621869 0.394104 0.790055 0.000000
337 A 0.552588 0.867158 0.561425 0.166712 0.610215 0.000000
338 D 0.082845 0.926404 0.628872 0.171469 0.630322 0.000000
339 D 0.432019 0.512866 0.246083 0.074797 1.155584 0.000000
340 H 0.801248 0.795804 0.780484 0.600435 5.240321 0.000000
341 J 0.222451 0.514992 0.793380 0.331358 0.617216 0.000000
342 D 0.756973 0.334459 0.056016 0.019423 0.074540 0.000000
343 D 0.540072 0.390442 0.023674 0.743545 1.151756 0.000000
344 A 0.490016 0.075161 0.818179 0.413156 1.715982 0.000000
345 H 0.722830 0.404386 0.175228 0.760324 4.871099 0.000000
346 H 0.453357 0.106970 0.121005 0.673525 4.783836 0.000000
347 B 0.101209 0.306460 0.266627 0.177513 0.427565 0.000000
348 B 0.598810 0.857968 0.665402 0.274267 4.158793 0.000000
349 G 0.715889 0.357514 0.184318 0.105427 2.462696 0.000000
350 F 0.170709 0.845321 0.247565 0.040844 3.588784 0.000000
351 J 0.732929 0.341101 0.113687 0.779123 0.940488 0.000000
352 E 0.927984 0.820298 0.168972 0.310909 2.423436 0.000000
353 G 0.763296 0.361583 0.096403 0.022917 2.263457 0.000000
354 B 0.076768 0.253316 0.066813 0.102363 0.236658 0.000000
355 B 0.748003 0.210693 0.352188 0.741741 3.945484 0.000000
356 C 0.152146 0.175605 0.084432 0.140278 2.676469 0.000000
357 G 0.033643 0.509463 0.270922 0.312166 3.080033 0.000000
358 E 0.160931 0.762346 0.223272 0.593864 3.088930 0.000000
359 D 0.791976 0.989280 0.011218 0.417481 -0.385347 0.000000
360 A 0.540072 0.247184 0.074739 0.743545 0.778355 0.000000
361 E 0.694939 0.952290 0.596648 0.331446 3.091421 0.000000
362 D 0.261388 0.793693 0.143083 0.620373 0.578888 0.000000
363 G 0.392601 0.835221 0.203724 0.158741 2.881892 0.000000
364 J 0.739583 0.899863 0.114527 0.573577 0.804429 0.000000
365 E 0.101209 0.298701 0.279052 0.179856 2.338069 0.000000
366 J 0.521555 0.887868 0.154420 0.619378 1.074572 0.000000
367 C 0.424513 0.772162 0.195005 0.105684 1.517076 0.000000
368 D 0.571432 0.908918 0.034178 0.261972 0.066512 0.000000
369 E 0.075397 0.167501 0.129446 0.134851 2.176436 0.000000
370 I 0.119482 0.435380 0.240009 0.230206 3.243954 0.000000
371 B 0.994645 0.496426 0.232423 0.271562 -0.045290 0.000000
372 G 0.264092 0.464627 0.529368 0.139550 3.464365 0.000000
373 A 0.080782 0.515124 0.266627 0.177513 0.601738 0.000000
374 J 0.831808 0.976029 0.506719 0.320624 0.372520 0.000000
375 J 0.527289 0.778625 0.759840 0.344678 0.971595 0.000000
376 G 0.945640 0.972769 0.014513 0.529457 1.733467 0.000000
377 D 0.083106 0.511527 0.854275 0.073852 1.265638 0.000000
378 D 0.537716 0.722353 0.581910 0.391866 1.039942 0.000000
379 J 0.702444 0.415383 0.185995 0.394589 0.808484 0.000000
380 I 0.248640 0.612995 0.809739 0.335064 3.639392 0.000000
381 B 0.127256 0.302900 0.019124 0.391312 0.716454 0.000000
382 B 0.338066 0.991183 0.195785 0.699847 2.605972 0.000000
383 E 0.086011 0.845321 0.245888 0.101174 2.697097 0.000000
384 I 0.401021 0.775682 0.363815 0.158741 3.627189 0.000000
385 C 0.774891 0.427297 0.058498 0.779123 2.414986 0.000000
386 J 0.453357 0.136689 0.093742 0.735607 0.639774 0.000000
387 D 0.717067 0.453589 0.513732 0.113748 0.349659 0.000000
388 B 0.258207 0.514992 0.773475 0.331358 2.076535 0.000000
389 J 0.945640 0.318673 0.217796 0.752359 0.723946 0.000000
390 J 0.716469 0.989280 0.050861 0.411336 0.930138 0.000000
391 A 0.480387 0.779428 0.240516 0.234687 0.530127 0.000000
392 J 0.726533 0.432717 0.115808 0.265529 0.602731 0.000000
393 F 0.082845 0.658883 0.628872 0.163508 3.773458 0.000000
394 A 0.488226 0.158494 0.061367 0.546694 1.027229 0.000000
395 E 0.708782 0.926137 0.631764 0.300983 3.068277 0.000000
396 C 0.233058 0.273897 0.161790 0.577712 2.336667 0.000000
397 J 0.552588 0.867158 0.561425 0.166712 0.631154 0.000000
398 B 0.991832 0.302177 0.160982 0.313405 0.073755 0.000000
399 D 0.958087 0.633740 0.114566 0.698319 1.685025 0.000000
400 H 0.803933 0.796608 0.231292 0.668877 4.758957 0.000000
401 G 0.734176 0.341101 0.037434 0.420117 2.354528 0.000000
402 B 0.993023 0.432717 0.132448 0.151213 -0.144318 0.000000
403 J 0.969783 0.962470 0.112929 0.449137 0.238769 0.000000
404 D 0.082845 0.926404 0.761725 0.171469 0.763175 0.000000
405 J 0.529598 0.887868 0.514888 0.615286 1.108293 0.000000
406 J 0.401021 0.775682 0.344684 0.156287 0.312044 0.000000
407 A 0.519081 0.273103 0.134831 0.413156 0.586042 0.000000
408 D 0.738576 0.550906 0.055947 0.338334 -0.150228 0.000000
409 A 0.059030 0.746534 0.221083 0.593864 0.866955 0.000000
410 F 0.001521 0.779428 0.240516 0.235985 3.667044 0.000000
411 J 0.340387 0.311726 0.195489 0.177708 0.504259 0.000000
412 J 0.153374 0.136689 0.084508 0.685892 0.642721 0.000000
413 F 0.994645 0.513198 0.232423 0.271562 4.637307 0.000000
414 F 0.945640 0.949293 0.112919 0.580490 4.351835 0.000000
415 B 0.015740 0.526181 0.561425 0.166712 0.241547 0.000000
416 B 0.063775 0.253316 0.036552 0.419274 0.484924 0.000000
417 J 0.948958 0.727703 0.148178 0.675167 0.696198 0.000000
418 G 0.668078 0.327462 0.683051 0.088048 3.089273 0.000000
419 D 0.745214 0.950977 0.569114 0.177847 -0.056649 0.000000
420 I 0.392601 0.837042 0.186288 0.104180 3.689790 0.000000
421 D 0.994645 0.822616 0.059777 0.313405 1.260964 0.000000
422 B 0.983979 0.510842 0.162090 0.313405 -0.009318 0.000000
423 B 0.716499 0.250133 0.077731 0.114986 3.312637 0.000000
424 D 0.717067 0.453589 0.510788 0.129026 0.347392 0.000000
425 D 0.571432 0.908918 0.034178 0.219922 0.059169 0.000000
426 D 0.790729 0.989280 0.024066 0.776487 0.015328 0.000000
427 I 0.780368 0.302177 0.161127 0.313405 2.904197 0.000000
428 J 0.780657 0.976933 0.052498 0.698319 0.448521 0.000000
429 C 0.726533 0.268636 0.091244 0.265529 2.011631 0.000000
430 D 0.839996 0.633917 0.112788 0.320624 0.396050 0.000000
431 B 0.119482 0.926199 0.258394 0.232660 0.249464 0.000000
432 B 0.989050 0.198086 0.160982 0.314917 0.133750 0.000000
433 J 0.322479 0.964177 0.757024 0.410505 1.100295 0.000000
434 E 0.453357 0.117794 0.123374 0.673525 2.599760 0.000000
435 C 0.497786 0.450243 0.856103 0.070055 1.285193 0.000000
436 D 0.101209 0.949469 0.266142 0.297815 0.243435 0.000000
437 I 0.468636 0.184712 0.066028 0.148252 2.992446 0.000000
438 A 0.552588 0.850386 0.561425 0.171040 0.608395 0.000000
439 D 0.233058 0.494647 0.233231 0.615286 0.894224 0.000000
440 J 0.578578 0.867899 0.160982 0.312166 0.264974 0.000000
441 J 0.571432 0.633102 0.020608 0.347959 0.199964 0.000000
442 I 0.713734 0.980126 0.114566 0.529457 3.839511 0.000000
443 D 0.069426 0.845321 0.245888 0.304214 0.368302 0.000000
444 A 0.035589 0.511923 0.266627 0.171135 0.336564 0.000000
445 J 0.715889 0.413561 0.203431 0.160200 0.707808 0.000000
446 H 0.818196 0.327368 0.167694 0.007009 4.115642 0.000000
447 B 0.012786 0.332756 0.019124 0.391312 0.246181 0.000000
448 D 0.093536 0.406935 0.066784 0.766646 1.019991 0.000000
449 D 0.261388 0.793693 0.120052 0.605115 0.538669 0.000000
450 B 0.831808 0.968593 0.506719 0.251350 1.724198 0.000000
451 J 0.152146 0.065759 0.084432 0.190795 0.283533 0.000000
452 D 0.989050 0.967148 0.550539 0.314917 1.596915 0.000000
453 B 0.016364 0.306701 0.089424 0.404608 0.294066 0.000000
454 I 0.121967 0.649361 0.013442 0.348906 3.425453 0.000000
455 D 0.839996 0.633917 0.098396 0.183725 0.354899 0.000000
456 B 0.063775 0.253316 0.036552 0.377330 0.427267 0.000000
457 E 0.713089 0.955269 0.191288 0.294919 2.725693 0.000000
458 B 0.717067 0.453589 0.500834 0.166301 3.478268 0.000000
459 B 0.741390 0.550906 0.055947 0.311877 3.044047 0.000000
460 B 0.101209 0.958841 0.161768 0.297927 0.164483 0.000000
461 E 0.035589 0.511923 0.305958 0.219957 2.545683 0.000000
462 B 0.782789 0.262586 0.048355 0.255258 2.577423 0.000000
463 B 0.552040 0.919841 0.266627 0.289289 3.693320 0.000000
464 J 0.637203 0.775682 0.071694 0.769968 0.750257 0.000000
465 D 0.969783 0.962470 0.116113 0.449137 1.163953 0.000000
466 B 0.994645 0.506677 0.160982 0.313405 -0.033441 0.000000
467 D 0.679076 0.856206 0.250868 0.088870 -0.256066 0.000000
468 B 0.979824 0.432717 0.132448 0.133860 -0.115656 0.000000
469 J 0.392601 0.835221 0.203724 0.029511 0.297422 0.000000
470 A 0.577457 0.935977 0.076482 0.178858 0.258758 0.000000
471 B 0.152266 0.504722 0.066813 0.102363 0.502546 0.000000
472 B 0.158249 0.332756 0.024958 0.237611 0.711357 0.000000
473 B 0.716892 0.727703 0.127445 0.691151 3.834782 0.000000
474 D 0.785204 0.432717 0.132593 0.141389 0.182871 0.000000
475 B 0.782260 0.201883 0.140498 0.305294 2.684811 0.000000
476 A 0.080995 0.526181 0.509394 0.153416 0.846254 0.000000
477 J 0.568956 0.909934 0.265130 0.229259 0.381277 0.000000
478 D 0.745214 0.950977 0.569114 0.314746 -0.031094 0.000000
479 A 0.571432 0.908918 0.034178 0.261972 0.206826 0.000000
480 F 0.349274 0.990101 0.027830 0.420572 3.539856 0.000000
481 J 0.401021 0.775682 0.344684 0.228845 0.320211 0.000000
482 B 0.994645 0.496426 0.226644 0.271562 -0.047943 0.000000
483 I 0.791976 0.989280 0.001726 0.417481 3.731022 0.000000
484 D 0.069363 0.529491 0.265356 0.205227 0.684169 0.000000
485 A 0.571432 0.908918 0.031313 0.171100 0.164606 0.000000
486 J 0.996328 0.996020 0.163488 0.318051 -0.009413 0.000000
487 J 0.127770 0.258408 0.160982 0.182582 0.600255 0.000000
488 D 0.417244 0.255066 0.330865 0.167907 1.497062 0.000000
489 J 0.717067 0.453589 0.510788 0.129026 0.833448 0.000000
490 H 0.983979 0.346252 0.162090 0.313405 4.400369 0.000000
491 C 0.050416 0.398716 0.025440 0.043477 3.150710 0.000000
492 J 0.784729 0.815526 0.172352 0.313405 0.093612 0.000000
493 D 0.744331 0.403751 0.043129 0.902453 0.691916 0.000000
494 J 0.790729 0.989280 0.024066 0.775762 0.503519 0.000000
495 D 0.688915 0.641402 0.527879 0.254583 0.225346 0.000000
496 G 0.994645 0.259436 0.160982 0.313405 2.095959 0.000000
497 B 0.020973 0.865109 0.258394 0.386361 0.060689 0.000000
498 G 0.780832 0.976933 0.028451 0.659385 2.136539 0.000000
499 B 0.119482 0.926199 0.296033 0.232660 0.270332 0.000000
500 B 0.015740 0.526181 0.561425 0.156033 0.234829 0.000000
501 C 0.119482 0.920773 0.296033 0.310426 3.283474 0.000000
502 E 0.015740 0.543055 0.561425 0.688027 3.261542 0.000000
503 C 0.791976 0.989280 0.024066 0.417481 2.765381 0.000000
504 D 0.754293 0.334459 0.024111 0.019423 0.033983 0.000000
505 J 0.766861 0.432717 0.133715 0.089205 0.073777 0.000000
506 C 0.571432 0.850964 0.034178 0.269892 1.533748 0.000000
507 A 0.989555 0.952225 0.076600 0.150810 0.602523 0.000000
508 B 0.958116 0.306701 0.134103 0.420792 0.361575 0.000000
509 B 0.969783 0.525751 0.247164 0.308188 0.075434 0.000000
510 B 0.571432 0.641402 0.003027 0.194927 3.727144 0.000000
511 A 0.567006 0.867909 0.160982 0.312166 0.325773 0.000000
512 A 0.625695 0.942840 0.022788 0.310388 0.672478 0.000000
513 E 0.982043 0.423465 0.226644 0.006776 1.740881 0.000000
514 C 0.991325 0.275676 0.113146 0.313405 3.171813 0.000000
515 B 0.773807 0.633102 0.008472 0.281238 2.543862 0.000000
516 B 0.907431 0.987423 0.066907 0.230206 0.311600 0.000000
517 D 0.991818 0.978724 0.160982 0.448866 1.260728 0.000000
518 D 0.571432 0.924645 0.020397 0.244137 0.033576 0.000000
519 C 0.005692 0.198086 0.160982 0.388586 3.160959 0.000000
520 D 0.812894 0.377502 0.571719 0.320996 0.890077 0.000000
521 I 0.141840 0.073233 0.160982 0.192966 3.035000 0.000000
522 J 0.977109 0.999625 0.162090 0.313405 0.118606 0.000000
523 F 0.996328 0.995215 0.199347 0.317500 4.398642 0.000000
524 H 0.119482 0.994328 0.264136 0.232660 4.470600 0.000000
525 D 0.779080 0.922188 0.227041 0.240744 -0.234039 0.000000
526 H 0.050854 0.529491 0.202704 0.234399 4.431166 0.000000
527 E 0.600169 0.710829 0.127445 0.169689 2.414808 0.000000
528 A 0.633672 0.908918 0.034178 0.261972 0.707207 0.000000
529 B 0.079856 0.253316 0.066813 0.102363 0.249610 0.000000
530 D 0.679076 0.856206 0.249746 0.105304 -0.256722 0.000000
531 E 0.784729 0.805180 0.178923 0.313405 2.537272 0.000000
532 F 0.576326 0.415433 0.008342 0.179261 3.957124 0.000000
533 A 0.048451 0.415550 0.087770 0.077979 0.149507 0.000000
534 A 0.023281 0.496857 0.546684 0.156033 0.579709 0.000000
535 E 0.994645 0.510842 0.168868 0.313405 2.079135 0.000000
536 J 0.043121 0.865099 0.258394 0.370608 0.867101 0.000000
537 I 0.994645 0.844552 0.177569 0.174117 3.252175 0.000000
538 A 0.396543 0.835221 0.203724 0.231806 1.278149 0.000000
539 B 0.695153 0.948109 0.569977 0.171469 3.510339 0.000000
540 F 0.571441 0.950977 0.580981 0.177847 3.786046 0.000000
541 B 0.110006 0.928048 0.011218 0.417481 0.348571 0.000000
542 G 0.969798 0.254128 0.036694 0.292485 1.976588 0.000000
543 I 0.679614 0.625662 0.546446 0.255018 3.373859 0.000000
544 B 0.920126 0.252773 0.019124 0.317643 0.605851 0.000000
545 D 0.746260 0.989897 0.150923 0.188683 -0.510179 0.000000
546 A 0.988288 0.586705 0.084432 0.311132 1.041611 0.000000
547 J 0.798604 0.498086 0.050861 0.417481 -0.096561 0.000000
548 J 0.101209 0.950216 0.271268 0.298365 0.998040 0.000000
549 J 0.738576 0.403386 0.085285 0.338334 0.454262 0.000000
550 B 0.157049 0.989280 0.021837 0.776487 1.209143 0.000000
551 A 0.743130 0.962455 0.569114 0.288808 2.426288 0.000000
552 E 0.015740 0.533031 0.561425 0.405550 2.970700 0.000000
553 D 0.765551 0.922188 0.236315 0.239747 -0.287350 0.000000
554 D 0.851351 0.652129 0.247164 0.308188 0.609847 0.000000
555 D 0.798372 0.334459 0.056016 0.023163 0.282121 0.000000
556 E 0.722071 0.415550 0.088460 0.024741 1.931166 0.000000
557 E 0.576826 0.996020 0.163488 0.234551 2.784082 0.000000
558 E 0.994645 0.507599 0.159173 0.271581 2.031508 0.000000
559 D 0.785204 0.432717 0.132591 0.141389 0.182870 0.000000
560 J 0.569681 0.816692 0.049942 0.219922 0.270671 0.000000
561 H 0.666474 0.856206 0.223140 0.409781 4.507095 0.000000
562 E 0.962103 0.962470 0.169351 0.449137 2.670622 0.000000
563 F 0.776902 0.641472 0.034178 0.261972 4.149639 0.000000
564 D 0.754293 0.323145 0.024111 0.146117 0.048409 0.000000
565 B 0.999039 0.121321 0.160982 0.282054 0.119959 0.000000
566 J 0.977109 0.999625 0.015039 0.313405 0.072278 0.000000
567 I 0.033643 0.513360 0.160982 0.312166 3.313772 0.000000
568 B 0.015740 0.526415 0.561425 0.156033 0.234712 0.000000
569 D 0.738576 0.561842 0.055947 0.338334 -0.161163 0.000000
570 B 0.741034 0.987167 0.020608 0.179526 2.705270 0.000000
571 G 0.779692 0.433671 0.132593 0.092727 2.228842 0.000000
572 D 0.672384 0.851452 0.164398 0.300435 -0.289735 0.000000
573 D 0.688915 0.641402 0.590497 0.256810 0.288401 0.000000
574 B 0.570116 0.951960 0.066350 0.069663 3.508668 0.000000
575 H 0.979773 0.496426 0.213322 0.758623 4.864697 0.000000
576 J 0.800688 0.433675 0.067255 0.417481 -0.121479 0.000000
577 B 0.791976 0.989280 0.041227 0.178643 2.015190 0.000000
578 B 0.948178 0.510842 0.162090 0.314402 0.209491 0.000000
579 B 0.990462 0.317775 0.160982 0.313405 0.068855 0.000000
580 B 0.061645 0.958841 0.028387 0.294729 -0.033685 0.000000
581 G 0.045232 0.727703 0.126756 0.695700 3.144320 0.000000
582 A 0.984837 0.876029 0.047961 0.171557 0.696848 0.000000
583 B 0.993130 0.495504 0.234232 0.313386 0.003569 0.000000
584 B 0.966632 0.432717 0.132450 0.133860 -0.049240 0.000000
585 J 0.793726 0.911952 0.035097 0.417481 0.075236 0.000000
586 D 0.890097 0.989280 0.131218 0.096575 0.486898 0.000000
587 D 0.994645 0.815526 0.112550 0.313405 1.320826 0.000000
588 J 0.561391 0.429368 0.133715 0.074574 0.225145 0.000000
589 B 0.993023 0.444031 0.170870 0.024550 -0.182332 0.000000
590 B 0.786786 0.840988 0.168052 0.314727 2.318576 0.000000
591 H 0.553795 0.924645 0.167681 0.244137 4.298908 0.000000
592 H 0.024603 0.865109 0.258394 0.386361 4.640062 0.000000
593 D 0.571432 0.897220 0.034178 0.261972 0.078209 0.000000
594 D 0.745214 0.940125 0.569114 0.177847 -0.045798 0.000000
595 J 0.576659 0.633266 0.150923 0.357117 0.208814 0.000000
596 B 0.948790 0.509888 0.160982 0.288187 0.175380 0.000000
597 B 0.995153 0.280416 0.272751 0.118275 -0.032183 0.000000
598 D 0.694939 0.953371 0.569114 0.169242 -0.069607 0.000000
599 A 0.078186 0.206948 0.034640 0.250664 0.202708 0.000000
600 J 0.797076 0.908902 0.074492 0.289426 0.030501 0.000000
601 B 0.030058 0.444031 0.170944 0.029327 -0.017571 0.000000
602 A 0.998495 0.510842 0.154178 0.143758 0.996152 0.000000
603 J 0.672904 0.858675 0.157223 0.302510 0.795840 0.000000
604 C 0.791976 0.989280 0.024066 0.417481 2.765381 0.000000
605 D 0.512165 0.931285 0.074011 0.244137 0.402091 0.000000
606 J 0.797098 0.891668 0.058500 0.409334 0.063476 0.000000
607 C 0.854659 0.428182 0.022356 0.285774 2.831692 0.000000
608 D 0.694939 0.948109 0.559432 0.183515 -0.072694 0.000000
609 A 0.750159 0.923487 0.031295 0.224329 1.880410 0.000000
610 J 0.979890 0.984668 0.013451 0.113449 0.009208 0.000000
611 D 0.994914 0.881316 0.227041 0.237823 1.352622 0.000000
612 H 0.802391 0.433675 0.067255 0.313196 4.303722 0.000000
613 B 0.689152 0.432717 0.132450 0.084737 3.465303 0.000000
614 B 0.995153 0.280416 0.159153 0.118275 -0.081246 0.000000
615 H 0.741608 0.851508 0.571450 0.157941 4.590149 0.000000
616 J 0.986559 0.432717 0.132448 0.151213 -0.214614 0.000000
617 D 0.563201 0.726146 0.083424 0.256767 0.347885 0.000000
618 D 0.687919 0.980416 0.150923 0.339954 -0.465500 0.000000
619 E 0.991832 0.295954 0.160982 0.306329 1.924342 0.000000
620 D 0.994645 0.984889 0.162593 0.271562 1.190749 0.000000
621 A 0.711537 0.950977 0.569114 0.297864 2.151213 0.000000
622 E 0.566640 0.841249 0.569114 0.179892 2.878390 0.000000
623 D 0.765551 0.922188 0.236315 0.270725 -0.281288 0.000000
624 A 0.977599 0.865109 0.258321 0.382329 1.111268 0.000000
625 I 0.738649 0.374530 0.030931 0.315764 2.948535 0.000000
626 B 0.684477 0.929895 0.576291 0.167166 3.607541 0.000000
627 C 0.996944 0.495504 0.158940 0.313386 3.297377 0.000000
628 C 0.687496 0.555143 0.055947 0.338334 1.913795 0.000000
629 H 0.798766 0.989280 0.011218 0.297574 4.134552 0.000000
630 I 0.040742 0.962099 0.133715 0.089205 3.937529 0.000000
631 D 0.790729 0.989280 0.036009 0.764447 0.005829 0.000000
632 D 0.575566 0.333235 0.023508 0.015565 0.587892 0.000000
633 B 0.977043 0.209852 0.163289 0.333817 0.192407 0.000000
634 I 0.776141 0.558102 0.160982 0.309703 3.127563 0.000000
635 E 0.991537 0.815526 0.216070 0.428345 2.493334 0.000000
636 D 0.939227 0.334459 0.056016 0.019423 1.469758 0.000000
637 B 0.994645 0.275676 0.274580 0.313405 0.131538 0.000000
638 J 0.798604 0.607422 0.050861 0.417481 -0.046985 0.000000
639 D 0.682682 0.955675 0.250868 0.090195 -0.365901 0.000000
640 B 0.793726 0.911952 0.035097 0.417481 2.285777 0.000000
641 J 0.725299 0.898777 0.051194 0.739896 1.163268 0.000000
642 D 0.746270 0.664233 0.055947 0.187064 -0.279639 0.000000
643 J 0.969783 0.525751 0.259939 0.308188 0.075840 0.000000
644 I 0.758059 0.438941 0.186396 0.112715 2.995868 0.000000
645 D 0.996650 0.500112 0.175695 0.318051 1.703767 0.000000
646 F 0.990462 0.317775 0.160982 0.314718 4.717106 0.000000
647 H 0.755242 0.942625 0.034178 0.268684 4.145886 0.000000
648 H 0.994645 0.496426 0.232423 0.323016 4.446564 0.000000
649 A 0.992445 0.924645 0.149222 0.244137 0.707579 0.000000
650 B 0.644231 0.377180 0.133086 0.151213 3.785972 0.000000
651 J 0.791791 0.648040 0.110044 0.417481 0.012446 0.000000
652 E 0.714590 0.763281 0.127445 0.697557 2.917547 0.000000
653 B 0.993023 0.444031 0.015702 0.024550 -0.211282 0.000000
654 B 0.061645 0.981267 0.028387 0.294729 -0.044898 0.000000
655 D 0.921410 0.404122 0.135586 0.147844 1.350080 0.000000
656 B 0.994645 0.506677 0.160982 0.245594 -0.103693 0.000000
657 F 0.978276 0.984668 0.013451 0.113449 4.318062 0.000000
658 B 0.775732 0.773426 0.024066 0.784525 3.254146 0.000000
659 B 0.730587 0.550906 0.059848 0.338136 3.200378 0.000000
660 D 0.735912 0.892356 0.137697 0.266645 -0.434078 0.000000
661 C 0.679076 0.856206 0.250868 0.098922 2.021896 0.000000
662 B 0.779080 0.922188 0.255701 0.240744 2.350450 0.000000
663 D 0.745214 0.950977 0.569114 0.314212 -0.031253 0.000000
664 D 0.746255 0.921314 0.569114 0.334497 0.007293 0.000000
665 B 0.996328 0.996020 0.159170 0.320385 -0.272959 0.000000
666 J 0.694939 0.854892 0.580383 0.300628 1.052038 0.000000
667 B 0.726435 0.980416 0.131958 0.132353 2.863384 0.000000
668 D 0.745214 0.940125 0.584680 0.177847 -0.030232 0.000000
669 C 0.783434 0.432717 0.097585 0.251047 2.449390 0.000000
670 G 0.696707 0.996159 0.495886 0.183515 2.505168 0.000000
671 I 0.030058 0.406176 0.170944 0.029327 3.169979 0.000000
672 I 0.679076 0.856206 0.248509 0.118738 3.606020 0.000000
673 E 0.735818 0.922188 0.245194 0.302589 2.707414 0.000000
674 G 0.979824 0.432717 0.132448 0.133860 1.956262 0.000000
675 D 0.800688 0.433675 0.067255 0.417481 0.282289 0.000000
676 D 0.798789 0.946480 0.023560 0.483537 -0.246566 0.000000
677 D 0.994105 0.244838 0.193347 0.111787 1.942040 0.000000
678 D 0.791976 0.989280 0.141005 0.417481 -0.255560 0.000000
679 J 0.797076 0.908902 0.042064 0.289426 0.019450 0.000000
680 J 0.768558 0.958495 0.565980 0.170451 0.377951 0.000000
681 B 0.996257 0.496426 0.226644 0.271562 -0.050162 0.000000
682 F 0.993130 0.505073 0.239347 0.313386 4.651294 0.000000
683 D 0.996441 0.815526 0.167452 0.378155 1.401722 0.000000
684 D 0.574096 0.594113 0.023570 0.339391 0.375312 0.000000
685 D 0.786778 0.323145 0.024111 0.165311 0.194598 0.000000
686 J 0.983979 0.516308 0.161887 0.313405 -0.117676 0.000000
687 D 0.571432 0.908918 0.034178 0.220457 0.059247 0.000000
688 B 0.745228 0.693864 0.055947 0.227272 2.841204 0.000000
689 J 0.995153 0.245173 0.163470 0.042498 -0.339626 0.000000
690 D 0.672384 0.949931 0.153131 0.169048 -0.421768 0.000000
691 A 0.939762 0.432717 0.151415 0.341461 1.801497 0.000000
692 F 0.994645 0.496426 0.230724 0.159935 4.619476 0.000000
693 A 0.752525 0.334459 0.024111 0.000348 1.379208 0.000000
694 F 0.986559 0.443791 0.132448 0.151213 4.618280 0.000000
695 D 0.746260 0.989897 0.142045 0.189124 -0.519010 0.000000
696 B 0.759777 0.951159 0.092336 0.270725 2.573538 0.000000
697 J 0.571240 0.924645 0.019959 0.033550 0.272194 0.000000
698 B 0.994678 0.247333 0.132450 0.118193 -0.071832 0.000000
699 F 0.978578 0.984668 0.013889 0.249032 4.320413 0.000000
700 A 0.967102 0.432847 0.272751 0.133942 1.541365 0.000000
701 I 0.765551 0.922188 0.161913 0.270725 3.669933 0.000000
702 B 0.926374 0.539226 0.077188 0.038461 0.206841 0.000000
703 I 0.797134 0.878325 0.137697 0.266606 3.554907 0.000000
704 I 0.996209 0.980416 0.150505 0.339954 3.518045 0.000000
705 C 0.711751 0.556172 0.051570 0.410564 2.061239 0.000000
706 J 0.709428 0.432052 0.132593 0.088825 0.713682 0.000000
707 D 0.951699 0.439020 0.131033 0.141902 1.522694 0.000000
708 D 0.995729 0.496426 0.056063 0.179117 1.560075 0.000000
709 D 0.842182 0.994250 0.068141 0.154190 -0.019020 0.000000
710 E 0.745214 0.950977 0.569114 0.097700 2.788064 0.000000
711 E 0.997580 0.496426 0.238655 0.407067 2.186732 0.000000
712 B 0.061645 0.958841 0.133116 0.151454 -0.138008 0.000000
713 J 0.797714 0.943244 0.050861 0.417481 0.081530 0.000000
714 D 0.801484 0.498086 0.202850 0.174226 0.291380 0.000000
715 B 0.679076 0.856206 0.262692 0.105304 3.386804 0.000000
716 D 0.974171 0.920868 0.165903 0.240744 1.196320 0.000000
717 J 0.670515 0.991113 0.586243 0.211391 0.911547 0.000000
718 B 0.061645 0.897016 0.246760 0.094746 -0.091411 0.000000
719 B 0.985430 0.989280 0.024066 0.417481 -0.144927 0.000000
720 D 0.992178 0.444031 0.170870 0.090999 1.716309 0.000000
721 B 0.746260 0.483722 0.142045 0.269109 2.989764 0.000000
722 J 0.800688 0.432272 0.067255 0.189724 -0.188115 0.000000
723 I 0.995153 0.335219 0.272751 0.126284 2.654051 0.000000
724 A 0.769330 0.923482 0.219453 0.313563 2.227281 0.000000
725 C 0.672384 0.851452 0.238801 0.300435 2.028896 0.000000
726 B 0.992990 0.253854 0.019998 0.110803 -0.092780 0.000000
727 B 0.996328 0.996020 0.159170 0.320425 -0.272914 0.000000
728 B 0.684344 0.280416 0.159571 0.118275 3.599272 0.000000
729 J 0.994645 0.698344 0.173349 0.300811 -0.105038 0.000000
730 I 0.791976 0.997318 0.141005 0.370832 3.798559 0.000000
731 B 0.798789 0.939793 0.024981 0.475496 2.281439 0.000000
732 F 0.694939 0.969830 0.559432 0.183515 3.938737 0.000000
733 C 0.740519 0.664233 0.226529 0.270175 2.333783 0.000000
734 E 0.958058 0.432717 0.117843 0.412024 2.138608 0.000000
735 I 0.694939 0.948109 0.569114 0.171318 3.828602 0.000000
736 A 0.999739 0.432717 0.027721 0.294488 0.999095 0.000000
737 C 0.746104 0.604237 0.569114 0.177847 2.378859 0.000000
738 D 0.715651 0.949931 0.044715 0.412303 -0.546885 0.000000
739 B 0.863972 0.509130 0.160982 0.245594 1.212057 0.000000
740 B 0.778190 0.246107 0.224608 0.042498 2.577175 0.000000
741 A 0.979088 0.586253 0.144762 0.314202 1.207907 0.000000
742 D 0.658788 0.980107 0.033383 0.290179 -0.499470 0.000000
743 B 0.799754 0.506677 0.112100 0.313405 2.275031 0.000000
744 J 0.653714 0.791449 0.250868 0.015720 0.559441 0.000000
745 F 0.994645 0.992303 0.232423 0.207161 4.382786 0.000000
746 G 0.694939 0.954103 0.555738 0.396999 2.646629 0.000000
747 D 0.746260 0.990435 0.150923 0.180674 -0.511536 0.000000
748 B 0.988977 0.509502 0.163482 0.239589 -0.098450 0.000000
749 B 0.995299 0.444031 0.018044 0.417793 0.105723 0.000000
750 J 0.800755 0.433675 0.067255 0.025216 -0.194242 0.000000
751 D 0.678887 0.919745 0.218573 0.270725 -0.332190 0.000000
752 E 0.996328 0.979154 0.159170 0.312371 2.513674 0.000000
753 D 0.746542 0.989897 0.150923 0.190747 -0.509269 0.000000
754 B 0.658788 0.980107 0.144304 0.290179 3.538548 0.000000
755 D 0.693625 0.855795 0.249183 0.102459 -0.293226 0.000000
756 E 0.995153 0.280416 0.159153 0.119781 1.725641 0.000000
757 D 0.681502 0.801542 0.250868 0.074907 -0.208776 0.000000
758 E 0.994678 0.254458 0.132450 0.118193 1.703783 0.000000
759 J 0.986656 0.438734 0.132448 0.151213 -0.212463 0.000000
760 A 0.746260 0.949305 0.142045 0.189124 1.965478 0.000000
761 D 0.695134 0.929194 0.569114 0.107004 -0.049412 0.000000
762 A 0.746270 0.904205 0.242131 0.187064 2.036282 0.000000
763 C 0.992990 0.275994 0.000627 0.110803 3.137097 0.000000
764 D 0.985794 0.563399 0.163482 0.239589 1.588302 0.000000
765 J 0.669762 0.990849 0.154604 0.190009 0.784714 0.000000
766 B 0.979877 0.432717 0.028826 0.133860 -0.132582 0.000000
767 B 0.078664 0.897016 0.239206 0.094746 -0.027488 0.000000
768 A 0.994645 0.791636 0.139792 0.313405 0.833071 0.000000
769 D 0.800688 0.433584 0.067255 0.042096 0.209692 0.000000
770 I 0.994645 0.702625 0.173349 0.300811 3.053817 0.000000
771 B 0.994637 0.432717 0.132448 0.248792 -0.072093 0.000000
772 C 0.783434 0.432717 0.132593 0.105639 2.438898 0.000000
773 H 0.993023 0.444031 0.005522 0.013804 3.922101 0.000000
774 D 0.790487 0.556694 0.011218 0.417481 0.038206 0.000000
775 D 0.848415 0.958118 0.250868 0.056050 0.251924 0.000000
776 B 0.996328 0.996020 0.159170 0.320386 -0.272959 0.000000
777 D 0.798507 0.946480 0.031790 0.483537 -0.240195 0.000000
778 B 0.735912 0.892356 0.026784 0.266645 2.887098 0.000000
779 D 0.680390 0.874992 0.559995 0.186360 0.036152 0.000000
780 I 0.745214 0.950977 0.569114 0.176341 3.797791 0.000000
781 J 0.789550 0.973202 0.141005 0.426322 0.152067 0.000000
782 C 0.800688 0.429699 0.067255 0.417481 2.556050 0.000000
783 J 0.997875 0.239156 0.163470 0.042498 -0.348971 0.000000
784 D 0.993023 0.501036 0.170870 0.098328 1.661051 0.000000
785 E 0.687724 0.979010 0.150923 0.340815 2.799269 0.000000
786 D 0.740246 0.682215 0.050137 0.239747 -0.309234 0.000000
787 B 0.798604 0.498086 0.050861 0.417481 2.420708 0.000000
788 E 0.740696 0.521713 0.055947 0.338334 2.307885 0.000000
789 D 0.790967 0.948109 0.569114 0.437559 0.218595 0.000000
790 D 0.672384 0.861363 0.164398 0.300435 -0.299647 0.000000
791 I 0.985376 0.989280 0.127692 0.417481 3.553601 0.000000
792 B 0.803193 0.914873 0.306344 0.240744 2.025142 0.000000
793 J 0.983979 0.540198 0.161887 0.313405 -0.107639 0.000000
794 J 0.800755 0.432363 0.187290 0.233231 -0.125527 0.000000
795 E 0.715651 0.989229 0.044715 0.412303 2.840601 0.000000
796 B 0.993032 0.506677 0.160982 0.146084 -0.175924 0.000000
797 F 0.054426 0.980300 0.133116 0.151454 3.530025 0.000000
798 C 0.746260 0.990435 0.163014 0.182381 2.501453 0.000000
799 D 0.740064 0.979985 0.055947 0.338334 -0.576592 0.000000
800 D 0.715779 0.949931 0.027644 0.195170 -0.626636 0.000000
801 E 0.751003 0.989897 0.150376 0.126171 2.549826 0.000000
802 J 0.715651 0.949931 0.179579 0.412303 0.964119 0.000000
803 J 0.986606 0.379002 0.132448 0.151147 -0.240811 0.000000
804 H 0.974404 0.367969 0.067255 0.189724 4.177919 0.000000
805 J 0.999688 0.494355 0.036649 0.443549 -0.197292 0.000000
806 D 0.746270 0.249978 0.055947 0.180384 0.133939 0.000000
807 B 0.797050 0.989280 0.013515 0.417481 2.196176 0.000000
808 I 0.998466 0.955675 0.250868 0.327296 3.497720 0.000000
809 D 0.713800 0.958686 0.024583 0.105625 -0.644173 0.000000
810 D 0.972805 0.444232 0.132448 0.190438 1.627175 0.000000
811 J 0.763403 0.982677 0.027079 0.406621 0.357774 0.000000
812 C 0.797490 0.856460 0.256125 0.075018 2.741423 0.000000
813 I 0.993023 0.444031 0.151056 0.030225 2.712122 0.000000
814 D 0.533642 0.851452 0.132836 0.299745 0.450127 0.000000
815 D 0.995588 0.695827 0.160982 0.150764 1.463065 0.000000
816 B 0.732385 0.990435 0.262728 0.182812 2.875082 0.000000
817 G 0.784940 0.946480 0.081638 0.248079 1.924834 0.000000
818 G 0.991551 0.944867 0.159170 0.316101 1.752810 0.000000
819 J 0.744939 0.516130 0.055947 0.338334 0.410298 0.000000
820 D 0.060664 0.946480 0.130116 0.173046 0.139048 0.000000
821 D 0.749035 0.989551 0.147562 0.301701 -0.485393 0.000000
822 D 0.800755 0.433675 0.067255 0.100461 0.210994 0.000000
823 H 0.724396 0.922188 0.241490 0.250126 4.344316 0.000000
824 J 0.986961 0.961247 0.137697 0.276180 0.003377 0.000000
825 D 0.979782 0.245273 0.164018 0.180508 1.881648 0.000000
826 H 0.837260 0.432363 0.052427 0.191675 4.164281 0.000000
827 E 0.764974 0.889205 0.263975 0.270791 2.630480 0.000000
828 B 0.806058 0.432717 0.028826 0.133860 2.052137 0.000000
829 B 0.795453 0.435552 0.015702 0.008179 2.175930 0.000000
830 F 0.930344 0.659428 0.163470 0.049179 4.415027 0.000000
831 J 0.990877 0.997638 0.157114 0.320425 0.009601 0.000000
832 C 0.664643 0.996020 0.159170 0.051715 1.995273 0.000000
833 D 0.681055 0.855925 0.275672 0.194849 -0.230102 0.000000
834 F 0.706079 0.960027 0.236315 0.239747 3.915481 0.000000
835 B 0.764969 0.972891 0.142045 0.149899 2.407955 0.000000
836 D 0.685833 0.801542 0.248015 0.078880 -0.223201 0.000000
837 D 0.672384 0.921965 0.159141 0.314289 -0.361579 0.000000
838 D 0.687919 0.980416 0.278422 0.302791 -0.349528 0.000000
839 D 0.738576 0.550906 0.063756 0.339024 -0.142181 0.000000
840 B 0.740246 0.487290 0.050137 0.235067 3.010799 0.000000
841 C 0.985430 0.989280 0.024066 0.408936 3.500294 0.000000
842 D 0.675257 0.979985 0.030934 0.473472 -0.482357 0.000000
843 B 0.672882 0.999310 0.153131 0.173333 3.347978 0.000000
844 D 0.977088 0.562020 0.161887 0.302532 1.575527 0.000000
845 B 0.799211 0.958841 0.026566 0.461946 2.244770 0.000000
846 A 0.656014 0.980454 0.048067 0.290179 1.049859 0.000000
847 J 0.678879 0.855795 0.282523 0.027213 0.859440 0.000000
848 D 0.826947 0.989280 0.142692 0.408099 -0.005290 0.000000
849 A 0.734502 0.432717 0.132448 0.149043 1.409268 0.000000
850 G 0.679076 0.856206 0.249746 0.105994 2.365913 0.000000
851 J 0.713800 0.958536 0.167935 0.120235 0.905863 0.000000
852 I 0.996497 0.971857 0.159170 0.320426 3.500744 0.000000
853 J 0.989617 0.844107 0.132448 0.308415 -0.044375 0.000000
854 D 0.779080 0.756010 0.227041 0.240744 -0.067860 0.000000
855 I 0.745502 0.990435 0.142405 0.149341 3.795063 0.000000
856 J 0.806040 0.979705 0.000644 0.443694 0.093746 0.000000
857 D 0.688032 0.692398 0.067255 0.025905 -0.300691 0.000000
858 D 0.746260 0.974302 0.129239 0.188683 -0.516268 0.000000
859 H 0.993023 0.969561 0.146716 0.024550 3.958970 0.000000
860 D 0.676589 0.990350 0.216195 0.417481 -0.345129 0.000000
861 B 0.681246 0.801542 0.246700 0.188115 3.438282 0.000000
862 F 0.684365 0.989761 0.033383 0.419255 3.823594 0.000000
863 D 0.679411 0.856206 0.250868 0.088870 -0.257069 0.000000
864 D 0.685833 0.882815 0.248015 0.078880 -0.304475 0.000000
865 D 0.746542 0.854244 0.062314 0.190747 -0.462225 0.000000
866 B 0.746270 0.664233 0.055947 0.021159 2.743403 0.000000
867 F 0.689370 0.975943 0.048799 0.238740 3.835919 0.000000
868 J 0.675257 0.955064 0.141087 0.473472 0.921930 0.000000
869 E 0.675177 0.921965 0.159141 0.314289 2.726879 0.000000
870 G 0.715779 0.949931 0.027644 0.195170 2.016336 0.000000
871 D 0.747501 0.946652 0.255313 0.093892 -0.365360 0.000000
872 D 0.797160 0.851596 0.025269 0.194849 -0.266285 0.000000
873 J 0.674475 0.852942 0.164398 0.286699 0.806942 0.000000
874 D 0.758925 0.921617 0.236315 0.270725 -0.305801 0.000000
875 A 0.996328 0.996020 0.159170 0.413714 0.732865 0.000000
876 D 0.798507 0.924384 0.024563 0.468931 -0.235264 0.000000
877 H 0.932740 0.996020 0.159170 0.320384 4.274704 0.000000
878 D 0.666294 0.455989 0.164398 0.122269 0.102631 0.000000
879 H 0.694352 0.922188 0.240399 0.217885 4.317094 0.000000
880 A 0.986566 0.379002 0.132580 0.150929 1.242337 0.000000
881 J 0.982063 0.494355 0.036649 0.417336 -0.126430 0.000000
882 D 0.791799 0.433060 0.249746 0.104615 0.336701 0.000000
883 J 0.997875 0.239156 0.163470 0.066509 -0.348754 0.000000
884 D 0.746260 0.361544 0.011338 0.189124 -0.021363 0.000000
885 D 0.797791 0.919745 0.154511 0.270725 -0.188641 0.000000
886 D 0.807897 0.432272 0.071424 0.050103 0.265396 0.000000
887 I 0.793938 0.979626 0.011218 0.288405 3.712679 0.000000
888 I 0.708414 0.929235 0.055947 0.338334 3.704647 0.000000
889 J 0.995153 0.232039 0.163470 0.042498 -0.346906 0.000000
890 D 0.693625 0.991042 0.249183 0.102459 -0.428473 0.000000
891 B 0.993023 0.490758 0.245279 0.190568 -0.104591 0.000000
892 F 0.738795 0.683356 0.152261 0.340961 4.103976 0.000000
893 B 0.986559 0.432717 0.030661 0.151213 -0.145765 0.000000
894 H 0.987391 0.506677 0.160982 0.146084 4.196753 0.000000
895 D 0.684216 0.989551 0.143117 0.298004 -0.485943 0.000000
896 D 0.682683 0.964153 0.274218 0.483537 -0.238711 0.000000
897 E 0.766958 0.892356 0.137697 0.266948 2.577525 0.000000
898 D 0.679010 0.950502 0.153131 0.169048 -0.443770 0.000000
899 B 0.715651 0.949931 0.044715 0.318975 3.134726 0.000000
900 B 0.996724 0.990284 0.259571 0.342020 -0.202694 0.000000
901 D 0.730256 0.854244 0.062314 0.190747 -0.490637 0.000000
902 J 0.798789 0.920333 0.023560 0.073132 -0.009364 0.000000
903 J 0.758925 0.925822 0.236315 0.270725 0.417779 0.000000
904 D 0.693625 0.991042 0.249183 0.065813 -0.429263 0.000000
905 D 0.746110 0.882815 0.248015 0.068074 -0.312769 0.000000
906 D 0.797865 0.682215 0.050137 0.186653 -0.068339 0.000000
907 E 0.997405 0.239156 0.163470 0.066509 1.651442 0.000000
908 D 0.679411 0.857112 0.250700 0.179814 -0.253031 0.000000
909 D 0.671548 0.996020 0.160191 0.320386 -0.429834 0.000000
910 J 0.996422 0.979795 0.152014 0.320425 -0.017317 0.000000
911 I 0.703327 0.948292 0.160762 0.529428 3.810412 0.000000
912 D 0.746260 0.989897 0.142045 0.271701 -0.505717 0.000000
913 I 0.745919 0.666817 0.055947 0.187064 3.247598 0.000000
914 D 0.765551 0.952518 0.236315 0.270940 -0.311570 0.000000
915 D 0.684216 0.989551 0.144125 0.300413 -0.484288 0.000000
916 D 0.679076 0.932337 0.250868 0.204332 -0.324367 0.000000
917 H 0.788565 0.920020 0.025269 0.194849 4.060146 0.000000
918 D 0.713800 0.958686 0.024583 0.104998 -0.644194 0.000000
919 D 0.751994 0.980416 0.278422 0.422831 -0.289008 0.000000
920 A 0.715521 0.989551 0.029924 0.197152 1.633102 0.000000
921 D 0.931265 0.989084 0.085145 0.417481 0.860171 0.000000
922 A 0.995793 0.657567 0.067255 0.025905 0.776396 0.000000
923 A 0.715651 0.977403 0.046712 0.404658 1.765930 0.000000
924 D 0.694098 0.989280 0.141005 0.417481 -0.464119 0.000000
925 B 0.663687 0.946652 0.255313 0.093892 3.429278 0.000000
926 D 0.995153 0.257048 0.163470 0.453262 1.993362 0.000000
927 F 0.746542 0.989897 0.150923 0.190747 3.941057 0.000000
928 D 0.690364 0.990350 0.216195 0.454240 -0.361332 0.000000
929 I 0.658788 0.980107 0.097772 0.251169 3.842210 0.000000
930 F 0.746260 0.989897 0.150923 0.241777 3.948265 0.000000
931 A 0.997890 0.245173 0.133193 0.042498 1.227714 0.000000
932 D 0.746260 0.989276 0.151091 0.089730 -0.515384 0.000000
933 B 0.997266 0.955675 0.249848 0.090195 -0.395993 0.000000
934 B 0.734659 0.996210 0.157926 0.338334 2.953217 0.000000
935 D 0.675229 0.981624 0.023189 0.169048 -0.592963 0.000000
936 A 0.735912 0.892356 0.137697 0.184067 1.840699 0.000000
937 H 0.765551 0.922188 0.236315 0.239747 4.320393 0.000000
938 D 0.683965 0.989275 0.150923 0.336672 -0.465500 0.000000
939 D 0.642991 0.920172 0.153131 0.168832 -0.265514 0.000000
940 A 0.690793 0.861363 0.163390 0.298025 1.442782 0.000000
941 D 0.746260 0.974302 0.129239 0.073220 -0.522593 0.000000
942 D 0.797903 0.687638 0.218573 0.270725 0.108259 0.000000
943 J 0.672384 0.894567 0.251300 0.301062 0.831559 0.000000
944 I 0.772644 0.989280 0.011218 0.297441 3.751386 0.000000
945 C 0.749293 0.938613 0.145286 0.299719 2.508407 0.000000
946 B 0.996328 0.996216 0.160231 0.361163 -0.222934 0.000000
947 G 0.683852 0.230775 0.169984 0.042498 2.586385 0.000000
948 C 0.694559 0.783922 0.247196 0.110105 2.077835 0.000000
949 A 0.797857 0.921965 0.159141 0.314289 2.252137 0.000000
950 C 0.688003 0.856206 0.249746 0.105230 2.074621 0.000000
951 E 0.997875 0.235745 0.164696 0.066509 1.649842 0.000000
952 D 0.718691 0.989897 0.142096 0.271701 -0.539719 0.000000
953 G 0.703512 0.979985 0.163154 0.368488 2.208278 0.000000
954 F 0.684229 0.885160 0.307308 0.078880 3.885931 0.000000
955 D 0.681946 0.982254 0.144237 0.183281 -0.491639 0.000000
956 H 0.684216 0.989272 0.270218 0.298004 4.418972 0.000000
957 E 0.795030 0.978358 0.024066 0.110374 2.466423 0.000000
958 D 0.711569 0.965922 0.033939 0.118600 -0.640571 0.000000
959 D 0.758897 0.989551 0.146945 0.435841 -0.400253 0.000000
960 I 0.740246 0.951171 0.149867 0.211683 3.733637 0.000000
961 H 0.998126 0.837484 0.169845 0.040884 4.026409 0.000000
962 J 0.687758 0.990185 0.214859 0.339954 0.975791 0.000000
963 D 0.738734 0.993670 0.019790 0.166031 -0.663020 0.000000
964 A 0.671176 0.229673 0.258149 0.302791 0.735288 0.000000
965 A 0.642360 0.229701 0.033383 0.290179 0.282834 0.000000
966 A 0.679076 0.932337 0.250868 0.204332 1.422460 0.000000
967 D 0.693840 0.999071 0.249183 0.093984 -0.437167 0.000000
968 C 0.997226 0.937820 0.262753 0.314289 3.551339 0.000000
969 D 0.739981 0.979985 0.077198 0.255781 -0.577492 0.000000
970 D 0.658709 0.920071 0.250133 0.112838 -0.245345 0.000000
971 D 0.741453 0.990979 0.024583 0.104998 -0.653815 0.000000
972 F 0.715651 0.949931 0.143312 0.412303 3.938660 0.000000
973 E 0.791976 0.993048 0.236204 0.422649 2.851023 0.000000
974 D 0.730256 0.851510 0.062314 0.446154 -0.406035 0.000000
975 E 0.721422 0.992007 0.322009 0.417481 2.946100 0.000000
976 D 0.747501 0.948552 0.254087 0.093892 -0.368485 0.000000
977 J 0.746260 0.990435 0.150872 0.180674 0.572342 0.000000
978 B 0.641847 0.970625 0.027983 0.468319 3.832675 0.000000
979 D 0.673987 0.947586 0.153131 0.169048 -0.424874 0.000000
980 J 0.748530 0.989551 0.127231 0.305815 0.556203 0.000000
981 D 0.746260 0.989554 0.137918 0.089730 -0.528836 0.000000
982 D 0.743206 0.989897 0.150923 0.416232 -0.451785 0.000000
983 J 0.748492 0.958144 0.141598 0.190776 0.529778 0.000000
984 D 0.749062 0.901569 0.132637 0.302498 -0.412044 0.000000
985 D 0.679010 0.681522 0.053401 0.153291 -0.275749 0.000000
986 D 0.733215 0.261916 0.055940 0.191774 0.098887 0.000000
987 D 0.690525 0.814296 0.152259 0.424946 -0.266556 0.000000
988 H 0.683037 0.981624 0.193813 0.196173 4.242143 0.000000
989 D 0.998054 0.976740 0.145000 0.042498 1.166176 0.000000
990 I 0.998378 0.968181 0.163470 0.019877 3.443054 0.000000
991 D 0.715779 0.976844 0.027644 0.223020 -0.649891 0.000000
992 D 0.714471 0.955675 0.254584 0.088686 -0.411860 0.000000
993 H 0.662429 0.958817 0.146236 0.090195 4.096381 0.000000
994 B 0.709370 0.892356 0.140073 0.268966 3.188242 0.000000
995 D 0.694290 0.990686 0.228477 0.260346 -0.433537 0.000000
996 D 0.685813 0.956981 0.168601 0.337011 -0.420220 0.000000
997 A 0.746260 0.974302 0.030646 0.073220 1.838825 0.000000
998 D 0.746110 0.882815 0.020529 0.062970 -0.540321 0.000000
999 D 0.735060 0.992411 0.216195 0.162075 -0.471608 0.000000
1000 D 0.663663 0.949784 0.140715 0.342148 -0.366330 0.000000
1001 F 0.714696 0.989897 0.141480 0.182780 3.883868 0.000000
1002 D 0.746260 0.994694 0.150923 0.213135 -0.512011 0.000000
1003 D 0.672384 0.996459 0.144548 0.123254 -0.479837 0.000000
1004 F 0.747663 0.963166 0.207181 0.080477 3.944270 0.000000
1005 D 0.693555 0.956981 0.169889 0.075231 -0.474217 0.000000
1006 J 0.684339 0.979877 0.144125 0.290286 0.917849 0.000000
1007 D 0.713800 0.958686 0.024583 0.354361 -0.600854 0.000000
1008 I 0.681946 0.993257 0.144237 0.183281 3.854426 0.000000
1009 D 0.714798 0.955675 0.240497 0.088686 -0.426040 0.000000
1010 D 0.743206 0.989891 0.150631 0.301434 -0.496793 0.000000
1011 J 0.693623 0.963033 0.165727 0.165455 0.940111 0.000000
1012 D 0.758897 0.976810 0.031163 0.435841 -0.503295 0.000000
1013 B 0.675257 0.979985 0.030934 0.481054 3.676895 0.000000
1014 E 0.746260 0.990435 0.150923 0.180674 2.608582 0.000000
1015 C 0.673987 0.947586 0.153131 0.169048 2.040028 0.000000
1016 F 0.689529 0.979941 0.150292 0.073220 3.833522 0.000000
1017 B 0.749062 0.901569 0.132637 0.302498 2.778777 0.000000
1018 D 0.746935 0.859223 0.062314 0.190747 -0.466237 0.000000
1019 E 0.695329 0.990637 0.234894 0.260346 2.757564 0.000000
1020 D 0.800965 0.994390 0.143251 0.120118 -0.271589 0.000000
1021 D 0.691044 0.989618 0.153199 0.271701 -0.498743 0.000000
1022 D 0.746260 0.989919 0.151091 0.191859 -0.509687 0.000000
1023 D 0.999680 0.991629 0.134538 0.107692 1.143833 0.000000
1024 G 0.738739 0.996272 0.140111 0.266645 2.063959 0.000000
1025 F 0.715779 0.949931 0.027644 0.195170 3.885178 0.000000
1026 D 0.747215 0.949931 0.045280 0.418646 -0.506844 0.000000
1027 F 0.739981 0.989836 0.077198 0.362041 3.928823 0.000000
1028 H 0.711569 0.965922 0.033939 0.118600 4.000985 0.000000
1029 D 0.740051 0.989480 0.041270 0.089483 -0.638801 0.000000
1030 D 0.685884 0.983559 0.247895 0.322572 -0.372395 0.000000
1031 D 0.658664 0.989781 0.098736 0.300306 -0.440614 0.000000
1032 A 0.740064 0.996039 0.055947 0.116966 1.842699 0.000000
1033 D 0.683965 0.989703 0.378714 0.336672 -0.238137 0.000000
1034 D 0.729929 0.854244 0.076402 0.190747 -0.476885 0.000000
1035 D 0.539426 0.989557 0.143408 0.412802 0.335161 0.000000
1036 D 0.693842 0.990778 0.365803 0.102459 -0.312011 0.000000
1037 F 0.715779 0.989585 0.135417 0.223020 3.890157 0.000000
1038 J 0.749035 0.989551 0.147562 0.294119 0.552298 0.000000
1039 D 0.649314 0.996020 0.210519 0.330180 -0.283850 0.000000
1040 D 0.640201 0.981624 0.023189 0.169048 -0.442607 0.000000
1041 C 0.744650 0.967591 0.136370 0.339954 2.496545 0.000000
1042 A 0.746110 0.866269 0.129335 0.033794 1.863176 0.000000
1043 D 0.734668 0.987036 0.216195 0.162075 -0.466798 0.000000
1044 D 0.745221 0.974351 0.122821 0.188683 -0.525205 0.000000
1045 D 0.691944 0.958441 0.022356 0.402362 -0.555234 0.000000
1046 D 0.679010 0.950780 0.141977 0.245659 -0.445208 0.000000
1047 D 0.746542 0.989254 0.150923 0.088618 -0.514870 0.000000
1048 B 0.718691 0.947157 0.142096 0.271701 3.072198 0.000000
1049 D 0.735907 0.888628 0.017428 0.166031 -0.565009 0.000000
1050 D 0.739570 0.932968 0.033939 0.118600 -0.589566 0.000000
1051 D 0.715779 0.976844 0.000326 0.223020 -0.677209 0.000000
1052 B 0.658788 0.990309 0.033383 0.292140 3.515844 0.000000
1053 D 0.746344 0.989897 0.142512 0.271418 -0.505109 0.000000
1054 D 0.684216 0.989551 0.143483 0.184161 -0.505795 0.000000
1055 G 0.741453 0.990979 0.026784 0.094155 1.928958 0.000000
1056 B 0.675229 0.981624 0.023288 0.169048 3.315868 0.000000
1057 G 0.644221 0.989551 0.143117 0.298004 2.300725 0.000000
1058 D 0.765297 0.990284 0.059439 0.157209 -0.543247 0.000000
1059 D 0.746260 0.974233 0.129239 0.088784 -0.522217 0.000000
1060 D 0.687919 0.955621 0.150923 0.325319 -0.445563 0.000000
1061 J 0.713800 0.958813 0.024583 0.354361 0.902583 0.000000
1062 A 0.675064 0.974351 0.122883 0.188683 1.284993 0.000000
1063 D 0.746208 0.989551 0.128622 0.302494 -0.511298 0.000000
1064 D 0.695495 0.989554 0.137865 0.089730 -0.542186 0.000000
1065 A 0.705706 0.965428 0.019889 0.096910 1.477232 0.000000
1066 D 0.718650 0.982631 0.015475 0.271701 -0.659076 0.000000
1067 A 0.654037 0.950073 0.022163 0.192344 0.924332 0.000000
1068 C 0.746107 0.994694 0.150923 0.213135 2.505059 0.000000
1069 A 0.744973 0.956152 0.148961 0.276939 2.008547 0.000000
1070 F 0.690313 0.950283 0.171002 0.082066 3.852603 0.000000
1071 D 0.746812 0.990274 0.150923 0.088618 -0.515227 0.000000
1072 D 0.738821 0.993670 0.019790 0.167617 -0.662733 0.000000
1073 D 0.746260 0.989914 0.039003 0.190955 -0.621870 0.000000
1074 D 0.759028 0.989628 0.153199 0.424402 -0.399966 0.000000
1075 D 0.715911 0.974302 0.129239 0.172992 -0.551694 0.000000
1076 D 0.683965 0.989275 0.168987 0.336672 -0.447436 0.000000
1077 D 0.739981 0.979987 0.077198 0.253819 -0.577876 0.000000
1078 D 0.743122 0.989891 0.150164 0.301717 -0.497364 0.000000
1079 D 0.746542 0.989897 0.150889 0.307000 -0.487309 0.000000
1080 D 0.730256 0.879016 0.060114 0.201590 -0.516357 0.000000
1081 D 0.677940 0.958686 0.024483 0.105625 -0.580991 0.000000
1082 D 0.740196 0.980176 0.212703 0.331712 -0.422006 0.000000
1083 D 0.746260 0.989966 0.142045 0.189124 -0.519078 0.000000
1084 B 0.713800 0.987054 0.024583 0.066569 2.948194 0.000000
1085 I 0.746260 0.989791 0.151091 0.191859 3.800877 0.000000
1086 C 0.742541 0.996459 0.144487 0.123254 2.469189 0.000000
1087 H 0.749087 0.990435 0.150867 0.179881 4.167154 0.000000
1088 E 0.681946 0.982254 0.144290 0.183281 2.646978 0.000000
1089 G 0.681119 0.980479 0.030928 0.473472 2.185045 0.000000
1090 F 0.735948 0.889220 0.144139 0.144334 3.965023 0.000000
1091 D 0.561496 0.963370 0.027837 0.405187 0.114966 0.000000
1092 D 0.746263 0.848335 0.020529 0.062970 -0.505471 0.000000
1093 D 0.738616 0.989276 0.047411 0.089730 -0.635069 0.000000
1094 D 0.750177 0.922241 0.061201 0.189209 -0.522035 0.000000
1095 C 0.796141 0.992346 0.216195 0.162075 2.817083 0.000000
1096 D 0.733683 0.932968 0.033939 0.117014 -0.598999 0.000000
1097 A 0.740051 0.989464 0.092469 0.266701 1.932383 0.000000
1098 I 0.690913 0.990776 0.031163 0.297078 3.825988 0.000000
1099 D 0.746001 0.949931 0.044715 0.427994 -0.505364 0.000000
1100 G 0.728654 0.995520 0.151132 0.191859 2.086672 0.000000
1101 D 0.746542 0.990238 0.150923 0.190747 -0.509609 0.000000
1102 F 0.746260 0.959765 0.023868 0.181009 3.931162 0.000000
1103 D 0.791989 0.979574 0.055947 0.332578 -0.366809 0.000000
1104 B 0.675229 0.981624 0.161836 0.170164 3.342253 0.000000
1105 B 0.741453 0.979677 0.025221 0.106487 2.663323 0.000000
1106 D 0.746689 0.964926 0.142045 0.271701 -0.479699 0.000000
1107 D 0.747215 0.949931 0.026798 0.404171 -0.532677 0.000000
1108 I 0.744566 0.907462 0.129239 0.165944 3.638548 0.000000
1109 D 0.740672 0.989251 0.047180 0.037861 -0.632136 0.000000
1110 D 0.745060 0.975833 0.123080 0.188683 -0.526806 0.000000
1111 D 0.695886 0.989551 0.141431 0.184161 -0.533796 0.000000
1112 H 0.713800 0.979136 0.245872 0.356180 4.447943 0.000000
1113 D 0.730256 0.885458 0.060114 0.200373 -0.522947 0.000000
1114 D 0.745522 0.949392 0.129239 0.088784 -0.499142 0.000000
1115 D 0.746676 0.993653 0.137918 0.074424 -0.532229 0.000000
1116 D 0.738734 0.993670 0.019790 0.166483 -0.662982 0.000000
1117 D 0.718062 0.982212 0.019837 0.189124 -0.667604 0.000000
1118 D 0.746260 0.989914 0.163959 0.191872 -0.496813 0.000000
1119 D 0.715779 0.990369 0.145175 0.262402 -0.538910 0.000000
1120 D 0.716577 0.988903 0.135315 0.302494 -0.537816 0.000000
1121 D 0.677940 0.994274 0.024483 0.107644 -0.616509 0.000000
1122 G 0.815595 0.882815 0.020529 0.087642 1.818972 0.000000
1123 J 0.691944 0.958441 0.022240 0.402362 0.948141 0.000000
1124 D 0.739570 0.932618 0.033939 0.118600 -0.589216 0.000000
1125 C 0.715651 0.964862 0.044715 0.412303 2.286720 0.000000
1126 D 0.713800 0.986693 0.151652 0.104998 -0.545132 0.000000
1127 G 0.740034 0.960213 0.129239 0.086969 2.049856 0.000000
1128 D 0.746260 0.989276 0.027721 0.088614 -0.638782 0.000000
1129 D 0.739981 0.985223 0.076560 0.252331 -0.584036 0.000000
1130 J 0.718221 0.981878 0.015475 0.271701 0.854354 0.000000
1131 E 0.713800 0.995478 0.043065 0.127642 2.563367 0.000000
1132 D 0.736253 0.974218 0.017428 0.173079 -0.649456 0.000000
1133 E 0.763241 0.990310 0.059670 0.143790 2.539539 0.000000
1134 A 0.733845 0.931486 0.033681 0.117014 1.728116 0.000000
1135 D 0.711569 0.965922 0.035992 0.118600 -0.638518 0.000000
1136 D 0.718691 0.988327 0.016332 0.268831 -0.664542 0.000000
1137 D 0.769263 0.989221 0.077198 0.256998 -0.494658 0.000000
1138 D 0.716517 0.974772 0.020234 0.195170 -0.659002 0.000000
1139 E 0.746260 0.974302 0.129239 0.203546 2.609248 0.000000
1140 D 0.814115 0.993670 0.142019 0.167617 -0.174971 0.000000
1141 D 0.746260 0.989919 0.151091 0.190942 -0.509788 0.000000
1142 D 0.746260 0.976910 0.008754 0.212983 -0.636417 0.000000
1143 D 0.768052 0.977492 0.020973 0.134752 -0.558908 0.000000
1144 J 0.746260 0.959329 0.150923 0.211116 0.566303 0.000000
1145 J 0.746865 0.990274 0.150923 0.063946 0.558350 0.000000
1146 D 0.643317 0.989254 0.146823 0.088618 -0.346664 0.000000
1147 G 0.695495 0.989554 0.137865 0.089730 2.147864 0.000000
1148 D 0.747963 0.989643 0.150798 0.262434 -0.494441 0.000000
1149 I 0.733683 0.990672 0.033939 0.118557 3.787987 0.000000
1150 D 0.714490 0.974555 0.129364 0.166789 -0.552024 0.000000
1151 I 0.738734 0.993670 0.020122 0.094419 3.787705 0.000000
1152 D 0.733683 0.982845 0.107022 0.104966 -0.576239 0.000000
1153 C 0.739992 0.958441 0.022375 0.402362 2.425382 0.000000
1154 B 0.715779 0.972988 0.045577 0.223020 3.025292 0.000000
1155 D 0.746167 0.989278 0.064314 0.088614 -0.602417 0.000000
1156 D 0.718650 0.999691 0.015475 0.271701 -0.676136 0.000000
1157 C 0.783757 0.990376 0.151794 0.308282 2.752500 0.000000
1158 D 0.700971 0.872878 0.020529 0.062970 -0.552106 0.000000
1159 I 0.715862 0.974555 0.120619 0.166339 3.786397 0.000000
1160 D 0.735875 0.993049 0.142096 0.271701 -0.529331 0.000000
1161 G 0.738616 0.989276 0.047411 0.089730 1.956803 0.000000
1162 I 0.715955 0.949787 0.044715 0.165098 3.725981 0.000000
1163 B 0.727742 0.974218 0.017428 0.173079 2.859429 0.000000
1164 D 0.718691 0.988327 0.016265 0.269111 -0.664548 0.000000
1165 D 0.768052 0.943652 0.020973 0.103554 -0.526405 0.000000
1166 G 0.719787 0.989862 0.039610 0.105625 1.992706 0.000000
1167 D 0.739666 0.985223 0.076560 0.254686 -0.584169 0.000000
1168 A 0.758388 0.958686 0.024483 0.261350 1.961970 0.000000
1169 D 0.680860 0.994274 0.019818 0.049689 -0.631018 0.000000
1170 D 0.710290 0.932618 0.033939 0.078192 -0.607704 0.000000
1171 D 0.746260 0.976910 0.031241 0.212983 -0.613930 0.000000
1172 D 0.711569 0.987342 0.144419 0.161623 -0.548957 0.000000
1173 D 0.746676 0.993653 0.137918 0.075727 -0.532207 0.000000
1174 D 0.733035 0.989554 0.137604 0.161794 -0.550135 0.000000
1175 D 0.713800 0.936816 0.151652 0.079640 -0.495907 0.000000
1176 E 0.682903 0.946739 0.055927 0.338334 2.748197 0.000000
1177 D 0.635060 0.932968 0.033939 0.118600 -0.359209 0.000000
1178 F 0.813177 0.989479 0.041270 0.089483 4.037062 0.000000
1179 A 0.777842 0.949931 0.026798 0.404171 2.143703 0.000000
1180 J 0.759174 0.994768 0.013405 0.166031 0.350546 0.000000
1181 F 0.675229 0.981624 0.023189 0.169048 3.803682 0.000000
1182 J 0.714407 0.976844 0.008351 0.223020 0.866310 0.000000
1183 E 0.718723 0.885049 0.017428 0.226208 2.546702 0.000000
1184 H 0.740672 0.989251 0.047180 0.037861 3.923479 0.000000
1185 B 0.701250 0.974446 0.129259 0.420197 3.404095 0.000000
1186 D 0.738951 0.993670 0.019790 0.156395 -0.663385 0.000000
1187 D 0.739981 0.979985 0.077266 0.255501 -0.577479 0.000000
1188 A 0.651880 0.949931 0.006717 0.134073 0.865592 0.000000
1189 D 0.568386 0.959803 0.058987 0.104998 0.042389 0.000000
1190 E 0.765611 0.962413 0.014996 0.154853 2.517567 0.000000
1191 B 0.713800 0.958686 0.024583 0.104998 2.975464 0.000000
1192 D 0.678264 0.884392 0.024583 0.354361 -0.464275 0.000000
1193 D 0.715142 0.982212 0.022473 0.189124 -0.664622 0.000000
1194 A 0.695495 0.989554 0.164712 0.089051 1.537164 0.000000
1195 D 0.739981 0.979987 0.075218 0.294678 -0.570620 0.000000
1196 D 0.716577 0.988903 0.176161 0.302494 -0.496970 0.000000
1197 D 0.695886 0.915044 0.033005 0.121108 -0.572186 0.000000
1198 G 0.797727 0.974772 0.020234 0.193866 1.814803 0.000000
1199 D 0.841711 0.974273 0.024333 0.172992 -0.045486 0.000000
1200 D 0.726436 0.989759 0.125888 0.087354 -0.572204 0.000000
1201 C 0.733465 0.988316 0.016332 0.268831 2.394844 0.000000
1202 D 0.739570 0.928317 0.033939 0.118600 -0.584915 0.000000
1203 D 0.740051 0.989892 0.041270 0.089289 -0.639218 0.000000
1204 J 0.815564 0.958686 0.024632 0.088478 0.047660 0.000000
1205 D 0.647806 0.979987 0.077198 0.128074 -0.427798 0.000000
1206 D 0.736253 0.998525 0.000332 0.521554 -0.554171 0.000000
1207 D 0.718746 0.900777 0.011884 0.184242 -0.594611 0.000000
1208 A 0.739666 0.985223 0.076560 0.254686 1.904691 0.000000
1209 D 0.745434 0.988148 0.015827 0.171032 -0.647213 0.000000
1210 E 0.715141 0.980003 0.027644 0.092871 2.511074 0.000000
1211 D 0.713800 0.958686 0.024583 0.272639 -0.625086 0.000000
1212 D 0.733522 0.985279 0.107022 0.035536 -0.579999 0.000000
1213 D 0.685764 0.989520 0.035289 0.119299 -0.622524 0.000000
1214 D 0.739570 0.980268 0.020615 0.118600 -0.650190 0.000000
1215 J 0.741453 0.990979 0.042556 0.093192 0.598280 0.000000
1216 H 0.739981 0.979985 0.077266 0.255501 4.172867 0.000000
1217 H 0.800288 0.888628 0.008102 0.134817 3.986108 0.000000
1218 F 0.705164 0.981959 0.068003 0.190955 3.859363 0.000000
1219 D 0.720440 0.982650 0.018189 0.169048 -0.671378 0.000000
1220 D 0.715779 0.949524 0.024571 0.195170 -0.629302 0.000000
1221 D 0.746260 0.976910 0.031241 0.151763 -0.620096 0.000000
1222 E 0.800147 0.985223 0.076560 0.252331 2.616446 0.000000
1223 J 0.711569 0.965395 0.035605 0.156774 0.879369 0.000000
1224 F 0.746096 0.993670 0.063250 0.083611 3.914889 0.000000
1225 D 0.677940 0.994718 0.025459 0.107644 -0.615978 0.000000
1226 D 0.718756 0.989287 0.046239 0.097852 -0.654082 0.000000
1227 D 0.677940 0.958686 0.042507 0.105625 -0.562967 0.000000
1228 D 0.733683 0.932547 0.033939 0.117208 -0.598570 0.000000
1229 I 0.746260 0.989276 0.027672 0.105761 3.773796 0.000000
1230 C 0.738821 0.996930 0.019790 0.174945 2.431745 0.000000
1231 F 0.691944 0.973962 0.001309 0.162534 3.829499 0.000000
1232 D 0.739381 0.991441 0.079061 0.378938 -0.550519 0.000000
1233 I 0.715582 0.993670 0.019790 0.166483 3.807465 0.000000
1234 D 0.719517 0.977089 0.009191 0.269111 -0.660309 0.000000
1235 D 0.696524 0.911884 0.033005 0.253664 -0.555604 0.000000
1236 D 0.718650 0.999691 0.015475 0.353424 -0.652048 0.000000
1237 D 0.740833 0.989251 0.047180 0.107291 -0.630641 0.000000
1238 D 0.711569 0.981489 0.124537 0.086655 -0.566558 0.000000
1239 G 0.739005 0.974772 0.033558 0.107972 1.949849 0.000000
1240 D 0.710290 0.926560 0.027667 0.078192 -0.607917 0.000000
1241 H 0.768052 0.977492 0.021357 0.244806 4.100619 0.000000
1242 D 0.746429 0.973849 0.023235 0.189124 -0.621362 0.000000
1243 D 0.673439 0.981606 0.014913 0.303151 -0.572240 0.000000
1244 A 0.713800 0.959093 0.033104 0.104998 1.566543 0.000000
1245 A 0.680860 0.994790 0.019818 0.049689 1.233516 0.000000
1246 D 0.739981 0.982870 0.077198 0.255781 -0.580377 0.000000
1247 D 0.738951 0.993670 0.019790 0.039699 -0.667148 0.000000
1248 D 0.738805 0.996403 0.029908 0.171034 -0.655082 0.000000
1249 C 0.715779 0.976399 0.000200 0.223020 2.274878 0.000000
1250 H 0.675229 0.981624 0.023189 0.208666 4.085703 0.000000
