1 -0.15231767542916 0
2 1.00734611596015 0
3 0.02068035674753 0
4 0.02642576621839 0
5 1.26195188310261 0
6 9.07171964560645 0
7 -2.48521826061319 0
8 -3.77881503606226 0
9 -0.56726636597818 0
10 -4.37465594408722 0
11 -4.39131266299838 0
12 -5.39737907266370 0
13 -3.39607615921133 0
14 -4.25031463314686 0
15 -4.19166654783079 0
16 -6.08884034743537 0
17 -7.10730512505226 0
18 -6.41009972400720 0
19 -11.54621953388004 0
20 -15.21781576263879 0
21 -12.62711776949683 0
22 -15.22597663863925 0
23 -6.96003973569299 0
24 -7.18812370767867 0
25 -3.28493685620099 0
26 -12.76824753890188 0
27 0.87586435256401 0
28 -19.41839630957244 0
29 -14.06815029514902 0
30 -10.88960960565731 0
31 -19.35936661177491 0
32 -16.10721581026344 0
33 -19.51080334638974 0
34 -12.47124608880389 0
35 -15.77915261226247 0
36 11.00426816381590 0
37 -3.37084172797722 0
38 -2.82032024255042 0
39 -14.12133632410513 0
40 19.03318194628767 0
41 -10.86068764576019 0
42 -16.89956971162822 0
43 -32.50822534131269 0
44 -9.64305212435281 0
45 -24.84709827042484 0
46 -8.31701277949584 0
47 -10.58363700555809 0
48 -31.18639205709853 0
49 -6.96194607131434 0
50 -26.51479548172547 0
51 -5.94923222893908 0
52 -14.23256279839560 0
53 -19.16710012229524 0
54 -11.53010455993962 0
55 -26.80282148255077 0
56 -21.35458086697077 0
57 -31.12666844893687 0
58 -21.90059562318126 0
59 -5.46246429171241 0
60 0.62746720898196 0
61 -0.01386239254215 0
62 0.06834473617775 0
63 0.00341998147430 0
64 -0.27113676084824 0
65 -0.00495608072907 0
66 -0.13895327609094 0
67 -0.00258061379980 0
68 -1.35711065181505 0
69 -0.00177639047952 0
70 0.08502638809797 0
71 8.88172835333247 0
72 -2.57982639138502 0
73 2.45352289728703 0
74 1.36915715401125 0
75 1.77566547377861 0
76 -4.02730363088955 0
77 0.80386130643840 0
78 -4.53345151078296 0
79 11.10906726640662 0
80 -4.72486070059839 0
81 20.94346697801783 0
82 -10.24019741838229 0
83 -2.89356547295534 0
84 -8.55756554286065 0
85 -3.02416258015472 0
86 10.76798650463940 0
87 -1.25290343000706 0
88 -0.60130027045609 0
89 -1.11421484098180 0
90 0.34483129606603 0
91 -7.84850281222971 0
92 -0.12172776713121 0
93 4.39343265228884 0
94 0.70246305161280 0
95 -0.81287025329256 0
96 1.72085675368413 0
97 19.90539066493619 0
98 -7.61968330951647 0
99 1.36350504378236 0
100 2.01431607524415 0
101 -2.41212906724022 0
102 -6.01892186463107 0
103 14.41062027900244 0
104 28.01953588117194 0
105 14.56155534763404 0
106 -2.87909493510081 0
107 1.39367459328191 0
108 -5.89574839652790 0
109 18.12881721704719 0
110 -7.95494866789971 0
111 5.43726922189237 0
112 3.02633130160596 0
113 3.10732711832614 0
114 -1.18176970696267 0
115 -4.00545358855815 0
116 7.46073686594082 0
117 4.46437858773083 0
118 3.94073062772401 0
119 -6.15838052762619 0
120 41.87572315343743 0
121 -3.73150300009865 0
122 26.00206207640641 0
123 -6.53570384717576 0
124 13.16055372056095 0
125 28.38838421304859 0
126 -3.47450310831706 0
127 10.31468919669700 0
128 -7.32150176899138 0
129 2.12123436095287 0
130 18.87975964352206 0
131 37.58489255649214 0
132 -15.30356050070274 0
133 -10.90342059895986 0
134 -6.82083782427455 0
135 -3.08277792263073 0
136 1.94907578632185 0
137 -11.16234283938229 0
138 -5.47811165208188 0
139 -1.62311244983574 0
140 -5.42497023647294 0
141 -35.49369019871092 0
142 -24.76079622091146 0
143 -23.42147419723530 0
144 -3.74893753040615 0
145 -56.14578409811543 0
146 -11.50207404810789 0
147 -18.58465316812080 0
148 7.06359800877140 0
149 45.08712286693656 0
150 -14.05426303425939 0
151 13.86144734746364 0
152 1.80839194840697 0
153 3.30979385311119 0
154 -22.90783365624405 0
155 6.65818670517815 0
156 -14.74275315691454 0
157 0.46626121687035 0
158 0.98206943637882 0
159 -41.12472650501268 0
160 -4.66247259063905 0
161 20.82164266447646 0
162 -2.00828781117704 0
163 5.62852750426134 0
164 -25.60742995924911 0
165 -26.54100370135479 0
166 23.81527225721988 0
167 -6.84073288341198 0
168 20.67233922099297 0
169 -11.45771707244169 0
170 -28.74013218812881 0
171 11.54073513009747 0
172 37.91559152457320 0
173 -4.44827278136496 0
174 17.87735011457437 0
175 68.65215441628072 0
176 0.80664085871889 0
177 0.13226915086510 0
178 -0.02148412662617 0
179 -0.04316359225465 0
180 0.22464166411375 0
181 0.18287700396688 0
182 -0.00323212356136 0
183 -0.02017590080048 0
184 -0.77956513853775 0
185 2.33004304704939 0
186 0.36763791040514 0
187 -3.58707802550577 0
188 12.23202427749545 0
189 0.05446352409170 0
190 -3.06170786589031 0
191 0.08289445459425 0
192 -6.55386743670436 0
193 -4.19580868479260 0
194 8.44387167181099 0
195 1.13981972615294 0
196 -1.11865195751731 0
197 -3.41493800008360 0
198 7.83946286828279 0
199 3.61860416973851 0
200 13.08528658906138 0
201 -10.98054538500937 0
202 -11.97689588990420 0
203 -11.24060926822592 0
204 -5.41643632786539 0
205 -7.12452578979749 0
206 -12.20380345155442 0
207 -8.72515184521290 0
208 -16.15011780704582 0
209 -5.83896601004116 0
210 -4.22193297496664 0
211 -2.74743806377750 0
212 -5.73484979770227 0
213 1.04003817399768 0
214 9.86938879538319 0
215 0.57173024612966 0
216 7.21703038211879 0
217 3.38781947911796 0
218 2.28459062145499 0
219 1.36548967736879 0
220 -10.45383052204011 0
221 2.53255639431161 0
222 2.67569698467320 0
223 1.34272870428297 0
224 6.33341846052957 0
225 2.90739443395882 0
226 7.02206197151874 0
227 6.18032936720423 0
228 -6.41433406901017 0
229 12.59608840101671 0
230 -7.23529695362657 0
231 15.40020303162881 0
232 17.31295387419655 0
233 -14.77527706490022 0
234 -12.48206497314930 0
235 -20.92038128021537 0
236 12.20682230054984 0
237 -2.11244392197248 0
238 0.30771490369181 0
239 -18.20085537550263 0
240 8.03263827666669 0
241 15.82979492486774 0
242 2.93371386062648 0
243 4.69555111543655 0
244 2.62566159816561 0
245 2.96361813661305 0
246 -16.46455419062552 0
247 22.08960953071498 0
248 3.62983263821247 0
249 22.21818905560680 0
250 5.62290763647168 0
251 11.27909619323948 0
252 7.32795110498542 0
253 10.01084918014288 0
254 6.61044519921537 0
255 -2.19458548276890 0
256 21.27305406336060 0
257 16.26344379634296 0
258 67.40021443472298 0
259 -25.58166479323001 0
260 -23.81331109619288 0
261 -1.72037019715183 0
262 -10.65205159470699 0
263 2.59988474221149 0
264 -6.40080142299043 0
265 -2.60723436848884 0
266 3.54467427598011 0
267 -17.81570336363278 0
268 5.82780393003873 0
269 24.38337483147231 0
270 19.80704134503898 0
271 4.48605794250299 0
272 -12.12356005170416 0
273 19.59823423300947 0
274 5.22320545674400 0
275 6.28243081241272 0
276 1.38074336973962 0
277 31.60948881101413 0
278 10.79844450892005 0
279 11.09059888675506 0
280 12.63950797585341 0
281 20.66636782693943 0
282 54.15449944027143 0
283 32.44527511121873 0
284 -24.61004047296356 0
285 -17.87792759685210 0
286 -14.14840266163814 0
287 5.51616287754124 0
288 -34.35098401623079 0
289 18.59384254868441 0
290 5.05560616664569 0
291 -21.23125472447469 0
292 2.72620850985437 0
293 1.53006352505900 0
294 1.83640043087492 0
295 0.00800904229845 0
296 0.00535946922531 0
297 -0.02890899922259 0
298 2.97091999513374 0
299 -0.21868918537169 0
300 -8.57221088533543 0
301 -3.27663304311059 0
302 14.85315394225880 0
303 -2.84613225389826 0
304 1.28095225548656 0
305 -0.08889427495269 0
306 1.45911936411463 0
307 2.44111328607301 0
308 1.16178522101936 0
309 4.07593478782439 0
310 8.14938184436600 0
311 2.18327912434297 0
312 5.95144667935123 0
313 -2.17176669127237 0
314 -4.37662521067922 0
315 -16.85554207350563 0
316 -16.02280384041199 0
317 -1.70487574340685 0
318 -9.59654397641524 0
319 -3.92707985085309 0
320 -8.51321052695792 0
321 5.51652345495613 0
322 2.31036395930562 0
323 13.87201380464792 0
324 5.37727501406703 0
325 -2.48594495971403 0
326 -12.33638764788336 0
327 1.23713537805129 0
328 -25.20084515668584 0
329 -1.74473844195011 0
330 18.62266115902287 0
331 -0.09261275302959 0
332 -9.02327619814910 0
333 -12.34233739855975 0
334 8.51447550685241 0
335 -2.05895153556716 0
336 -9.62988868811275 0
337 12.20108224858292 0
338 7.73256720763000 0
339 -9.74590077910323 0
340 7.28583416515511 0
341 4.80406774660464 0
342 8.66664044838321 0
343 25.40039544632396 0
344 35.25038747131981 0
345 41.89213142596464 0
346 -18.90133082129370 0
347 31.92011216087779 0
348 -29.64467049318530 0
349 11.45520610973132 0
350 30.00021114174212 0
351 -18.78907316362204 0
352 30.00117979962708 0
353 18.00000000000000 0
354 13.78628277475149 0
355 -7.99552836547013 0
356 -32.00000000000000 0
357 -2.00000000000000 0
358 -17.72710307034668 0
359 32.00000000000000 0
360 32.00000000000000 0
361 32.00000000000000 0
362 32.00000000000000 0
363 15.61433640483173 0
364 -2.22572061382558 0
365 -32.00000000000000 0
366 32.00000000000000 0
367 32.00000000000000 0
368 14.24214589456116 0
369 18.00000000000000 0
370 -32.00000000000000 0
371 18.00000000000000 0
372 32.00000000000000 0
373 -49.15212759104622 0
374 2.14654719419341 0
375 -4.18467426656460 0
376 18.00000000000000 0
377 10.25206832859145 0
378 -1.26488365124049 0
379 16.28591295802558 0
380 17.18599319083464 0
381 -7.31292436576264 0
382 -8.06241749943086 0
383 -2.71302484287675 0
384 -1.99971163640924 0
385 -42.37297132538909 0
386 -21.68157097220939 0
387 -5.23406438936259 0
388 -46.86167466494292 0
389 9.09915527187432 0
390 -32.00000000000000 0
391 -27.11631396487376 0
392 -45.61425372891124 0
393 -2.00000000000000 0
394 -12.23747266119133 0
395 -32.00000000000000 0
396 5.78272283245609 0
397 -4.82053778335870 0
398 19.93355152259255 0
399 -7.39538495895944 0
400 -11.26963062492845 0
401 -2.36427453491513 0
