1  -0                       -5                        3                       -3.9587298900584526606    0.93952844822302683525   5.8309688256359946124    0                     
2  -0                       -4                        1                        1.7414889109045006421   -4.9998475684411465281  112.27605335818901722    1670.7082853433355467    
3  -0                       -3                        1                       -2.0655138361420282145    8.725440169411115221   2302.2076003267011401     593787.42572654620744      
4  -0                       -3                        3                       -1.293601971392892569     4.3071930355967928961   34.087497268057695976   107.33756176962937445   
5  -0                       -3                        8                       -1.4761566701056803019    3.003602117608206612   -16.11730902651913766      0                     
6  -0                       -2                        3                       -4.911226579721836849     0.27419255749652915455 126.37907162426274965      0                     
7  -0                       -2                        6                       -1.7125454063183962461    1.8111500699192166763  -15.929068571974895008     0                     
8  -0                       -2                        8                        9.8075929375941850452   -2.0457214285306912771  3894.3296707842105207     8052775.2206248994917       
9  -0                       -2                        9                        4.0445386223691848215    0.98059395934468973621  25.456093864302125951   49714.925261530574062     
10  -0                       -1                       -4                        5.4753976919584435024    7.0872057558333505511  1098.9326623325187029     81603573935.664733887           
11  -0                       -0                        0                        7.94673926460247948     -0.23279548735655719582 1521.0839792156573367     5845614.0187505157664       
12  -0                       -0                        1                        2.9179038751679247099   -1.1827334213821987241  -23.177733438077343209   5447.5705451868234377    
13  -0                        1                       -5                        2.6908742075857885467    7.9616759258326332827  1494.8293670119619492     1788482233.1324696541          
14  -0                        1                       -1                        8.9916226941886421287    1.334899006298487123   2642.1468281012930674     933209382.37356448174         
15  -0                        1                       -0                        1.3871332254510209125    4.7271892100961849792   76.323753320129085864   195627.56164937920403      
16  -0                        1                        2                        4.1532570252738096883    8.3480716819940301576  1931.1289530473613922     72191183047.421646118           
17  -0                        2                       -3                        2.9501039856462973887    2.5522489012154387922  -51.139268175196498589   60798.296565305099648     
18  -0                        4                       -3                       -2.4306264678786102529    7.8440223722774575776  1414.4471070965514627     45964.062635216876515     
19  -0                        4                        0                        5.6867144612937039483    0.47658627232922867734 293.23591081513586687    380525.73540075513301      
20  -0                        4                        2                       -0.36905710200524399767   9.1435337055901850789  2877.9681946485543449     41694065.454518131912        
21  -0                        5                       -4                        0.15436968151348917644  -0.52236243950723704188   9.6359418090840964766    0                     
22  -0                        5                        4                        6.2072769938240011101    5.8687211954055165108  814.43995852351531539    30834237915.594116211           
23  -0                        5                        6                        7.6107643691289172949    3.1342851664764541653  1246.3328406780160549     2152721820.5908284187          
24  -0                        5                        7                       -4.6129668977653999207    4.8730453837833014319  216.09337992488923419      0                     
25  -0                        6                        5                        6.711379767607754232     5.9612002510393971022  1071.3812351000501621     101680494096.74972534            
26  -0                        7                        3                       -4.8548031760833234571    1.988513292229853846   117.75622840265823754      0                     
27  -0                        8                       -1                        3.3005503249309384728    3.5853518485569750851  -10.98554845648582301    949979.35341146786232      
28  -0                        8                        4                       -1.6412762593667200584    3.1924732262018320483    1.8151226967796336709    0                     
29  -0                        9                       -4                       -4.7139102018424097196    4.9584132545158290384  225.85240380056023923      0                     
30  -0                       10                       -3                        2.2539862115806865717    1.9348208731307687813  -24.424136055247661403   4422.5537405642799058    
31  -0                       10                        0                        2.4816114834560112357    2.4464990045285093245  -23.562412136955352082   18934.819606064345862     
32   1                       -5                        0                        1.9562936660825034352    9.3872801995806565145  3329.7925268000562937     1015292167540927488                     
33   1                       -5                        1                       -0.26305564205233356034   9.1705204613764106369  3025.2708018737121165     5038929503103716                     
34   1                       -5                        9                        4.2423827071586579507   -0.58802924615052276636  65.958845786794000787    11.991431387908626505  
35   1                       -4                       -3                        0.83825319080107174585  -4.4612900288219776712   61.179077034880620545     0                     
36   1                       -4                        3                       -3.1804602494371261301   -1.408896100187882805   -17.971880410353811897     0                     
37   1                       -4                        3                       -2.6597992231603244662    4.5740713059608992808   77.412266090261425688   408875.00797316944227      
38   1                       -4                        4                        6.7959064655741450167   -3.5313852506436838041  796.32564043922741348    24788.711631570266036     
39   1                       -4                        9                        8.1571290582970554794    7.3312968783945073881  2952.9020384299419675     66215458770648481792                     
40   1                       -3                       -4                       -4.0881182252634591379   -2.3628942787933384651    7.9679166617445460474    0                     
41   1                       -3                       -2                       -1.0474908380786631668    7.9241509067230264662  1580.1936921716257984     7174889747571.9814453             
42   1                       -3                       -2                        9.5805017442303945785    1.7132041309664964857  3639.8169736714194187     198437702705.3671875             
43   1                       -3                       -0                        8.2213466677165936147   -1.683714954341695158   1862.2063137469212961     125572.46657526404306      
44   1                       -3                        7                        5.6592020306920627348    2.1281950197993300122  317.77271681493152755    409079465.6107878089          
45   1                       -2                       -4                        8.6688180855263077262    3.9933633952712082049  2393.2220144693842485     292968921562232.1875                
46   1                       -2                       -2                       -3.6412486646886095265    6.0344448719067624864  446.86596641404787533    20736211.717952270061        
47   1                       -2                       -0                       -2.8980919066812127483    3.4298626246791936723  -17.5109476091044165     1193.2241513190285787    
48   1                       -2                        4                       -4.3358311796830575346    6.8062933557215838931  867.99091696872289958    113821222.42417068779         
49   1                       -1                       -4                        3.2751200482191329399   -4.3168189836332615528   46.490161280833902424     0                     
50   1                       -1                        0                        5.056030023194855616     5.4756674065710200239  444.45463517149011068    80134344726127.59375               
51   1                       -1                        1                        2.5528341287124973746    9.8046722167042723584  4029.9860387533849462     17775577094673707008                     
52   1                       -1                        4                        4.8733823631688455436   -0.15893299536288996165 150.87744877767548246    6419.6861550727726353    
53   1                       -0                        2                        9.6623565702471783112    3.7050539102184245621  3818.8404542709445195     674455891978940.75                  
54   1                        0                        4                       -3.3178790151974837386    3.8981742095803308956   32.822661345678341149   4913.9713521774046967    
55   1                        1                        0                       -0.96718922317195410443   8.4638742527886936529  2137.4436780448932041     72973271822698.359375              
56   1                        1                        5                       -2.7257608928917349544    2.3422763286256875759  -15.845910161477636535     0                     
57   1                        1                        8                        5.30206273155334884     -1.4918110498580641199  242.09080430328828015    1662.9864298312600113    
58   1                        1                        9                        8.4420899218465415004   -4.6661602955791536829  2247.4080781708416907     144541.65792307606898      
59   1                        2                       -5                        1.0784123924231190372   -3.4258996264370855656  -11.346216579247940359     0                     
60   1                        2                        9                        6.9032242820186606735    3.7894535705934870862  897.99336564001112038    3793250325249.8886719             
61   1                        3                       -3                        5.7430568458333262072   -0.67074843796685978958 347.43488760492255096    9078.83660198306643      
62   1                        3                       -3                        5.8783808001639279439    2.0632174583252558264  377.22357369762954704    489073196.25211524963         
63   1                        3                        2                        1.020226385914773104     3.3773043150495052345    7.4099405344423043829  5578810.7027919944376       
64   1                        3                        2                        1.6560471584312725923    0.43916249062846457463   2.6670946060389981724    0                     
65   1                        3                        3                       -3.0553130226804210423   -0.89149707829381785729   2.1081297007008972244    0                     
66   1                        3                        4                       -1.3900364027381963972   -3.2608187247721520663    4.5055542924389708759    0                     
67   1                        3                        5                        3.3814171295709485321    9.9537159851551333389  4334.3779602573813463     169214395459702456320.0                   
68   1                        3                        7                        2.290850447251194133     7.4062779711713719877  1186.5882824596769751     717512464278262.5                   
69   1                        4                       -4                        3.7880098466966334314    4.0457208287496388976   56.599285417379675778   20809042941.909816742           
70   1                        4                       -2                        1.1649523460271193898    6.666143502017050082   722.49771419695491659    3909616853585.0898438             
71   1                        4                        8                        3.5413022499022304146   -2.6944181899201167241   20.184834393752737469     0                     
72   1                        4                        9                       -1.1439370510829469652    8.1151775004098141153  1802.8813591706530133     12702574417968.146484              
73   1                        5                       -3                       -2.3687315534820623242   -3.7797406726329914051    7.4082438454795962457    0                     
74   1                        5                        8                        4.6359154016328787407    1.4927833100857172965  127.60904001650074235    4095531.8542523146607       
75   1                        5                        9                        7.0701238239766386329    8.4256242992322931684  3082.3371813742378436     599570262550706257920.0                   
76   1                        6                        7                       -4.4738335088253569083    8.2613657565650893133  2036.2541922236384835     29204404138.954288483           
77   1                        7                       -4                        6.1166325813524036192   -2.3345099470192822722  469.04566771082346577    10437.68200705232266      
78   1                        7                        2                        8.8522756389277681421   -2.2134107799300482     2609.2921475361772536     208874.88740993692772      
79   1                        7                        6                        4.3241930964459189823   -0.99123381608427418854  93.715234252574020957    34.23193510466269629   
80   1                        7                        7                        4.5875531899527537405   -4.1103623626591545559  175.53707626952373744    350.71433348400080376   
81   1                        8                       -4                        7.5295393605040246143    5.3534742698291015728  1519.669643357776522      6918499927289966                     
82   1                        8                       -3                        3.9824436863983141421   -1.1163626214434305695   40.407392919408025023     0                     
83   1                        8                       -0                        7.3725252399762446487    2.563406448644447444   1157.2239178909453585     71900056552.561080933           
84   1                        8                        1                       -0.45129189598171315367   4.1092095063787912324   66.546927140501836107   5492838.7243983633816       
85   1                        8                        8                       -0.9191547294191915185    6.2475943237234830008  566.8586849146493023     11341449046.768421173           
86   1                        8                        8                        1.6738929566354245893   -0.75645889243494135457  27.844208704576534075     0                     
87   1                        8                        9                        0.03413572308005274891  -2.5287683515597061401   28.570891151476693892     0                     
88   1                        9                       -4                        0.38415794879294917763  -0.97550711225613717659  10.368525522470985578     0                     
89   1                        9                       -3                        2.8254782758759064976    3.4723540531546710497    3.3118883456495069595  305761288.64889538288         
90   1                        9                        2                        9.5058885195771889443    0.08212748063777741692 3571.9260349187698012     250610688.27801638842         
91   1                        9                        4                       -4.1412255064261200843    8.6109306427442771081  2384.7420230390762299     229965811407.18783569            
92   1                        9                        5                        5.3751371217507717404    2.6661101450878454955  265.63809088288638804    1995004241.3904557228          
93   1                       10                        2                        7.2581212005946120769   -1.0495270574487576276  1099.5239112331985325     72911.461692494965973     
94   1                       10                        6                        3.0144456214444819153    6.8650012949865786283  858.53059858225208245    349979080458959.75                  
95   2                       -5                        3                        3.4905936603552181197    2.308327757825219706   401.3776885150259659     116768227.28093521297         
96   2                       -4                       -5                        6.2249845976906339473   -2.8290881531147960004  5896.477251682901624      226803584.87257397175         
97   2                       -4                       -2                        4.9572411254600705632    0.39935073882791982669 1643.4687707249431696     907749747.81849980354         
98   2                       -4                       -0                       -1.2201175154000791778   -0.85918403337690563148 -24.844766202225233798     0                     
99   2                       -4                        8                        3.6348200051846966119   -2.762123754490661387   386.98741514558099652    6221.1545613310736371    
100   2                       -3                       -5                        3.8549097151157702967    4.3956747836097314064  1390.9052270891302214     32704855373.87846756            
101   2                       -3                       -5                        7.1826060972974179464   -3.051008758589394354   15202.666200005940482      6717530275.9225158691          
102   2                       -3                       -3                        4.8306200882584366951    2.9291032606011953021  1596.4720061704656473     86254180429.386459351           
103   2                       -3                       -2                       -2.0428446254606464905    9.8905408213125873829  218633.50279007805511       98689.092012314373278     
104   2                       -2                       -2                        6.0020445166439841955    8.1756747181610389674  45074.50049644709361       337225230202930944                     
105   2                       -2                        4                        8.7032429922565910374    5.6232901440940992188  70998.885286789634847      100788128888215912448.0                   
106   2                       -1                       -2                        5.1139687377712608196    6.6190872538832703498  10681.848146094162075      429673924635368.8125                
107   2                       -1                        2                        2.0518920676298186834    6.1185421284145071752  5394.1545064904776154     755842449.30046153069         
108   2                       -1                        5                       -4.3664820155004226976    9.4855349751481625731  146651.03277449778398         0                     
109   2                       -1                        5                        1.8509299216910575225    6.4392815338958229177  7383.7168855678582986     642490760.87893605232         
110   2                       -1                        6                        0.17806170359674400316   5.7696004968065768281  3788.8434337209400837     193138.94535448311944      
111   2                       -1                        7                        3.4503162773769151528    9.7119234503553997229  183570.51854083544458       268832550965996.71875               
112   2                        0                        1                       -4.1628460201534549512   -1.2792415278123789868   94.104727620635230778     0                     
113   2                        0                        2                        9.4136890488056685911   -1.5638922662809240371  136455.19109265640145       988263539165309                     
114   2                        0                        7                        5.3893523066559225754    1.6485941032899056324  2619.3186932678154335     62251804208.098640442           
115   2                        1                       -4                       -0.06075608815084088121   9.3219925194238300037  124650.30154531646986       97691248.450707748532        
116   2                        1                       -3                        7.7849164849344916206   -2.1533620915779287941  27464.678129571530008      450168836036.49731445            
117   2                        1                        4                        2.7614501979112286989    0.75023476409498446316 163.29250343136351376    262284.14180840086192      
118   2                        1                        7                        0.67932658711432658549  -4.5890942172401336663  227.94646699648308186      0                     
119   2                        1                        8                       -2.9050356135016857095   -2.4560667104078612866   -3.4327319985399640245    0                     
120   2                        2                       -4                       -4.541452575354243848     1.2241328874053740705  198.87735799249009006      0                     
121   2                        2                       -1                        3.1325375410477942495    4.1365681924243844492  903.51730087874580022    1082124937.0221683979          
122   2                        2                        2                        8.9039098610970910386    8.2258987262067133628  124919.36446730248281       40982696611168389169152.0                   
123   2                        2                        3                       -0.41418448273422825423  -1.7544090809427221878   -1.0531534032607527962    0                     
124   2                        2                        5                        9.1448036761825903795    5.2704905134929553867  106949.65693715758971       291099186365539287040.0                   
125   2                        2                        9                       -0.99558104353388365837   2.850187640015545476   172.0946445931424762       0                     
126   2                        2                       10                       -1.7626142290426920489    3.6957590999397815779  432.48476944325057048      0                     
127   2                        3                       -0                       -1.4318063241689946707   -3.6056018174871802273   26.020291368123768194     0                     
128   2                        3                        1                        7.5505039393740016607    2.1973241462971371263  21919.328627260187204      1059594777203941.5                   
129   2                        3                        3                        8.022620439963093375    -3.9698116197366761781  34793.291746600429178      30796341438.27538681            
130   2                        3                        4                       -2.8225968929060263335   -2.291825565959286326   -11.415655631192951347     0                     
131   2                        3                        4                        6.94642364074159957      4.2844654461891540365  12900.077022662115269      6146289714187131                     
132   2                        4                       -3                        4.4523240992921220283    4.648134028154457198   2161.1888767179893875     591257605550.0480957             
133   2                        5                        9                        6.6970284804881146101    9.2629339529813581322  127078.61344617465511       47820295853034414080                     
134   2                        6                       -5                        8.9512835330775200049    0.80293020773747247887 86499.392125059472164      17676178437588784                     
135   2                        6                       -4                        0.96522972787386507321  -1.7770179063261064556    6.9502555414171141024    0                     
136   2                        6                       -1                        5.9699728635814910405   -4.7545773164542808331  4856.8085475512934863     1741063.5065119825304       
137   2                        6                        0                        7.0191437770657110207   -4.1874589609744630181  13091.201131067773531      359448197.09880006313         
138   2                        6                        2                       -3.44699157459824157     -4.8766462680223972015  319.32717506967497911      0                     
139   2                        6                        5                        1.3188047282162136398    0.15874162969615834839  60.295009368995934551     0                     
140   2                        6                        6                        7.4452754361520696591   -3.864206103650901003   19789.219342211184994      3776814722.4084329605          
141   2                        6                        9                        2.6736137422112769002   -4.4278057274054285486  314.01806091656533226    266.61142609111828961   
142   2                        6                        9                        9.3146998465095407482    0.54641375593524799115 123807.43731778961956       45279316274202464                     
143   2                        7                       -4                       -3.0957511244890629776    7.6437577330050423541  23939.176962071298476        0                     
144   2                        7                       -3                       -3.386893111501562359     4.9989951546627544587  1743.9663328863848619       0                     
145   2                        7                       -1                       -3.2445478776107883334    8.6717713195951127148  65695.525382973297383        0                     
146   2                        7                        1                        0.76874737041274787686   1.0801361656934345135   54.270130149068322112     0                     
147   2                        7                        9                        8.1078536491626529426    7.7702335013193621904  64868.756939601153135      682218456511433277440.0                   
148   2                        8                       -1                       -0.56443596390644845684  -2.6292843226318440841    2.1769141776779186159    0                     
149   2                        8                        8                        5.5748322041087856604    3.8793982944077356478  3652.6710748441564647     11325916484162.763672              
150   2                        9                       -3                        3.1712967070404669556    6.3826312515145708915  7171.4603815573846077     112964813778.00891113            
151   2                        9                       -3                        6.4080032558664683506   -0.10736943978987856241 7127.7593233548413991     109278522581.84156799            
152   2                        9                       -1                        2.0060251985504349292    2.7730010363070771717  210.82140570116655454    750866.58069061744027      
153   2                        9                       -1                        8.5101484000659901596   -2.9419566866760038515  56035.22936145112908       1691526953408.4736328             
154   2                        9                        6                        0.31602080346458194526   6.7505151134567604743  10008.426585929246357      2527130.0154253491201       
155   2                        9                       10                        4.4912205429773823795    4.5071073784695716569  2081.3461534559864958     521016246268.9519043             
156   2                       10                       -0                        8.7954708291486554117   -4.2698300599376270981  74325.001660653055296      372002129272.30700684            
157   3                       -5                        5                        4.3637487813839097583   -3.6297212409576680159   35.939514854882226302   8709222.0534563176334       
158   3                       -4                       -2                        5.1704288835940968028   -2.0767193674102237821  126.20370647953426158    1941685.712973554153        
159   3                       -4                       -2                        9.9974238576128673373    0.16779097536760101406 4216.486852749798345      344642567.17138856649         
160   3                       -4                        6                       -3.8766834717003355593    7.2313761419037767553  984.36565383779930016    178.43314654808355613   
161   3                       -4                        8                       -1.5367460829803598621    9.5378171874996784396  3442.1573610729560642       1.1642825093065698461 
162   3                       -4                        9                       -0.09769127822427314811   5.8159329354986386562  333.77633865358546927      0                     
163   3                       -3                       -0                        9.1928696843685742124    7.4884286134104325328  4070.5691100595013268     6939.5763868009498765    
164   3                       -3                        5                        4.1891948211167910898   -2.5787118833276236884    8.4668344668051105373  737717.68945903459098      
165   3                       -3                        7                        2.1334144491081632466   -2.9989511068535388283  -32.753761568026909856   25223.663744899658923     
166   3                       -2                        1                        2.3613648346116216103   -2.8527480993728961955  -48.468008141235515041   30007.134143892304564     
167   3                       -2                        3                       -1.5909831243127077194    7.6695309467775576451  1275.9238418944594287       0.4932746231193808617 
168   3                       -2                        5                        3.9209223764345324525   -0.32227105561231006448  14.670478583695629737   3531.0525760914497369    
169   3                       -2                        7                        9.8710638080237131931    6.3318417537752171853  4520.749470125996595      9819.9825418459295179    
170   3                       -1                       -1                        9.7589924430751686657    3.2731766144636011973  3785.3470945953299633     425078.12280041666236      
171   3                       -1                        2                        6.0895284327095193788    7.1330634720700469842  1326.7108225769684395     1256.8180580220016509    
172   3                       -1                        6                        2.4287601580537767632   -0.43795019433320270252 -11.393466685577049446    47.537601281073911252  
173   3                       -1                        8                        5.2364395517521629131    7.0295211029587125751  1041.8440175870480289     663.6623427883629347    
174   3                       -1                       10                        6.4919884916190024882    8.9063866989701949706  3139.5397302889973616     1643.9323309403414441    
175   3                       -0                       -4                       -0.66322282059193238268   1.2609431884905655252  -21.007176298374677259     0                     
176   3                        0                       -1                       -4.430215769808324211    -4.8035837694684939692  145.07144677547623246    256.93419635560195502   
177   3                        0                        1                        0.43207954377217205888   3.3051584009651922003  -16.029805397343377393     0                     
178   3                       -0                        1                        0.56044255945841925382   1.047984062747095102    -5.1962823666086590535    0                     
179   3                        0                        2                       -0.17139032958806321716   5.6875834436359760105  288.64149151956468131      0                     
180   3                       -0                        8                        7.7331029593975060266   -3.1003761045868452051  1335.7329270026552877     2568380999.1186265945          
181   3                        1                       -4                        7.8833261566197787573   -1.8550659973907905886  1437.6355485391743514     287146944.14865475893         
182   3                        1                       -1                       -2.1627601138881318299    9.4024275279190447918  3213.9631401194137652       5.4750992775361844167 
183   3                        1                       -1                        0.25907253263496610174   1.7719946573050675553  -15.980511725070998708     0                     
184   3                        1                        8                        6.5246681754395066122    7.8058750211647431883  2007.2768422649321565     1645.2615141720373231    
185   3                        2                       -1                        2.5977664005564919947   -0.47009898627412027849 -22.356094348672485239   114.94194725574119786   
186   3                        2                        6                        3.0742276625414906022    2.7041074195094649824  -25.535939506487537187    51.798049536342659849  
187   3                        2                        7                        5.0172051229367973235   -3.4508790345282478462  141.01899544550934706    22561864.482060421258        
188   3                        2                        9                        6.5805967026438079159   -3.7172692190011193958  638.1873017004875237     879645250.66573941708         
189   3                        3                       -1                        4.0898221645620242981   -1.8801328136446264772    7.1002579521628952364  145020.97031427072943      
190   3                        3                        6                       -1.178190987915310739    -4.8942003683685788573  126.4152220297647915     953.20514936592428512   
191   3                        3                        8                       -4.6653275590868030775    9.0288823456105031795  2808.771091357737987      383.68662913880206133   
192   3                        3                       10                       -3.7803586551128791626   -0.29815433416007053324  31.813932516963134844   127.56513775148364687   
193   3                        4                       -1                       -2.3050562529324216676    9.6204865714769081109  3563.0676126184648638      12.825731161189171559  
194   3                        4                        2                        1.5336544830383855853   -4.0834302046204520309   21.405992691050467869   70072.568439624388702     
195   3                        4                        3                       -0.78562049143147216768   1.3896556082390381093    3.7834890290262008783    0                     
196   3                        4                        4                       -4.8148413150000486382   -4.3600229397183341007  161.9986082458553085     399.54495166909168802   
197   3                        4                        6                        1.4263338503163165427   -1.2992755836665805802    5.0046502289525580665   16.796133769599943975  
198   3                        4                        7                        9.2487279254171834708   -1.6008787196550704479  3021.7539614220495423     2652549553.6200795174          
199   3                        5                       -1                       -3.9868537001001773667   -3.2538069077380482597    3.2175727933822280136  169.84778502616862284   
200   3                        5                        0                        9.9345057308521376171   -0.04322842857409892048 4129.3335235874055797     463528414.69785946608         
201   3                        5                        1                        2.1848943773295950166    6.951147562822129089   799.29627317113386198     11.326415957069311702  
202   3                        5                       10                       -4.2499403028492679368    2.4259256725725544257   46.991160800353696914   245.88124328698182808   
203   3                        5                       10                        7.3001573084155459981    7.4706074152539034827  2194.130132113748914      2713.1501843631881457    
204   3                        6                       -5                       -1.8900690927612755488    6.9194598497355954692  772.5935575673954645       4.2204111207496399771 
205   3                        6                        4                       -3.725725600860483766    -4.0125103097531269469   35.697577964915190307   125.04061533190133559   
206   3                        6                        7                       -1.825435854561029636     8.9472687492862501557  2612.1646917165171544       3.9430203706861033375 
207   3                        6                        7                        4.7218214848595270183    3.5405457172031855606  107.59677802273873226    442.30231073380474527   
208   3                        7                        5                       -1.9698608979233216409    6.0626523177937272635  413.97569569076938478      6.1419712258049274922 
209   3                        7                        6                        8.4094749689217369593    8.5208820511402763032  4082.8508812424138341     4887.6608026204039561    
210   3                        8                       -3                        8.301891048984110455     6.4957953314147420798  2441.0238015794284365     4667.2473073871433371    
211   3                        8                       -2                        1.8396889112376815234    6.546313107844049739   596.54246202606771021      6.3916100136650424446 
212   3                        8                        3                        5.5479933843733721943    2.2241395022636600842  252.57052548407162362    1179.7954225061885154    
213   3                        8                        5                       -2.2697943943389211618    0.32809675673677052288  10.326973147121936591    11.282979255165964005  
214   3                        9                       -2                        0.04352243557654400519   0.01768144827747786252  17.490836763951456589     0                     
215   3                        9                        5                       -0.2001725222403587523    9.847932237006707723   3997.4518953867191158       0                     
216   3                        9                       10                        9.5680516780512530062    9.0978295071511148251  6336.3539258733635506     8299.9724426791544829    
217   3                       10                       -2                        6.8486191424933764438    7.2457627734555316579  1752.2896784012823446     2180.0115826607343479    
218   3                       10                       10                        4.7049856669700211853    8.0227545072470682896  1718.4647530021491093     479.29509442225236171   
219   4                       -5                        4                       -2.690854126627289844     6.2032418021660404861  406.30697004078723467     24.186761995747630749  
220   4                       -5                        7                       -3.853955978111819114     5.1639510138109212534  146.69870245870407643    152.70989602112737771   
221   4                       -4                       -2                       -2.1971005970279455788    1.5786271661609934114  -51.16114120062902515      3.9116665115248547835 
222   4                       -4                        2                        5.853587264798949974     3.0405102330866533578  284.68581203000422875    5466.3113489278903216    
223   4                       -3                        6                        0.89822562801610406069  -3.3262163856686592922  -19.721009150232305274    11.68119440286083055   
224   4                       -3                        9                        1.2262432244527712299   -1.3951366429624929566   -3.0362595952540800681    0                     
225   4                       -2                       -5                       -4.987049125066737254    -1.9681232824009198268   77.240388873189942842   447.00592444441684847   
226   4                       -2                       -2                        3.6663732323810389602    0.83113119567537996346 -26.483117509148655699   349.89737998303587574   
227   4                       -1                        4                       -2.5871663891075100672    8.7671382742345187467  2323.3852632153493687      14.19730801205552595   
228   4                       -0                        0                        9.0791191177440619953    4.2169912019737516573  2761.7962055802368013     1120514.2126071627717       
229   4                       -0                        1                       -0.85969207282170945206   1.4728016058804467292  -12.507345378050468199     0                     
230   4                        0                        8                        9.3937204230794968396    8.8186519836910655101  5617.2183133024918789     26212.022530087251653     
231   4                        1                        1                       -3.5340573388044855818    5.2482257406758652252  150.05955938129585547     77.902959807021787242  
232   4                        2                       -2                        7.7095117527780843147    5.1378760430025582906  1436.0994168778472613     29292.553131668839342     
233   4                        2                        2                        6.3139888809653914592    0.63299967516981947568 487.93082834361399591    154916.00764540309319      
234   4                        4                        3                       -3.3619059750302477951    1.8449948460480651846  -22.618466445491289818    57.476966780821413749  
235   4                        4                        5                        1.569360808406341512     5.5414185287899844212  239.30019773324556809      0                     
236   4                        4                        6                        0.70889591371847693324   4.6601461489871489619   88.763543581937597082     0                     
237   4                        5                       -3                       -2.533409715819500807    -3.1954421583319647659  -47.311642190156717902     6.6344020449246281501 
238   4                        5                        1                        1.2584075876647622394   -4.5692268577984593847   61.683517938865421115   639.50610825163050777   
239   4                        5                        4                        6.3890748704944435588    5.3942270730003301082  727.6414854446256868     2421.1771705546084377    
240   4                        6                       -1                       -3.0079147215252541869    1.1253509438562554479  -21.408565140528533988    32.46167215368187442   
241   4                        6                        5                        8.5987544158005047024    5.0783091531224329174  2303.6762442520252989     180698.80135284372955      
242   4                        7                       -4                        7.9691677133574074787    2.8825343010301089919  1492.0954751381746064     458457.87120673927711      
243   4                        7                        6                        0.61126552151312729677  -0.68439272365169401269  28.686278095886638795     0                     
244   4                        7                        7                        3.7223297008970597233    5.5909372735561184697  266.62559470635341086    133.02751166285889894   
245   4                        7                       10                        7.1789998561141548095    0.64994625261750638145 960.36839147735895494    880738.40587827109266      
246   4                        8                        3                       -0.70729822871910830173   4.4790823541719202439   69.945581297568793389     0                     
247   4                        8                        6                       -3.6042199393092237969    4.833809948748399421   109.50469815662543738    105.85549600276490878   
248   4                        9                        5                        8.3343468026058626918    9.6719064462119490599  5526.787700592879446      5200.8312258015575935    
249   4                        9                        8                       -0.51458654533479997184   7.5512779748698886095  1214.9156163343873231       0                     
250   4                       10                        3                        0.50791007342466887309  -3.8409061370419586012   26.17755972271945808      3.6764470444261645454 
