1  -0                       -0                       31                        6.9360373730156652528    7.8984173993110697864  281.80085876527721211    463252.26971216098173      
2  -0                       -0                       31                        7.4502705119946668333    7.116919512510513357   276.82973445579631289    465510.6677287085331       
3  -0                       -0                       31                        7.5875652468967169639    8.0097051966026668879  295.98923024908850721    456836.65085922717117      
4  -0                       -0                       32                        9.172349195879032635     6.8633675934102775784  313.76576235435476292    482985.26425972470315      
5  -0                       -0                       35                        7.307218734167334695     9.1615833926903036399  351.72484466401044756    573531.13642864231952      
6  -0                       -0                       38                        7.2280703519536348978    9.9022478269232081516  396.45125447839200206    668158.42448471998796      
7  -0                        1                       29                        9.6999228515149837904    9.3399150542216169413  339.23117955981683735    329017.32618414203171      
8  -0                        1                       32                        8.3417350040845885673    5.1217107674436901377  266.43615881334289952    464248.83118353848113      
9  -0                        1                       32                        8.5878514360608182443    6.9738270076349904159  306.7222261189594974     439873.16837543487782      
10  -0                        1                       33                        6.8882981593646803731    6.1436977479242944611  265.97151896432171725    499237.16072787006851      
11  -0                        1                       33                        8.2313766322404546827    6.2069459853989412679  293.81678782926007898    481687.07347575121094      
12  -0                        1                       34                        5.1055838588777895382    7.8605715974887306885  272.44757130987699156    530935.11121221305802      
13  -0                        1                       34                        7.7106556888508279712    9.3512329180657935979  356.00052758109904971    477555.78652548667742      
14  -0                        1                       34                        9.7168878072725810568    8.3826581798593196027  377.16873813749072042    464480.98432094353484      
15  -0                        1                       35                        8.515310423210102897     5.4518916031280282297  301.24924255310077115    548624.9215878091054       
16  -0                        2                       28                        7.912837784214140413     5.8782733215108216029  241.39266657617937994    325290.43428311659954      
17  -0                        2                       30                        9.8259202753719687706    5.1105397229200555387  278.5582799692564322     359881.56496276694816      
18  -0                        2                       36                        6.3881533172466218318    5.292238010333906395   261.99845267573937235    576094.96724568412174      
19  -0                        2                       37                        7.538779246452911309     6.1383508450580643867  313.33428803154362186    571195.0821270145243       
20  -0                        2                       38                        5.50775279759609937      7.8048121564101453629  313.22848095134236246    609699.68270885141101      
21  -0                        2                       38                        6.2475938180106673769    9.801056252424851678   375.61122160592987029    557295.36242015962489      
22  -0                        2                       39                        7.0895742165831787673    5.5900894749560601227  306.40613038201820473    655427.83707264158875      
23  -0                        3                       28                        8.1231106084918387467    5.215941745246746919   235.26807954280823765    309062.03747183544328      
24  -0                        3                       31                        8.7624183113226710162    6.5965267313356807932  296.84837779344530873    350384.23537768929964      
25  -0                        3                       32                        5.8089091691907750459    5.8434007619655226051  234.89635067820091763    430557.64007413288346      
26  -0                        3                       39                        8.2048151649639038396    7.8510313257088490957  386.87880788174243207    540097.63936945237219      
27  -0                        3                       40                        6.0500643892097434318    6.1775742093048933157  304.63532636435132872    659345.45072418393102      
28  -0                        4                       30                        7.0370515461864533435    8.1206742662798312438  285.18706462439314464    310197.37355377920903      
29  -0                        4                       33                        5.4800636848295258829    6.9414485487019295107  258.29394222392284064    423513.09916866628919      
30  -0                        4                       34                        7.8453543752770293906    6.0552736401779743147  295.92081151528208238    421772.35508532234235      
31  -0                        4                       35                        7.8308391887067907433    6.5507200340113413972  314.3607436770807908     437624.69210974517046      
32   1                       -0                       28                        5.2277794277965510261    7.6462119620773503215  231.57105534988156137    260845.83297180506634      
33   1                       -0                       33                        6.6039838880356365181    6.7916240716519826748  280.52103760181489633    352013.63222507369937      
34   1                       -0                       33                        6.91089734199710648      6.337431139991951845   277.60490394338341957    355018.96976251690648      
35   1                       -0                       33                        9.8919907805630913344    8.1857352743916536042  373.22697588810399338    263130.24006755865412      
36   1                       -0                       35                        9.3530544764718630546    8.5812482127270772736  391.90835647317777557    298959.2821408714517       
37   1                       -0                       36                        6.5725119512371055208    7.1718606917727409922  312.16644908901264444    410728.89724471833324      
38   1                       -0                       37                        5.0541834605145696813    6.6122109690988928321  274.28195633741887605    488202.051971197885        
39   1                       -0                       38                        7.2545493930751803191    5.9060173644465434606  315.3489220714953376     473513.5395774608478       
40   1                       -0                       38                        8.935483936456844134     8.6090792347185960409  415.3040403028000469     361796.75440116971731      
41   1                        1                       28                        8.5773197340539937272    9.105020294744758047   314.11531248381908199    169068.82622765388805      
42   1                        1                       29                        6.4830455400569002578    8.1086041998929818675  270.94670547512794201    228397.44371263874928      
43   1                        1                       29                        6.5293340637277186289    7.2573311668255673368  256.9399750116271548     241522.40544953889912      
44   1                        1                       29                        8.7930172637694088422    9.9689578161223231234  343.51036639011618945    166271.95201445004204      
45   1                        1                       30                        6.3008318844765494049    7.6711804620621677486  268.54822223769690481    255255.31699916647631      
46   1                        1                       31                        6.4637254410851108233    7.7826317959843738237  282.03424460949241848    267487.04444237938151      
47   1                        1                       31                        9.0268664737853381297    7.4576678602438573051  323.66433861294302687    227480.41792473642272      
48   1                        1                       32                        5.0056536172902337256    7.966234129338114478   266.11224473526425527    310898.5380659585353       
49   1                        1                       32                        5.76407436318324784      5.5342671292820639906  233.98015665533398533    346501.50196935090935      
50   1                        1                       34                        6.9412144393849217749    8.3726753062085883528  329.45535081010763179    298499.51815199950943      
51   1                        1                       34                        8.2455311056053108842    6.6695339564861573223  321.3193272666659368     307155.28262905671727      
52   1                        1                       37                        5.5479418345140159019    9.8291055131166018555  358.42245111739975982    352063.70500387263019      
53   1                        1                       38                        5.2602610730566690123    7.7281086583035314419  313.18682987501262005    438346.39238406938966      
54   1                        1                       38                        5.9218838266147963978    6.8965589271105267599  309.31249478493737115    443319.63041345879901      
55   1                        2                       29                        6.872522887045639628     7.6087302644245164984  270.49580483558071364    210607.3414582562109       
56   1                        2                       30                        8.4604762787885210429    5.3773791265248735982  267.60339729564111622    237126.90835347081884      
57   1                        2                       31                        9.218612964758326811     8.0389978015653316135  339.51356025362002811    190489.57293358177412      
58   1                        2                       32                        5.6234268508999205594    5.7608352865699758993  237.09983303942200905    323744.5280107112485       
59   1                        2                       33                        5.0221949965837868746    5.0273756468406354259  217.50349873980354687    377686.05400518933311      
60   1                        2                       33                        6.1673082299500956438    9.5306896707114496792  329.34235843309858183    247139.10553128606989      
61   1                        2                       34                        5.1555277177075691242    9.9237290165488900584  326.13883737883173808    276144.54389006696874      
62   1                        2                       35                        7.1502843779675391289    6.8041557024801511133  311.56524168940148911    320126.0711994333542       
63   1                        2                       35                        9.4144424706405125391    9.8809093273945407532  423.72438775873609984    200730.65048121841392      
64   1                        2                       36                        5.9712605452750020518    6.0779139736615857004  278.78416960903030031    390896.26196495763725      
65   1                        2                       37                        9.923586799931616298     6.506412661659162211   383.26798804731527071    292149.93859722214984      
66   1                        2                       38                        5.4228602995916412866    5.5125711857463635113  267.84983786570649045    471554.17100292007672      
67   1                        2                       39                        8.2881098024240014155    7.3542630365151593352  384.55352443117629946    347108.50325959280599      
68   1                        2                       40                        8.389360970205013146     6.5227535301779289156  376.41274800919057952    387763.96374932728941      
69   1                        3                       28                        8.3626927073725241257    5.4309247099493918043  251.72477261100817714    190118.25790578790475      
70   1                        3                       29                        8.1722294238145067879    6.6506794604264847237  277.91061458579326882    186061.30139285646146      
71   1                        3                       29                        8.8203626829386614361    5.741836350546646095   273.37426318264431302    190523.02691870959825      
72   1                        3                       29                        9.1155709460833040936    8.9231056198810936309  333.86497224778048576    135374.91186485884828      
73   1                        3                       31                        9.1514482698336827582    8.7480183159997721987  352.92207849650225171    157081.62593032754376      
74   1                        3                       33                        6.404652384399588172     9.6433582208080590448  337.74260998311143567    214868.07264494869742      
75   1                        3                       34                        5.6468989641142304237    7.6215687176542283865  290.66874070807659791    293643.71779706707457      
76   1                        3                       34                        5.8599778829375228639    8.2663662408260556447  308.16942012477699109    272541.34352499403758      
77   1                        3                       35                        7.6426134407619503719    6.993486129039313326   327.35009096582655275    275957.77213206648594      
78   1                        3                       36                        6.0802770545846493988    8.4560269701099084472  333.9761669334024532     294639.74048033962026      
79   1                        3                       36                        8.5530367329327940951    5.1840230816332679709  316.71249199462693014    316263.1388928629458       
80   1                        3                       38                        8.427020673772091186     6.5793666908795405135  362.13763191405723774    314598.65834987873677      
81   1                        3                       39                        5.2439159557791228394    5.7076409663883129753  276.25843197871802204    466790.53915243851952      
82   1                        3                       39                        5.5831691738318580676    6.2789466070241637397  297.56550927203090851    434376.81003382039489      
83   1                        3                       39                        6.0391698070427333178    8.0740099448137936378  350.24040619344276593    359249.75886096945032      
84   1                        3                       39                        7.8144918776104441704    7.574063505482408587   380.08419596437278187    319848.51186627475545      
85   1                        3                       39                        8.0100050276494592083    8.2006326788665333538  399.32092233247419699    295663.94072523800423      
86   1                        3                       39                        8.0557029309625978186    8.9411319537370310684  417.71793630197134917    273424.34605745499721      
87   1                        3                       39                        8.7388509458766439053    7.0726516876678573453  389.98116162494130776    307287.23696711560478      
88   1                        3                       39                        9.9758510137293150422    8.4675395334203589215  451.56733880330239117    234776.37831621212536      
89   1                        3                       40                        7.2743344694455931432    9.0742265493735274617  412.35746445165887053    306888.45605724205961      
90   1                        4                       32                        8.4033405461868593278    5.3086698897389394958  284.73260036977529808    228981.09009699930903      
91   1                        4                       32                        9.455692718498337257     9.7333207189928092617  389.89105799983002498    122904.16007925523445      
92   1                        4                       35                        9.9498143368982283619    9.2281792665524822183  424.19986567246485265    147328.93370145306108      
93   1                        4                       36                        9.3391658938487900343    9.2986360485103531914  424.03852195495744581    167306.20758258923888      
94   1                        4                       36                        9.598753537423618809     9.2666272448996611644  428.95422489818275835    162449.33719498457504      
95   2                       -0                       28                        5.8809799953738650657    7.4722252693893906894  248.73584844802269345    151238.356292302371        
96   2                       -0                       31                        8.6895458953477309194    7.4976643620425988956  325.48411078746011071    127967.41177894674183      
97   2                       -0                       38                        6.7774781637260410605    6.624956439562364352   329.97750895497563306    277212.21422027581139      
98   2                        1                       29                        5.4525290443265177487    9.050591053411036313   277.93228970063341876    128506.85642370017013      
99   2                        1                       29                        6.1429370075005422791    6.4271344456652030885  244.29724328508396525    165852.03082465979969      
100   2                        1                       29                        7.7497660854900640715    6.9255318561255769794  280.92818418411212633    125411.2320022497297       
101   2                        1                       29                        9.475537819614526569     8.1624541302403557097  332.479059927474907      78056.376687279494945     
102   2                        1                       29                        9.6412562343620820116    6.393583137889761403   304.58420507718204817    102293.30949305769172      
103   2                        1                       31                        5.9132970663517010479    9.46270351747113736    311.5716108591047373     129385.17935683498217      
104   2                        1                       34                        5.9412389817138295811    8.6921261818735224836  324.09864933718193925    173503.32934000602108      
105   2                        1                       34                        6.6217854952304122662    5.6559472796171785802  276.04374860689080151    236406.88796535704751      
106   2                        1                       35                        6.0661250934577832794    8.734272632122568325   336.38635223718733869    179538.75641119040665      
107   2                        1                       35                        7.9495153341231663546    7.5096415569469421314  350.22029471247225274    162942.14048830530373      
108   2                        1                       35                        8.4474364559276580167    5.6241964019239407691  321.08229001488354015    198836.64621050329879      
109   2                        1                       36                        9.3151603206282391767    8.9853342029231910715  420.868681708710767      106419.98524823450134      
110   2                        1                       37                        7.5533959955194491798    8.5000361870462164404  381.96419445295771311    166164.06595005246345      
111   2                        1                       39                        8.6671916106779107736    5.814523354367008956   364.45013018205105482    233315.72151914497954      
112   2                        1                       39                        9.2537564081311600717    6.4415579202914514667  392.8483552850890419     195231.63002517691348      
113   2                        1                       39                        9.2784337813496655656    8.8160234031956701273  448.98829811836077397    129922.26885758140997      
114   2                        2                       29                        7.3891645238942391671    6.0165869757385426198  260.01407609361041295    137487.05426968290703      
115   2                        2                       29                        7.9309753352801717341    6.3006488136483005391  274.38426019135539491    121799.38672476682405      
116   2                        2                       30                        5.3118956240340828856    9.6395860709761223006  295.88067051018373377    116550.40928010680364      
117   2                        2                       30                        8.5369612501927090165    7.3753985184001269459  313.17647583467106642    99327.608353032759624     
118   2                        2                       31                        6.2667697811375298045    6.7694649767012951003  269.22796649580209305    165500.94002927382826      
119   2                        2                       32                        7.3757482631867166134    9.0962578408644212402  343.01651719778186589    102339.4855830790475       
120   2                        2                       33                        5.1712020985202871159    8.655530411963241022   300.52330370757385936    167570.26561988377944      
121   2                        2                       33                        8.8107881755872607954    5.6730572395150211662  313.53413921902523498    151804.03442117152736      
122   2                        2                       35                        5.743262656983747938     8.231830213505734406   320.23095028027915987    184438.93397152793477      
123   2                        2                       35                        7.0027327778569272709    9.6138748111887544212  375.70275936995932398    119253.70557789379382      
124   2                        2                       35                        9.9937224516770157834    5.7857571095148463414  358.12307078502914237    138379.40656429171213      
125   2                        2                       36                        6.0129526683578626844    7.9564311743891869     328.49269100333623328    195304.9844729838951       
126   2                        2                       36                        6.5115140925188352838    9.5528643532499817326  373.74457442860642686    139353.79496773291612      
127   2                        2                       37                        7.1750446667184686333    8.2476127822249232224  369.13699536654331723    164259.47642933635507      
128   2                        2                       37                        9.5387423043974539638    7.9387055132255666123  414.75334155123101709    112966.29002837599546      
129   2                        2                       38                        6.8340110685289863213    5.9411549037231958792  318.02778416734980738    257865.92887122699176      
130   2                        2                       38                        7.6304358044756668278    8.7704385453766313674  400.693935176632408      146251.18664315511705      
131   2                        2                       39                        5.6869382566602286744    5.0026374474593060526  276.89007147639705408    354259.7167214473593       
132   2                        2                       40                        6.1276134645816906499    9.7974323959502918058  408.95510065276761225    176314.81805425332277      
133   2                        2                       40                        9.5554067232635357954    9.417665192637979743   482.10772598163634939    95450.36959437301266      
134   2                        3                       28                        7.1041161592733388375    8.3563422188666507395  287.95970075275181443    80784.918629887033603     
135   2                        3                       29                        5.3835783508614589721    5.0414641497194452313  209.61973951010770634    188851.79480016304296      
136   2                        3                       30                        8.1545156524317619073    8.3043474815470048611  324.48353641161776295    76059.430071310984204     
137   2                        3                       30                        9.0505758313114235136    9.4918743506520701914  361.98810327534289399    46561.627586847367638     
138   2                        3                       31                        8.6521523160795101859    8.4241400389103553437  345.84303780281146601    71082.779452983901137     
139   2                        3                       31                        9.7836225777034702134    6.1847756539063469816  325.23620710794256183    89750.85384269678616      
140   2                        3                       32                        7.1272525745414316845    5.9669481603212073395  279.63265410936264743    158046.12448825672618      
141   2                        3                       32                        9.0990635297119304425    7.2855928480219080967  342.80940245248973497    87892.893218703509774     
142   2                        3                       32                        9.6209833214527424872    5.8934672716803540027  326.10145138815545351    104458.29027632014186      
143   2                        3                       33                        6.7228108177526877398    5.3246661904325396364  266.76404476206749905    196372.99612524479744      
144   2                        3                       34                        9.2342175340732133293    5.3532714114462187638  325.80877448859638434    139628.043876594631        
145   2                        3                       35                        6.6531152928930508139    6.7576711784577163655  309.85051589836609764    179946.97586140109343      
146   2                        3                       35                        6.9807082767739681017    6.2969311172321740244  307.05442727412895465    183762.52685754088452      
147   2                        3                       37                        7.209915048356613454     5.3831092289050825883  307.78913895520963706    228006.03767648909707      
148   2                        3                       40                        9.39625904436136139      6.8221735864510231195  417.46638313949716803    142141.20524252875475      
149   2                        4                       29                        6.3594729336210225057    9.5710325319811317968  306.88479510147749352    66794.203063383698463     
150   2                        4                       30                        8.9192164080960711914    8.409132628373134466   341.60428265644571866    50625.573389365927142     
151   2                        4                       31                        6.5529017013201729114    9.2018936698608797542  322.73319390396756035    79392.984314112938591     
152   2                        4                       33                        9.3600798470992785383    8.6600514010572915424  386.49259871350011508    50372.988386489800178     
153   2                        4                       34                        6.7504586360208822526    9.599528434113489439   363.23373623074115812    83285.165852476697182     
154   2                        4                       37                        9.7356954678138016845    7.8294550297198473032  419.64034104524705526    72167.75902373464487      
155   2                        4                       38                        6.7924590937310034278    6.7033995203495493342  337.39957640103665426    186692.43195440073032      
156   2                        4                       40                        6.1123540082975180709    8.8848680485516950966  389.62732936438118259    155364.05977518795407      
157   3                       -0                       28                        9.6073417118022543804    5.1669624128674538355  281.43030929445109223    54397.757066604339343     
158   3                       -0                       29                        8.7439603902781293243    7.035721447210693924   307.78846397230546472    43510.654247373779071     
159   3                       -0                       30                        9.0794512108712108756    8.5505665476039443007  350.56231965255278737    23419.60348471686666      
160   3                       -0                       33                        9.4914544362694623914    5.9954669757782177442  339.86304395854403992    61595.769676895994053     
161   3                       -0                       35                        5.2056416047284477244    9.7461297007943805681  347.20919741597941766    80854.748970712666051     
162   3                       -0                       37                        8.1956404928387236453    5.7318615909088084237  342.41254625919521004    117912.15107092715334      
163   3                       -0                       39                        7.4846711729990023088    9.6666653961936628292  434.56327571910833285    48326.480794092036376     
164   3                       -0                       39                        8.7138799201170638042    7.2288675143776615073  406.28228996717655264    74581.081422296425444     
165   3                        1                       29                        6.421356902178692927     6.4010202462461363027  258.09536238259198626    80394.939883824990829     
166   3                        1                       30                        7.897242075311309506     5.4630257257872791854  275.47082041977461131    75119.128038465220015     
167   3                        1                       32                        8.6126278666389701755    9.708334467883300789   386.74847682282756978    10687.011773338605053     
168   3                        1                       34                        8.0295353415723731416    7.9069962470529127074  360.09124440795579858    42538.312547046538384     
169   3                        1                       34                        9.5009006697640057126    9.3842166106738655884  420.24239252093252617    7560.025103087385105     
170   3                        1                       36                        6.3637838301490488035    7.0826975202147615107  325.42999716785828923    105620.44286692418973      
171   3                        1                       36                        9.7525287742755679687    8.9607969866508607737  439.19383643601082667    9872.6827230368944583    
172   3                        1                       37                        5.8629239504465191501    7.3863157914500483514  329.11912227010378729    117426.99460749755963      
173   3                        1                       37                        7.9768424366965984262    8.1556609092642702308  393.12757428033131646    46537.76216266125266      
174   3                        1                       38                        7.6059265782884155627    8.0465642011599989303  391.86278977142382018    59163.078884439382819     
175   3                        1                       38                        8.1099709685356291544    7.5361089018956075591  391.71662104583219843    59304.190993326497846     
176   3                        1                       38                        9.5610453700043827041    7.2717519639133829656  418.77377921332509914    36047.258010946796276     
177   3                        1                       40                        5.7349076218285848228    6.8597046986175014283  337.25669569070601028    161231.72429520374862      
178   3                        2                       29                        5.5623981880262487465    9.7660246692658461143  303.17055771688245613    30671.887851094965299     
179   3                        2                       30                        5.5386818810316462702    9.1586892168127675973  301.00867976119945979    41861.894582771470596     
180   3                        2                       30                        7.6930725323672106697    8.3316065577910300988  324.9002236228483298     24095.09178020546824      
181   3                        2                       30                        7.9967105931641331296    9.0226754256902914619  342.80494833937967769    13976.639920982783224     
182   3                        2                       32                        7.057996237603481049     7.5434913435074246735  316.80456155732940715    49264.897766336107452     
183   3                        2                       33                        5.6722884506388311365    5.0771555605524119059  249.29499142158661584    149364.27911148112617      
184   3                        2                       33                        7.0776579428831247753    8.9038346023447427768  352.88955239551182785    29715.321225744042749     
185   3                        2                       34                        5.1385676096981782734    8.8256792904310117365  321.32663676263547359    68964.721511516836472     
186   3                        2                       34                        7.5642120255213729507    8.794561827735641657   370.17498660644304209    26133.339467801546562     
187   3                        2                       35                        8.9876338266459363524    9.5105979983672952471  424.918868325277856      5405.299032878190701     
188   3                        2                       36                        5.4058806313168910052    8.6322195807220936103  339.67896458004202032    75450.863952118597808     
189   3                        2                       36                        6.8512863421047303092    6.3457076018037525955  321.51106918842322102    97487.691762203889084     
190   3                        2                       36                        7.475160553579955014     6.4956068628364258544  338.2245761945937943     77111.1488040809636       
191   3                        2                       37                        7.2953036268975832712    5.2209124716280292944  314.3159973872686237     123974.41380243000458      
192   3                        2                       37                        8.4869679421621757598    9.3623537065094240006  432.71094060050950247    11538.438261810717449     
193   3                        2                       37                        9.8408014186985788285    5.6005928187585887201  379.25495207154909849    47477.286404960395885     
194   3                        2                       38                        5.6071489707723145557    9.3055158451305501899  376.46475780258532495    61831.414591131389898     
195   3                        2                       38                        8.9688257171932672662    5.8383059726232442443  374.05860252781650388    64329.168483416848176     
196   3                        3                       28                        8.0898389908321757247    5.4104294827697865244  265.02451035651301936    44232.494943988334853     
197   3                        3                       32                        5.7082358389553231603    7.000993263782232745   282.23719877256110067    74540.504295976730646     
198   3                        3                       32                        7.344216070776855787     7.3176972148375813987  319.72873508379723262    36783.176759558271442     
199   3                        3                       33                        7.6766894085930399427    6.1058612040443955848  311.1145021302212399     55438.387731044691463     
200   3                        3                       33                        8.9517047294209959318    9.1209803598283283321  396.05916476713662178    2642.6600805713901536    
201   3                        3                       34                        5.3393419235850085869    9.9844158744962001606  350.82465908085669071    30420.559199462626566     
202   3                        3                       34                        6.1857847717604101945    7.3353230608150647996  314.05059978453959957    64562.761640703691228     
203   3                        3                       35                        9.8673101881070319763    5.9263831724008504409  369.88756057066552785    24999.3893958896806       
204   3                        3                       36                        5.8371478941284928865    5.5699340035649793634  284.61296899017895612    135330.96143558382755      
205   3                        3                       36                        8.6320491774547960517    9.9588815530386938235  439.78410377865930059    1002.9535447409543849    
206   3                        3                       36                        9.6636635498198835137    6.0218352723638144397  377.02677455916784766    28104.395102597994992     
207   3                        3                       37                        7.4026749589766085435    8.5643617333295658511  392.6882145691970436     25189.033951751505811     
208   3                        3                       37                        9.4387154562162969285    9.4497983517846542156  457.54500653762113416    330.78464100393591707   
209   3                        4                       29                        6.2268068114916808042    7.4225610571453728426  277.18900091428474752    37126.93037949585414      
210   3                        4                       30                        5.0768683010285879931    7.2113183713032213973  260.87736010197255609    64711.570389664913819     
211   3                        4                       32                        6.6981189032034293973    6.9103324241401473671  300.97226548499668297    45869.282631180802127     
212   3                        4                       33                        7.1812245189215113683    9.4387667591168469272  368.7658273051595188     7505.7338692865241683    
213   3                        4                       35                        9.912789820514802841     6.2235854759634436917  378.55388122604313139    13136.02910841087396      
214   3                        4                       36                        6.3290738821702712258    7.7737337060211535444  344.31064390493475003    46941.469462045228283     
215   3                        4                       37                        5.280027810656472198     8.8540493911351187961  353.46651387977328795    48867.1229386391351       
216   3                        4                       37                        6.2014899585259826154    6.2483543542512585134  316.07654374365472449    93138.816003997635562     
217   3                        4                       37                        7.7983528931388512717    9.1878054482833952932  416.78271517957387005    6177.5891465503191284    
218   3                        4                       39                        5.3770083585002010906    9.8553789617296718717  396.1278632933789936     30649.875205645075766     
219   3                        4                       39                        6.7006870641700659874    7.1587280838700770857  364.0003144641393078     61186.001167509137304     
220   4                       -0                       36                        6.5860289854244395968    8.5288903121950312425  369.11225682858054142    12940.760311811349311     
221   4                       -0                       37                        9.133403275882219674     8.0820420227390812329  424.81288562939283793     17.202666463823934606  
222   4                       -0                       38                        8.3090832924910547064    7.40468599550535167    400.90393976631804662    7556.4010754935789009    
223   4                       -0                       38                        9.0137553078480436852    7.588080102384109793   421.15184735329313526    1443.6290599370036034    
224   4                       -0                       40                        5.7859542679800544107    6.4694908106302584372  336.76068188664748959    85229.217845248218509     
225   4                       -0                       40                        9.8103011022997783641    8.299222613228304013   477.25856917267401514      0                     
226   4                        1                       28                        5.9852197409712752929    5.0801284828735813193  229.7038501605936176     58275.853605838645308     
227   4                        1                       30                        5.096926106982148319     7.1814843523878337805  264.81738826865966985    41699.805555296581588     
228   4                        1                       30                        8.064203086291486855     7.7095940136978393653  327.73434779980789244    2300.3073652646335177    
229   4                        1                       31                        7.4285356915855160764    5.2429340891965976468  279.49533792254732134    37154.513473909340973     
230   4                        1                       31                        7.7266590059470985352    9.2495940741686126785  359.56430729015215775      0                     
231   4                        1                       31                        9.7776829374715887866    9.0174950143269949621  393.39630990345364125      0                     
232   4                        1                       33                        9.1940755204423503244    6.6922494423743916769  358.35523426377147871    2201.453704229142204     
233   4                        1                       34                        7.8619544118042004044    6.376724194133823076   334.27504356113564654    17349.840119358177617     
234   4                        1                       36                        5.1940400094664749275    5.4831964092196887606  274.43430664362108473    109113.47492656024406      
235   4                        2                       30                        5.4670942311284820292    8.4963895157762774346  296.61870744428568969    11732.366881054967962     
236   4                        2                       30                        6.4596724075823264144    5.1577222618129390241  254.38910404911479191    46961.215771921924897     
237   4                        2                       32                        7.3398182234121058798    7.7501744767488389698  335.0038598430901402     3575.3415385424932538    
238   4                        2                       35                        6.291426760380023353     6.7373458156775090089  318.88022409720821315    31038.743409302249347     
239   4                        3                       30                        6.6649413155217054339    8.7110568297866386445  324.39596661555020773     46.070022373644157199  
240   4                        3                       30                        8.321005119714188325     7.0535823742192196306  324.370574890801322       47.005391365081059973  
241   4                        3                       31                        7.5034713223072397881    6.0826640032238010747  300.33011705487734844    9363.5201782784952229    
242   4                        3                       31                        8.2646235240727250471    5.6801838110853415387  307.00141643393999402    6201.9996691711057792    
243   4                        3                       31                        8.8448938029503665348    9.8647946322161690347  395.62820489409745051      0                     
244   4                        3                       32                        7.7767353818092344042    5.2672596220363070429  298.07270407383435895    16348.25606053489355      
245   4                        3                       32                        9.2985894295150863798    7.1282244232269524886  363.02282597264712649      0                     
246   4                        3                       38                        8.8918871998022979142    5.5435852084224075398  376.75677090752327558    4278.9022436828554419    
247   4                        3                       40                        6.9784653320625578132    7.9836303109684099155  406.7182954327432185     1191.4372568001458603    
248   4                        4                       32                        5.3541371215307469456    7.6916103078684798788  299.28235064446516844    12409.714152627362637     
249   4                        4                       34                        6.8186789812703336722    9.6978166394582530074  385.74051066286313016      0                     
250   4                        4                       39                        8.8722564960020253721    8.8713373960022199327  464.00409707289929884      0                     
